         216
Au Au   -792.02442846   nogrup     0
Au     -3.7833762803922402      9.1146648216559019      3.3599115442497824
Au     -3.5180570574881469      6.4249525483187089      2.9298820828254604
Au     -3.3547929142660435      3.6248876210953158      2.5567135181133489
Au     -3.1305160305421560      0.8331037268995480      2.1440823638670006
Au     -2.8811070472324185     -1.9623753368166428      1.7145219631781883
Au     -2.6080429776092378     -4.7449950428121079      1.2705762588210776
Au     -2.2745245841196762     -7.5130785005034708      0.7881287308674763
Au     -2.0590630527231366    -10.2121565696635699      0.3900998781028733
Au      4.3114984220492785      3.3394423666247928      8.4717442699236578
Au      4.6661101808260632      0.6046282704540769      8.1309829835207630
Au      4.9148080902666544     -2.1828687027730460      7.7026481731159224
Au      5.0477856105114300     -4.9131386640795336      7.2036284925679199
Au      4.7829393499986725      5.0759032140437874     -2.6739090311441718
Au      5.1365879961006087      2.3930854930022951     -3.1615522851854596
Au      5.3872285994505180     -0.4162062341758777     -3.5932355780701588
Au      5.5160618749762733     -3.1412547945423883     -3.9365803455144759
Au     -5.7371354289668766      4.7836449490051862     -6.7611652082817821
Au     -5.5217963992900501      2.0688464216548463     -7.3130476101905693
Au     -5.2731010692636460     -0.7186506466441314     -7.7413804152177130
Au     -5.0008558212511396     -3.4689371353666436     -8.0292739088239493
Au     -4.4118254998852446      7.3276361931699743      5.2990008104311803
Au     -4.2637460668790759      4.6138897797775007      4.9808532653423230
Au     -4.0495266694896177      1.8226356292562342      4.5712776547564102
Au     -3.8110241649925016     -0.9773495577150930      4.1476189926182050
Au     -3.5502534736419959     -3.7734140614864602      3.7113747561678982
Au     -3.2674594451197403     -6.5528862928129721      3.2649383429920382
Au     -2.9353826612459648     -9.2209165269669100      2.7561074425389362
Au     -5.9593676231173625      7.5500531170632765      2.9530520531324660
Au     -5.8449265547367553      4.8411413001893528      2.5839120766828296
Au     -5.6273921431005327      2.0494107285717020      2.1793629335889433
Au     -5.3880987113311338     -0.7506882015834089      1.7569050628570198
Au     -5.1281202955872889     -3.5466391881691619      1.3194623109865757
Au     -4.8486420071855729     -6.3256349310777695      0.8680006726313758
Au     -4.4829282497921543     -8.9984996299149280      0.4101626980134760
Au     -4.2734941608487951      8.1367473328613933      0.8366851488788329
Au     -4.0579614885534063      5.3634579134716986      0.4014702929013669
Au     -3.8689654182497191      2.5431623381027424      0.0055894648174721
Au     -3.6329781644377479     -0.2599037219328899     -0.4179568136256950
Au     -3.3692033511468424     -3.0583929883291026     -0.8551582853347135
Au     -3.0569176351994982     -5.8566865236554504     -1.3226437419433106
Au     -2.7778445496247604     -8.6271592916022293     -1.7392989731165924
Au     -1.6450133821242212      8.2214518524511675      1.8646207295501549
Au     -1.3698064052242231      5.4789406745376423      1.4230631071080131
Au     -1.1723730505468919      2.6434973385841305      1.0240001890671744
Au     -0.9335585580370824     -0.1753671882661365      0.5992114233313339
Au     -0.6698004540907116     -2.9895459342929547      0.1584123883409134
Au     -0.3631161325487215     -5.8044668128832564     -0.3107744645625914
Au     -0.1479508068381681     -8.5582566854730935     -0.7137946699585278
Au     -1.7576790710445755      7.7751701585978630      4.6504575528218686
Au     -1.5146434529214798      4.9979281143975554      4.2569340079610916
Au     -1.3221568222119404      2.1771305082936596      3.8663424848253305
Au     -1.0842311289845425     -0.6262143293719022      3.4457322246195856
Au     -0.8223928443583501     -3.4244247912903054      3.0055930126081405
Au     -0.5135958453272496     -6.2222163809668904      2.5328165912839831
Au     -0.2620236774252898     -8.9887366057634637      2.0744693356681134
Au     -4.7720816465540530      7.0388198350840092     -1.6980894716565738
Au     -4.5643507289173222      4.2692692572923638     -2.1350777701934689
Au     -4.3736412809400758      1.4435928543596996     -2.5462684125738111
Au     -4.1241177762462549     -1.3531789775835730     -2.9760261787091142
Au     -3.8121819985076102     -4.1613813278165930     -3.4305500451863322
Au     -3.5260290475673446     -6.9275235733623459     -3.8441900885480953
Au      0.5068635199741145      7.2079015520540892      0.3490055894785522
Au      0.7707614255598219      4.4672917759946955     -0.0849111512295098
Au      0.9939127804910610      1.6196823307693613     -0.5020930422657131
Au      1.2453949765479719     -1.1990325705642135     -0.9352237818184825
Au      1.5293439230175914     -4.0352211928254613     -1.3914293855187827
Au      1.7551115359097129     -6.7829932583609009     -1.8008728522153543
Au      0.2648082863662249      6.3149100947011476      5.9374291066500957
Au      0.5066891001204992      3.5404515552115332      5.5522057644621432
Au      0.7133780632869104      0.7124785020524511      5.1652350580411452
Au      0.9629029525336592     -2.0842932863157584      4.7354756959878328
Au      1.2588624672317381     -4.8901987594387366      4.2567286543701313
Au      1.5108696171133742     -7.6514328575430683      3.7913211935325259
Au     -5.2652671203050527      5.9330999425018334     -4.2424866505501146
Au     -5.0775258295349985      3.1483002168446923     -4.6907317853967108
Au     -4.8832785287290683      0.3531237747274680     -5.1333433437314575
Au     -4.5792669286318208     -2.4364181416477155     -5.5488912620657711
Au     -4.2704958839003897     -5.2167717260437110     -5.9558001007375694
Au      2.6602311363885978      6.1710456763924544     -1.1698017480828211
Au      2.9271039999080299      3.4210423247992336     -1.6065717445094911
Au      3.1880809419002740      0.5988751281590456     -2.0462934810534454
Au      3.4309865039632075     -2.2266867691510317     -2.4744166052952057
Au      3.6555255985502773     -4.9846422474256640     -2.8840148012535689
Au      2.2975592431428158      4.8461595066918317      7.2221451415824705
Au      2.5404615307905303      2.0534326492675752      6.8575146193726981
Au      2.7799039222672106     -0.7482388312468586      6.4834108161696955
Au      3.0387244514617291     -3.5312849910736963      5.9993508706914875
Au      3.2923395418474923     -6.3037110447420739      5.5088237767426262
Au     -7.5000998299443449      4.3769916324724720     -4.5918573137724135
Au     -7.3986041915417697      1.5540975415819749     -4.9386527678838821
Au     -7.1468726978680497     -1.2674279700286437     -5.3722134194520459
Au     -6.7492934036425130     -4.0384017175570088     -5.8849827123617198
Au      2.1848720961582564      5.1497645260346072     -3.7327069470651630
Au      2.4456731294742400      2.3339457863504944     -4.1613132548380953
Au      2.7010382894960783     -0.5283042320396678     -4.6011338321899551
Au      2.9427224793006106     -3.3445640399653973     -5.0379675345334238
Au      4.4852474680016217      3.8791497230785046      5.7556573134460320
Au      4.7341946547816631      1.0665918384546478      5.3512624840586041
Au      4.9878653786716178     -1.7766436592922004      4.9143627810654165
Au      5.2400162415450700     -4.5805783814159513      4.4557111004522740
Au     -0.4876704683958817      5.0830001867390999     -4.7600612757508127
Au     -0.2508228917522826      2.2817694613067987     -5.1831430439413229
Au      0.0099710114784695     -0.6413291507715568     -5.6323137215314230
Au      0.2725676354402089     -3.4381048638919145     -6.0694350614901413
Au      4.5951362317071283      4.3524942137838174      2.9450623593825993
Au      4.8331380606926153      1.5510980660791795      2.5237286235385978
Au      5.0939335798814724     -1.3720006133343983      2.0745570625208076
Au      5.3553795559995105     -4.1686108481421487      1.6356856681929441
Au      1.5939501431672669      3.0699797508545927      9.1939799298643266
Au      1.7066028396142132      0.2454836650872174      8.8640927987491054
Au      1.9583365002244981     -2.5760419168138977      8.4305288999578636
Au      2.3447631002473583     -5.3454116328019028      7.9008468658848185
Au     -3.1400109753537255      4.9750601127687402     -5.8036156129891721
Au     -2.9152570627958228      2.1659790591806685     -6.2446806598178322
Au     -2.6615887199305477     -0.6772566341702042     -6.6815786724260002
Au     -2.3852495225073835     -3.4846685401799773     -7.1035566719195620
Au      4.7242864982052790      4.7847971893548173      0.1168402310263792
Au      4.9755884783338793      1.9703440505961960     -0.3261658824458697
Au      5.2309548226463036     -0.8919061529119725     -0.7659869556096330
Au      5.4821392207070723     -3.7095310765902019     -1.1884216745092075
Au     -6.9987990774423423      5.4600226203298510     -2.0804677667128137
Au     -6.8891018686886110      2.6860060886610904     -2.4542560973834844
Au     -6.6520035485221953     -0.1542270814034170     -2.8585594998303590
Au     -6.3834056313012475     -2.9820673768383719     -3.3252229421105612
Au     -6.0016384901006123     -5.7166159018163638     -3.7978923781550042
Au      0.0281407677718226      6.1762473501656219     -2.2141582889545122
Au      0.2677350169889214      3.3812943804779136     -2.6520365411224907
Au      0.5025544607571235      0.5176492830062394     -3.0769538184953458
Au      0.7779940397282461     -2.3379161060172242     -3.5308646259808905
Au      1.0371943749466954     -5.1336813170001756     -3.9520708369976600
Au      2.4453904227716161      5.3543211902481866      4.4594353170762568
Au      2.6960308929024426      2.5588788399862983      4.0488092004590834
Au      2.9230953649297544     -0.2971803314634434      3.6311714005329998
Au      3.2046672645040490     -3.1421139359320192      3.1727789468855514
Au      3.4523547792552987     -5.9321302112088814      2.7251274433792725
Au     -0.4073885690545289      4.5126925854052118      7.9115750949687564
Au     -0.2625842114366344      1.7336310584534780      7.5910015220508038
Au     -0.0450139403217573     -1.1037943719065062      7.1570899617881283
Au      0.2431152942495629     -3.9344413307901620      6.7200301862038936
Au      0.5897796906446997     -6.6639442757516063      6.1941420866523407
Au     -2.6385811792884577      6.0849954857927928     -3.2474548327969091
Au     -2.4059792274356240      3.2921457696894256     -3.6854228229543837
Au     -2.1815891483699485      0.4364708496211227     -4.1071116349670493
Au     -1.8973461885052623     -2.4088470391337031     -4.5614506124088301
Au     -1.6316240307983203     -5.2014556447271252     -4.9817575660783096
Au      2.5689200651196620      5.8110838484093330      1.6374580720654430
Au      2.8220736417459542      3.0141822519721426      1.2201337483868526
Au      3.0555403672398356      0.1507320728439048      0.7931642322803105
Au      3.3323346309557529     -2.7050283941345263      0.3413046736776488
Au      3.5779776535920500     -5.4988452224134194     -0.1004565581330112
Au     -2.4298648661433266      5.9440136306905096      6.6260207453586544
Au     -2.2775450110798912      3.1771927932545361      6.3069208053360652
Au     -2.0639778488252429      0.3631191285244446      5.8867111802941023
Au     -1.8128447030317969     -2.4516774515527020      5.4541824723797907
Au     -1.5251779879219254     -5.2556274826279035      5.0111117098077207
Au     -1.1880703474178671     -7.9745000295444539      4.4872643085659627
Au     -6.5040075290134425      6.5295575040677170      0.4499502485194649
Au     -6.3916094401673043      3.7684743770126161      0.0703348180898535
Au     -6.1665966734808748      0.9527553312055224     -0.3325203019451779
Au     -5.9154644440130077     -1.8620418087248769     -0.7650475265793322
Au     -5.6392464090256667     -4.6643469263119561     -1.2254694944345079
Au     -5.2622198224083103     -7.3889570851004711     -1.6887986296679864
Au     -2.1288595237568226      7.1812704590035583     -0.6972173490943678
Au     -1.8886924954341642      4.3916352233560048     -1.1358190992003054
Au     -1.6753281828982867      1.5463572267778618     -1.5478117677841183
Au     -1.4231319080039690     -1.2803708428554987     -1.9821735787012491
Au     -1.1300887366691215     -4.1111319938049258     -2.4423747795268218
Au     -0.8723530107085264     -6.9022196633186974     -2.8613220022231181
Au      0.4130573841753775      6.8159428596937728      3.1561233678457521
Au      0.6675602169028791      4.0242475207163171      2.7392522745979901
Au      0.8822851050658307      1.1787739713720882      2.3293201122299800
Au      1.1344824202357549     -1.6479540534061696      1.8949577550462893
Au      1.4261665091789844     -4.4785199990681415      1.4326941728379738
Au      1.6695689649969851     -7.2675476710834888      0.9920153824835092
Au      3.9918140212145881     -3.9275463394453576      9.4968237887180003
Au      3.7306781758493024     -1.1986957111400374      9.9669035324004227
Au      3.5032615695294025      1.5483332639841891     10.3382636585053831
Au      6.9879394882239962     -3.1752394403210955      6.1085001532755632
Au      6.8265190082267848     -0.4096406996161850      6.6294272737824373
Au      6.4932175259913674      2.3697866554661897      6.9605643858011499
Au      7.1456953965157384     -2.8155016588500308      3.3533048537530048
Au      6.8374808232929229      0.0264443590190009      3.7978557567446094
Au      6.6375320896218888      2.8801837044122323      4.2285199304213981
Au      7.2554866509609699     -2.3800057604845080      0.5575917100624368
Au      6.9447701584169419      0.4672466719121395      0.9915079915467411
Au      6.7466510647081712      3.3232317210123137      1.4339667824553564
Au      7.3164873619268125     -1.8738263607145358     -2.1947940371052326
Au      7.1452582881156301      0.9217030542439382     -1.8495864331644523
Au      6.8211101495026423      3.6785752953052513     -1.3415965095035700
Au      8.7949073902282429     -1.3894172399735059      5.0114877251023495
Au      8.5520460592619720      1.3326633165250672      5.4297704841262169
Au      8.9427572438277672     -0.9597519207862746      2.2794822962461110
Au      8.6993197295716982      1.7687900177833571      2.6987581356714445
Au      8.9972001384224960     -0.5290314034732484     -0.4589136095513853
Au      8.7546418043498271      2.1896696098753994     -0.0411500720696498
Au      4.7499882431153821     -1.5049666057200630     -6.0853967225556493
Au      4.6087127534259347      1.2862576416772109     -5.6947843610874234
Au      4.2546122430296256      4.0474351610989965     -5.2321994541503525
Au      2.1674069369274913     -1.6487432265131750     -7.1555205312713648
Au      1.8941445455317063      1.1931264890494102     -6.6648298499510821
Au      1.6585734572205439      4.0544947126926889     -6.2791464056490298
Au     -0.4680233823404616     -1.7212527160907358     -8.1884642553481335
Au     -0.7504658741650707      1.1169898458199743     -7.7048503600307434
Au     -0.9761820154566005      3.9744325841092261     -7.3132518041776278
Au     -3.0789342261570387     -1.7284194419373611     -9.1520464377458577
Au     -3.3794359321126941      1.0571686425276923     -8.8419614499731836
Au     -3.5736508296054752      3.8166063221149784     -8.2999860087592623
Au      3.9484438182751878      0.1965805023662197     -8.1124167248488561
Au      3.7058864669205631      2.9152819066775386     -7.6946530884062385
Au      1.3877835158608887      0.1260530516734226     -9.1732385491972241
Au      1.1443485754004303      2.8545952024217822     -8.7539639993523579
Au     -1.2040624173456425      0.0476414812268136    -10.1461270175972302
Au     -1.4469206632222424      2.7697224658601680     -9.7278458939233179
Au     -7.4300738695577628     -2.2859781276653210     -7.8178078887476765
Au     -7.7269272364356780      0.4480068475597285     -7.4018807684048715
Au     -7.9186214202289182      3.1899020367877196     -6.9763737564120563
