         216
Au Au   -792.02442846   nogrup     0
Au      0.7916518840188735      9.4836870784923839      4.2559424706661773
Au      0.0592409426429219      6.8753270069023618      3.8687630356593878
Au     -0.7694056797386937      4.1851976286629364      3.5809719268315359
Au     -1.5595649119512194      1.4892778646398934      3.2312662586169907
Au     -2.3362151297938301     -1.2157606144760038      2.8557490734537030
Au     -3.0947568855450891     -3.9139002986597919      2.4566437434100798
Au     -3.8130716269896707     -6.6117756679187938      1.9964629572909178
Au     -4.5777931676536339     -9.2178665735011407      1.6597645856014012
Au      8.2166965304305108      1.2491307851946738      5.6953397760114068
Au      7.5853065884557695     -1.4351232370703482      5.3529957437288402
Au      6.8108745429691613     -4.1324377014144300      4.9785520516882720
Au      5.9239337795052212     -6.7364580108460963      4.5867720670141878
Au      4.4785493082410035      3.7413643986136660     -4.6621761151127004
Au      3.8001786257099814      1.1197951917139664     -5.1392123892144994
Au      3.0196920808074079     -1.5986094100546797     -5.5165846719556608
Au      2.1956313582555964     -4.2099498327850764     -5.7659879483391769
Au     -6.3706676166213390      6.7678221644509522     -3.8887672423834552
Au     -7.2042313558406095      4.1600546822428193     -4.3639455792407125
Au     -7.9786620378128967      1.4627405252407382     -4.7383921051340501
Au     -8.6634247550790171     -1.2177670412335839     -4.9973419672352861
Au      0.5399714630373840      7.7839787508950096      6.3526384490183556
Au     -0.2537226865481781      5.1758607804874330      6.1173941967819854
Au     -1.0511147185786127      2.4830061223745705      5.7746934034576700
Au     -1.8360069392575848     -0.2237902300551289      5.4093297942707501
Au     -2.6058304892603195     -2.9319992646272546      5.0229741602064433
Au     -3.3561180206290748     -5.6296452366800445      4.6173581471050920
Au     -4.0576063641582492     -8.2291914153176968      4.1296661560377981
Au     -1.7065599044317645      8.6338838479097522      4.8766372377599367
Au     -2.5490851043367257      6.0442397777278822      4.6093104727161887
Au     -3.3416633814493908      3.3495647055505535      4.2697708710963269
Au     -4.1254061417002346      0.6423342892679820      3.9051611504003709
Au     -4.8963792707083291     -2.0654391142301556      3.5180497529551253
Au     -5.6514790955831904     -4.7612632868087790      3.1092716761394534
Au     -6.3041368703304963     -7.3792826484254466      2.6536636624878387
Au     -0.9669750099416010      8.9047962003939727      2.2223935600178351
Au     -1.7687072906151871      6.2309636029728281      1.8551762179971227
Au     -2.5905461716875067      3.5162402586520209      1.5367894317935331
Au     -3.3784504889464015      0.8071948681456274      1.1727231579094095
Au     -4.1467890550517881     -1.9040910391211536      0.7843302267637000
Au     -4.8859260850347335     -4.6261819656654328      0.3479692830391148
Au     -5.6243806204332012     -7.3167574990949582     -0.0295085757542459
Au      1.7499415860561296      8.1592105805902815      2.0347351810807268
Au      1.0058958156784783      5.4986033844215116      1.6351784836695771
Au      0.1855936490283270      2.7673077894416434      1.3109809380391422
Au     -0.6049852218211820      0.0424745692196042      0.9452656426557677
Au     -1.3793980268911268     -2.6834938336555876      0.5542936042947151
Au     -2.1289000012134762     -5.4197600186286383      0.1194749536531194
Au     -2.9118552593274343     -8.0776347001027347     -0.2192886418504454
Au      2.6851775841895789      7.5231161174714973      4.6219072053641828
Au      1.9233689953695259      4.8341797176697945      4.2809207193912044
Au      1.1065952640237415      2.1175391579515033      3.9658628174808097
Au      0.3215028418407284     -0.5925708334231725      3.6036459079507459
Au     -0.4496489346593888     -3.3027928534141378      3.2134058528707214
Au     -1.1938519892553758     -6.0229672266729253      2.7737162548984173
Au     -1.9722299592240127     -8.6984393040962011      2.3700065435293798
Au     -2.7725820664564456      8.2145635171329889      0.1870874970981706
Au     -3.5806855296949189      5.5466482515398683     -0.1785888714372525
Au     -4.4089969112393357      2.8276259080552117     -0.5113257009195546
Au     -5.1860054953921919      0.1213363485010284     -0.8870173431186208
Au     -5.9229163082744742     -2.6112497351220298     -1.3110827415814503
Au     -6.6527575959789500     -5.2999333126282675     -1.6890185679019529
Au      2.6764264118581607      6.7176706947704590     -0.2054729577358128
Au      1.9263804778423510      4.0613934263985811     -0.5934049816457190
Au      1.1171339607985895      1.3128193748620882     -0.9443781333707175
Au      0.3340292276110501     -1.4147036514922959     -1.3230160177431420
Au     -0.4358167547965657     -4.1660440359845428     -1.7355493420635630
Au     -1.2105722427219137     -6.8205863242861291     -2.0848741954130041
Au      4.5393569199271742      5.4483133974028695      4.9911321763866763
Au      3.7808237213577836      2.7616439203427081      4.6580261843937585
Au      2.9757056397793731      0.0338464578622535      4.3405305085067596
Au      2.1986964480531324     -2.6724434309008203      3.9648403266107408
Au      1.4385899253833672     -5.3962552150699370      3.5255363860397591
Au      0.6591773060615016     -8.0661854313470016      3.1150311620332758
Au     -4.5798134774737553      7.5161995947225009     -1.8588855373818474
Au     -5.4142572346460769      4.8402915433467593     -2.2256267132162186
Au     -6.2437649607337233      2.1521514592279738     -2.5895871808504829
Au     -6.9658215317572614     -0.5637469913865516     -2.9758252043763864
Au     -7.6775059051843124     -3.2729442108226703     -3.3566543384926106
Au      3.5960913292852559      5.2537108242887616     -2.4482110614073695
Au      2.8446891414432143      2.5878657667575107     -2.8395850951980721
Au      2.0660087766886539     -0.1450513745780331     -3.2280640194595787
Au      1.2756174445496202     -2.8771463485588740     -3.5982457066402604
Au      0.4967804568496432     -5.5410651170896639     -3.9467567367272007
Au      6.3989664474125814      3.3627094253776653      5.3543278858355841
Au      5.6445927598636150      0.6565088836366089      5.0401972997021751
Au      4.8806902032607660     -2.0564515872255509      4.7193421723042697
Au      4.0930263314104192     -4.7475300528236559      4.2900022385085741
Au      3.3012686118222403     -7.4264359381924550      3.8565660091138607
Au     -7.1022493338857258      6.6860616974858393     -1.1616057775337074
Au     -7.9797219464173894      3.9891616600864697     -1.3983882768468394
Au     -8.7636068975922896      1.2589199662738535     -1.7774064024349858
Au     -9.4402406204654383     -1.4570703326246086     -2.2920509337103514
Au      1.8210270427419499      4.6326625462502014     -4.5220729122289622
Au      1.0486767302373390      1.9049020149405163     -4.9006899518481095
Au      0.2534769151580312     -0.8647476130818514     -5.2851767224819035
Au     -0.5388950066099598     -3.5868542824685292     -5.6631186371799167
Au      7.3903036274510789      1.9513548901622197      3.1414101236574670
Au      6.6187884567852073     -0.7720570488175422      2.7895843566868876
Au      5.8288705074205183     -3.5233070191207059      2.4076530310991835
Au      5.0399909396904601     -6.2346806124452154      2.0050157438776157
Au     -0.9283773707796001      5.4077128151256071     -4.3159772048546303
Au     -1.7148127190418956      2.7001406377383939     -4.6800656365729356
Au     -2.5269175371622739     -0.1283891002983397     -5.0727266606632897
Au     -3.2957381000299710     -2.8377141556564016     -5.4606208727196757
Au      6.4502149295993734      2.6162427503046528      0.5318644183741661
Au      5.6654533059392520     -0.0919626956156625      0.1688774206741552
Au      4.8533471134870183     -2.9204915131181171     -0.2237820936942665
Au      4.0828509788905611     -5.6291833955166819     -0.6127752600374405
Au      6.0993675840225459      1.6916286623749768      7.5120450530009126
Au      5.2380876929788371     -1.0113974370032750      7.2859033371235036
Au      4.4542001140415053     -3.7416388610109266      6.9068878271574032
Au      3.7613710987199904     -6.4515028371191594      6.3816054749498363
Au     -3.6791058713754916      6.1391342134309754     -4.1313502470387204
Au     -4.4857373276117647      3.4290072112980785     -4.5062506565120515
Au     -5.2756536789768900      0.6777574902778225     -4.8881841859650592
Au     -6.0294137791641100     -2.0469015768903400     -5.2677508399002342
Au      5.5074365371251002      3.2380200304314561     -2.1000483578662861
Au      4.7212961868837615      0.5154760332555997     -2.4877252261075595
Au      3.9260954414640010     -2.2541732154023713     -2.8722109836819492
Au      3.1475124361823803     -4.9814966131818625     -3.2410918868871441
Au     -5.3083885256542205      7.3633158974149886      0.8520304412753958
Au     -6.1758539192332398      4.7131723829838545      0.5852728907623010
Au     -6.9655743731329141      1.9666225999862315      0.2397229877913176
Au     -7.7505771930382616     -0.7715233545299958     -0.1761231754809121
Au     -8.4135185661474061     -3.4517281584368842     -0.6493346750577924
Au      0.8953420886472445      6.0876735031106959     -2.2777019506473000
Au      0.1069250895454044      3.3866118119938045     -2.6566074461950837
Au     -0.7001584159237710      0.6201044374064395     -3.0188434421391763
Au     -1.4820047380971779     -2.1475691939405461     -3.4248708435290407
Au     -2.2468197990113286     -4.8563523773802508     -3.7969689419206389
Au      5.5216412128673911      4.0460867686090953      2.7705432366688107
Au      4.7539590510402592      1.3390992858456023      2.4116340962432670
Au      3.9454361435337826     -1.4186096861461372      2.0589506617358975
Au      3.1700887169894463     -4.1774527754590913      1.6458197864685538
Au      2.3859990965350932     -6.8752217954287218      1.2544336845141260
Au      4.2602080907552651      3.7433275491222724      7.1387324382828314
Au      3.4437021668191652      1.0739039768877117      6.9054592389988496
Au      2.6256295488356836     -1.6619197619662671      6.5412833598756137
Au      1.8689764213812126     -4.4107919246600833      6.1440662438785854
Au      1.1550729084502684     -7.0717178080982457      5.6373738009281471
Au     -1.8586439455365724      6.8381955274609370     -2.0784074425328569
Au     -2.6525082385771546      4.1411144231952104     -2.4545217295812591
Au     -3.4649104368880961      1.3848730523728596     -2.8097559232681677
Au     -4.2363765145453849     -1.3754379514209933     -3.2203388224657719
Au     -4.9942824896240863     -4.0831116706504620     -3.5945222097087539
Au      4.5837333495694867      4.6922811105543101      0.1456226490265635
Au      3.8149985156158874      1.9837728984435001     -0.2203494488458180
Au      3.0059498471138637     -0.7819901072555160     -0.5838750384289275
Au      2.2260672470703673     -3.5504071520514682     -0.9886111616210433
Au      1.4415699781963602     -6.2517450855777614     -1.3736411126311925
Au      2.3982217269120576      5.7903414788145326      6.7720150422502616
Au      1.5923601940258840      3.1303815678824929      6.5363677800366222
Au      0.7833393640897213      0.4168167031288013      6.1852936869726580
Au      0.0013218360232568     -2.3069143434504298      5.8071822956561672
Au     -0.7504784962762070     -5.0296172143701838      5.4035865575540534
Au     -1.4686705917210627     -7.6778768611192145      4.9023375495187089
Au     -3.5161173269161790      8.0278498612041851      2.8862135887921134
Au     -4.3799302450890645      5.3898156315417927      2.6124912382354939
Au     -5.1723317826025239      2.6699646888667701      2.2723329040197022
Au     -5.9543486904206206     -0.0537663807740163      1.8942191969583746
Au     -6.7227656349636851     -2.7701820641001440      1.4797043866580122
Au     -7.3830065537295253     -5.4403649606121771      1.0165320047410908
Au     -0.0374798301789605      7.5223843673938902     -0.0337592100138622
Au     -0.8241602880614973      4.8263078933749899     -0.4137880805863574
Au     -1.6389929919440522      2.0822601213674954     -0.7560183748442579
Au     -2.4243240119020300     -0.6530168038637463     -1.1357336294477163
Au     -3.1864274973065712     -3.4013748845456213     -1.5559683274893148
Au     -3.9502028075011966     -6.1054711363598848     -1.9256003622369686
Au      3.6525638769405497      6.1263680594292911      2.3906498823932445
Au      2.8866920380059415      3.4224187576224825      2.0242938444576151
Au      2.0738322360261781      0.6776241075519946      1.6833615838593516
Au      1.2885008745297788     -2.0576527790397989      1.3036474116151933
Au      0.5244231885802577     -4.8052649542285391      0.8821158392939683
Au     -0.2601609063145256     -7.5014889263101967      0.4988110716868555
Au      6.2574016838797304     -5.6964655413130512      7.0671805571689763
Au      7.0214949491381260     -3.0553348379694896      7.4871574709479081
Au      7.7787325428939074     -0.3977456316350212      7.8027548368456525
Au      7.6429444955851071     -5.5248405100125204      2.6997685211077940
Au      8.5247941598257668     -2.8809634240364126      3.1219228531932472
Au      9.1834843170895653     -0.1592100880251515      3.4446294914892945
Au      6.7341744425334173     -4.9867781774153510      0.1248847953958876
Au      7.4799381668575160     -2.2221176508709473      0.5369112480210045
Au      8.3165715051276017      0.5246369422982351      0.8899846591019998
Au      5.7892134532605573     -4.3593306839379924     -2.4695482589807378
Au      6.5299280545055369     -1.5879747830485922     -2.0663076663545787
Au      7.3737081950431769      1.1593933962183556     -1.7034325503594729
Au      4.8408453807832075     -3.6543737151394957     -5.0071053898537041
Au      5.6496527506815362     -0.9639256394633406     -4.7410448933832479
Au      6.3834320089991028      1.7183941730867076     -4.2612515019819943
Au      9.2603993337614305     -4.2298761137025132      0.8654740962241192
Au     10.0166583859247460     -1.5958618491660417      1.2311290198943272
Au      8.3730895019453353     -3.6241961602014356     -1.6872026891904595
Au      9.1311435050993062     -0.9839292668652444     -1.3206793761686280
Au      7.4029836951310717     -2.9907404097219974     -4.2061155573961271
Au      8.1583020000044968     -0.3599951156985295     -3.8409136776265509
Au      1.1151213257854748     -2.2448572521974963     -7.4549623108872272
Au      1.9674089390931360      0.4291414745013604     -7.1603330309233240
Au      2.6577070482556371      3.1279104348544990     -6.7091075888379530
Au     -1.5970270489558800     -1.5649662619878217     -7.3224205783924035
Au     -0.8019450756961897      1.1858208049794383     -6.8834568366021669
Au     -0.0125354161836562      3.9537582236354161     -6.5563027894280026
Au     -4.3184711237018023     -0.8053384730056701     -7.1368707736685817
Au     -3.5353009840000160      1.9451701156170191     -6.7002635845857377
Au     -2.7360786141546907      4.7060778218975976     -6.3717659657336405
Au     -6.9708845979779701      0.0038660000054476     -6.9017359899644521
Au     -6.2909430317616151      2.7241277037213969     -6.6122340092372527
Au     -5.4303487795829755      5.3694963252846302     -6.1568691425175039
Au      0.0738255881740013     -0.2179719651414320     -9.0214829547901854
Au      0.8291430291331552      2.4127727672840784     -8.6562790959366751
Au     -2.5942804222990334      0.5249841539313209     -8.8929299806212576
Au     -1.8362295272846758      3.1652512710768113     -8.5264033015146534
Au     -5.2548588704465482      1.2615411235826093     -8.6712671393441081
Au     -4.4986030107104407      3.8955557793631015     -8.3056086013594896
Au    -10.3234675392845006      0.5764074737146903     -3.8266973460740257
Au     -9.6112319381498956      3.2371570090401689     -3.4407872344005810
Au     -8.8021420248578544      5.8751288685712488     -3.0911177920250212
