         216
Au Au   -791.50251165   nogrup     0
Au     -2.1582781124863359    -10.8359485220847667     -0.2339654380490970
Au     -1.0735010339575219     -7.7019605334812615      1.3622335168879331
Au      0.5586951418364285     -5.5486280199220710      0.5379719431508896
Au      2.1497107746723434     -3.3596979317384479     -0.2825500909374341
Au      3.7323641958602543     -1.1586098292504419     -1.1013943443439693
Au      5.2986728295347145      1.0373729074034879     -1.9120150173332107
Au      6.8031954251278268      3.2673789527124963     -2.7021414919265574
Au      6.1876808318992520      4.6351500724629329     -5.0497438989582015
Au      1.3436258420185809     -2.5458487121384143      9.7297150946457123
Au      2.9532921303329700     -0.4094744956410796      9.1156262670673058
Au      4.5318060551226136      1.7800237801621446      8.2991693189418534
Au      5.9856698802572978      3.8955000055111686      7.3280705366895376
Au     -6.7704625060041490      0.6545457313875405      2.7068914764751071
Au     -5.3394336245059950      2.8722072585946794      1.9322456418701499
Au     -3.7537814160766598      5.0831390130182381      1.1158294617582065
Au     -2.1226843461104439      7.1416471306939293      0.3125413834701192
Au     -5.1173280235995202     -4.2790796491342062     -7.3126000768652872
Au     -7.1590650461348844      0.8670872334600448     -7.0593255838895157
Au     -4.6298057105238266      0.4626213097953249     -8.0998888701524052
Au     -0.4052634673395068      2.1868096788211551     -9.6625692415142321
Au     -2.5758400250854017     -9.7891435980785388      2.2041326470533100
Au      1.5970558074729611     -8.1209871371263453      0.4774112323619626
Au      3.1766115549068519     -5.9349244273553881     -0.3705259807945609
Au      4.7540152063772183     -3.7398410690365020     -1.2079859726705138
Au      6.3249948291396016     -1.5415430575855096     -2.0351955504853407
Au      8.8164352500344325      2.4820814432603591     -0.9409080711395887
Au      8.3187499305498527      5.3340181832104507     -3.4818886261696242
Au     -0.0439483660176596    -10.2034156030023198      1.2963566735454783
Au     -0.5355285878259695     -8.9128056962921853     -1.1320903226352819
Au      1.0266001268249547     -6.7497826944436339     -1.9520111631512798
Au      2.5964221468348652     -4.5777155343085054     -2.7840513316020186
Au      4.1627753532022851     -2.3816988109961246     -3.6119555786923456
Au      5.7231287268845428     -0.1697239594969124     -4.4359243384884195
Au      9.2944179606308559      2.8631726881255313     -3.6045705722589574
Au     -3.3602063500903387     -8.4530697963233656     -0.1190181073908860
Au     -1.7183256246901588     -6.3598658142411528     -1.0328341628332645
Au     -0.0918618764526600     -4.1699247435812596     -1.8562346747066094
Au      1.5054960151418570     -1.9734845814876421     -2.6761246160337606
Au      3.0834469181659894      0.2348901230002260     -3.4884507738358721
Au      4.6203535632733335      2.4826598421585535     -4.2872057854048702
Au      7.2090486832474721      2.0595904222159067     -5.1784500888978027
Au     -3.6874475156278366     -7.2523039304567609      2.3778879498450074
Au     -2.1666554783603633     -5.0964862872970871      1.5184008887954370
Au     -0.5346674024694922     -2.9015326777483450      0.6819147866640591
Au      1.0641353155996760     -0.6868355439341043     -0.1430783894483909
Au      2.6500353829112409      1.5404237709129083     -0.9627111935933002
Au      4.2018939932682660      3.7979708517480231     -1.7748208373644658
Au      1.5152453574622213      8.1012585561797472     -2.7143398381392601
Au     -1.6301026242092802     -8.0166381406889684      4.0856378006952134
Au     -0.0756948760963723     -5.8817099296332094      3.2970167333697695
Au      1.5627413453353509     -3.7194071754732443      2.4686082925000150
Au      3.1519904101137670     -1.5285884982212581      1.6478934120999362
Au      4.7243435601732244      0.6746932333940716      0.8340915550017023
Au      6.2588843854200782      2.9151614475096723      0.0268060770823126
Au      5.8194145679006013      5.9106551232848918     -2.5909254441222700
Au     -3.9793765373098036     -7.0765343394732474     -2.5183557927276645
Au     -2.3477316639393893     -4.9764214064075132     -3.4147626515409648
Au     -0.7236852500321502     -2.7766407031648344     -4.2470440691744500
Au      0.8647935522550072     -0.5791753508457953     -5.0527152395699577
Au      2.4216228574869025      1.6697283756236958     -5.8481556032624233
Au      3.9891052698630607      3.8263899568075708     -6.6083660767576120
Au     -4.7434279533172621     -4.6299742835696689      2.4825135965285448
Au     -3.2196019118582608     -2.4644397479699078      1.6495368060227946
Au     -1.5939223948520558     -0.2457923681786012      0.8131099204907422
Au      0.0008377713873209      1.9801132783528672     -0.0094814457071664
Au      1.5809531632621954      4.2477195799182770     -0.8308368928292964
Au      3.2019627240450137      6.4134286468486135     -1.6320320596012508
Au     -0.6372782326644733     -6.2056879875185880      5.9868334825123135
Au      0.9222670567304836     -4.0630582511575097      5.2118442358127268
Au      2.5659198422873781     -1.8915678177556652      4.3898739546519963
Au      4.1401679345770273      0.2942998574821072      3.5761431595102984
Au      5.6801013555994668      2.5397500549680405      2.7525259704192102
Au      7.2156882020426014      4.6814079425812833      1.9215039641766438
Au     -4.6101662086483337     -5.6861139765287527     -4.9062762111125675
Au     -2.9674921870569628     -3.5641494857668894     -5.8001903216966237
Au     -1.3763960404930404     -1.3686476552538176     -6.6449572860588635
Au      0.2000026000472048      0.8508198041401034     -7.3946510532375349
Au      1.7932561823928590      3.0053000044149316     -8.1770192917726785
Au     -5.7881915786836435     -1.9945086934599638      2.6004701291188113
Au     -4.2602751132514243      0.1924699071846385      1.7773482076570915
Au     -2.6708391021701581      2.4222405893123211      0.9556893591679696
Au     -1.0700500164036759      4.6464807838613060      0.1321394987242606
Au      0.5260551672901470      6.8454417912400638     -0.6455774961879825
Au      0.3609482140271698     -4.3863393362311749      7.8923549608736927
Au      1.9243210170361551     -2.2223302455832163      7.1162010209580444
Au      3.5515962860920394     -0.0556018239303135      6.3543186968258674
Au      5.0737766263603881      2.1479291275208610      5.4874788879661374
Au      6.6230600378124116      4.3004676505904831      4.6522438054370383
Au     -3.9951022538907037     -6.7357987944682760     -7.2787034910504573
Au     -2.5021209579402899     -4.6915374143539976     -8.2398108061254813
Au     -0.9345531213617537     -2.5359217882431571     -9.0563860951958226
Au      2.8072585056166894      0.4450155132772391     -8.2928627283358125
Au     -6.4833325554292118     -0.6442711259342131      0.2441400068426773
Au     -4.8957345991377768      1.5867976844173697     -0.6032457753911515
Au     -3.2854749483819634      3.8310264805362659     -1.4313484180221181
Au     -1.6527389306311764      6.0640672731699627     -2.2463490637209169
Au     -0.7525627235528827     -1.8355416249629188      8.1167676319089495
Au      0.8778754713891028      0.3744891980483125      7.3227924299884002
Au      2.4919269703231595      2.6143510902471068      6.4881136171826519
Au      4.0621453228198554      4.8439345344301277      5.6261180309024432
Au     -6.0669652126549476     -1.8920872927067753     -2.2901948636914184
Au     -4.4842424760999320      0.3085621413132653     -3.1411464657324508
Au     -2.8514555077615076      2.5863955927004421     -3.9819150597203095
Au     -1.2366211524764963      4.7911314430006087     -4.7961037874792734
Au     -2.8076593151333258     -1.0445171837755245      6.3292062434583691
Au     -1.2098823078118759      1.1527066712371674      5.5082665680601259
Au      0.4464147880391112      3.4529834394004588      4.6523004560817114
Au      2.0278415216164603      5.6645634551852639      3.8330974061434873
Au      2.9332632662963323     -4.8010510809344842      6.9593206721184444
Au      4.6074130848274173     -2.7000453760846392      6.1682600194407478
Au      6.1860029788702580     -0.5096886154207469      5.3495146142925876
Au      7.6417145281029200      1.7303044244425330      4.5178994224030049
Au     -5.6463030420524412     -3.1109409695067205     -4.8287150086589197
Au     -4.0382815389337070     -0.9267264742977259     -5.6906986060180760
Au     -2.4387479126560674      1.3068317493919670     -6.5144018365827456
Au     -0.8035739863771862      3.5382826580480105     -7.3123698755127506
Au     -4.8547486423421518     -0.2114602896407032      4.5396218088416056
Au     -3.2738704729064230      2.0084149929775075      3.7038213334930958
Au     -1.6546416011927378      4.2599853435003450      2.8690105463281483
Au     -0.0466946214328647      6.4697193988898594      2.0729455510395454
Au     -3.3991701875714972     -8.1259922889095826     -4.9578977326052343
Au     -1.7938418171109369     -6.1314347497190136     -5.9091405844472149
Au     -0.2576390410962208     -3.9653795528780114     -6.7564690847923643
Au      1.3133371648753349     -1.7942218123451683     -7.5606822651406080
Au      5.0074067769632027      1.2572038315060921     -6.7335028603518410
Au     -5.4426727217037003     -3.2635669316755491      0.1131528666906902
Au     -3.8645921946757178     -1.0784275319358025     -0.7487881470860991
Au     -2.2349803427298323      1.1546325361624685     -1.5814023001616455
Au     -0.6468374532122727      3.4171491641057026     -2.4046606496520333
Au      0.9626165875100363      5.6122169353725830     -3.2494914059406987
Au     -1.7402403881730781     -3.6601135386157582      6.2024995382850996
Au     -0.1731395147535655     -1.4505152751643200      5.3810709841060849
Au      1.4729553956332571      0.7678616743495530      4.5495204087154626
Au      3.0549614206079077      3.0317680644271796      3.7121363807602279
Au      4.6621177120955153      5.2175729740112793      2.8898730315803753
Au      1.9352848832068887     -6.6211070035489117      5.0577028543532627
Au      3.5959237461960734     -4.5218323008173771      4.2685114769161885
Au      5.1968619176982820     -2.3302882458138674      3.4260109391166935
Au      6.7731223275895118     -0.1121885623221122      2.6156644526693462
Au      8.2312280032614851      2.1095931450601793      1.7872795806472936
Au     -5.0263091633837274     -4.4814601351831405     -2.4027159776047249
Au     -3.4351398127498487     -2.3284282034406365     -3.2753188738162748
Au     -1.8070958909181642     -0.1019349065298742     -4.1051436954220275
Au     -0.2231445235426790      2.1618512207016218     -4.9188125261935909
Au      1.4028933547364431      4.3374098910839116     -5.7574257558929425
Au     -3.8053282940657112     -2.8447414581581514      4.4110712079648877
Au     -2.2313398634881962     -0.6438997494675744      3.5897501431602521
Au     -0.5940914920305427      1.5887354349961829      2.7502243167481630
Au      1.0036162896672916      3.8554290031626617      1.9177174692689007
Au      2.6073699323070811      6.0421963984737248      1.1093137041376444
Au      0.9451859238436300     -8.4355382482561936      3.1595160393877357
Au      2.6040161848615697     -6.3382760828669484      2.3624213685890396
Au      4.2025813517780133     -4.1502409499674995      1.5188329972033507
Au      5.7864996933772659     -1.9496143253489704      0.6903041995505745
Au      7.3563530754071085      0.2626171378487019     -0.1214108201895705
Au      7.7985931540968494      5.0572592534954239     -0.8104717646616315
Au     -2.7778503728174240     -9.5057255787242561     -2.5748235383700511
Au     -1.1789864431109960     -7.5263866445151359     -3.5193823544094123
Au      0.3918395544476727     -5.3546660594357052     -4.3470000948725804
Au      1.9539783697316682     -3.1824897129459861     -5.1760581949032218
Au      3.5171655513175968     -0.9747340003665075     -5.9992981506337468
Au      7.8929224150146737      0.6593077314320066     -2.8527092892440180
Au     -4.3963731546843254     -5.8640452358322390     -0.0023831895568165
Au     -2.8018031026409180     -3.7196816906107726     -0.8830405806837724
Au     -1.1772223572421323     -1.5074954565389751     -1.7157511360930897
Au      0.4210308149545194      0.7189312476979595     -2.5363865412793238
Au      1.9942677903159791      2.9732665697036724     -3.3523836265856666
Au      3.6052581482129606      5.1696472395532105     -4.1758357987925336
Au     -2.7369251779879455     -5.4669488041052086      4.2896405382463811
Au     -1.1761126837334683     -3.2703996242848925      3.4565559161943291
Au      0.4635914086325190     -1.0667270443102579      2.6197074215949350
Au      2.0617378551518608      1.1563260928712040      1.7940127784828910
Au      3.6325678693157051      3.4163553182553485      0.9702290858959941
Au      5.2488768590503092      5.5916739778763258      0.1572235438411234
Au      7.0011669073251745      1.3376001203892827      7.1945190918130173
Au      5.5157661293550753     -0.8359263470108820      8.0499187321164136
Au      3.9041631864108841     -2.9587914466660790      8.7986467814082907
Au      3.4479515310887519      4.3675740495776587      8.3189252644345935
Au      1.9158713469852677      2.2012916024244813      9.2472788417835581
Au      0.3044203691942138      0.0067201176416400      9.9447505833424046
Au      1.4459594459448470      5.2635606477054893      6.5767171104612459
Au     -0.1437288203941138      2.9864331435579574      7.3757438418582559
Au     -1.7886211095011679      0.7757152701631806      8.2470404972156004
Au     -0.5989595458137660      6.0720311467971460      4.8032049506017778
Au     -2.1973274806811309      3.7971131939508802      5.5888835070330636
Au     -3.8321826675641599      1.5815192874430890      6.4662966896840643
Au     -2.6420521225921014      6.7852601707455671      3.0393524045051201
Au     -4.3086197048324673      4.6670110506424161      3.8454515930839257
Au     -5.7855827768872334      2.4139724186014160      4.6552331168096863
Au      0.8482603710507273      4.7228503752535964      9.1919699201227587
Au     -0.6949312411519086      2.5834277100632042      9.9880120548662639
Au     -1.1822283029452909      5.5537791441128439      7.4879413574364690
Au     -2.7315929491806781      3.4038685840930158      8.2845594708801080
Au     -3.1714116404469621      6.3148370481489291      5.7118381806906839
Au     -4.7142053953541705      4.1716021531693510      6.5041985636291066
Au     -4.2546308864082514      6.3655358663079751     -1.3026610880994838
Au     -5.9226203029333995      4.2352672878763897     -0.4613538108208424
Au     -7.4220850941642826      1.9740123097146292      0.3275421843241269
Au     -3.8220107851778087      5.2280507352660379     -3.8141655919025492
Au     -5.4884210541072260      2.9729329666145698     -3.0078062013397044
Au     -7.0914515501161297      0.7123496025351281     -2.1369467358752772
Au     -3.4006992763701001      3.9585671177927373     -6.3790042114872900
Au     -5.0666028862243566      1.7230869075207940     -5.5402148949260184
Au     -6.6677040864320167     -0.5390346813054423     -4.7003159269779236
Au     -2.9884407382248659      2.6412603476477736     -8.8133121580662976
Au     -5.5683514132342449      3.0479695743711090     -7.8692709599132193
Au     -6.1562916185352385     -1.7104947786694629     -7.1934355781949915
Au     -6.4133392278621191      5.5344393022133254     -2.8370777127373046
Au     -7.6781602113438936      2.0314923673573864     -4.5152311654894888
Au     -8.4216418682748415      4.5990522486212999     -4.3738283868201364
Au     -8.0049475205594582      3.3418745115867923     -2.0219775668954796
Au     -5.9526165956795314      4.3987411748224687     -5.3949255387651629
Au     -8.0141800409853516      3.4097448327126658     -6.7876925484648059
Au      0.6044921735801920     -0.3597997421045314     -9.7792657037274058
Au     -2.0123591774387397      0.0387581304099687     -9.0422890764116168
Au     -3.5929966194813825     -2.1521199503690491     -8.2264160449596488
