         216
Au Au   -791.90594695   nogrup     0
Au     -5.0643969253069256     -2.7816432605885684      8.7358700042758777
Au     -3.8507949860122972     -2.9527815804673185      6.2899598549698901
Au     -2.6245904958766877     -3.2642591584872847      3.7621302580400489
Au     -1.3848241671634947     -3.5060553028513350      1.2325397042264079
Au     -0.1414889600055012     -3.7225207238533837     -1.3095769809242874
Au      1.0949375668337349     -3.9319071969877566     -3.8505822181810831
Au      2.3374394475367191     -4.0967341342150529     -6.3877488199947869
Au      3.5393578397194299     -4.2348187311392991     -8.8312646497894356
Au      6.0341488187583918     -1.7332935121470836      7.8234911420407052
Au      7.3738174690630913     -1.9136234847943960      5.3955021133213990
Au      8.6168086465322169     -2.1240139498337189      2.8610378654915536
Au      9.7181622902219083     -2.3543215280989678      0.3213544243368602
Au     -0.7384063881589289      6.3413316992950559      3.8087181522606421
Au      0.4820968297381572      6.2704785773064797      1.3382225620250310
Au      1.7309020900373968      6.0552023376598374     -1.2134311606416226
Au      2.9229909339831610      5.7118729995247328     -3.6721631696575745
Au    -10.0002721632996661      1.4013712491700376     -0.3359072112194461
Au     -7.9724992816983757      5.9116308403820064     -2.7778460830721947
Au     -7.8991898884556413      3.4901071467230640     -4.1169233289380749
Au     -6.3620476652769256      0.7937780513292676     -7.7776524023744891
Au     -3.5502036136785682     -4.9312121624524323      8.0849926805156294
Au     -2.3451740683763935     -5.2676152704772417      5.6537874618628514
Au     -1.1113944449726438     -5.5173991785260430      3.1239413535519667
Au      0.1332870225621121     -5.7441306292652197      0.5844111135444834
Au      1.3817660965885019     -5.9456973965564064     -1.9455184641033014
Au      2.6651082879096952     -6.1645864273526598     -4.4663714202622185
Au      3.9275607411881905     -6.2170347981842387     -6.9956100654771447
Au     -6.0249932745708019     -4.4412684732857706      6.8162357067737247
Au     -4.8790798694491437     -4.7605148852785852      4.3535794990071395
Au     -3.6464477826361685     -5.0064913804855173      1.8277534867492342
Au     -2.4082810302106763     -5.2326569083303145     -0.7029592735154431
Au     -1.1820734870543648     -5.4290524692300330     -3.2331133331042246
Au      0.0176111352810671     -5.6355834846828063     -5.7931572587595426
Au      1.7104711525337881     -7.5577117128429219     -6.5215966952916666
Au     -6.3547685536015628     -1.7086998890319833      6.5589194128859987
Au     -5.1378734247780331     -1.9293760637452415      4.0319431720358452
Au     -3.8959043196174035     -2.2112105599464513      1.4826349096432843
Au     -2.6466225306084663     -2.4402624081501152     -1.0594358019456500
Au     -1.4035301210627624     -2.6422043922124878     -3.6083109026125317
Au     -0.1466839448485455     -2.7914768153107108     -6.1604686366280603
Au      1.0977323912306569     -2.9612537385310116     -8.6639884880690037
Au     -4.0336283095227250     -0.4843551380606641      7.6086683213100734
Au     -2.7964127938562662     -0.6524034347058087      5.1117958622019302
Au     -1.5449948390464781     -0.9307879508367538      2.5467107650264929
Au     -0.2907691708331281     -1.1615025014926115     -0.0125665496420169
Au      0.9604865862742263     -1.3743327265588512     -2.5771845050850786
Au      2.2170558373243527     -1.5500895759787969     -5.1447909009011834
Au      3.4218004704068528     -1.7788323860394666     -7.6267563969048986
Au     -2.3300196610752923     -2.5008920510248753      8.6061277824868654
Au     -1.0710228191091820     -2.7337522681145057      6.0989423476376992
Au      0.1744688250996977     -3.0179288130263213      3.5473514108154163
Au      1.4225359940207345     -3.2477343619339401      1.0008727404525573
Au      2.6673178156321766     -3.4494980191669544     -1.5512281638612322
Au      3.9201741482438655     -3.5965473005334836     -4.1094714974317910
Au      5.1348641912732340     -3.7601764344478230     -6.6290209657976629
Au     -7.6032768959225692     -0.6655050273453504      4.2762806487114844
Au     -6.3899227806265948     -0.8842529085529751      1.7541052849905050
Au     -5.1417206430959812     -1.1547955262044347     -0.8064483988238322
Au     -3.9010517589596905     -1.3665456559983724     -3.3417830966959983
Au     -2.6418740205670499     -1.5210866977132547     -5.9046113143007748
Au     -1.3994839001163331     -1.7081516857337675     -8.4076756082752286
Au     -2.9483449889996729      1.8071907666694544      6.3690480988198530
Au     -1.7194753701870726      1.6290761450726921      3.8709907271872268
Au     -0.4593773056414214      1.3786309410073425      1.2902131374337920
Au      0.7940727073275349      1.1587251122165139     -1.2717719683751199
Au      2.0586515058221595      0.9659985595191856     -3.8516144994829506
Au      3.2707768025656248      0.7287852481836854     -6.3385328461497092
Au      0.4574018911912583     -2.2498401358195341      8.3685353768345649
Au      1.7172169152529297     -2.4888244206135255      5.8662985675849981
Au      2.9759045797306243     -2.7664758495864366      3.3102737272843754
Au      4.2220104616625482     -2.9795000419089099      0.7647299796907419
Au      5.4741091390010119     -3.1286890330865926     -1.8036452634695053
Au      6.6846079201588093     -3.2996507855552064     -4.3278444917305450
Au     -8.8589745602181349      0.3903969331482831      1.9941804361074844
Au     -7.6060807075897472      0.1838971553842921     -0.5421028499064384
Au     -6.4075925105911526     -0.0444991113824678     -3.0956510872132075
Au     -5.1272937564300252     -0.2345934435828436     -5.6116074068029675
Au     -3.8980592565531893     -0.4439785519319432     -8.1546604961099547
Au     -1.8503793375769932      4.0953458829093368      5.1129456862664711
Au     -0.6253466138395476      3.9222392109387503      2.5978316350175810
Au      0.6305460538282919      3.7162600111970905      0.0326053949281437
Au      1.8841938912921439      3.4864965866391824     -2.5299523641960917
Au      3.1137056719261520      3.2388107695283299     -5.0295627794629265
Au      3.2535517599284072     -1.9918608968827876      8.1228614838476823
Au      4.5326508221156825     -2.2483411011534731      5.6146390655593343
Au      5.8064520390076737     -2.5039869181590362      3.0919375973481955
Au      7.0236090425705262     -2.6698970185807518      0.5342941361284765
Au      8.2287881847808979     -2.8302554954496539     -2.0137308658389159
Au     -9.7678986981683007     -1.3112206376954365      0.0651368132417218
Au     -8.6148560258902123     -1.5513320820115375     -2.4598382513789634
Au     -7.3750256091657072     -1.7580478336912435     -5.0077014948804095
Au     -3.6626363889724152     -3.1956674084075622     -7.7813295948615337
Au     -3.1337658600225033      5.1995936345713289      2.8922942999986994
Au     -1.8868053465363190      5.0075412691550856      0.3031611680470085
Au     -0.6222613217207820      4.7913574742510718     -2.2802733930930685
Au      0.6541667267397515      4.5546015211657345     -4.8464275238701742
Au      4.3654643266666584      0.3030906188198390      6.9500206587927913
Au      5.6344555222149530      0.0713964695249825      4.4049678535054788
Au      6.9022394506022717     -0.1433185938772983      1.8188738376312692
Au      8.1391033368321537     -0.3342592980209549     -0.7424064521584413
Au     -5.5011316551395222      3.9528731986979562      1.8482986808235999
Au     -4.2642454148066031      3.7660431314252767     -0.7256455811744402
Au     -2.9760693712341721      3.5476126239912640     -3.3574821736029818
Au     -1.7055283165490103      3.3114620082967168     -5.9067780292395398
Au      2.6328838568729558      2.3397604551623203      5.9620233768848756
Au      3.8777894036847664      2.1144359217380870      3.4154407994966860
Au      5.1804815377038480      1.8930913639920863      0.7577395166491989
Au      6.4307654730541719      1.6963104322620604     -1.7850258283773073
Au      4.7301662061202592     -4.2150518351262214      7.4809273239341998
Au      5.9585183973625160     -4.5936829682398770      4.9423481312814594
Au      7.2223571511558564     -4.8046501949172153      2.3809976248053282
Au      8.4964288627961775     -4.8465349936014164     -0.1628080015223503
Au     -7.8482215587684507      2.7062645208908398      0.7897932005888144
Au     -6.6067800706481510      2.5072930981611448     -1.8014776994466395
Au     -5.3473713871591686      2.2949541922364043     -4.3752987190937205
Au     -4.0653006976679089      2.0697152240116008     -6.9414764219639924
Au      0.9254293980368395      4.3921622489692744      4.9357717620312194
Au      2.1693463113825007      4.1888963660855598      2.3687213640147355
Au      3.4433982383206585      3.9708336853629618     -0.2325809095273748
Au      4.7067989602783848      3.7471684123606410     -2.7846295323935895
Au     -8.5842912188087119     -2.3714965893741944      2.3292552553659540
Au     -7.4214965590559210     -2.6900890496435714     -0.2065713292748157
Au     -6.1998579139641254     -2.8977244281823786     -2.7544396218683396
Au     -4.9508216262022353     -3.1041600407758096     -5.2871893670072918
Au     -1.1873177888269173     -4.4493541792898377     -8.0356807046416652
Au     -4.2284151769400777      2.9038102617985562      4.1302511278680711
Au     -2.9941970908176687      2.7105482272034109      1.5734747110557947
Au     -1.7275145354284813      2.4665836751601216     -1.0183794522095333
Au     -0.4566039035396310      2.2744705871256912     -3.6101330197925474
Au      0.8016567942674557      2.0470810991915558     -6.1446797950040342
Au      1.5564499035251860      0.0492951475031447      7.1961453111071982
Au      2.8154803648642210     -0.1720335995297742      4.6626606924057334
Au      4.0823698904324308     -0.4222494985624241      2.0695050496338538
Au      5.3561063947360790     -0.6048498006018157     -0.5238830782030455
Au      6.5878240856535113     -0.8020967729611375     -3.0665135095784137
Au      1.9685055081912293     -4.4583649867462576      7.7113743154735239
Au      3.2014653347130642     -4.8108574587057298      5.2211948203786598
Au      4.4474831114928204     -5.0510839804134289      2.6387093630217109
Au      5.7391400217719717     -5.2376028650220210      0.0767652169368986
Au      6.9720644121394830     -5.2986716621161634     -2.4394356160581232
Au     -6.5748555628046752      1.6516956165029582      3.0739235931640323
Au     -5.3278550327966370      1.4679068537021482      0.5277885680440981
Au     -4.0656335903765415      1.2200054294876619     -2.0575883755065938
Au     -2.7967929067590260      1.0372539340366851     -4.6428286712046045
Au     -1.5562512410901848      0.8044675667955943     -7.1819949974038266
Au     -0.1652345717573693      2.0992081134784524      6.1917605563057201
Au      1.0897930359481911      1.8861143156575011      3.6528703543491439
Au      2.3584793306499177      1.6438719891713927      1.0508520932629359
Au      3.6364105036142549      1.4482972712492508     -1.5481899248138191
Au      4.8711472104065869      1.2402766502667468     -4.0901396294684176
Au     -0.8044322146453355     -4.7172638565396277      7.9261849262346367
Au      0.4286178290618676     -5.0632961625893103      5.4495644154527696
Au      1.6674610000899479     -5.3113263389055199      2.8931272701540678
Au      2.9253168541431993     -5.5252922206183559      0.3379736693550086
Au      4.2076060664117412     -5.6992643755876422     -2.1978430198126695
Au      5.4380235096841787     -5.7603799652235015     -4.7095135661454126
Au     -7.3240947363489202     -3.4282693249001799      4.5990153225070216
Au     -6.1637301743950363     -3.7478433550936980      2.0843770779491990
Au     -4.9195210954462354     -3.9901343096809292     -0.4591082726774935
Au     -3.6859502459920375     -4.1993497502592518     -2.9933898982118237
Au     -2.4589218449204653     -4.3695849511546427     -5.5459955761767574
Au      1.2827055114092052     -5.6895702979935816     -8.3242141480303058
Au     -5.3118175057840187      0.6040895839319163      5.3620722046115574
Au     -4.0721766697929915      0.4029276643112638      2.8190428254423807
Au     -2.8119012055059240      0.1439363985208892      0.2449938189780170
Au     -1.5544433766139139     -0.0737581321769056     -2.3233990602859578
Au     -0.2927108726556966     -0.2492805423017330     -4.9009218970010693
Au      0.9492147181329302     -0.4595694273051407     -7.4294239482334579
Au     -1.2463883389517232     -0.1975445151153146      7.4271199551235831
Au      0.0117858432695852     -0.4094935349840956      4.8958852554998948
Au      1.2715896152996287     -0.6709200424556911      2.3152247519264719
Au      2.5302595851542402     -0.8889293115417853     -0.2579784143505393
Au      3.7967450258791802     -1.0630901923863085     -2.8397290656449492
Au      5.0249039826471318     -1.2649693137268851     -5.3739491806224020
Au      9.8405512944457172     -4.3760477343650468      2.1258569122132229
Au      8.6360418718183318     -4.2179319751350004      4.6279885404406507
Au      7.3886570397262998     -3.9657750527151503      7.1004778692070651
Au      9.5915254068468485      0.1670034887867153      1.5828342629617147
Au      8.4689567353002104      0.3730582433741940      4.1593690539662020
Au      7.1174811797050319      0.5850027246619689      6.6239483189163337
Au      7.9744041086067581      2.1748519314122747      0.5348388464111622
Au      6.6740252012831709      2.3448971107788470      3.1119178977516881
Au      5.4341482723895620      2.6041049381934034      5.7124059056600132
Au      6.2666048517348596      4.1925664963392881     -0.4760933203825601
Au      4.9567080277141384      4.3702142263872039      2.0985591337074005
Au      3.7259068834738489      4.6233813319247137      4.7069719582278147
Au      4.5179119020910399      6.1646650446433284     -1.4122630109245620
Au      3.2777508386249004      6.4884841352329072      1.0984608751604803
Au      2.0466651580086834      6.5859160263465792      3.6336746466376972
Au      9.3533231577188829      2.6076088435597082      2.8628415037835460
Au      8.1390355232635514      2.8123925450991720      5.3373122896794882
Au      7.7110851178580209      4.6104405575345213      1.8841875816875593
Au      6.4948878689917500      4.8158999066668207      4.3645306634878800
Au      6.0020923419550813      6.5512403552392087      0.8881694974984917
Au      4.7913883016617351      6.7564666545384853      3.3594695858334553
Au      0.4321866961533787      6.9762305713322279     -3.4942434843923511
Au     -0.7880952472518321      7.2961991112126849     -0.9593313706070390
Au     -2.0490796683391932      7.3980112043728390      1.5759794393120998
Au     -1.8446436888611482      5.7960449970162990     -4.6110951029685694
Au     -3.1608403883916578      6.0417434622581698     -2.0150147973124710
Au     -4.4055041369346375      6.2283185159462429      0.6230978077756930
Au     -4.2351635692402105      4.5356141134191983     -5.6718691751914871
Au     -5.5111714618557066      4.7973908662508391     -3.0594360250457449
Au     -6.7940209628816337      4.9660462072604048     -0.4412612212522937
Au     -6.5768239981256702      3.2537197557411650     -6.5885231471457804
Au     -6.7362511300959174      5.7040386431956858     -5.3073565097599342
Au     -9.0403969117552521      3.6658579889301484     -1.5515499269071356
Au     -2.0464378910289116      8.2053274406689791     -3.2324928092853025
Au     -3.2895085867393608      8.4151520271210938     -0.6902344531866760
Au     -4.5270742189871065      9.2248595383044876     -2.9446683311401216
Au     -5.6972129618294147      7.2123453884514408     -1.6246326132533184
Au     -4.3430378704331094      6.9844298982792425     -4.3949138589731653
Au     -6.7654944381543984      8.0262000745684450     -3.9382878133028782
Au     -6.0951847699979194     -1.9241803852914483     -7.4768472397912120
Au     -7.6702446714311865      0.9950690627353476     -5.3743735942078867
Au     -8.9069337168590081      1.2017227922487317     -2.8451653830231542
