         216
Au Au   -791.83165011   nogrup     0
Au     -2.2454013924640490    -10.7096713380465847      1.4656421099059571
Au     -0.5485657788813767     -7.5349602992297307      2.2335538444366101
Au      0.6184220855455886     -5.5056962204354871      0.6511291954016976
Au      1.7513510642305699     -3.4386047746862030     -0.9133827985984624
Au      2.8794380317041899     -1.3573449102081732     -2.4743863991697843
Au      3.9974407562621099      0.7234519959763386     -4.0206137424711059
Au      5.0516807328528346      2.8321052606183681     -5.5391279231079160
Au      3.4974740511034996      4.0720623130309077     -7.5057565997935338
Au      5.2117733485888129     -1.9993102553268347      8.4442349197328319
Au      6.4466311900471931      0.0249374976937649      7.0660676602253005
Au      7.5678803706348718      2.0920085285827286      5.5165704757013039
Au      8.5129917068021648      4.0823370524454576      3.8844721142396956
Au     -5.0432347440292258      1.1243448702200620      5.2281735972649308
Au     -4.0364734519813270      3.2281371926530738      3.7670500831998197
Au     -2.9033855008688585      5.3165914235364040      2.2009453419258129
Au     -1.7188821501990090      7.2438604994249101      0.6272298353432788
Au     -7.8119936369017031     -4.4643658212725477     -4.1795332344681917
Au     -9.4876499821443971      0.7721260906448144     -3.4681034086056570
Au     -7.6351418420242005      0.1982864962006587     -5.4365392642847574
Au     -4.4319561515060100      1.6462188878140811     -8.7356204851783215
Au     -1.5876824896386326     -9.5028224005664175      3.7732321671147417
Au      1.4995273080834641     -8.1189115375634664      0.3478395645141461
Au      2.6092419192772836     -6.0559039673732613     -1.2359080480511295
Au      3.7212466450958193     -3.9825175681542877     -2.8105094467007845
Au      4.8289433299632192     -1.9049433780974123     -4.3774360919810960
Au      7.6353659881811060      2.0323028260509677     -4.7781299528167018
Au      6.0775175000059667      4.7836662605269282     -7.0616372598806993
Au      0.3242531547225633    -10.0774849275942930      1.9238119352392182
Au     -1.1225166991333397     -8.9141346494309275     -0.1633052787285365
Au     -0.0178118951496522     -6.8725832256044868     -1.7128451508400389
Au      1.0889239089187575     -4.8235519919918115     -3.2770617774455886
Au      2.1925505293603775     -2.7504644306094121     -4.8379704635238951
Au      3.2856626082241993     -0.6613067231738414     -6.3972820795796164
Au      6.8848146236656396      2.2706781399581564     -7.4103563580163438
Au     -3.2555696936788823     -8.2750844688475187      1.9003325962774902
Au     -2.1192226275159962     -6.3115738710737759      0.2370006246114968
Au     -0.9567766423624247     -4.2462964319865169     -1.3447863180016419
Au      0.1812655135230141     -2.1735896538784480     -2.9116761459805751
Au      1.3041180903418637     -0.0873477193017234     -4.4634874833344185
Au      2.3899062679878442      2.0367737278969438     -5.9922442033594390
Au      4.3380900451345861      1.4544831094421715     -7.8676459359770359
Au     -2.4906463018252514     -6.9157856494645209      4.2128718269505754
Au     -1.4410203663641088     -4.8817825848795895      2.6450557535655150
Au     -0.2786423333063537     -2.8138185700536287      1.0490398034428594
Au      0.8597056141754034     -0.7262077409485235     -0.5241112103698811
Au      1.9911257823145494      1.3716503141597522     -2.0886825341157511
Au      3.1020249209527861      3.5013414399561054     -3.6356920580326886
Au      4.2002327747850021      5.5129476262674943     -5.2126853137902351
Au      0.0829577748094854     -7.6623695640249867      4.9553868245443020
Au      1.1926872316110000     -5.6456757654054215      3.4385483150415403
Au      2.3652474754611559     -3.6070802852277701      1.8485951371558649
Au      3.4993406716143465     -1.5360160664557139      0.2824707629217684
Au      4.6267418966018319      0.5544553603767550     -1.2741796359755533
Au      5.7572891439066938      2.6816286898882948     -2.8171094459095585
Au      6.7640709797777054      4.7471070805493421     -4.4023486881388010
Au     -4.8048984822183289     -7.0183485392077856     -0.1127836980649732
Au     -3.6709294103622878     -5.0467917012552164     -1.7564239065677150
Au     -2.5153854589331170     -2.9725487980877716     -3.3454885632416946
Au     -1.3818123779987996     -0.8976293171472340     -4.8949520924011338
Au     -0.2751146701389651      1.2331407125805969     -6.4228281180575344
Au      0.8475155694270851      3.2688080261608135     -7.9257585732128657
Au     -3.3706764171212793     -4.2492312065976545      4.5605809277440059
Au     -2.3067031448475852     -2.2048641506519875      3.0148819894809193
Au     -1.1497887016694142     -0.1147876475394556      1.4204372539956189
Au     -0.0138055509665400      1.9790636407064044     -0.1481085606041113
Au      1.1162255678695363      4.1055274221961184     -1.7155790887683509
Au      2.2423357709287908      6.1167459303749840     -3.2667590889435694
Au      1.8035927275822301     -5.7854859074649543      6.1341832399253704
Au      2.9245289824229026     -3.7609857366492427      4.6275094372485874
Au      4.1050047420746738     -1.7139249805591241      3.0412262338048812
Au      5.2273588276394749      0.3521216004932786      1.4885656318671963
Au      6.3257535771473750      2.4781051833647529     -0.0622647602391311
Au      7.3996817182752297      4.5575262254485178     -1.5804567390040241
Au     -6.3606676173928172     -5.7464778742924896     -2.1112748245098132
Au     -5.2159841167916676     -3.7536055849873566     -3.7587585112757509
Au     -4.0967688172939267     -1.6825455570090266     -5.3448856808250902
Au     -2.9515210914590870      0.4192517814940659     -6.8395743397093991
Au     -1.8052944696656348      2.4599128748031491     -8.3611301074558888
Au     -4.2335752201731793     -1.5680260671853326      4.9139978685110997
Au     -3.1608513596796159      0.4975141644688899      3.3734077594088916
Au     -2.0298390526154484      2.6012820939941266      1.8059053813197430
Au     -0.8850215755826398      4.6921020638053328      0.2293712329527189
Au      0.2623791389158994      6.7140963990906046     -1.3237138627622649
Au      3.5291037194454837     -3.9013875045019191      7.3165217996108893
Au      4.6541227488447499     -1.8565664599105229      5.8075078570971428
Au      5.8435414077820740      0.1883407624496671      4.2848256510002187
Au      6.8937656841486481      2.2687522426202529      2.7112825795705291
Au      7.9810246643488361      4.3030822301826621      1.1735717705302484
Au     -6.8123391109782236     -6.9603740066709996     -4.4414387488434208
Au     -5.8329850647576889     -5.0422294263406400     -6.0818627940549117
Au     -4.7245054032024498     -3.0076450814871105     -7.6301670982761891
Au     -0.9714430614284675     -0.1463027303949680     -8.7139386978928872
Au     -5.8335238982522952     -0.3320674760591018      2.9724728188484839
Au     -4.7162811700256002      1.7736554217803153      1.3817009909959381
Au     -3.5700791935986986      3.8906763386396204     -0.2011331684096973
Au     -2.3974680370212753      5.9878673304353605     -1.7816638520978678
Au      2.6462225327736268     -1.2950546192972325      7.8002433421995256
Au      3.8266328871644779      0.7914762724266566      6.2441990211061906
Au      4.9742950265234027      2.9059683726635921      4.6562707524120022
Au      6.0671603366699314      5.0124703127116641      3.0655005008694687
Au     -6.5348920327908262     -1.7447168415300141      0.5930433437905762
Au     -5.4241241430362797      0.3318835806230318     -0.9963478200340639
Au     -4.2606350260504406      2.4848091391536160     -2.6024501336177295
Au     -3.0882857725778252      4.5726124391991085     -4.1664739531854416
Au      0.0459277758585963     -0.5236150941591804      6.9787382995040019
Au      1.1853424275121194      1.5493834768258896      5.4106117288376829
Au      2.3662663044200460      3.7192257639492032      3.7783369327575578
Au      3.4826931264805472      5.8091714278006767      2.2165373048263604
Au      5.4686182489980135     -4.4828481710157497      5.4306997094041520
Au      6.6876554983091507     -2.5069735037035858      3.8686553094117357
Au      7.8099751868019274     -0.4405230531829289      2.3157588821358921
Au      8.8199285016151272      1.6806552113884266      0.8126496999051085
Au     -7.2344186843229377     -3.1291031848747775     -1.7934554307275157
Au     -6.1067273649394300     -1.0707505019642358     -3.4019355078045734
Au     -4.9695983169402282      1.0398126816005657     -4.9744989723642625
Au     -3.7866941774250713      3.1512833697543883     -6.5352940673573432
Au     -2.5489633000290581      0.2879494775152898      6.1516283228422495
Au     -1.4311623168140200      2.3828916516791123      4.5737219154029383
Au     -0.2742961225797651      4.5070527135129108      2.9761006872192155
Au      0.8787114968191787      6.5919815487450375      1.4043768288810305
Au     -5.3163326636521031     -8.2346541774339865     -2.4890730436252042
Au     -4.2310893825973519     -6.3703724958258530     -4.1637800963127525
Au     -3.1629623825831463     -4.3262342699911684     -5.7275754203648273
Au     -2.0467965493374018     -2.2756555951140154     -7.2675022822282962
Au      1.6853554097445569      0.6561273801966587     -8.2841646000938223
Au     -4.9795933288115517     -2.9970794645564158      2.6079678784027109
Au     -3.8779280582968578     -0.9370966098101343      1.0114260867037252
Au     -2.7155204030446303      1.1692244072151752     -0.5834507646480240
Au     -1.5821738168078483      3.3081948059756283     -2.1569183209426832
Au     -0.4255607098868412      5.3806689127307727     -3.7170943569647363
Au      0.9262025956335078     -3.1863861532972511      6.6063533609010960
Au      2.0368538599954054     -1.0986785896876103      5.0500024026487189
Au      3.2168992110567212      0.9924891301017746      3.4505907268786551
Au      4.3388722126041541      3.1295650165550741      1.8679598632227226
Au      5.4638932793822645      5.1981501614605232      0.3087965578963363
Au      3.7441576351731136     -6.3661597446701350      4.2501636175030697
Au      4.9509195660930301     -4.3904472365929657      2.6934387027589111
Au      6.0832867316262780     -2.3254303896906148      1.1070810495729972
Au      7.2040857514359482     -0.2359005618884797     -0.4375039479010780
Au      8.2699772580056923      1.8440757910812522     -1.9544574837291115
Au     -5.6722259456655602     -4.3785807912658772      0.2428996727738841
Au     -4.5642907256835770     -2.3513653812412567     -1.3661739203452470
Au     -3.4037030988642276     -0.2505684393178385     -2.9564618985450757
Au     -2.2765761454298685      1.8903790405900534     -4.5155197581793800
Au     -1.1216612435668014      3.9530926239501638     -6.0918143320154350
Au     -1.6867969528565574     -2.3923211255744885      5.7870974797467127
Au     -0.5704092233603517     -0.3142238110398514      4.2280381388852391
Au      0.5988521722265845      1.7900498188702620      2.6237253730777113
Au      1.7403834450734657      3.9267194208482037      1.0375014979742190
Au      2.8680599776245659      5.9938756291184436     -0.5342833273445748
Au      2.0268831542739187     -8.2450981333394981      3.0720225392055411
Au      3.2280506397626985     -6.2708312474195562      1.5076393864469679
Au      4.3574202287566095     -4.2061278216238431     -0.0806685253302462
Au      5.4805105619479866     -2.1265843404852500     -1.6515661242569522
Au      6.5894662544021694     -0.0412838282512684     -3.2078529649778318
Au      9.0841105511050628      3.8406413467264375     -3.4911195779846587
Au     -3.7713900747430706     -9.4958364797678900     -0.4914786482444846
Au     -2.6889927593207252     -7.6460249377910277     -2.1563182362801676
Au     -1.5801294199823464     -5.5969509384306804     -3.7170158144286738
Au     -0.4808354422989671     -3.5474383043746354     -5.2755365784837949
Au      0.6183485176563241     -1.4611458083966209     -6.8316618052356599
Au      5.9204275208326704      0.1677758176969562     -5.9533897152283579
Au     -4.1129567565473817     -5.6421138274947378      2.2530531340355573
Au     -3.0048757586436752     -3.6241189831657454      0.6357928088792981
Au     -1.8478685263347951     -1.5380053076038074     -0.9552927609326574
Au     -0.7089306641452864      0.5630094077351036     -2.5254874009593742
Au      0.4071376849282835      2.6997269920798415     -4.0797744610663251
Au      1.5416120137639551      4.7584744734248794     -5.6499080320823261
Au     -0.8029729393731446     -5.0606042932379669      5.4190709655193920
Au      0.2956910067035343     -2.9858979412161837      3.8552389978825161
Au      1.4671220836851093     -0.9089446660091616      2.2542668658616662
Au      2.6079875083139665      1.1886310622656264      0.6777176979360391
Au      3.7375624953078788      3.3186066210296028     -0.8924417174343411
Au      4.8456034438591820      5.3827761751010206     -2.4598443219109605
Au      9.3455598682089196      1.4780017472995821      3.5257154806743287
Au      8.3228449608061297     -0.5761094947344523      5.0678609909512495
Au      7.1423437048505845     -2.5791651611753643      6.5665274176551698
Au      6.6276871285975156      4.7238084122690509      5.7979065263187124
Au      5.5954485370100988      2.6840079414848308      7.4302499549591410
Au      4.3935201114995444      0.6052471123881915      8.8879819300653438
Au      4.0960447111542839      5.6003239646482266      4.9798861442739479
Au      2.9571591369212831      3.4444597347175625      6.5297063025642323
Au      1.7962829601790533      1.3626330215740001      8.1625326816509052
Au      1.5124833618980604      6.3870895901043703      4.1522466469894752
Au      0.3597480717030623      4.2351493021310347      5.7009104919020253
Au     -0.7899062033841218      2.1497525427546096      7.3397683171243244
Au     -1.0647638561272124      7.0795075005366783      3.3471967441260979
Au     -2.2730925071418193      5.0888225759886545      4.9335559649138361
Au     -3.3084183054277183      2.9553569378963740      6.4518135873022473
Au      4.6360962991199752      5.2433517156004106      7.6411461397793552
Au      3.5398760330424937      3.2218966417884007      9.1584402790856920
Au      2.0944219030052942      6.0590227205808489      6.8721333835163136
Au      0.9931876271193065      4.0291755548019079      8.3976757085220832
Au     -0.4398000917020033      6.7974015569061024      6.0273352806665841
Au     -1.5379160976606425      4.7753787245791273      7.5490387586745520
Au     -4.3580499602328118      6.4709443345850071      0.1352589064147267
Au     -5.5497647807823576      4.4702480216633944      1.7476522759708573
Au     -6.6133119196481918      2.3257921763213654      3.2510251209201755
Au     -5.0376110562104763      5.1689330948012282     -2.2371265995928198
Au     -6.2432289526944107      3.0404265786103912     -0.6480015352727264
Au     -7.3649823841934916      0.9060963691731443      0.9721988026194630
Au     -5.7416801682639207      3.7367025801674374     -4.6391312836621275
Au     -6.9388235062555346      1.6262254662520084     -3.0265307015843845
Au     -8.0724501889489026     -0.5120384005947702     -1.4357212406242823
Au     -6.4120414790193845      2.2608118638080521     -6.9219879355582314
Au     -8.3504311219794900      2.8323498800161753     -5.0213594154525936
Au     -8.6705249092293037     -1.8506370366432296     -3.8225605573360966
Au     -6.9741838494342048      5.6456149235970443     -0.2915560551173861
Au     -8.8765195619937494      2.1063749678951948     -1.0311541677173217
Au     -9.4552998223667366      4.7075935683845778     -0.7772881062381742
Au     -8.1079446601426515      3.5757367100440431      1.2690289023423595
Au     -7.6458100929142061      4.3416767411733979     -2.7188641850266890
Au    -10.1149125586193165      3.3605790251838727     -3.0485088158786304
Au     -3.6029258989640844     -0.9452275995009050     -9.0830757752481990
Au     -5.6616625394021609     -0.3922965245730943     -7.3512730227354641
Au     -6.7834735629283776     -2.4621967755635747     -5.7960899072137888
