         216
Au Au   -791.88310512   nogrup     0
Au     -1.8653835174121580     -8.3366292203877066      5.8486300500112272
Au     -1.0484963840116115     -6.8663857971861297      3.7289524478186671
Au     -0.1160460399024215     -5.3702064857746841      1.5212913667022221
Au      0.7957538392268444     -3.8277521677700310     -0.6677946772634513
Au      1.7061207828045215     -2.2695867058830164     -2.8559397997801597
Au      2.6131077559117051     -0.7039158132450218     -5.0314663947585423
Au      3.5124742665784439      0.9075781454215459     -7.1806984567459207
Au      4.3062269764913275      2.4143393420567829     -9.2875139204501327
Au      7.1896362392191602     -1.9031522949820374      6.8832382918630550
Au      8.2473507926016065     -0.3975135920992923      4.8477955294164907
Au      9.1525261103669795      1.1496942282154272      2.6721652585958253
Au      9.8504488340513650      2.6490356787929157      0.4825397149614403
Au     -2.9029337470876619      2.8799295806236778      6.1170781231623259
Au     -2.0709150250989605      4.5004240848175581      4.0548425376192547
Au     -1.1568228369650628      6.0655541715203114      1.8621630569562022
Au     -0.2228537266220194      7.4626622636833204     -0.3215511952437424
Au     -9.3381877829281166     -3.2094650502074575     -0.8790929476646312
Au     -9.8272161373116056      2.3104145638727926     -0.7586486814893298
Au     -8.7985004585719135      1.0910192241586589     -3.0153237904863630
Au     -6.5866956006140533      1.3565169289881727     -7.2912520695214020
Au     -0.7452274390161787     -9.5548928828073798      3.6882946653525615
Au      0.1859198747985256     -8.1279779860794683      1.4982593490460125
Au      1.0696001624348797     -6.5872083335451848     -0.7014895144673758
Au      1.9602955439543157     -5.0353662682837790     -2.8952322690945884
Au      2.8536068051047625     -3.4749840601735169     -5.0794497103967302
Au      3.7388556438449587     -1.9111768097098505     -7.2550827971129692
Au      6.6366263092032796      1.2310143732081222     -9.0262445066435255
Au     -3.3970069958676361     -9.6763520245371986      4.0953899425460918
Au     -2.5578328793130547     -8.4027019215881573      1.9017838543945373
Au     -1.6712161020366612     -6.8763966825227705     -0.2602297812461352
Au     -0.7860737606643066     -5.3453607616689567     -2.4383740416604915
Au      0.1023799063660447     -3.7902670226044854     -4.6172235185625148
Au      0.9885886824226566     -2.2185980741873603     -6.7931794664590583
Au      4.5505639771098609     -0.3301341842996504     -9.3551352714374492
Au     -3.8077310177952328     -7.0457693186018062      4.3127221159750313
Au     -2.9392468088965464     -5.6172319735688685      2.0503834439482205
Au     -2.0046542294094203     -4.0845448079826383     -0.1626713518055496
Au     -1.0868484717148432     -2.5372443624663088     -2.3567468704082266
Au     -0.1750092012407629     -0.9714017817594147     -4.5356421346487785
Au      0.7264856135389848      0.6449101385188616     -6.6851590350662047
Au      1.6182010312205777      2.1715817140573748     -8.8002668024906825
Au     -2.1486278116270174     -5.5808984618921542      6.0110365666894694
Au     -1.3200342320482725     -4.0526435886037451      3.8489543244879449
Au     -0.3898147694730196     -2.5192744749062630      1.6220654881420238
Au      0.5280856682745085     -0.9581574418873160     -0.5808453089653298
Au      1.4433425580891277      0.6161486059353329     -2.7764775395236789
Au      2.3498911068449639      2.2280339235665370     -4.9585541790269865
Au      3.2338759094671570      3.7214013677621685     -7.1162944677622946
Au      0.3687596361222241     -6.7549460133163493      6.1382717380072869
Au      1.2665717247756985     -5.2497711132643481      4.0111763440067278
Au      2.2022930076155278     -3.7473847727269689      1.7938600300599852
Au      3.1132106002274957     -2.2028571997118771     -0.3952383603670135
Au      4.0195753661901641     -0.6390878452062640     -2.5741317142914859
Au      4.9130201508152114      0.9720227448067664     -4.7388177920200896
Au      5.7758785201361151      2.5412630397487659     -6.8811042711612291
Au     -5.6780205354306963     -5.7716464636558200      2.6059654152566480
Au     -4.8040907852860020     -4.3319030583455067      0.3611744489122231
Au     -3.8762305981738341     -2.7897642988001188     -1.8585954077123645
Au     -2.9557782308322826     -1.2367592615156138     -4.0350707925576756
Au     -2.0416493095701962      0.3799749898920020     -6.1929225374618060
Au     -1.1224885905177375      1.9040672732803969     -8.3106721412551519
Au     -2.4261785943495107     -2.7660562737163623      6.0654197181607294
Au     -1.5759129643572289     -1.2275703431631424      3.9182340026093208
Au     -0.6469744752318436      0.3289750621929404      1.6902476042366388
Au      0.2707243886507595      1.8978390724498944     -0.5083106159066055
Au      1.1865253696914659      3.5015422669342477     -2.7099398924440017
Au      2.0918126898150571      4.9943387923703195     -4.8693233192757823
Au      2.6553090639766621     -5.1484786515533081      6.4026648500080796
Au      3.5674107585293244     -3.6366082038603071      4.2803444906924142
Au      4.5125454203835762     -2.1269282238192275      2.0626669089614467
Au      5.4159253894807131     -0.5827230034630411     -0.1086174583432964
Au      6.2948908747370682      1.0295453549533811     -2.2787674306067807
Au      7.1503128490449033      2.5527560538786966     -4.4114714968039870
Au     -7.5470248508273210     -4.4796178063027057      0.9116704378185112
Au     -6.6605312347003807     -3.0218667871408140     -1.3438239544265826
Au     -5.7658594492509465     -1.4744195508341615     -3.5497589968476788
Au     -4.8123427538875099      0.1099393156721913     -5.6821459557062255
Au     -3.8767394400194726      1.6311257773623549     -7.8270290510500313
Au     -2.6840501886222121      0.0598868488052346      6.1180274378646153
Au     -1.8209508485106964      1.6180002299489900      3.9693486026482070
Au     -0.9060916577521438      3.1974837927292930      1.7719421396787531
Au      0.0156739682503872      4.7616883590062571     -0.4346722288154723
Au      0.9376606103611635      6.2614711025159275     -2.6067936005034262
Au      4.9495955871680897     -3.5350540597028282      6.6653322389337823
Au      5.8672607126396414     -2.0043227561166272      4.5345205313966623
Au      6.8410890190663984     -0.4887350975719809      2.3728250414728862
Au      7.6733198148022765      1.0837328386325602      0.1931189222917560
Au      8.5368094032999711      2.6053710045052574     -1.9669326231956319
Au     -8.8936131984365971     -5.8735646559241736     -0.9190752132588322
Au     -8.1719313259690587     -4.4516223128831189     -3.1073416961250260
Au     -7.2813397232336925     -2.9318760333283933     -5.2676510923748481
Au     -3.6329037288805393     -1.1161914807676858     -7.8858076000213391
Au     -4.5836583720999196      1.3343768997897740      4.4976388158418672
Au     -3.6880284442012199      2.9150255134733607      2.2817339076269008
Au     -2.7615507374312314      4.5019881559141597      0.0632660276551285
Au     -1.8125459777781276      6.0652050113085876     -2.1567586932170748
Au      4.7018352294397330     -0.7598951477194866      6.8609723283526343
Au      5.6628551718532094      0.7930692246111075      4.6624469247703075
Au      6.5886463104126083      2.3757312388144660      2.4371375975346403
Au      7.4603712795439971      3.9606777875040526      0.2223561260187097
Au     -6.2121184225508452     -0.2046985247307749      2.7281427242157044
Au     -5.3263675935738348      1.3493120117309090      0.5207287352921490
Au     -4.3844188164688802      2.9639270899585952     -1.7317616425438302
Au     -3.4317229290201023      4.5201075181830754     -3.9342775087039819
Au      2.1368641691827901      0.4321195888261578      6.6658790085971482
Au      3.0538037669815337      1.9795761109724186      4.4714801749316244
Au      4.0046600191803972      3.6046289862716554      2.1867410610920466
Au      4.9073811056302219      5.1730096175015863     -0.0026499369279485
Au      6.0822240832320480     -4.7690903461745719      4.4623413408199823
Au      7.0597336871331891     -3.3321647816095172      2.2673395221630770
Au      7.9639258985071990     -1.7846319543451887      0.0897455779413683
Au      8.7794541571015614     -0.1531527372512063     -2.0307737425858505
Au     -7.8362694925349556     -1.7178164487983132      0.9459756002010486
Au     -6.9430814474780362     -0.1876430346636617     -1.2806597003146223
Au     -6.0215675008402281      1.3961623904936165     -3.4861319849010712
Au     -5.0534384278722051      2.9731854224589922     -5.6928984605752539
Au     -0.4174367909357186      1.6614751917457724      6.4534574492454055
Au      0.4802604978674498      3.2338298474058522      4.2520496335278857
Au      1.4117278426760005      4.8250976109294541      2.0165702444384017
Au      2.3435847031891548      6.3825815056908031     -0.1874829245842200
Au     -7.0953418725375350     -7.1614226157198466      0.7489117990229346
Au     -6.2942173965209571     -5.8191593526916670     -1.4907364918369517
Au     -5.4452083004687868     -4.2839358299755954     -3.6564705366905699
Au     -4.5417034076018306     -2.7494193117785777     -5.8140111247450701
Au     -0.8774998155586383     -0.8515860772869956     -8.3744947896221422
Au     -4.3346257228712188     -1.4754369332699309      4.4336597603444083
Au     -3.4623662537432307      0.0633415387332317      2.2251784113977102
Au     -2.5254710215450400      1.6344796683777076     -0.0077374627750331
Au     -1.6044804554751304      3.2470783255085580     -2.2183905782657583
Au     -0.6676361500125584      4.7935146913690287     -4.4099214924319483
Au      2.4081541291579498     -2.3824789371358346      6.5869300542296045
Au      3.3045848810312384     -0.8135634665830356      4.4086067732272589
Au      4.2524058779054306      0.7386421390560809      2.1701746685457586
Au      5.1569465763138140      2.3534067439309378     -0.0427387593187980
Au      6.0706999518950493      3.8942306716942001     -2.2376221485679721
Au      3.7902083042281962     -6.3825875932891023      4.2020979140480286
Au      4.7588139915141214     -4.9432510086763521      2.0171154494051429
Au      5.6628365906328479     -3.4042120994098006     -0.1926975053970388
Au      6.5754509010140119     -1.8294850150329189     -2.3696549957891619
Au      7.3951275799422387     -0.2125603433842080     -4.4757071456327253
Au     -5.9456669586337778     -2.9843749248481828      2.6694840207461468
Au     -5.0763181807575748     -1.4803386427080270      0.4537007006700016
Au     -4.1398947934752570      0.0864399606356443     -1.7735174338457824
Au     -3.2185057740101248      1.7040425959632248     -3.9694839953181997
Au     -2.2890668745880740      3.2385231756021753     -6.1733522422368292
Au     -0.1632383453441122     -1.1651223327961304      6.3902005540600051
Au      0.7366471266221932      0.3931792555177100      4.2098512312928911
Au      1.6750251281718027      1.9602033387826232      1.9675027319467020
Au      2.5961399651252552      3.5702293916545065     -0.2539396545824246
Au      3.5034045953421682      5.1168133577123172     -2.4470687693883555
Au      1.5068009179314386     -7.9923866768308578      3.9385675206424970
Au      2.4680745697758297     -6.5547932099411632      1.7491659703958966
Au      3.3687972113736375     -5.0180540868486716     -0.4598551982202110
Au      4.2715806833834922     -3.4640983356330395     -2.6516105913955670
Au      5.1744741746617828     -1.8941101785155308     -4.8209091069464201
Au      6.0309023847235439     -0.3126940220533037     -6.9500330725732287
Au     -5.2348823577456098     -8.4409648512967088      2.4433266958883024
Au     -4.4359462868290045     -7.1109267366008702      0.2165499576873131
Au     -3.5473993783027948     -5.5794520936981140     -1.9586957136761960
Au     -2.6665759064489807     -4.0452421653840798     -4.1293547169704894
Au     -1.7771978542792894     -2.4750471873603406     -6.3042305453987648
Au      1.8645185670730702     -0.5945439271078747     -8.8671522519889763
Au     -4.0680367999922851     -4.2674749765707212      4.3718202220887363
Au     -3.2027929511106654     -2.7736901089873793      2.1500797078590566
Au     -2.2726614379958776     -1.2206310935859666     -0.0742675361009546
Au     -1.3504490772703850      0.3539155682091160     -2.2770595897889692
Au     -0.4387901911578682      1.9713557428647182     -4.4651209844503867
Au      0.4750043826410058      3.5108275608718289     -6.6549729390813770
Au      0.1115038386082277     -3.9853568793650176      6.3158417696722822
Au      0.9931997221803535     -2.4277261542584121      4.1363382249579175
Au      1.9305812175284669     -0.8880898572062605      1.9014455252557703
Au      2.8495677073435175      0.6822411566818705     -0.3046017087490149
Au      3.7575125052845628      2.2946712776732907     -2.5027490298798014
Au      4.6625848374899519      3.8388654669368139     -4.6825539771483093
Au     10.0910608414084599     -0.0956660282262156      0.4186342169347448
Au      9.2811662817524088     -1.6518879859283722      2.5587094998780522
Au      8.3158219310465391     -3.1319887403489997      4.6890696312243882
Au      8.7909113051409893      3.9328855153633500      2.6892632635877476
Au      8.0001039733591064      2.4043661402382082      4.9115341327483577
Au      6.9892091308476054      0.8509096800882681      7.0238980561196236
Au      6.3090574703436051      5.2129718486246714      2.4616427271616281
Au      5.3727858407525906      3.5836559295245491      4.6582614352165663
Au      4.4548194706698538      2.0416958204189992      6.9230279218275257
Au      3.7607462181257221      6.4179328495612058      2.2567713097937414
Au      2.8114973232800846      4.7938022599674719      4.4538038398135704
Au      1.9049726343124997      3.2457727334090185      6.7200487077921700
Au      1.2099729003079771      7.5328590641809470      2.0873123603691219
Au      0.2474903613549522      6.0811965944088460      4.3018600644002198
Au     -0.5976898328214078      4.4448681439995301      6.4308162731491514
Au      7.5872402170727682      5.1128469600893265      4.8803776361523816
Au      6.7032330696674656      3.6006794127553556      7.0078678254029398
Au      5.1011939401927666      6.3428470046167220      4.7131235644690932
Au      4.2129547124184255      4.8240760153913076      6.8504585472912503
Au      2.5859256590776063      7.4872248330785283      4.4866117474298015
Au      1.7002634801248560      5.9738142631474247      6.6166659570262283
Au     -2.9722166619797177      7.2123767945289430      0.0995826174193049
Au     -3.9135252331904247      5.7513898128595446      2.3359056828092761
Au     -4.7919147249428775      4.1096818599251721      4.4616247717323994
Au     -4.5590857410510566      5.7763082531189909     -1.6912789143210603
Au     -5.5417656263443682      4.1916772508091551      0.5519116589972022
Au     -6.4371007174267998      2.5882133430822050      2.8021702006045288
Au     -6.1991777616634387      4.2157766854446370     -3.4778622838483173
Au     -7.1638135456904033      2.6500520661691933     -1.2184797448098870
Au     -8.0804997557198792      1.0412786147003068      1.0083703112889069
Au     -7.7773997383609625      2.6218336476421236     -5.1530551850114037
Au     -8.9081323387895033      3.8483532489201133     -2.9356620016131387
Au     -9.6019365302918374     -0.4492375051284547     -0.8112897408468847
Au     -5.6889055082879594      6.9165890764458613      0.5862844784195786
Au     -6.6038009888490112      5.3694899786985451      2.7709996040624922
Au     -8.3162918443617606      6.4751537188070305      1.0017606787856721
Au     -8.2790062076113422      3.8007548059709100      1.1054962445598697
Au     -7.2857294188571498      5.4697577638103514     -1.2578677214249936
Au     -9.8603801987864532      5.0053362465773139     -0.6905019010807720
Au     -6.3433341943807591     -1.3748570953691353     -7.3465290958244793
Au     -7.6423863292466239     -0.1633944378703500     -5.2517477238826302
Au     -8.5490934426050025     -1.7135114307209900     -3.0748377222772483
