         216
Au Au   -791.82903499   nogrup     0
Au     -0.9681055610317242    -10.6855113537288933      2.5712604167497730
Au     -0.2877473310288190     -7.1443062732567117      3.3098528621326722
Au      1.1239847644982008     -5.1003926811042835      1.9634854882066257
Au      2.4916072742529130     -3.0259360958383947      0.6107579222244937
Au      3.8506815552915068     -0.9390522267855026     -0.7453237335770133
Au      5.1936116447196845      1.1458141524199332     -2.0948846213498946
Au      6.4768689769374532      3.2618819099233010     -3.4142824839615606
Au      6.2766123359151855      2.1290032830492560     -7.9022695369693761
Au      1.2612230179166524      0.2214078567888293     10.0771871627337113
Au      2.6458636084598410      2.2994183055287465      8.9407128516967482
Au      4.0001176313106299      4.3733652953359261      7.5951916139264917
Au      5.2441108214917200      6.3222679875664740      6.1171537719630535
Au     -6.9123928851614744      0.5698165290475155      2.4378227672707311
Au     -5.7069039938303447      2.6640729505479603      1.1204667325724849
Au     -4.3417218967197391      4.7592475956046485     -0.2377863793712045
Au     -2.9024666213167913      6.7088480410787978     -1.5496201095837279
Au     -4.4049520107011046     -6.5406257960957923     -5.9607045249775847
Au     -7.0092180819558365     -1.7663737077028934     -7.0488571722162536
Au     -4.4209543281834502     -2.1324929841171603     -7.9428328334617184
Au     -0.3723898563575032     -0.3954850003886703     -9.8857175475753891
Au     -1.5772661217030031     -9.1056040789425463      4.6562201694127410
Au      2.4399615749361043     -7.4660987535268220      2.5703800687843881
Au      3.7962242831748778     -5.4027065837203683      1.1928005367581456
Au      5.1494938712745615     -3.3270265361995559     -0.1764759380079077
Au      6.4981846948377253     -1.2434498090863961     -1.5325578415239676
Au      8.4957025187646700      3.1947587733742395     -1.4748476630332199
Au      7.7866863932202186      5.2502760622391964     -4.6427085630644900
Au      1.0129367911990483     -9.4445586981480947      3.8928225315483473
Au      0.4606149070832242     -8.8816913715757462      1.2127844907354479
Au      1.8014161344933894     -6.8349746538114289     -0.1322607758483834
Au      3.1498752788743776     -4.7813825094700810     -1.4913442016805334
Au      4.4933385208823733     -2.7029676061732566     -2.8523435002788950
Au      5.8324775374226903     -0.6126524296312628     -4.2010621997127284
Au      9.0431342828978920      2.9615035292336174     -4.1216552834912719
Au     -2.4273771159919399     -8.5057303208798931      2.0648258817052678
Au     -0.9967572267469507     -6.5398211158613559      0.6478549361243715
Au      0.4063090873354511     -4.4604190902427074     -0.7084990465609984
Au      1.7817718396621540     -2.3757589963008989     -2.0649811039504016
Au      3.1394612854679957     -0.2751645936707101     -3.4229689464310269
Au      4.4741371731604893      1.8467806128575113     -4.8051317763028543
Au      7.1616813203305423      1.4944758830979596     -5.4855367183619510
Au     -2.9680286315491049     -6.7542325121782270      4.1677809476946557
Au     -1.6670578985669375     -4.7297271973331831      2.7874449169657005
Au     -0.2593388266374674     -2.6509234728402351      1.4194132531453647
Au      1.1139316105440189     -0.5560832454716076      0.0576886436456974
Au      2.4754410843866097      1.5476456887023238     -1.3023043687865083
Au      3.8039845512817330      3.6767851060831802     -2.6680270292721957
Au      5.8058753649684327      3.9658881885901942     -6.0479147962222317
Au     -0.8958844755757838     -6.8145717582271068      6.0207981834098234
Au      0.4384405991140801     -4.7883686962111760      4.7137859524291024
Au      1.8559376591446464     -2.7370364039296220      3.3619255148215856
Au      3.2217344005615836     -0.6624889908012239      2.0100021448727361
Au      4.5687841440685304      1.4241120125231141      0.6619012742108872
Au      5.8713882425164989      3.5470844976865239     -0.6842026701343578
Au      5.1806789963166882      5.7189721511579990     -3.9618890497341823
Au     -3.1154112811493437     -7.8681221871221414     -0.6087547566508960
Au     -1.6968096692455230     -5.8926526865965769     -2.0112084545660025
Au     -0.2972530240540561     -3.8071416404594718     -3.3784765435628117
Au      1.0674937817858243     -1.7194488411682727     -4.7204482282846687
Au      2.3972170619363480      0.4151078437877187     -6.0728546901569054
Au      3.7052145898162347      2.5015731192378485     -7.3967412417701404
Au     -4.3105422458626270     -4.3312416723414024      3.5908178019447661
Au     -3.0081483521460708     -2.2911297481680055      2.2336143216640494
Au     -1.6094243162554309     -0.1920694943195587      0.8601219183987752
Au     -0.2412511440446830      1.9086654835776482     -0.5000063181186931
Au      1.1149183572186896      4.0382969823960781     -1.8716549290900204
Au      2.4847307244170738      6.0648537378681739     -3.1891881066737895
Au     -0.1739679568538648     -4.4762132320907533      7.3948807610924483
Au      1.1642701297927784     -2.4389547335369937      6.0997226187049449
Au      2.5854666987764743     -0.3770633674274233      4.7529107046100734
Au      3.9357674182163613      1.6926920461268420      3.4107012254537281
Au      5.2437129007596095      3.8143606983913783      2.0454872118867193
Au      6.5547938069031169      5.8398458220643921      0.7009185700148102
Au     -3.8195084546293732     -7.2168628082756801     -3.2739612516949137
Au     -2.3938460631565635     -5.2199113018863414     -4.6801498804764119
Au     -1.0288158322644945     -3.1468997076187044     -6.0570856619328381
Au      0.3122826438413639     -1.0280785220054192     -7.3486506670098013
Au      1.6625511503460544      1.0230838178994155     -8.6588050676420334
Au     -5.6427152853788467     -1.8897263062168079      3.0224812277291910
Au     -4.3381392963335292      0.1731688109219540      1.6686046337982248
Au     -2.9763435717236941      2.2827044831265928      0.3056625877747017
Au     -1.5968399713609678      4.3810610517294570     -1.0585833961926880
Au     -0.2133321870848421      6.4174891955534701     -2.3835681655893310
Au      0.5512184283423656     -2.1279992556719716      8.7715450613371360
Au      1.8913164171561139     -0.0703211928901135      7.4706471378560906
Au      3.2948883993801505      2.0007620227141443      6.1838440785976054
Au      4.5931311708801363      4.0686585194719118      4.7863148590264331
Au      5.9212541876490086      6.1004208772966004      3.4306251275577324
Au     -3.0212597151183664     -8.7634441691433818     -5.2934055967222733
Au     -1.7335227646796376     -6.8758437896479077     -6.7445925996166878
Au     -0.3905515700622910     -4.8368543382318787     -8.0847259762446040
Au      2.9613226554015046     -1.3574222566076468     -8.1142987548871695
Au     -6.4036357562426325     -1.2756503706604168      0.3954104463694250
Au     -5.0428549129570763      0.8300834845125546     -0.9938166438137870
Au     -3.6604320527571836      2.9526408545172966     -2.3681703960196003
Au     -2.2553642984237241      5.0626496065186704     -3.7234853806931554
Au     -0.8441564680730105      0.2510081509869133      8.3273926676787760
Au      0.5592066588842375      2.3559823164400715      6.9980610368677780
Au      1.9443447878781690      4.4771079783137022      5.6212135500284219
Au      3.2865476366562518      6.5767262582386872      4.2184187422137462
Au     -5.7687092182543651     -3.0720808688452230     -1.7300239647283533
Au     -4.4096852786951137     -0.9955619575236874     -3.1150667267502108
Au     -3.0079222932833050      1.1633686141704498     -4.5096778110834119
Au     -1.6138754686071488      3.2676626453072730     -5.8478398469461510
Au     -2.9118665849969902      0.3183953491592053      6.3892785276452209
Au     -1.5384093032618842      2.3998522726663580      5.0360009920216697
Au     -0.1160423907311667      4.5777905759021582      3.6218945944021890
Au      1.2378875260386240      6.6708075999438590      2.2598692942359939
Au      3.1830654107090819     -2.4708079610800286      7.9867169375375582
Au      4.6409442281837663     -0.4643205287566081      6.6891862280367427
Au      5.9952406902706912      1.6100455419171711      5.3422630677892577
Au      7.2223002183852216      3.7165025934857376      3.9708115195086435
Au     -5.1357680864583601     -4.8428120299384432     -3.8654488067717843
Au     -3.7520159247558214     -2.7824575242189731     -5.2571931035069763
Au     -2.3843894214316914     -0.6653420129876562     -6.6231033245354940
Au     -0.9862715728168192      1.4636815354749784     -7.9605909871321394
Au     -4.9760802109669875      0.4264761586759134      4.4385268617549514
Au     -3.6207869013051930      2.5235414079505993      3.0633812164762375
Au     -2.2288854142402750      4.6560645080473391      1.6796365714302581
Au     -0.8420356602494574      6.7531613448285519      0.3260016353953610
Au     -2.3484049498542090     -9.4360900428927454     -2.6925326608530931
Au     -0.9440466038099418     -7.5798240904151353     -4.1207414270149663
Au      0.3707122238510898     -5.5421737247664389     -5.4929870763360746
Au      1.7152013868370242     -3.4854535943019211     -6.8261152236796203
Au      5.0561773246105073      0.0346472213324223     -6.8360415494723910
Au     -5.0771567223734007     -3.7041195915274958      0.9472274439543185
Au     -3.7205951439442684     -1.6462102001453456     -0.4439572279667630
Au     -2.3172971172431973      0.4694824228623959     -1.8198544353371418
Au     -0.9505656719037137      2.6102342205259186     -3.1968012563123800
Au      0.4350794068897397      4.6971158029206421     -4.5320324413003181
Au     -1.5584977310098256     -2.1037593810366300      6.9440722017761800
Au     -0.2180129725718176     -0.0132565588361473      5.5873998019149589
Au      1.2014548190279717      2.0910819694418796      4.2194321789713598
Au      2.5516716470896155      4.2304210764907113      2.8339602937691737
Au      3.9288079752882830      6.3033229292844020      1.4809097612646980
Au      2.4578859521317398     -4.8182739952215652      6.6129287806127763
Au      3.9022607508290932     -2.8146421147387102      5.3167234952723064
Au      5.2791699666257603     -0.7435002319253865      3.9457513968500386
Au      6.6271150380091122      1.3603868370927508      2.6017492959064654
Au      7.8578093839116683      3.4554770448706829      1.2426752634634148
Au     -4.4456942518634275     -5.4671077019383993     -1.1683428081757334
Au     -3.0730232627026455     -3.4405440332139836     -2.5619293913339938
Au     -1.6722521624370947     -1.3294176900199872     -3.9332938525314596
Au     -0.3178459760243513      0.8148454302772823     -5.2987613142476064
Au      1.0587951203808741      2.8929903259168261     -6.6441070793438683
Au     -3.6396715251205691     -2.0158468516920500      4.9970163112537698
Au     -2.2910869604751820      0.0666859517317402      3.6421625065575363
Au     -0.8812929723359666      2.1811466056751136      2.2621973550213710
Au      0.4864844609630685      4.3242110835160750      0.8798820902052995
Au      1.8561944857852426      6.3993419446132549     -0.4774496852700132
Au      1.7388264400347406     -7.1582897960835741      5.2416800326996835
Au      3.1816414075017896     -5.1585933807078899      3.9373049096361896
Au      4.5567362893041388     -3.0913074057320564      2.5646542935052068
Au      5.9152565627169498     -1.0089521350808326      1.2053067668287518
Au      7.2570171695633370      1.0924446422422402     -0.1344716664086221
Au      7.1884037879248499      5.5800711314355826     -2.0174788842808695
Au     -1.6547624655882838    -10.0789628344929429     -0.0343246977241023
Au     -0.2548454144195462     -8.2356916551457253     -1.4518423486501852
Au      1.0938316786549871     -6.1828181581602077     -2.8063280609141330
Au      2.4337314612956105     -4.1320283326248379     -4.1621799985119647
Au      3.7650685876476278     -2.0498275944661266     -5.5179614299987172
Au      7.8533395831600252      0.8498094475935547     -2.8568528772581168
Au     -3.7467957001227372     -6.1096771882280692      1.5081730499073629
Au     -2.3692696092273215     -4.0927191381594294      0.1098895598301226
Au     -0.9695605839141912     -1.9964079942643025     -1.2607328433126881
Au      0.4048850777070765      0.1126565267015494     -2.6238147303576547
Au      1.7573528645316712      2.2460685822485456     -3.9954997442597140
Au      3.1225405756598885      4.3294476926726588     -5.3228247160051954
Au     -2.2844465396079099     -4.4421994510675091      5.5580355232037668
Au     -0.9486908019737039     -2.3675616521113270      4.1928535757096057
Au      0.4662100603057473     -0.2793861251386005      2.8228351252606849
Au      1.8380550552491153      1.8246062818054876      1.4587893625538655
Au      3.1780608986433769      3.9614271284932028      0.0869843631434151
Au      4.5510955264493429      6.0314964346988491     -1.2548451970148875
Au      6.5387437628629694      3.9491862825071138      6.6538739790390515
Au      5.2737823273394824      1.9105214621193634      8.0324467775256814
Au      3.8811658826188697     -0.1208099518630004      9.2947642453385946
Au      2.6386366915996229      6.7388408745449366      6.9405572396513122
Au      1.3239388881613321      4.7216448416942125      8.3907384484105627
Au     -0.0588646313448837      2.6083836448479545      9.6234046393985864
Au      0.6121177042630741      6.9235598999858352      5.0142304768108694
Au     -0.7439037584619248      4.7602941494678284      6.3704322388809054
Au     -2.1649057608208615      2.6735056987918790      7.7763495932710782
Au     -1.4428579745411367      7.0107825399479884      3.0755909587189798
Au     -2.8100844869371921      4.8470678808436025      4.4235633349897689
Au     -4.2221207396615696      2.7594303315061568      5.8391772611664514
Au     -3.4860334257269079      7.0105905588189490      1.1772834229565987
Au     -4.9418599885255858      4.9949067597268249      2.5032185295636431
Au     -6.1915515984290268      2.8717224105115733      3.8664116924647693
Au     -0.0117383705281568      7.0058471365828101      7.6787060726200878
Au     -1.3356318267044229      4.9792356299818259      8.9959940845440975
Au     -2.0587674226064494      7.1355050484210407      5.8039688324300336
Au     -3.3892779907612236      5.1000883812213988      7.1275298553218924
Au     -4.0539721945540759      7.1845671619699303      3.8793234479250138
Au     -5.3805463816861234      5.1562266896976841      5.1982913455439999
Au     -4.9052120949593201      5.3107008581824582     -2.9013387339071421
Au     -6.3563431359667719      3.2932462340886550     -1.5433478051654177
Au     -7.6256553444534507      1.1526884515807305     -0.2022206069103873
Au     -4.2752137062066806      3.6267795879410274     -5.0330244217356288
Au     -5.7060724520034469      1.4802437865990861     -3.6761022162304542
Au     -7.0785774991388672     -0.6505585995196039     -2.2567205599175928
Au     -3.6350818199856434      1.8086035805088274     -7.1745414541858672
Au     -5.0700354474531295     -0.3169008032420084     -5.7972198580584653
Au     -6.4383602181652471     -2.4571424924882219     -4.4075066678161754
Au     -3.0100084431864822     -0.0333212363399653     -9.1874810869675709
Au     -5.6440309909092523      0.3033505630182516     -8.3884977527720732
Au     -5.7244720083062433     -4.1619134031972376     -6.5108682819174426
Au     -6.9141068875971250      3.8770465455939367     -4.1735536555164519
Au     -7.7323209099924100     -0.0575307301972297     -4.8949339684883739
Au     -8.7604754511544964      2.3577845257717955     -5.4212529831033276
Au     -8.2790036501377369      1.7994340681438814     -2.8250672051511287
Au     -6.2536236229263311      2.1860159593134281     -6.3504831669923494
Au     -8.1496643870177490      0.6449601681848600     -7.4460042198962153
Au      0.9148159139861871     -2.7577699872753705     -9.3428071247410642
Au     -1.7478117382392933     -2.4829925545921618     -8.7360713940477464
Au     -3.0980133171690922     -4.5582677166777330     -7.3880205065272637
