         216
Au Au   -791.88310512   nogrup     0
Au     -1.9107305004357440     -8.2658931295258586      7.0687912615568926
Au     -0.8614957353553829     -4.8608136179072829      6.1467054910780448
Au      0.6863975078152960     -3.7934128459857579      4.0380416020059471
Au      2.1933562232254409     -2.6967281194345176      1.9098983003618919
Au      3.6937424868155135     -1.5884378753488297     -0.2267237626091152
Au      5.1816386417602072     -0.4727189939079670     -2.3593739524159147
Au      6.6335638791927929      0.6815027347356217     -4.5005539070158846
Au      5.8355964909052327      0.1286705516630562     -7.1209747329812600
Au      1.6687962254376207      4.5440820523684451      8.9027108304277007
Au      3.2005870970770967      5.7383081998096310      6.9646250503733889
Au      4.6930453679308579      6.8386882660477335      4.8413515426495444
Au      6.0578951868946680      7.7803783711460568      2.6550350742842994
Au     -6.7383374026067653      2.2962890570630901      1.8605201753064939
Au     -5.3911775243141955      3.4436418678530920     -0.2465670414378778
Au     -3.8875179082294640      4.5581635830904199     -2.3889698413556459
Au     -2.3217891555009293      5.5565064974953478     -4.4248047697001258
Au     -5.2667439311805726     -8.0342749387958641     -2.4468443683863725
Au     -7.4380172171408745     -4.0078875333554613     -5.5767804926633762
Au     -4.9334367626583271     -5.0004247815321197     -6.1929854448159141
Au     -0.8088728570962365     -4.7390255617777157     -8.6760841610324650
Au     -2.2798716518746183     -5.8672051137845891      8.2197071976419416
Au      1.7906985730171450     -5.7618546361447578      5.6513529424479643
Au      3.2841437215453033     -4.6854400367436959      3.5054961801459079
Au      4.7755700429209789     -3.5947877362196490      1.3606941387223870
Au      6.2604311960794128     -2.4933680552490838     -0.7807206353020675
Au      8.7158943588569873      1.2328021424501125     -2.6992436292040658
Au      8.0157399643724911      1.7066130586223602     -6.5928682646831280
Au      0.2326010713218208     -6.7798789316546717      7.7093438935576231
Au     -0.3692141677480514     -7.4196872092797665      5.0573323686207097
Au      1.1080385931240411     -6.3422010684548642      2.9486012545442506
Au      2.5925130561179599     -5.2664211618862158      0.8247157565731875
Au      4.0722416632186258     -4.1703449890666100     -1.3116523084574929
Au      5.5433482578385753     -3.0619086791937526     -3.4558315458596613
Au      9.9306657178428477      2.1882796736826990     -4.8607205254905637
Au     -3.1721535241749268     -6.4030819668045247      5.6284295830616671
Au     -1.6164092789065807     -5.4396948846984170      3.4919129189341085
Au     -0.0751965341914589     -4.3443483304442996      1.3599932230283223
Au      1.4376434382211327     -3.2419037541456497     -0.7722355740825790
Au      2.9310695834910723     -2.1242412017218397     -2.9056374587149829
Au      4.3832004942508709     -0.9651634815085748     -5.0488664761202493
Au      6.9285452384211235     -1.8901545826179937     -5.5568759476564935
Au     -3.4544471761111573     -3.8505817091058425      6.7182877957347245
Au     -2.0201001950020099     -2.8045649065088547      4.5863341591976301
Au     -0.4738982593356102     -1.7150576823458428      2.4420872200415999
Au      1.0400128829273796     -0.6043501146300043      0.2957321058504156
Au      2.5434181419139055      0.5171028043387551     -1.8534647587025539
Au      4.0203897725302653      1.6664857061813856     -4.0165486475423755
Au      9.1008597848369526     -0.2967921697592022     -5.0419685155761140
Au     -1.3246948642727339     -3.2931488156055568      8.4168879269454635
Au      0.1462022890000444     -2.2158471946761900      6.3499976056695395
Au      1.7003836834057078     -1.1444967584476515      4.2319900438967863
Au      3.2060521661957657     -0.0467117044483993      2.1023625746211536
Au      4.6961362261990907      1.0662378855972352     -0.0319835936285493
Au      6.1532389679779103      2.2124610563425557     -2.1867007463795787
Au      5.5035228424224387      2.7181947952451679     -6.1050028804580627
Au     -3.9029126514101735     -6.9589376387011761      2.9467491245507240
Au     -2.3573780837175780     -5.9788613632948966      0.8191975666817797
Au     -0.8199828686555215     -4.8819118238578607     -1.3254732152065891
Au      0.6823094589924765     -3.7686103225883834     -3.4467414022523055
Au      2.1485821377885337     -2.6043690731188374     -5.5915887296349052
Au      3.6234175886104394     -1.4976812993615356     -7.6537907953249587
Au     -4.5779678646986115     -1.8153197114739257      5.1062257539147708
Au     -3.1400757748405890     -0.7448947468431051      2.9879828243824100
Au     -1.6014534193695549      0.3615072459422484      0.8296969856082406
Au     -0.0927742396669317      1.4793155422933300     -1.3177557466976211
Au      1.4053938790237894      2.6221362872096443     -3.4873590395359049
Au      2.9052451983900127      3.6850431422450809     -5.5686076691589914
Au     -0.3237812046472017     -0.6772392997581314      8.6016343154831851
Au      1.1525310886855948      0.4147013411422540      6.5400585820212100
Au      2.7114978793258171      1.4969411397518231      4.4213604745995987
Au      4.2009589292127707      2.5951967468414536      2.3022860320979284
Au      5.6504470907076971      3.7325573803624232      0.1373545174132822
Au      7.0881326589334819      4.7981579410984985     -1.9597606188809031
Au     -4.6459434098099344     -7.4967122304448708      0.2649852066146643
Au     -3.0904273272510987     -6.4985735260915636     -1.8756353237226087
Au     -1.5873137648745879     -5.4124861277558320     -4.0255761902092910
Au     -0.0975438654441318     -4.2437693629017250     -6.1186955033965589
Au      1.4066698503289403     -3.1376074901864133     -8.1932151123428270
Au     -5.6895552695580349      0.2392107860009745      3.4942392073025310
Au     -4.2475857448094869      1.3316916809665340      1.3689892522845284
Au     -2.7450272410212651      2.4564264511357057     -0.7845240185357909
Au     -1.2270216371389979      3.5706785023853023     -2.9338578850952892
Au      0.2905383466107657      4.6449010903374148     -5.0220571516418708
Au      0.6816296389749104      1.9479637614583392      8.7842220392706061
Au      2.1612023164300851      3.0552736433743868      6.7080872994036191
Au      3.7052678772097982      4.1741003599986355      4.6387008204329376
Au      5.1390143278780647      5.2514411715659390      2.4707328251291756
Au      6.5996746064931218      6.3127319440910563      0.3572181172326552
Au     -4.0776718822314271     -9.8539999086902235     -0.8432924987526143
Au     -2.6718892574242368     -8.9583120380973149     -2.9770162945317367
Au     -1.1906986928819716     -7.8831635344359245     -5.0793614797181377
Au      2.4869533112087021     -5.1410166889783895     -6.6343682561099762
Au     -6.4942262921543428     -0.3087666035457604      0.8654132503121659
Au     -4.9948387946296195      0.8007535783481332     -1.3098205103831049
Au     -3.4733821652534083      1.9319607830527032     -3.4786797738529387
Au     -1.9270539443392252      3.0571571665734645     -5.6270674606781448
Au     -0.4933548173456369      4.0091037080209428      7.3103570437456860
Au      1.0519232223614421      5.1392320518501853      5.1881650156426069
Au      2.5783836768362436      6.2648040734256076      3.0163193935930224
Au      4.0582902125348559      7.3643858583344448      0.8304537919843682
Au     -6.1229720082141643     -2.9212496991151466     -0.2249285199145952
Au     -4.6275405219209054     -1.8355659484123477     -2.3829738749044864
Au     -3.0828753288485933     -0.6837295748664012     -4.5864360823095751
Au     -1.5422593003806118      0.4430342903786002     -6.7165318814822665
Au     -2.6223136886276337      3.4194915749097108      5.5332998186618525
Au     -1.1099600344014782      4.5214765287892922      3.4004133063065076
Au      0.4574771464408006      5.6773970338477024      1.1706278445088145
Au      1.9498171657968786      6.7888980958037299     -0.9754473125673258
Au      3.2340636514471766      1.0182015908250297      8.2555572422673400
Au      4.8258414785572441      2.0689138138674847      6.2060315811231526
Au      6.3186735990784264      3.1684348297519449      4.0807462387986071
Au      7.6857024447622679      4.2985556726818590      1.9180014557914262
Au     -5.7490755330117436     -5.5147620004763240     -1.3373143211850440
Au     -4.2290338375350922     -4.4486913525422054     -3.4937222360131379
Au     -2.7180882406010851     -3.3190989014212970     -5.6530744949063774
Au     -1.1702088734862188     -2.1686371093215486     -7.7919068499014781
Au     -4.7447526174445454      2.8599637135046669      3.7269006740777080
Au     -3.2500385717689908      3.9683127154850579      1.5677918797667800
Au     -1.7159784577998081      5.1009104808803665     -0.6141829755414996
Au     -0.1900457995843161      6.2164156558355241     -2.7540753990773048
Au     -3.3715985939911848     -9.3605645894049410      1.7896767259743420
Au     -1.8515452490190498     -8.4958157684882245     -0.3082136513755600
Au     -0.4022813638430661     -7.4338368077752861     -2.4389356265836071
Au      1.0819906536745258     -6.3391496122679705     -4.5424198906540134
Au      4.7102338812138509     -3.5083006637391509     -6.0936750317486759
Au     -5.3872763687535805     -2.3590333159097110      2.4567145737468721
Au     -3.8962353359345827     -1.2930959579708556      0.3011075061293802
Au     -2.3534195784721557     -0.1722691925019211     -1.8658325483664520
Au     -0.8487957458419706      0.9778471101946726     -4.0450581495815960
Au      0.6766635301789476      2.0911528710586413     -6.1676679688408953
Au     -1.4885310814807484      1.3739649066134487      7.1245730437787778
Au     -0.0076649254362105      2.4854144691439668      4.9840378143546431
Au      1.5524404160584220      3.5962533985966916      2.8275612855085406
Au      3.0457485436847422      4.7380682013049560      0.6391990678194261
Au      4.5581642251791044      5.8329744731240805     -1.4916156894758537
Au      2.2288610404361857     -1.6050884003958208      8.0756774604830568
Au      3.8073036650842971     -0.5547579795454753      6.0288856018333696
Au      5.3222427020073040      0.5290499115534217      3.8842448110935948
Au      6.8122538978646610      1.6545706852837099      1.7476974898368276
Au      8.1781239601098665      2.7798487435097168     -0.3947105562275759
Au     -5.0160511815584918     -4.9368128111357947      1.3604029498328636
Au     -3.5117425566367459     -3.9014569637731675     -0.7826523794019629
Au     -1.9713527049094244     -2.7826716621422083     -2.9431397632021650
Au     -0.4769287881857290     -1.6243355980197549     -5.1140421447978994
Au      1.0543857989700964     -0.5279495771131444     -7.2420773153534785
Au     -3.6291770398754588      0.7998512614499536      5.3299274125530864
Au     -2.1412115345586491      1.9044826514404569      3.1950341366957922
Au     -0.5902933077564345      3.0203217178531059      1.0239054406102213
Au      0.9217782887457875      4.1654909498564638     -1.1618821930249084
Au      2.4265797071201112      5.2616602329928730     -3.2970286113183800
Au      1.2307663802781650     -4.2215504620186692      7.8946006089501495
Au      2.8070912997240236     -3.1779747444993554      5.8426875238282143
Au      4.3198681960922256     -2.0975994640232356      3.6986416195330776
Au      5.8182404003917645     -0.9978870947085783      1.5587602407765146
Au      7.2980080700749923      0.1205955560369958     -0.5731898587890605
Au      7.5876446463579859      3.3152051041373567     -4.3134030564393679
Au     -2.6388118404521061     -8.8179500084918523      4.4614139752088349
Au     -1.1243116796051331     -7.9602887028984153      2.3789780190581915
Au      0.3607499261556391     -6.8814216002150275      0.2583020625527936
Au      1.8365313166042776     -5.8035376660839866     -1.8634067828801513
Au      3.3097602294885418     -4.6941384568795659     -4.0047664994137993
Au      7.7331216036952055     -1.3914689375660743     -2.9207048743582611
Au     -4.2744234757474224     -4.3849741095001420      4.0465257672671946
Au     -2.7662617169309351     -3.3615529741677879      1.9031104240933061
Au     -1.2278772912401055     -2.2561493635109997     -0.2500995270189890
Au      0.2848719773026836     -1.1325701417456964     -2.4021037766030666
Au      1.7674510481313452      0.0223332916655457     -4.5707443771131011
Au      3.2772725035386565      1.1176288264316989     -6.6970580487108329
Au     -2.4938837569465768     -1.2467853130507125      6.9290274058407988
Au     -1.0194903410994172     -0.1527688386811841      4.7882027237525442
Au      0.5348165884786165      0.9434090596206284      2.6372888259876710
Au      2.0485160112582381      2.0609817320833694      0.4839517998872154
Au      3.5360855372094497      3.2070688643528826     -1.6908502088565669
Au      5.0319564577098284      4.3038831281994501     -3.8156102902976876
Au      7.1381193311962337      5.7757226931832353      4.2074001807608887
Au      5.7395919595638079      4.7125120978245834      6.3454788929036106
Au      4.2095358557010822      3.6171601515568166      8.3752950917271569
Au      3.5408042001246400      8.7912449515234758      3.1869397546533591
Au      2.0975854198743251      7.7833830767409236      5.3781879392676899
Au      0.5683616433479417      6.6003532753269161      7.4175830881494029
Au      1.4644393073111264      8.3078493002387432      1.3689576299382509
Au     -0.0375384273059519      7.1321762323944640      3.5411134546668848
Au     -1.5950739986750964      6.0536133015363349      5.7229143177021271
Au     -0.6505129522448195      7.7349698298958911     -0.4161394831331258
Au     -2.1638462894233350      6.5560531669206839      1.7485313000049381
Au     -3.7120181604074793      5.4797100820440212      3.9391248017565594
Au     -2.7603457894080083      7.1009798908976922     -2.1263668908684323
Au     -4.3483742077365566      6.0528906186171776     -0.0484850565609811
Au     -5.7406272290554110      4.9045419479506371      2.1119046061775144
Au      0.9608068998503818      9.6354825884412918      3.7094283880717036
Au     -0.4980503156704210      8.5607197916068003      5.7857123779079807
Au     -1.1394462862181893      9.1279046538316138      1.9622603579316795
Au     -2.6052824140949093      8.0483936816310102      4.0478813386342658
Au     -3.1980476557020019      8.5208508504838925      0.2069467640861262
Au     -4.6592774943715014      7.4449077586286165      2.2851896165530512
Au     -4.5041856981105388      3.9193373246247294     -5.0213019318329923
Au     -6.0870412661375397      2.8821766179860338     -2.9140394351955035
Au     -7.4998623377812619      1.7098939208781729     -0.7657500640637842
Au     -4.1221200948757266      1.4041699034884956     -6.1682952625350573
Au     -5.7003183525530421      0.2497813891854683     -4.0037397650373130
Au     -7.2131400386928890     -0.8675769455430222     -1.7903097851554257
Au     -3.7422149998108591     -1.2363195439402404     -7.2639838395343972
Au     -5.3230389793685990     -2.3612846357149868     -5.0909033913017687
Au     -6.8355572690462250     -3.5014503408034461     -2.9000947304977913
Au     -3.3742254178714512     -3.8362407358439050     -8.2349143254425652
Au     -5.9316431841949591     -2.9071700406100547     -7.6906913909561663
Au     -6.3711044100173391     -6.0296561227025265     -4.0136588287641857
Au     -6.6881773620905323      2.2839338283970880     -5.5315922667003949
Au     -7.9098772364808436     -1.4521209364850503     -4.4198421295125154
Au     -8.7178487870286379      0.5665833532650746     -5.9807961636813509
Au     -8.1932803392830849      1.1806688738630533     -3.4053253460713488
Au     -6.2776419983489369     -0.2601762625638386     -6.7160901776926156
Au     -8.3537583368116515     -1.9227118819870066     -7.0196272640837964
Au      0.2639102262219714     -6.7293866323691471     -7.1235758009234988
Au     -2.3371534983742981     -5.9420001518741827     -6.7263649073607006
Au     -3.8305930053343764     -7.0451373199061162     -4.6011242530891341
