         216
Au Au   -792.02442846   nogrup     0
Au     -1.4588276305431389      9.1209463288397181      4.8332381660339649
Au     -1.7959327486869610      6.5136465543606308      4.0728358451048550
Au     -2.2487232150032446      3.8105539782982438      3.3695904541140997
Au     -2.6447143971731766      1.1093685561130511      2.6203160351031745
Au     -3.0188317820634225     -1.5978506706222975      1.8506205518113852
Au     -3.3688611643027544     -4.2950717198690551      1.0650620957440982
Au     -3.6612550062836364     -6.9843290840675323      0.2351954228971618
Au     -4.0453301975486182     -9.5956800159471456     -0.4881291990870986
Au      5.7903042236226288      1.2793331907456200      8.1453700291667790
Au      5.5405050919771703     -1.4008545662076539      7.4559689707556736
Au      5.1674557463433963     -4.1003428156944839      6.6884708227669663
Au      4.6858643025516811     -6.7126948789032976      5.8731379571683959
Au      5.4011928519705865      4.3972901015379051     -2.6985267832112143
Au      5.1452257244634527      1.7878599517195624     -3.5266150711276767
Au      4.7692605797326237     -0.9327353709959798     -4.3001132242227023
Au      4.3014953759492913     -3.5604324010432311     -4.9610032327400209
Au     -5.3353067982378208      6.6566789887480322     -5.3604524379476182
Au     -5.7393043489643629      4.0510207036042667     -6.2370388481888090
Au     -6.1123537485821418      1.3515316176946595     -7.0045370185517708
Au     -6.4397477584761562     -1.3353473221079160     -7.6326832340823838
Au     -2.2258265484651814      7.2375911663363457      6.6257698227436332
Au     -2.6698429323274739      4.6138180912201943      5.9884074970465626
Au     -3.0751820991243495      1.9146309937658810      5.2435365943209256
Au     -3.4601956980385706     -0.7957145305649442      4.4805943202925107
Au     -3.8240983326243745     -3.5047385958034525      3.7027434182090353
Au     -4.1642869044177830     -6.2003978707285494      2.9137933318366596
Au     -4.4405117066504660     -8.7884855838545786      2.0693593727025732
Au     -3.9392271020313876      8.0657313528272763      4.5458035854027337
Au     -4.4204874789890765      5.4599588264362087      3.8632306508383945
Au     -4.8221569611986856      2.7589967430503144      3.1228155042490933
Au     -5.2062940465558727      0.0482274986996618      2.3609371233691956
Au     -5.5710738836836038     -2.6603720947683565      1.5820216431720997
Au     -5.9149336266063779     -5.3542560540014552      0.7886164838334464
Au     -6.1539154892354810     -7.9603440597633615     -0.0106058252590033
Au     -2.4074264646666164      8.6061926721019955      2.3037339312900116
Au     -2.8105880148966200      5.9277202982088681      1.5354552843819746
Au     -3.2449198183802839      3.2031882550736999      0.8041597166141692
Au     -3.6329963555194835      0.4903058880357118      0.0413160174700771
Au     -3.9945741685184535     -2.2215124299774516     -0.7381490765599183
Au     -4.3121776372128702     -4.9381767580231077     -1.5538525383137110
Au     -4.6509370224992610     -7.6284369011803488     -2.3119704044550371
Au      0.2782374954144409      8.0521222179762688      2.9767538050129883
Au     -0.0612642143282374      5.3931764130362536      2.1977626451551000
Au     -0.4908206496101339      2.6527536263034244      1.4605148908920711
Au     -0.8795042276850396     -0.0758572003734566      0.6943011908233983
Au     -1.2446889293031473     -2.8024411074735429     -0.0904636974424493
Au     -1.5713189011599020     -5.5339862990306052     -0.9089641003602544
Au     -1.9673859234738993     -8.1978101160965142     -1.6433026505866408
Au      0.3780239744962799      7.2598982483665955      5.6851060043031207
Au      0.0053131079166011      4.5667090698474695      4.9537912753625246
Au     -0.4251538252737994      1.8403098875342461      4.2271853314488226
Au     -0.8110843818030178     -0.8736090812784889      3.4669457983478722
Au     -1.1748067869389365     -3.5843905931858764      2.6848763363099835
Au     -1.4962733011946705     -6.2991882086530229      1.8644818516415196
Au     -1.8654819262857076     -8.9747312465545264      1.0693985392790202
Au     -3.3900025653971060      7.9778997183663165     -0.2494806191750856
Au     -3.8001823209658570      5.3047787031138647     -1.0180520972753451
Au     -4.2355959521828224      2.5767761456058880     -1.7652559892343387
Au     -4.6098875479550019     -0.1316948446328539     -2.5353072370668679
Au     -4.9284550028126946     -2.8596949662910323     -3.3393119609463620
Au     -5.2591161420017665     -5.5474913731627495     -4.0949152334859704
Au      2.0017024651884121      6.8664848813030686      1.0849620764791155
Au      1.6524093303477487      4.2104836057731925      0.3152092641248956
Au      1.2434400309328959      1.4558398361861267     -0.4446590226827611
Au      0.8662126070156084     -1.2738814723846543     -1.2207518847399150
Au      0.5145214919147953     -4.0235845025478216     -2.0258365046564268
Au      0.1293063345884500     -6.6826836368449065     -2.7672326809877692
Au      2.1867229820446479      5.2824970668441003      6.5203328778590972
Au      1.8143518835961459      2.5911029477622369      5.7976575814416371
Au      1.3966303036861683     -0.1454496303938528      5.0719290528595824
Au      1.0223402467453355     -2.8539204979556168      4.3018769822263572
Au      0.6860827071932074     -5.5733708316343620      3.4763960181236460
Au      0.3176150858041087     -8.2428937807423672      2.6748949649060076
Au     -4.3699500349043339      7.3423201156992617     -2.8137629841885472
Au     -4.8039057522816107      4.6596788963275042     -3.5924787664501938
Au     -5.2330415090739946      1.9649498569644104     -4.3676741610464749
Au     -5.5513078877712241     -0.7487158851900917     -5.1301512170983736
Au     -5.8621359280065439     -3.4555218263128662     -5.8837213586747623
Au      3.7215175858960450      5.6583360887601746     -0.8127857210426850
Au      3.3728948781218762      2.9930258687305371     -1.5867965070305861
Au      3.0034909931588496      0.2590514097887420     -2.3710271257012767
Au      2.6170624428077942     -2.4763908579589433     -3.1418178819548594
Au      2.2285576858987044     -5.1451401414231981     -3.8843449644139727
Au      4.0034330480575235      3.2952083699220696      7.3510240572079368
Au      3.6305487946348274      0.5830498738640273      6.6464440420819972
Au      3.2514511327288975     -2.1358630942364014      5.9319903637268592
Au      2.8831486097611725     -4.8253442845344168      5.1087699912018039
Au      2.5112514041311784     -7.5026337924911619      4.2810631511465118
Au     -6.8996661736459783      6.2986552438176471     -3.0358234939653816
Au     -7.4143706521744983      3.5814379111630621     -3.7074632644841046
Au     -7.7919756554542525      0.8489952656421740     -4.4843301794126287
Au     -8.0258975140112589     -1.8510405243404779     -5.3528830155667784
Au      2.7741505908877753      5.1040289342534217     -3.3881889035583899
Au      2.4070693695469432      2.3747478748339539     -4.1607367791315184
Au      2.0240160392900557     -0.3971344761726376     -4.9488163563554286
Au      1.6373584920465496     -3.1221135041283592     -5.7269802797702010
Au      5.7765394455558532      2.1413759837984698      5.5080811032464734
Au      5.4012009384931225     -0.5857933601127749      4.7613151370065179
Au      5.0206921434863370     -3.3392608616069346      3.9784703099956058
Au      4.6443783218489143     -6.0512580882056994      3.1788141236022600
Au      0.0493379343337894      5.6837894479241378     -4.0527776139137810
Au     -0.3374767189757328      2.9724668320017757     -4.8150708398122317
Au     -0.7286738421853363      0.1416568566601635     -5.6199037937277989
Au     -1.0910382379784584     -2.5682843137128968     -6.3989410859247959
Au      5.6769020402587440      2.9638156749488589      2.7787514345397284
Au      5.2913652769910637      0.2518756142166101      2.0180082234489269
Au      4.9001689991440465     -2.5789325567535393      1.2131741577255841
Au      4.5365283405659014     -5.2882565983449936      0.4325857007885681
Au      3.1690492705189706      1.4321379982559757      9.1869938353579297
Au      2.6666968333948455     -1.2910505729766300      8.5303476871187147
Au      2.2890923399684491     -4.0234931104478804      7.7534795938061922
Au      2.0428200966985752     -6.7175600206292643      6.8699328405413382
Au     -2.6659683233567071      6.2218962614290954     -4.7406187132942241
Au     -3.0680911793085643      3.5076720401062733     -5.5198986013969176
Au     -3.4486004186663521      0.7542045857001813     -6.3027423691009457
Au     -3.7981314437524292     -1.9707383762046513     -7.0698831314886847
Au      5.5857304436861401      3.7451064635171250      0.0249026564778774
Au      5.2081326907495988      1.0209083097943963     -0.7604123000487082
Au      4.8250801433316806     -1.7509732042095001     -1.5484920677630667
Au      4.4489403953869058     -4.4810352168290670     -2.3138892476697279
Au     -5.9200129978982750      6.9151326836952949     -0.5076673297594949
Au     -6.4196745279497405      4.2475752351647946     -1.2014936171781461
Au     -6.8121794498628256      1.4957178201624264     -1.9497053729196336
Au     -7.1782327686475282     -1.2415417116217737     -2.7621180668044554
Au     -7.4157814399978319     -3.9086298224543459     -3.5849964820827660
Au      1.0489173740404767      6.3027604868297598     -1.4914134311514431
Au      0.6644599859271727      3.5990396698623099     -2.2679378998043331
Au      0.2627374026931255      0.8276513588938621     -3.0387710652758892
Au     -0.1009395844219796     -1.9396019409102614     -3.8426404854851506
Au     -0.4646863996597510     -4.6500867140498254     -4.6054402254128082
Au      3.9529841404229571      4.1378188986779847      4.6677219745300604
Au      3.5821142351645969      1.4278237934089812      3.9165145152191236
Au      3.1751785151958316     -1.3357135795549988      3.1547302900846912
Au      2.8191538727182284     -4.0931742392392270      2.3468261179277921
Au      2.4425247617885866     -6.7922912182299768      1.5601558192197515
Au      1.3778391735056834      3.3878570466088815      8.3514891101983721
Au      0.9170471457790779      0.7015138164781449      7.7048460896422988
Au      0.5029209021531820     -2.0398924241179106      6.9303850494043449
Au      0.1584912114776396     -4.7876038670975962      6.1442206722805537
Au     -0.1179244352973816     -7.4359066301965360      5.2741574920035514
Au     -1.6758698707238784      6.8584157239115777     -2.1653724959554337
Au     -2.0667107609887223      4.1580730802400909     -2.9408225759475766
Au     -2.4766066784830336      1.3959655875627859     -3.7061984420111749
Au     -2.8296730997492201     -1.3629259561076275     -4.5105093143215926
Au     -3.1863330185881065     -4.0716949686914425     -5.2729359016702313
Au      3.8620087746334675      4.9431072839815755      1.9235128286692671
Au      3.4925637828895510      2.2321303263510139      1.1652116020914374
Au      3.0893428112528762     -0.5385329909685916      0.3925591180936072
Au      2.7271653317004230     -3.3065102143859155     -0.4094917779287117
Au      2.3484067805608899     -6.0097393888441211     -1.1905160470242810
Au     -0.4366020805206423      5.3369191435508991      7.5144100483771439
Au     -0.8874243532298305      2.6608596386281023      6.8695931584020666
Au     -1.2992025148669484     -0.0589475015921561      6.1117768178046425
Au     -1.6759050076968762     -2.7848739259865596      5.3367623344565622
Au     -2.0159843493974750     -5.5057166308461518      4.5477339625393949
Au     -2.2993087366991292     -8.1421547909122545      3.6821414338535536
Au     -4.9473947231949316      7.5171244156767605      2.0385768441604757
Au     -5.4424181079581198      4.8624274034728145      1.3401054370033076
Au     -5.8415235079098755      2.1364940534078047      0.5976742682368288
Au     -6.2182275601838173     -0.5894324389765231     -0.1773406402228073
Au     -6.5709810308911694     -3.3041481967071480     -0.9817532439394183
Au     -6.8101072369797579     -5.9619480976058306     -1.7936891142586902
Au     -0.6811299360573546      7.4808909909161354      0.4014077332765815
Au     -1.0640229057143999      4.7823322356487852     -0.3753089116775632
Au     -1.4814798134112461      2.0310976385390478     -1.1285068949792780
Au     -1.8597799585969037     -0.7063839418749991     -1.9068063941320741
Au     -2.2019460708835297     -3.4519821745252059     -2.7164250807339263
Au     -2.5659201711219231     -6.1579487987491603     -3.4762813567952264
Au      2.1332207588406065      6.1206293625803223      3.8178626782207434
Au      1.7661997682286499      3.4143993165900346      3.0604121910660158
Au      1.3502488887318966      0.6624370261168346      2.3090418147269851
Au      0.9719494996356235     -2.0750444127006542      1.5307418483070752
Au      0.6282784184310599     -4.8199148232937805      0.7192952049644896
Au      0.2484338369122971     -7.5182110573993022     -0.0598290531794605
Au      4.1068758895447344     -5.8671441390671877      8.3821284773462210
Au      4.4603588993746079     -3.2280264017830138      9.1858085268710781
Au      4.8397119511223439     -0.5641502419892594      9.8898351272304783
Au      6.8101530332439904     -5.2398142883335819      4.7321656681576627
Au      7.2736416075214692     -2.5907182682562633      5.5768109096107743
Au      7.5522412722930437      0.1301419272847690      6.2589100737755423
Au      6.7398844671602864     -4.5444445515157472      2.0382983594786541
Au      7.0678841536738908     -1.7829723725907067      2.8357711500460177
Au      7.5021346203996044      0.9714141147280553      3.6065245149543426
Au      6.6340365482647545     -3.7608212148995435     -0.6806084504593857
Au      6.9595358796213889     -0.9922666307436572      0.1073185710764415
Au      7.3972960987415188      1.7623516503421728      0.8896965197516931
Au      6.4998120210834669     -2.9051448005375091     -3.3424441364380910
Au      6.9409088576583517     -0.2011518067845754     -2.6661878224163020
Au      7.2428850578551121      2.4719532961138651     -1.8136704623855922
Au      8.8144286762541100     -3.6949178715103450      3.6123874179438111
Au      9.1787230646054496     -1.0587799429904798      4.3618732539792830
Au      8.7512929129059174     -2.9328302826446189      0.9505152993030546
Au      9.1164514842151547     -0.2904344251986783      1.7017806729354454
Au      8.5967985333162815     -2.1512054671388725     -1.7051377759416413
Au      8.9606400740157159      0.4816605148989161     -0.9565820640659650
Au      3.6582442646337467     -1.5317298173190430     -6.7919368332982808
Au      4.1325044106656001      1.1562349222423003     -6.0754238596091437
Au      4.4013193143025120      3.8453686270449681     -5.2631630645876921
Au      1.0006349500106988     -1.0380283075136472     -7.5192208114784602
Au      1.3676020851417348      1.7104841615100796     -6.6809561023637176
Au      1.7638965057987255      4.4851452937345959     -5.9489166011994890
Au     -1.6898424162323682     -0.4701034855891590     -8.1948842314549939
Au     -1.3333108623191752      2.2775791350711878     -7.3627776794821198
Au     -0.9275918094712736      5.0457557755571747     -6.6266598502376386
Au     -4.3356465005392790      0.1472886662980297     -8.7981645857780855
Au     -4.0261491203803521      2.8708130352482342     -8.1404565847077031
Au     -3.5935587419764285      5.5172444130806868     -7.2714219752293996
Au      3.0069332000261380      0.5505449043920141     -8.4908996400904151
Au      3.3707754559214740      3.1834106640537820     -7.7423443466814135
Au      0.3866048193158158      1.1100750650750588     -9.2037148661185935
Au      0.7517637851875763      3.7524709845213309     -8.4524501866816433
Au     -2.2561918169706745      1.6558477523826172     -9.8266814871203785
Au     -1.8918975446721662      4.2919848933959184     -9.0771964827280378
Au     -8.5391616037156517      0.2450735639096493     -6.9693992829495075
Au     -8.2252280320026969      2.9033060162491306     -6.2137298263455891
Au     -7.8063254281474590      5.5480652365799008     -5.4616930144030684
