         216
Au Au   -792.02442846   nogrup     0
Au     -7.2011784242929169      3.3137003811814179      6.7707057188798565
Au     -5.6465428419806374      1.6443531190560521      5.2586683597366282
Au     -4.1038145272976898     -0.1852381809400199      3.7490809173380057
Au     -2.5244372948925609     -1.9594592660803609      2.2088468574044136
Au     -0.9263260203187107     -3.7158533940686578      0.6523955224513394
Au      0.6810546759066334     -5.4440204691581373     -0.9110557135497199
Au      2.3215087228875353     -7.1128883642881355     -2.5016714095376429
Au      3.8475229356561895     -8.8293103678130258     -3.9899751385552822
Au      3.6207524011271000      1.9112894339708850      9.2058930274483934
Au      5.2921410110485754      0.2283803494458021      7.7583581332526812
Au      6.8856887415105401     -1.5230020825175477      6.2063516852130931
Au      8.3385632860218770     -3.2738012682714048      4.6110669767025296
Au      0.6071094692927685      7.4428359727752467     -0.1633615692649926
Au      2.2174116986839474      5.8500782971034129     -1.7223445213402933
Au      3.8234206618697337      4.0850031009162464     -3.2864887512472043
Au      5.3046731195324508      2.2800047268514874     -4.7384704925895802
Au     -8.7342661618657118      2.6230124308248461     -4.2829656685582913
Au     -7.2341116377030383      0.9499732648726483     -5.9174553323930725
Au     -5.6405606425080945     -0.8014065111103459     -7.4694637781941520
Au     -4.0164471942033515     -2.5620684402321308     -8.8777980870487081
Au     -6.3317048769751123      0.9453281884458532      7.7623261707304110
Au     -4.8351679249430015     -0.8492715728482374      6.3384755804645359
Au     -3.2636086793088843     -2.6299943149234117      4.8009595580876301
Au     -1.6706945360498073     -4.3980968931632622      3.2476704490720518
Au     -0.0644785591839576     -6.1459808976113663      1.6852233685832445
Au      1.5486146668538379     -7.8653363477920202      0.1211015746004414
Au      3.1287149312121998     -9.4520994192689862     -1.4514843168225688
Au     -8.2344434409815861      1.0549330731439346      5.6849717687120176
Au     -6.7792659774864541     -0.7372826547029578      4.2159647361185932
Au     -5.2036297437726207     -2.5182394850189063      2.6828974769109486
Au     -3.6097413597477352     -4.2863970347962921      1.1306700034054824
Au     -2.0044988131364008     -6.0342245336640605     -0.4328398982817685
Au     -0.3954801445481060     -7.7533441542833117     -2.0014118324492323
Au      1.2259801821565359     -9.3424897991299218     -3.5288428758828658
Au     -7.6401286969081594      3.2145608778306132      4.0576453217958885
Au     -6.0827566852661219      1.4569585639204896      2.5044464735794758
Au     -4.5132750978167069     -0.3645391314976749      0.9664676844424402
Au     -2.9207440045234021     -2.1363943517462376     -0.5880839836574125
Au     -1.3109930114970618     -3.8839856652522391     -2.1523363473084629
Au      0.3315443932662392     -5.5926380019917978     -3.7426456693513446
Au      1.9434160862303733     -7.3181721564007063     -5.2760732611468795
Au     -5.3108864515600382      4.4249978150406735      5.0979416096287977
Au     -3.7225968396530646      2.7266822353587896      3.5535516633377640
Au     -2.1388593901080508      0.9000570419980004      2.0065596372807590
Au     -0.5358768992207050     -0.8813317538650789      0.4443273054755057
Au      1.0814230762420753     -2.6391744416509582     -1.1297753432161155
Au      2.7278699461656055     -4.3626655217385384     -2.7287619500940634
Au      4.2816916435392738     -6.1176684892016171     -4.2445717840902759
Au     -4.5468765607990385      3.0363763413510987      7.4347674095478524
Au     -2.9556896464611677      1.2768234372542957      5.9184896589047220
Au     -1.3819182277523012     -0.5449233929479453      4.3851970278094576
Au      0.2129936253940938     -2.3169178601365008      2.8332476080854931
Au      1.8203619745949109     -4.0643720281978517      1.2663947024797313
Au      3.4586081133259774     -5.7727779097223042     -0.3285992202212906
Au      5.0366635258150723     -7.4963643038164296     -1.8989459514887290
Au     -8.0246007379478641      3.0265011017408869      1.2834915804013995
Au     -6.4759850963247745      1.2677814011504063     -0.2699616458752860
Au     -4.9056338516121665     -0.5512089638183884     -1.8240415274573767
Au     -3.3067817326894682     -2.3084152417013266     -3.3812139312399223
Au     -1.6563714826352252     -4.0291804230409154     -4.9639357817874270
Au     -0.0403562930811554     -5.7485263279758847     -6.4926171789138198
Au     -3.3499362713687022      5.4629430816976488      3.3565924627732251
Au     -1.7701997610186426      3.7567717798115572      1.8196215756090552
Au     -0.1629990534033343      1.9425143137522130      0.2517914225655034
Au      1.4483965243832724      0.1715203820849867     -1.3175974669186523
Au      3.0904937748248100     -1.5853448900994460     -2.9143625002966722
Au      4.6483404999485849     -3.3275167875452816     -4.4331833001653189
Au     -1.8316296821592273      2.6697541362697521      8.0447991713403439
Au     -0.2410284556257003      0.9086125130656681      6.5371887014424992
Au      1.3489664524159153     -0.9115126958649344      5.0045595206769953
Au      2.9478166038485267     -2.6687209855673037      3.4473886430784404
Au      4.5785801618629929     -4.3883553764454177      1.8432184840906096
Au      6.1526073575726752     -6.1052838444158759      0.2686970944184939
Au     -8.4026439614898507      2.8392722307763285     -1.5025151986449643
Au     -6.8647224899648291      1.0618466588835336     -3.0731322476426355
Au     -5.3147091966345039     -0.7214654889447700     -4.6428148346098554
Au     -3.6720633121426474     -2.4470208055201335     -6.1825630395436315
Au     -2.0285106992067883     -4.1661696265145585     -7.7104847820937898
Au     -1.3760576018438817      6.4857667201434399      1.6026040560431927
Au      0.2104813238068206      4.7754296133663861      0.0591830462154199
Au      1.8300078649693319      3.0097306798117529     -1.5173749489693318
Au      3.4391597978898689      1.2269686342896413     -3.0853311464047550
Au      5.0013956739377701     -0.5233372175059581     -4.6086027113583432
Au      0.8960216621225494      2.3036168785356432      8.6495026692109427
Au      2.5017610998321658      0.5222811975574533      7.1529323649488390
Au      4.1073389304464838     -1.2642351872130411      5.6439172471003474
Au      5.6944156110144828     -2.9865922986728259      4.0435047025174775
Au      7.2701461894020998     -4.7018367450298850      2.4415403892653860
Au     -9.4757331898690076      0.5322781079305847     -2.5341474445737999
Au     -7.9654237048997318     -1.3591291904728722     -4.0310914875295722
Au     -6.3524199443040752     -3.1318878238174293     -5.6020471134938346
Au     -4.6648404841432223     -4.7550957185221225     -7.2196291820584939
Au     -1.7886517917778972      6.3774651565454121     -1.1642515052321407
Au     -0.1701848030676936      4.6123560859168951     -2.7280650620582874
Au      1.4660992802008417      2.8140080737836088     -4.3216948843375000
Au      3.0673642269021046      1.0404909419546651     -5.8936823401111731
Au      2.8723120514105074      3.3788400489552357      6.9732421499490336
Au      4.4847313197773273      1.6006334134815106      5.4324380054608170
Au      6.1101435965216533     -0.1857693534760394      3.8493971225701902
Au      7.7085441555787151     -1.9364006026038669      2.2630813549030844
Au     -4.1633057398054341      5.1545982238322861     -2.1977015103178523
Au     -2.5709462078799330      3.3844206750365942     -3.7510377463792501
Au     -0.8998761857095197      1.5478421502290312     -5.3785467887143170
Au      0.7080190122175978     -0.1991974720509417     -6.9420413555067348
Au      2.0861207510479969      4.7945936862991223      4.6252416266541250
Au      3.6798965975277960      3.0243319820882260      3.0734552726377409
Au      5.3509650480431024      1.1877515874451912      1.4459479654729179
Au      6.9574409029611282     -0.5592082703887746     -0.1190934177549519
Au      1.7056041717318446     -0.1118302489769569      9.6733216802699999
Au      3.2296291815307661     -2.0040290484634573      8.1913546973137272
Au      4.8426287052938770     -3.7767908720814898      6.6204022481517235
Au      6.5164878619884705     -5.3992133688343058      4.9878473885948438
Au     -6.5031151838406069      3.9189204350431046     -3.2625807554593926
Au     -4.9204369625740325      2.1424309429011736     -4.8358603895178423
Au     -3.2950221973387945      0.3560309674068476     -6.4189029044801478
Au     -1.6668762250686031     -1.3963107212127281     -7.9727473697204818
Au      1.3336170435810373      6.1976031022436677      2.2445496823680298
Au      2.9404035380614424      4.4331658978159822      0.6679859161119452
Au      4.5766865723452765      2.6348164035313109     -0.9256433735399838
Au      6.1896308762665750      0.8606256719388341     -2.4848787346881833
Au     -9.0862959828820919      0.7193158844263227      0.2126140084980985
Au     -7.6013269452055914     -1.1218033135214072     -1.2880733819364156
Au     -5.9838110677840612     -2.9272010816693088     -2.8407434404599066
Au     -4.3610168123891491     -4.6830426673625700     -4.4439153846446917
Au     -2.6968637911561153     -6.3029431958164288     -6.0102591618622450
Au     -3.7598067456341528      5.3451727207249133      0.5850549820155742
Au     -2.1718327504886625      3.5864803724167160     -0.9789928481245909
Au     -0.5482750142500574      1.7699345527153463     -2.5602530284097034
Au      1.0977111356404659     -0.0068913285538568     -4.1633063172022142
Au      2.7058248490441015     -1.7608379172492763     -5.7120298287522360
Au      0.1328826542539252      3.7497106905044344      6.3606010078884196
Au      1.7361821765654113      1.9872839036550953      4.8213765107937654
Au      3.3509774860982975      0.1692348634324716      3.2496939854989240
Au      4.9953089158185797     -1.5946440884781550      1.6472091532303352
Au      6.5850883814174104     -3.3415550480918723      0.0765933775796483
Au     -0.9820075939983317      0.2524650352541926      9.0606457128407349
Au      0.5461244527914140     -1.5911436194914648      7.6070862265846024
Au      2.1396246946154793     -3.3951602452356502      6.0282035282908630
Au      3.7864284114246156     -5.1523864308581775      4.4512490288929225
Au      5.4074156769600812     -6.7698028756370867      2.8377807430570776
Au     -6.1179765098028165      4.1097952600471128     -0.4639066001595484
Au     -4.5368531775884033      2.3486492153994418     -2.0273464230756773
Au     -2.9253423560343172      0.5307913655871974     -3.6026184238325518
Au     -1.2777223340794670     -1.2332753153120761     -5.2015169085249697
Au      0.3342357753194478     -2.9814622041160233     -6.7479204736208818
Au     -0.6358596759921369      5.1652154005382513      3.9956887238125312
Au      0.9687839603871020      3.4055609132610307      2.4498432387902920
Au      2.5906765033945400      1.5891104449356599      0.8667673349602225
Au      4.2383262544439653     -0.1878124906769667     -0.7344686094750017
Au      5.8297686355989047     -1.9407994752578495     -2.3013928758450728
Au     -3.6815067991233086      0.5973267569512355      8.4397498354403488
Au     -2.1534341091054898     -1.2334814385637134      6.9928716353376288
Au     -0.5726068520749967     -3.0275467133530114      5.4361126240650766
Au      1.0365462648851222     -4.7960781992525998      3.8689064904934991
Au      2.6674107076421705     -6.5318092021137630      2.2976943387001150
Au      4.2753822905554468     -8.1476562153706666      0.6902786344547689
Au     -8.6907586873576328      0.8858838082683177      2.9707931628340667
Au     -7.2117704573825305     -0.9420938314931739      1.4703233450288469
Au     -5.6168667525287264     -2.7369674042964549     -0.0710732073532547
Au     -4.0077115331185045     -4.5054977422587354     -1.6382812839567809
Au     -2.3909197020542585     -6.2404175961106985     -3.2248590403706539
Au     -0.7338628078542984     -7.8590910479041121     -4.7786855552374909
Au     -5.7201011814780900      4.2975338323953789      2.3238861874404293
Au     -4.1346542019547767      2.5433374906439870      0.7614298287091739
Au     -2.5355359958291546      0.7232959651955662     -0.8009840981898702
Au     -0.9195588558126273     -1.0527327105918378     -2.3748349142462288
Au      0.7261862003204311     -2.7989375799891549     -3.9726965824142919
Au      2.3311129083036848     -4.5511003818106746     -5.5174454243087547
Au     -2.5947558365588224      4.1174977712109397      5.7360469489062140
Au     -0.9916840637232767      2.3622839187394007      4.1928354759666568
Au      0.6091052917532140      0.5421440544638771      2.6322484156196584
Au      2.2250809869940067     -1.2338852341554476      1.0583983884837895
Au      3.8691537190760505     -2.9799939596038723     -0.5412885328704675
Au      5.4564545166530269     -4.7311417755273926     -2.1052806809601616
Au      7.4599212124222767     -3.9783041478669245      7.0761994133465471
Au      5.8967358873645814     -2.2920999603476453      8.6411149510844538
Au      4.3294879107172974     -0.5378116219866766     10.1250291974626307
Au      8.7536247614989158     -0.4868357573109610      4.4004843242210736
Au      7.2635597176870377      1.2656869269498241      6.0296944421987462
Au      5.5836616560747494      2.9970993144969795      7.4878130714063751
Au      8.0793583439150325      0.8532544655609400      2.0563598167379382
Au      6.4117931054808661      2.6045238914945967      3.6443024306833287
Au      4.8232660650680330      4.4318492385342418      5.2275727538815815
Au      7.3165611339771210      2.2358294221194654     -0.2940334978413688
Au      5.6417647709739889      3.9933550784441909      1.2864205566098921
Au      4.0561507544192477      5.8191686220122367      2.8813849501384450
Au      6.4858680687847361      3.6267117449669413     -2.5767859981912089
Au      4.9328494246517742      5.4583778160789453     -1.0946894984462379
Au      3.3116862637510898      7.1152810766672827      0.5146519985331324
Au      9.0339775942964096      2.2592127061086575      4.2046546946030894
Au      7.4778271763725135      3.9694936288637779      5.7202393027086025
Au      8.3195010891179564      3.6366763049924797      1.9106534977985579
Au      6.7596562280326991      5.3510172203497381      3.4298361055802484
Au      7.5267712085605307      4.9633401912681423     -0.3912678009640498
Au      5.9725517212627928      6.6714978648825438      1.1224365211912204
Au      3.3303024570685493      3.8084953250620872     -6.0219427840720243
Au      1.8141105561737203      5.6380390066102342     -4.4996380210541842
Au      0.1561190349516552      7.2970621958455837     -2.9305030157810714
Au      1.0606573941012498      2.5962142129299148     -7.1240536490706710
Au     -0.5680908160246823      4.3510848314654584     -5.4933225279236320
Au     -2.1997552030796914      6.1795492781462835     -3.9486318997669585
Au     -1.2818698623666300      1.3925273389245398     -8.1639686634044040
Au     -2.9177522527601552      3.1419682193787586     -6.5414316077332550
Au     -4.5379657718147843      4.9711156945149053     -4.9927511110359513
Au     -3.6238066186434494      0.2261901446535370     -9.1128536535366553
Au     -5.2848809909040613      1.9885607217989980     -7.6703424518971168
Au     -6.7937744686700219      3.7101188966545111     -6.0255208101423543
Au      1.3192160911830451      5.3209399257315981     -7.1684985113550148
Au     -0.2350045505653005      7.0290951824239025     -5.6547935371341183
Au     -0.9695017093684024      4.1717885027377140     -8.2308171322876795
Au     -2.5293482117875818      5.8861260091671186     -6.7116319001852975
Au     -3.2599691273270022      2.9674302569730395     -9.2175310321337012
Au     -4.8161215382216769      4.6777072808628235     -7.7019436727163271
Au     -6.5835286055794660     -3.1693100581939397     -8.2560566992153284
Au     -8.1906371529631166     -1.4805802540163440     -6.7390893573501849
Au     -9.7139677019573760      0.2711738989737666     -5.2072227692772479
