         216
Au Au   -791.90594695   nogrup     0
Au     -5.9778109306427325     -2.2713625424115609      8.2950454811740073
Au     -4.4848268453944868     -2.5887309551863584      6.0246119699011302
Au     -2.9665387329007933     -3.0517835045587329      3.6856167569288232
Au     -1.4362089862932006     -3.4450882777543015      1.3408965811232960
Au      0.0985267953962814     -3.8139864136507615     -1.0178303101684847
Au      1.6261074569210359     -4.1759697106242157     -3.3768048020213737
Au      3.1582334737222522     -4.4930586710261196     -5.7348186862323889
Au      4.6385668790248538     -4.7776870299073622     -8.0068309928286308
Au      5.1240593961812468     -0.9369499994396993      8.5725389142054418
Au      6.7403581041100882     -1.2580376498649457      6.3349416358244426
Au      8.2737230472683798     -1.6203099714306628      3.9832710522377219
Au      9.6675177506542198     -2.0074112814902207      1.6118778807479579
Au     -1.3235424167244447      6.5854924693100338      3.1848955980194944
Au      0.1768053983169070      6.3664183081687016      0.8829488969904027
Au      1.7180527171830453      5.9981556809996608     -1.4846952360177621
Au      3.1951892373637243      5.5075132583300528     -3.7566235074792029
Au     -9.9236783915720324      1.0474983084530001     -1.5828596508940045
Au     -7.7321279176036857      5.4221437907552161     -4.1278483900308469
Au     -7.4472974530340608      2.9094061550922765     -5.2535926663275951
Au     -5.4330135270961293     -0.0064651924501860     -8.4899922043789307
Au     -4.3484741010185477     -4.4141033710370099      7.9933953922395204
Au     -2.8618445564262931     -4.8953293806042737      5.7496549233323613
Au     -1.3372431647732688     -5.2968078554786118      3.4046338131604230
Au      0.1987684032389595     -5.6756964697694521      1.0494364898330595
Au      1.7368482178494822     -6.0286533219171012     -1.2978161573980387
Au      3.3088966672796896     -6.3970563885047635     -3.6307349251578902
Au      4.8572849001921927     -6.6009042902862873     -5.9875357006325984
Au     -6.6700298324862874     -4.1024226872721030      6.4161767507710614
Au     -5.2388517930348630     -4.5708563832074169      4.1331945379557631
Au     -3.7159448580584651     -4.9682719557215300      1.7917218616101138
Au     -2.1874382274306159     -5.3461365758059838     -0.5555316668220591
Au     -0.6715685801118243     -5.6946780210413497     -2.9059540519104328
Au      0.8216697844528655     -6.0564517618647198     -5.2881945905476417
Au      2.6321019100424912     -7.9726524631723272     -5.6643349141776014
Au     -7.0314829930395568     -1.4094526352081775      5.9071025453196917
Au     -5.5246608712575611     -1.7822508226621068      3.5606909354887861
Au     -3.9889184952405112     -2.2168856786764302      1.1998698919453723
Au     -2.4479887425633966     -2.5981311430154204     -1.1571368317120161
Au     -0.9130490728508769     -2.9530783860863092     -3.5237366599944089
Au      0.6346973107592693     -3.2553410998788515     -5.8961971954153238
Au      2.1649358288441585     -3.5747424249682318     -8.2202792227733781
Au     -4.8771431574644488     -0.0343454562231322      7.1139922076829372
Au     -3.3548681070819608     -0.3517481106613367      4.7955339490288402
Au     -1.8079922754590916     -0.7838394877707895      2.4198913811911247
Au     -0.2601174348011607     -1.1678911572100930      0.0465399049566884
Au      1.2850101616976586     -1.5346226130164986     -2.3338570349442911
Au      2.8348938925282137     -1.8644639174958542     -4.7195477355603934
Au      4.3246159812597922     -2.2422729541567588     -7.0221270957363551
Au     -3.2541722309944507     -1.9129813450488573      8.4557538516977857
Au     -1.7075568713157110     -2.2950535932502767      6.1347035730482773
Au     -0.1679969406192536     -2.7320824185321673      3.7722086480821488
Au      1.3722555252487267     -3.1144536817321491      1.4107588142656020
Au      2.9092430629747001     -3.4694133098292159     -0.9588567462678768
Au      4.4536818499678876     -3.7700532812470779     -3.3379743826525363
Au      5.9561194669236333     -4.0855089900671278     -5.6818047279281689
Au     -8.0306219463503279     -0.5838755887359888      3.4216207957922684
Au     -6.5279177268115038     -0.9545013584412576      1.0794078437866688
Au     -4.9849444046818885     -1.3785376826025555     -1.2927355847205746
Au     -3.4537539202737637     -1.7423079728861239     -3.6454249383018915
Au     -1.9023306762778622     -2.0505576298517951     -6.0277697901655465
Au     -0.3737529683793057     -2.3872168267689382     -8.3502613404951500
Au     -3.7091608352287087      2.1901602120924251      5.8282721862738818
Au     -2.1947991154902651      1.8623652690082810      3.5084888008432031
Au     -0.6381350848943155      1.4572045527763891      1.1160786800801112
Au      0.9090314079316445      1.0836933333416479     -1.2609001521932584
Au      2.4686859149105498      0.7362694419873659     -3.6564511056157549
Au      3.9665095501169993      0.3498813476278748     -5.9624235011603730
Au     -0.4646494117583730     -1.5906848889415812      8.5180527584631491
Au      1.0823476071521976     -1.9784580734915735      6.2024822839087648
Au      2.6353729241308459     -2.4088939068772941      3.8365822281809763
Au      4.1731772420480127     -2.7745331476175217      1.4745036796844424
Au      5.7180902773899849     -3.0780991329498804     -0.9145651091503701
Au      7.2170771924032486     -3.4013508152294278     -3.2628967191757603
Au     -9.0372581961771168      0.2541736522121880      0.9348454005100884
Au     -7.4939407035449488     -0.1040407964890004     -1.4178061580300163
Au     -6.0021305491964423     -0.4871512330309571     -3.7920168562707399
Au     -4.4343452151197624     -0.8265840034509235     -6.1227183666041913
Au     -2.9136672471980938     -1.1889542095161723     -8.4845411266524149
Au     -2.5265919516155892      4.4104428844833246      4.5279437549582831
Au     -1.0141769211255323      4.0862169373380430      2.1904347917713203
Au      0.5354665257782585      3.7264170117612778     -0.1905798827534610
Au      2.0831266392046217      3.3430444344292205     -2.5673221136995767
Au      3.5999327327758506      2.9458180320768248     -4.8830540119010433
Au      2.3343165602846367     -1.2618163243115941      8.5727932104802491
Au      3.9015660426649821     -1.6668566873325581      6.2548791196904894
Au      5.4652161397719343     -2.0723375886516955      3.9219556499565336
Au      6.9745789102853504     -2.3928811876959148      1.5408606066349471
Au      8.4708011334073010     -2.7075491647452647     -0.8325132839515312
Au     -9.6760940189174889     -1.6177800620230567     -0.9441247997530091
Au     -8.2324528060956883     -2.0118616773376967     -3.2942856581519688
Au     -6.7007587966721420     -2.3715957220376875     -5.6598765199628449
Au     -2.6589244910935603     -3.8952046662397066     -7.8698045879604575
Au     -3.5689854675838073      5.3004504948384632      2.0950355894382078
Au     -2.0257622226054459      4.9524214176374475     -0.3117753940607955
Au     -0.4651763201841007      4.5813457852891233     -2.7090276686469448
Au      1.1056846761822943      4.1914669420629860     -5.0861822713955007
Au      3.5209092326235023      0.9720248356668844      7.3559697311720669
Au      5.0818179585337120      0.5885573736483671      4.9984647560484738
Au      6.6458952471407517      0.2188495273526652      2.5988311739259657
Au      8.1758332738754085     -0.1262785851022006      0.2183642096509679
Au     -5.7693699799232352      3.9019871105184158      0.8903522670868753
Au     -4.2380357857260531      3.5599913893620450     -1.5029788061388611
Au     -2.6483130936808590      3.1837582189040026     -3.9452940530971716
Au     -1.0852683586220702      2.7955744689070823     -6.3064713646542927
Au      1.8676023841833829      2.8705053943730130      6.0186814340002464
Au      3.4046232911199090      2.4924894476399260      3.6564131177884107
Au      5.0118308132806835      2.1118563893401436      1.1903673470553926
Au      6.5530822237840187      1.7627510584275630     -1.1697722928077425
Au      3.9270239990159319     -3.4784608810500668      8.2815601538579422
Au      5.4502628785772931     -4.0091847859550729      5.9374888899333911
Au      7.0074626488952134     -4.3734027705328984      3.5616127561267419
Au      8.5688335158540401     -4.5674527860819829      1.1908695398163616
Au     -7.9479389840846881      2.5031866251160357     -0.3264001385385882
Au     -6.4097865359824464      2.1479200293691054     -2.7354087354934151
Au     -4.8555063955751177      1.7812405028824347     -5.1240299781195038
Au     -3.2793089400893782      1.4030196659696212     -7.5014773191885951
Au      0.2433173418675654      4.7825668636974434      4.6451245910713119
Au      1.7812172393630825      4.4249445870380688      2.2607238861517445
Au      3.3533625182895372      4.0509459994513248     -0.1529915668791411
Au      4.9093441349468456      3.6747658697859027     -2.5186991430926913
Au     -8.7388514637910344     -2.4638879855054316      1.5169778241665774
Au     -7.2824320946846495     -2.9366911046856270     -0.8365952777917300
Au     -5.7687793702451202     -3.2979303135414639     -3.2041903369975202
Au     -4.2297055323775385     -3.6559371139453596     -5.5537882025503151
Au     -0.1421937895857589     -5.0838707729485364     -7.7403280623257338
Au     -4.7459768539698892      3.0712929837779246      3.3783769891115192
Au     -3.2191342094384798      2.7241078501117864      1.0022535192688160
Au     -1.6547984186403650      2.3247757554305268     -1.4008896015011914
Au     -0.0874881887789668      1.9772614118063219     -3.8075639433945678
Au      1.4614462564617359      1.5985339661401499     -6.1562288453005980
Au      0.7090189273276662      0.6469444627900414      7.2998779394738946
Au      2.2584519100978424      0.2743636991310971      4.9518729318275412
Au      3.8232907171125117     -0.1312897145304799      2.5479597840611383
Au      5.3933738321513900     -0.4693551291163747      0.1392339996820304
Au      6.9161847309922351     -0.8195162379499710     -2.2228492249747376
Au      1.1637287311147890     -3.7927569019022584      8.2145054931626191
Au      2.6853135864496935     -4.2936009881963546      5.9168178880822033
Au      4.2279547510701878     -4.6891624552132285      3.5203026055138942
Au      5.8122735083637878     -5.0281608518747110      1.1450691106714288
Au      7.3300302139541849     -5.2405608017897318     -1.2015018397145703
Au     -6.9240255926582250      1.6671922600495668      2.1642927743821829
Au     -5.3859473393342441      1.3306712163201029     -0.2005873854507989
Au     -3.8267014202277667      0.9277631606770784     -2.5975120909659459
Au     -2.2624219842614406      0.5900064514186711     -4.9987143349809653
Au     -0.7304198308883596      0.2049762871100818     -7.3535442725383948
Au     -0.9318762038557715      2.5577291290535893      5.9465527233326831
Au      0.6140169687608715      2.1928144947073678      3.5920851141768466
Au      2.1814828753730779      1.7944906288108582      1.1789672005105132
Au      3.7566912654069489      1.4432002517131473     -1.2338509516700498
Au      5.2826727436690426      1.0824512670006401     -3.5940618543584133
Au     -1.6085850103269141     -4.1241385264931072      8.1319161097336448
Au     -0.0886354975715075     -4.6175095154984316      5.8471545446405599
Au      1.4440399381146347     -5.0190994967573825      3.4762372977382192
Au      2.9946485113193462     -5.3860285065216242      1.1060561754546008
Au      4.5663389043931613     -5.7108398199994781     -1.2453636038371236
Au      6.0810814205778669     -5.9230236967399499     -3.5877292376363954
Au     -7.7262946720946015     -3.3035981943412800      3.9921131228581856
Au     -6.2747253728600896     -3.7758460647238916      1.6593239611415918
Au     -4.7383586808393616     -4.1705576500847865     -0.6986108980074270
Au     -3.2143983058701173     -4.5319505465462520     -3.0512664692419662
Au     -1.6957190557557982     -4.8561021548462406     -5.4259053332265470
Au      2.3729313241914753     -6.2618861476181191     -7.6463730939150238
Au     -5.9109961317189956      0.8381080634777902      4.6572358503567166
Au     -4.3801804439386416      0.4842720255416353      2.2959702042856058
Au     -2.8239222022583594      0.0711121074041738     -0.0890783451900923
Au     -1.2720840043212471     -0.3005535667756014     -2.4721220146325287
Au      0.2840727089238982     -0.6307480048220881     -4.8670644222401425
Au      1.8156849386403449     -0.9925028048212727     -7.2129593248090664
Au     -2.0951421931300662      0.3278436207125939      7.2289355286131425
Au     -0.5470403542345788     -0.0352458486467420      4.8823168915121329
Au      1.0095741000517475     -0.4513505354669967      2.4908603227335604
Au      2.5631812477026727     -0.8236562243708185      0.1032164143322518
Au      4.1245162785028722     -1.1526613535102577     -2.2954793535480871
Au      5.6429253219913313     -1.5069159156358971     -4.6492709287833236
Au      9.6268362597769954     -3.8809734794206445      3.5731768212043349
Au      8.1366578026958329     -3.5720113198944716      5.9013564627097352
Au      6.6051480701460505     -3.1729725281120036      8.1878395821979524
Au      9.3364078058194888      0.5971556340814415      2.6467901314580828
Au      7.9178361393785170      0.9622043811892338      5.0541844229203683
Au      6.2848263789994281      1.3171998912567302      7.3241655197617490
Au      7.8053857895355900      2.4660848920941634      1.2655217046980418
Au      6.2110329774684736      2.7895357980530973      3.6560571436398845
Au      4.6719558696236643      3.2055826071968694      6.0695952342362638
Au      6.1797908619738013      4.3447313175885460     -0.0901550685881922
Au      4.5760914967394921      4.6752662665310538      2.2962907420430660
Au      3.0452481501032476      5.0861898135585690      4.7191901589881695
Au      4.5059763711565655      6.1822831494028545     -1.3728322175979368
Au      2.9755268674202324      6.6558817245179211      0.9466563999141222
Au      1.4565382222991929      6.9060246581437283      3.3093831663788045
Au      8.8942535178068294      3.1190801857980874      3.6937430596084013
Au      7.3964862583526489      3.4721301020183235      5.9897146120262050
Au      7.3303596170192193      4.9874721690911095      2.3786799347073782
Au      5.8299993583608991      5.3415802256411880      4.6801963133793052
Au      5.7036453537868805      6.7905633046870113      1.0437365642925513
Au      4.2097953250673452      7.1439291048299101      3.3369420013280191
Au      0.6717048924694417      6.7004965942962524     -3.9643989990143407
Au     -0.8417239621698736      7.1727422928201037     -1.6183872404524280
Au     -2.3905160485155972      7.4262920640130954      0.7406811864289544
Au     -1.4318788499057000      5.3657247056765538     -5.2361965085800026
Au     -3.0459116305769318      5.7655055065809098     -2.8346448186513946
Au     -4.5924126398812355      6.1118775625654660     -0.3786328710741600
Au     -3.6529860322823775      3.9515711913618583     -6.4590461920685431
Au     -5.2293874897676798      4.3699198179286727     -4.0379981559153144
Au     -6.8110718721808325      4.6956820579114389     -1.6046591657111176
Au     -5.8418064220378749      2.5285738183470796     -7.5319036566074740
Au     -6.2060989121604049      5.0628156435305112     -6.4756015044072210
Au     -8.8823717459371760      3.2428038934684782     -2.8569726874066621
Au     -1.8485924386265760      7.8651128028418054     -4.0849722944099085
Au     -3.3829285964878095      8.2274137971496746     -1.7255486077430682
Au     -4.3690156135934384      8.8228018297806070     -4.1633375058508317
Au     -5.6371150721665906      6.8797463703184221     -2.8297742643737074
Au     -3.9655655728185581      6.4856627819930965     -5.4009222951021361
Au     -6.4483326277615181      7.4802384163670341     -5.3072574440958569
Au     -5.1394209428912330     -2.6836019368275874     -7.9461730793279184
Au     -7.0156835930358987      0.3346509962370376     -6.2749436093698900
Au     -8.5420916372016578      0.6930054582909673     -3.9274650949241856
