         216
Au Au   -792.02442846   nogrup     0
Au     -1.2251728187438817      4.4341427944795448      9.3550715656095704
Au     -0.5826793278842519      2.6040569853857702      7.4243053072332490
Au      0.1234535292934305      0.6296771139849977      5.5244452808605171
Au      0.8071988955792908     -1.3011795963469117      3.5702447178652470
Au      1.4836507591762214     -3.2193738099299329      1.5892439612747893
Au      2.1488041699743095     -5.1135468392156840     -0.4068260988899741
Au      2.7900578464097445     -6.9599051876313469     -2.4528026708133943
Au      3.4515501220958331     -8.8274872288890940     -4.3407736296883241
Au      7.5361020790346966      6.1507693782029911      2.6242195198432912
Au      8.2980989089694006      4.3563262955514590      0.6442161759711897
Au      8.9726204209199629      2.4436074545710667     -1.3311290183714060
Au      9.5330707047868337      0.4880311425105581     -3.2239301633441357
Au     -2.9565145488117563      6.6914793639103873     -1.5080433312530208
Au     -2.3450497134628767      4.9206277803918539     -3.5206466740697366
Au     -1.6652541557839120      2.9929542256251942     -5.5114374018847299
Au     -0.9681177059215273      1.0530479133837976     -7.3310916691738122
Au     -9.2703810948301406     -1.0064000009569960      3.8155639561499175
Au     -8.7413174014552464     -2.9000401918597953      1.8520735577043519
Au     -8.0667969224623430     -4.8127573799756247     -0.1232717000966295
Au     -7.2734146917190898     -6.6691353155352830     -2.0325860787271526
Au      0.9866874880676312      2.8844492758815239      9.5887568815410624
Au      1.7074294583079572      0.9681766220652905      7.7732702371117881
Au      2.3910963607057139     -0.9687921309359506      5.8276377299274813
Au      3.0715946706297812     -2.8970890368768680      3.8540956534759339
Au      3.7452326332419412     -4.8086729469243847      1.8620279558630628
Au      4.4095749641227542     -6.6942108123254167     -0.1400019374374217
Au      4.9911210259260557     -8.4707929126610217     -2.1382809762691259
Au     -1.6015998033243544      1.7822062873277749      9.7722292038016807
Au     -0.9371201156810143     -0.1580254966691235      7.9607302114596408
Au     -0.2479089029820876     -2.0926321198079831      6.0147050039878529
Au      0.4339132141261777     -4.0203647492568102      4.0410702775718352
Au      1.1062264124962373     -5.9325122051673675      2.0490973780233093
Au      1.7650245928255677     -7.8204110347132874      0.0474604705031023
Au      2.4028325122834699     -9.5730335614801838     -1.9548070617083866
Au     -3.2679670629208148      3.1502696870052671      8.0352739866078231
Au     -2.6133570484670994      1.2249248170015297      6.0880884583077499
Au     -1.9136533477754671     -0.7490343204958254      4.1489125247605223
Au     -1.2326137700704138     -2.6812733886552484      2.1753645093244973
Au     -0.5581848498988604     -4.5926945158729664      0.1794010229457639
Au      0.1017030146858033     -6.4740848541958416     -1.8630049971860516
Au      0.7885787799835746     -8.3527453448687119     -3.8443764998666872
Au     -1.6885626721588753      5.0827993032752019      6.7148373342804106
Au     -1.0350018433181214      3.2196565743528818      4.7416078462538049
Au     -0.3305452072683353      1.2400045925762266      2.7864389372946468
Au      0.3557516561248579     -0.7020075162263200      0.8012291045756088
Au      1.0325431251712009     -2.6252634156385470     -1.2053875368962319
Au      1.6953675151728338     -4.5227650416078831     -3.2543186090711518
Au      2.3718080879056966     -6.4310615499961292     -5.1760132160668872
Au      0.9397708460967009      4.9421673058215791      7.7370053861583532
Au      1.6403803583132586      3.0364111363516617      5.7865596447899286
Au      2.3459213046797220      1.0649374862086574      3.8469694027054100
Au      3.0302015889332692     -0.8659216889746899      1.8731907052694616
Au      3.7013899665123002     -2.7787232338544987     -0.1225434018466602
Au      4.3554411213138575     -4.6625997301427269     -2.1645355203215058
Au      4.9963174781618598     -6.5608495822357300     -4.1426463909742690
Au     -5.2805557577038247      1.7717568706700890      6.6466422082355354
Au     -4.6309109798806674     -0.1562837233932250      4.7062447436131336
Au     -3.9425739239561404     -2.1344655192303037      2.7561478831830737
Au     -3.2658087746254081     -4.0535468558247549      0.7742303137989346
Au     -2.5908552461881280     -5.9412052528179773     -1.2680903742971710
Au     -1.9009676388995231     -7.8116333845084833     -3.2505317873865045
Au     -2.1237490827518766      5.6505851062236392      3.9866177619617158
Au     -1.4669723033674273      3.7819196769147085      2.0255972668197755
Au     -0.7677028345798855      1.8090137568984452      0.0377892994652003
Au     -0.0856277554247891     -0.1251253630168905     -1.9596785054434180
Au      0.5904738684712953     -2.0523149309260589     -3.9996646515271035
Au      1.2617816539247926     -3.9496555331052647     -5.9279568529051705
Au      3.1437173507836835      5.3592980720891017      6.0494809863322416
Au      3.8504772000278393      3.4555799721424947      4.1050346461188134
Au      4.5655390171420107      1.4887784849702161      2.1530428561327772
Au      5.2423044168266024     -0.4303035902850123      0.1711248892140897
Au      5.8905340910115411     -2.3293436351888710     -1.8693011992766415
Au      6.5233066890677787     -4.2240946517965039     -3.8476947039706166
Au     -7.2975853181663517      0.3902815548171943      5.2456002139558695
Au     -6.6578316472360743     -1.5634693865829461      3.3052781129704591
Au     -6.0076241742048220     -3.5198957541158364      1.3568759252312166
Au     -5.3064370069382027     -5.3955770736699522     -0.6523030568233805
Au     -4.5995300331125515     -7.2605089576761843     -2.6556974400514002
Au     -2.5531020232381403      6.2020174247796884      1.2424567268866200
Au     -1.8947578432812362      4.3282155038607746     -0.7273037898992323
Au     -1.2148798979295594      2.3973373815403298     -2.7361763664379963
Au     -0.5281149593535579      0.4528695761366073     -4.7295383770899795
Au      0.1463625657960925     -1.4527673904885434     -6.6629642766596495
Au      5.3513520341720673      5.7769278595969240      4.3489688110422939
Au      6.0833615609973304      3.8624641562583548      2.4021066184223834
Au      6.8091560623937628      1.9382270277554385      0.4483460266562371
Au      7.4347571306736615      0.0303554268921831     -1.5554744380127099
Au      8.0494091605539495     -1.8738651652759546     -3.5523292547354806
Au     -7.6408784442535431     -2.2897321069566354      5.7331346615828096
Au     -6.9191156534593201     -4.3200259173599571      3.8740334461293546
Au     -6.2363609775620379     -6.2560930176173821      1.8745743517342497
Au     -5.6045151813210001     -8.0641839500162860     -0.2303888784953534
Au     -4.6121687646766336      4.8926334722703277     -0.1298479506868695
Au     -3.9246296078925926      2.9673293629395392     -2.1301099326208641
Au     -3.2320192630246760      1.0033164915537061     -4.1584289776988346
Au     -2.5567020213563234     -0.9359859935820429     -6.1493108541625645
Au      4.9530070834475115      6.4075640515020993      1.6442872920919189
Au      5.6579987269629868      4.4789234566007625     -0.3354407134198993
Au      6.3460077168426681      2.5279584978032514     -2.3502845312432803
Au      7.0001003401694319      0.6026865082122665     -4.3506546169857394
Au     -6.2089747783564011      2.9435567931539985      1.2316614362723755
Au     -5.5279476810549779      1.0132848755354205     -0.7412141918104673
Au     -4.8206132172041256     -0.9924801022251857     -2.8126523457875270
Au     -4.1470291104708963     -2.9034350606065047     -4.8067752328958697
Au      2.2920946738498844      6.5637997671346850      0.6290552814124908
Au      2.9750510857057675      4.6343497325265375     -1.3439576030919063
Au      3.6823851537124517      2.6285846292583233     -3.4153956297838910
Au      4.3540397795578034      0.7168077573928611     -5.4093810904182646
Au      7.5690535786723201      4.1875336188471204      4.6549653153451995
Au      8.3094768761110700      2.1651848737947250      2.7945415541439864
Au      8.9922326542339164      0.2291174459762526      0.7950824043817315
Au      9.6054192201589856     -1.5869205733864775     -1.3085591069036902
Au     -7.8003487009265147      0.9764513937106245      2.5483211281004650
Au     -7.1358171349426307     -0.9694195937896608      0.5714618564333724
Au     -6.4478085182798850     -2.9203835772781837     -1.4433817187322591
Au     -5.7532559531166143     -4.8284242861530373     -3.4466213921942748
Au     -0.3649594567742671      6.7013383688031336     -0.4309147610819588
Au      0.3066917637222522      4.7692682740604209     -2.4300509452126353
Au      0.9993017194145274      2.8052559980971887     -4.4583699915462196
Au      1.6905064573008699      0.8727192655065914     -6.4503772663301167
Au     -5.6432416726556811     -0.9224918017698829      7.1011409048062912
Au     -4.9609665588438041     -2.9140151201151783      5.2531014178069473
Au     -4.2491299623981060     -4.8708972687495278      3.2655173421822905
Au     -3.5894023988756549     -6.8033169631170418      1.2364528711553708
Au     -2.9387097851991912     -8.5916467739168887     -0.8191220887746580
Au     -4.1802292395729701      4.3313143801605287      2.6104982717108633
Au     -3.5139924494942125      2.4060993163226105      0.6329800164840860
Au     -2.8128930114555954      0.4286031696180996     -1.3755325915979006
Au     -2.1300523740680877     -1.5182951856507443     -3.4199091366866323
Au     -1.4434415495128752     -3.4293069411550929     -5.4042243529839897
Au      2.7309040897417169      5.9887570816613467      3.3484609256794773
Au      3.4246497269142013      4.0732014351843819      1.3748108534162355
Au      4.1275456984785865      2.0967074951669313     -0.6207993711444137
Au      4.8041812277076463      0.1613069378137191     -2.6651681322971044
Au      5.4620107396414932     -1.7557549225184834     -4.6496241573657251
Au      5.3809910078333756      3.7722625142160684      6.3196799370369536
Au      6.1219837542634350      1.8057438077899435      4.4674780527565616
Au      6.8011577950685194     -0.1650495956390006      2.4822084087929941
Au      7.4935500233132650     -2.0835605735821687      0.4508277619732359
Au      8.0855253926801254     -3.8968959803439516     -1.6005861392486356
Au     -5.7721134878311631      2.3676822655672769      3.9512041288618232
Au     -5.1085363667068089      0.4392800974257707      1.9796928300140895
Au     -4.4101108061835435     -1.5391169223447920     -0.0155999233646584
Au     -3.7290052528230069     -3.4726129766748706     -2.0602856159295166
Au     -3.0410076920960272     -5.3768272594400432     -4.0468800424465945
Au      0.0692620360213143      6.1409917306591781      2.3092701965556115
Au      0.7581768736523025      4.2254337003106928      0.3301441161092376
Au      1.4570122982695886      2.2469733226476962     -1.6782084967001687
Au      2.1421167670969838      0.3010390567853727     -3.7227452697341392
Au      2.8060501145482259     -1.6196299173184232     -5.7054529633721378
Au      3.1886347627830376      3.3340908287671933      7.9910037571716721
Au      3.9285517786281208      1.3817429099953906      6.1413600245955351
Au      4.6106444392924431     -0.5733697559877697      4.1783324207534402
Au      5.2917713842844778     -2.5048192400725702      2.1836414038622172
Au      5.9691335259936809     -4.4046675617344491      0.1654868966697869
Au      6.5566499907137290     -6.2164803114270901     -1.8722756639945413
Au     -3.6254303959467862      0.4322678082179328      8.4740230067684283
Au     -2.9522846940147245     -1.5485139495308289      6.6291122252492638
Au     -2.2510479310219971     -3.4954729989461057      4.6647290053954329
Au     -1.5699218681211589     -5.4269215133999538      2.6700395629130282
Au     -0.9117048411584396     -7.3349220959120673      0.6532428058572233
Au     -0.2574170797553701     -9.1182996316770506     -1.3892528575378926
Au     -3.7421535236864854      3.7539542526130791      5.3378738691496732
Au     -3.0783106130789895      1.8329507306619708      3.3627355094541826
Au     -2.3777783907108319     -0.1443650634281988      1.3852770929582237
Au     -1.6937647822537567     -2.0840021964306086     -0.6178692839693580
Au     -1.0208034141311582     -4.0014572724813240     -2.6627058122802056
Au     -0.3342169533731512     -5.9098216329943645     -4.6423166171000156
Au      0.5092406256808129      5.5644428086633759      5.0365113502404188
Au      1.1970595600167147      3.6536493168068525      3.0596731724235893
Au      1.8998661514263946      1.6773015155641577      1.0820529028263728
Au      2.5838802541602330     -0.2623358019752549     -0.9210937551330827
Au      3.2545670544795975     -2.1807602107953903     -2.9657691404475202
Au      3.9171774349710899     -4.0993347528782786     -4.9436810871412957
Au     10.9623525291618122      0.7125051507256357     -0.9322112011840300
Au     10.3429252160475098      2.5778322992451392      1.0356961582301301
Au      9.6372929663700972      4.4699320467020849      2.9482427513894489
Au      8.4388438373450754      2.9663614127257998     -4.0266419256328714
Au      7.8780091184852274      4.9306613140003046     -2.0842341918724632
Au      7.0970522358383672      6.7712353553990958     -0.0971889921597251
Au      5.8806397550029956      3.0769598087866838     -5.1169410944164451
Au      5.1856844404727234      4.9908923543967090     -3.0619043728634052
Au      4.5023923604373479      6.9852126692196785     -1.0807241182261547
Au      3.2465410178664875      3.2068301346685582     -6.1476558661883818
Au      2.5395006743363040      5.1219565214700040     -4.0924050839128663
Au      1.8664661880495828      7.1202647399626517     -2.1060861222040761
Au      0.6133443973310060      3.3595835882712262     -7.0849385624059416
Au     -0.1183357067927799      5.3226411332198698     -5.1942978415656889
Au     -0.7302317468526218      7.1695177338795073     -3.1502567925300946
Au      7.2910045438471665      5.3897100312309423     -4.7104374602311259
Au      6.6323120511223879      7.2575420561790844     -2.7814500737910102
Au      4.7260813200054113      5.5469879127144646     -5.7432758613151886
Au      4.0658255117192006      7.4192533966302756     -3.8097087941715362
Au      2.1306142731323141      5.6414029079992885     -6.7138070286347293
Au      1.4727399524612093      7.5069148466362208     -4.7872130514300189
Au     -3.6791594945513797      1.5315886012131030     -6.7806602948803816
Au     -4.3607433847587460      3.5159800423642604     -4.8935706222700492
Au     -5.0227361808871471      5.3415233677677145     -2.8459787881260081
Au     -5.2633418295052579     -0.4171674726904979     -5.5444244744702047
Au     -5.9077420659112452      1.5246349652481721     -3.4936134132874717
Au     -6.6434180549231066      3.4962672612069996     -1.5028544903223104
Au     -6.8534066560793754     -2.3459283921903413     -4.2142754335261383
Au     -7.5052625192608566     -0.4136423472683433     -2.1622929406902194
Au     -8.2316547319366116      1.5623232400048239     -0.1780575360414121
Au     -8.3981367581245028     -4.2037918390570281     -2.8331349594065514
Au     -9.1915914012215332     -2.3385569443518772     -0.8742371337398636
Au     -9.7399269558950081     -0.3989208500854651      1.0963191469947677
Au     -6.3134990222189487      2.0454128974934052     -6.1152374719093707
Au     -6.9713733173772123      3.9109252912302499     -4.1886436823119375
Au     -7.9097147924342686      0.1659395771616041     -4.8475740131376339
Au     -8.5699707128592699      2.0382040319700478     -2.9140065151084960
Au     -9.4324084486989470     -1.7320794582599146     -3.5249801932177798
Au    -10.0911004926563113      0.1357505599163522     -1.5959913100427618
Au     -8.1409123877173393     -7.4227639950760382      0.4219411425950659
Au     -8.8200832603899091     -5.5828809019274530      2.3940849906404837
Au     -9.4659704539533163     -3.6653382746379473      4.3023964378486745
