         216
Au Au   -791.39448929   nogrup     0
Au     -1.6831521481529106     -9.0261291737412463      6.0662371307942173
Au     -0.0409949811223258     -5.8357176296485740      5.2547702428839784
Au      0.8884003039286708     -4.6723094533830789      2.8561343818298859
Au      1.7844118483617022     -3.4673169047787731      0.4603826941173885
Au      2.6734987128625374     -2.2477490504774007     -1.9411070331420053
Au      3.5538310391493688     -1.0196958743566018     -4.3342337551741306
Au      4.4123750291897377      0.2551011204831077     -6.7157336045782774
Au      3.5093594533274155     -1.9790845445625997     -8.1264254385352963
Au      6.0715359469722259      1.7886223626701883      7.9159774666608591
Au      7.0850825461329148      3.0327571939332625      5.6902823205216748
Au      7.9687204640186398      4.2427348188322211      3.3021418221894763
Au      8.6689454976736720      5.3474601079551087      0.8891985642251043
Au     -4.5594559782781658      3.3037699377909608      4.7718236132800911
Au     -3.7845360280017970      4.5776425527368971      2.4602203228072597
Au     -2.8955550101788945      5.8035805086139822      0.0512916297725958
Au     -1.9490005675915878      6.8782976745608950     -2.3038443915247218
Au     -8.4917044274799967     -7.1542995887401482     -2.7986908613958317
Au     -9.7697918902706480     -0.6113193831418178     -2.4897406807674294
Au     -8.1188289820541755     -2.0808116247180735     -4.1701824332467616
Au     -5.3331042879963295     -2.1270618045327492     -8.0797513267645726
Au     -0.8497861152847839     -6.9644891760604040      7.5773211552859436
Au      1.8449955639297435     -7.1712312581922006      3.5962151991899596
Au      2.7233065821890290     -5.9752929547834253      1.1885775161843384
Au      3.5999262101378982     -4.7660096199253186     -1.2195325318033543
Au      4.4694018618178877     -3.5475430519864393     -3.6232590266794951
Au      6.1242786996037051      2.4775590424508200     -6.6032420139613244
Au      5.1828232390123095      1.4096918069892981     -9.0415908727430150
Au      0.8955677440753973     -8.2753795241599857      5.9572648060078279
Au     -0.7830349451179672     -8.0961174162821337      3.7328905914130601
Au      0.0996120979496782     -6.9075001229384458      1.3689587262444647
Au      0.9786219192899779     -5.7151714935066611     -1.0166614311312667
Au      1.8465038833974161     -4.5001382580037053     -3.4152462672572526
Au      2.6925014158074507     -3.2739261399294790     -5.8123065709091577
Au      7.6463446650257065      1.0167947084645732     -8.2171952010793206
Au     -2.7363502384865499     -6.6305706173815881      5.5475272654952192
Au     -1.8479228317483698     -5.5695080902748018      3.0991095073021988
Au     -0.9264597226316478     -4.3737878051531620      0.6898027829237598
Au     -0.0248293612603714     -3.1634019921829584     -1.7087117377373016
Au      0.8637006375996561     -1.9357714439413805     -4.1045105965759436
Au      1.7268758992291442     -0.6533611073679175     -6.4876251480233016
Au      5.3238832942424104     -2.3283725484413367     -6.0190651640336554
Au     -1.8010883309316221     -4.4266014947447125      6.9845816864911541
Au     -0.9907749581527869     -3.2547829729075684      4.6021322751796276
Au     -0.0736402529655513     -2.0638863800862275      2.1705690975128498
Au      0.8238593671761913     -0.8434166786171575     -0.2444239214971358
Au      1.7151500873300183      0.3908388310264206     -2.6567065163867145
Au      2.5878081582659633      1.6623985135590402     -5.0678981676915722
Au      6.0954219312226599     -1.0974065139858542     -8.3549063813272824
Au      0.8556139017508939     -4.8036097677311069      7.6982049855669707
Au      1.7343689523992620     -3.6224966871739817      5.3688924882454216
Au      2.6652270036502532     -2.4537864350760970      2.9570558367870099
Au      3.5585679249177007     -1.2465776986592374      0.5573253682538741
Au      4.4405653623457546     -0.0203826511805918     -1.8387764334625576
Au      5.2961892782256133      1.2492373400069070     -4.2349752322756480
Au      2.5877920114958974      0.5473206848407770     -8.8142497763176912
Au     -4.5279318199539897     -6.3234765529861541      3.3750289589444229
Au     -3.6513674579820763     -5.2825104112787145      0.9254049796770687
Au     -2.7391245888391267     -4.0726977338533406     -1.4796931208678235
Au     -1.8259448927017350     -2.8527952946081516     -3.8686297434078227
Au     -0.9420842084051593     -1.5602118847717019     -6.2600316734847432
Au     -0.0551732237323161     -0.3492804506843594     -8.5833818653299083
Au     -2.7433649322165299     -1.8547401281751412      6.2703766581882228
Au     -1.9188248661201639     -0.6696982711737771      3.8991434987246407
Au     -1.0085802046359769      0.5416762189354722      1.4582580436116501
Au     -0.1148033510755333      1.7705690753269030     -0.9561770211720209
Au      0.7712335833809350      3.0327704336101142     -3.3828173976980729
Au      1.6616265201557237      4.1966268894008163     -5.7413424942264673
Au      2.6075743731263579     -2.6082293085993022      7.7919553048615207
Au      3.4967078113274601     -1.4172431505551728      5.4657219796843997
Au      4.4347499677504096     -0.2400476592945093      3.0515414826945957
Au      5.3172416404781204      0.9684693550330170      0.6677316241206945
Au      6.1599668951156659      2.2342921867086298     -1.7356822376931511
Au      6.9921801664525809      3.4193646123257526     -4.0831805169052497
Au     -6.3439238856235125     -5.9749829906316787      1.2365791943852322
Au     -5.4893176525915131     -5.0386976819731952     -1.2578319438877230
Au     -4.5568239582445447     -3.7714796955469918     -3.6517082632198914
Au     -3.6167164119117667     -2.4731817651522015     -6.0122993076898723
Au     -2.7125473444587205     -1.2498396286689033     -8.3563623440914583
Au     -3.6760025083621914      0.7302790387017790      5.5429047286654800
Au     -2.8433813433597419      1.9338863748727064      3.1682468888597590
Au     -1.9570700895064266      3.1697253721505554      0.7499839701149611
Au     -1.0569046512900990      4.3946222218498150     -1.6701901845255680
Au     -0.1510671608364635      5.5644613123323392     -4.0406556726914094
Au      4.3639110029690151     -0.4053493562593289      7.8812104112134058
Au      5.2550014670032281      0.8021843268612621      5.5417362941815398
Au      6.2091835629372945      2.0047141557569779      3.1828658421856524
Au      7.0185632806229101      3.2176375816710072      0.7758116784637146
Au      7.8650165645138301      4.3968527573944307     -1.5962615308708141
Au     -6.9756123218098693     -7.8889996154847228     -0.5742859974013168
Au     -5.9200917944206086     -7.2276412137031176     -2.9609960571096483
Au     -5.2721104809388759     -5.8685958225704429     -5.2117347518696100
Au     -1.7804155239473833     -3.7529262179250189     -7.7041028485629006
Au     -5.5077859799772444      1.0406795313812882      3.4342791431804152
Au     -4.6338120537959089      2.2440633158375043      0.9973859358321597
Au     -3.7316700666544320      3.4916877942945654     -1.4428973525559989
Au     -2.8132572695284455      4.7137123797862088     -3.8707501438121099
Au      3.4288630341917941      2.1645743058702909      7.3093848451477363
Au      4.3675188093155146      3.3891269500905721      4.9040520919661432
Au      5.2708563834294901      4.6260155909616252      2.4614284810546465
Au      6.1204325829201593      5.8531002971127739      0.0220344035596298
Au     -6.3723795272859380     -1.2131949175021521      1.9833922788011336
Au     -5.4973933578849792     -0.0828993999278618     -0.4533602274640014
Au     -4.5759729465595811      1.1983125297063095     -2.9341025891321646
Au     -3.6659842091349852      2.4316891135697247     -5.3418750927650986
Au      0.7332352125647272      2.5276200099330124      6.5159581606743906
Au      1.6291226037389244      3.7342884776273833      4.1104350051803884
Au      2.5562618993630588      5.0034822541105868      1.6030422216503979
Au      3.4344135669893756      6.2289372400253624     -0.8044157291439564
Au      6.1348921943810399     -1.7382050738348429      6.2257491294469460
Au      7.1180820661854298     -0.6148768595881853      3.8562157699721951
Au      8.0021192713133207      0.5957784976429181      1.4654881051715769
Au      8.7710082734545285      1.8736581862577379     -0.9025780137919970
Au     -7.2471241427298221     -3.4073442988539604      0.5353956947338787
Au     -6.3714954557999697     -2.4069949019575656     -1.9584329635718234
Au     -5.4599332032461536     -1.1256117754841721     -4.3870036563165797
Au     -4.5331769002364730      0.1504371808834577     -6.7903459745749561
Au     -1.9577913862144922      2.9251181488491351      5.6970388727189167
Au     -1.0860604742941886      4.1454540188575262      3.2752455882335916
Au     -0.1788276171371792      5.3887006708991070      0.8215735873800156
Au      0.7321192731997981      6.6084713896463922     -1.5941845745848937
Au     -5.2047220119060515     -8.3682446759352924      1.7293438361833431
Au     -4.3006521032267440     -7.4968587120447694     -0.6611805745091175
Au     -3.4075278368626738     -6.2719282357008606     -3.0382066811573161
Au     -2.6194178890311126     -5.0689617314424300     -5.4092531045969778
Au      0.8689128934126451     -2.8636942766517475     -7.9073031889449279
Au     -4.5802656061756100     -1.5320555273819600      4.1564080873047935
Au     -3.7200685067376376     -0.3730791965176010      1.7225140790108249
Au     -2.8073778459166836      0.8567654131976061     -0.7244541962039612
Au     -1.9145842411387086      2.1287807679309179     -3.1623168563229775
Au     -1.0060349623780449      3.3464827614618642     -5.5613398088060197
Au      1.6787464175934863     -0.0481490628999452      7.2123639126920445
Au      2.5477418640630223      1.1778962011409106      4.8144933433681736
Au      3.4812098142803727      2.3894574191742564      2.3698529643762853
Au      4.3549460733011864      3.6539575898560610     -0.0715048718303350
Au      5.2506412422279833      4.8572655995206180     -2.4757202392448221
Au      4.3794089958960205     -3.9396461243074796      6.1396548314203621
Au      5.3528902463529828     -2.8129034154178587      3.7791154336237653
Au      6.2455941282221428     -1.6162719641253496      1.3595920497508480
Au      7.1307977478211768     -0.3771376392703996     -1.0378522331570412
Au      7.9038236973297575      0.8916017395052327     -3.3883338027567351
Au     -5.4461360276597262     -3.7693472722222392      2.6910299591363120
Au     -4.5841748391677957     -2.6827975205374752      0.2380247384763976
Au     -3.6749280745780859     -1.4444254339369582     -2.1935566690636872
Au     -2.7754230631032333     -0.1574697858448992     -4.6144068271862881
Au     -1.8679283223677672      1.0526093170222861     -7.0191505491036263
Au     -1.0276470553804660      0.3378005286815666      6.4113173186298589
Au     -0.1543850292270204      1.5514836051348322      4.0132167159527086
Au      0.7661829976090249      2.7724211073240035      1.5594682407278668
Au      1.6579242487828316      4.0350668633634141     -0.8866512882580899
Au      2.5451972511874024      5.2423197278259313     -3.2917668374245057
Au      2.6297398465234334     -6.1363811541529714      6.0483829888308414
Au      3.6000670810288793     -5.0124623214097799      3.6855394685557883
Au      4.4920970689524129     -3.8173596217435666      1.2685256952176651
Au      5.3766039333181403     -2.6029963311315942     -1.1388078514575248
Au      6.2510058070482746     -1.3698415878568948     -3.5296824408803147
Au      3.4578498294503026      2.8205889542456557     -7.4280566540433703
Au     -3.4336705703704955     -8.7301245605628512      3.9378029135499162
Au     -2.5671455622143955     -7.7888372386353613      1.5536586860160142
Au     -1.6742719735545624     -6.5938296214184007     -0.8195720736442684
Au     -0.7961866033643399     -5.3908444980520898     -3.2090327889345094
Au      0.0312947390174434     -4.1657142502528490     -5.6035238760774657
Au      7.0702338254414592     -0.1297222642566451     -5.8893527031681945
Au     -3.6516325379534398     -4.0879785784630407      4.8579505015557132
Au     -2.7902089311127702     -2.9683379346061809      2.4215035792818078
Au     -1.8808062625896200     -1.7572506357403022     -0.0117384650904082
Au     -0.9806979107400084     -0.5222023998320218     -2.4278770268521210
Au     -0.0995281316771819      0.7575596993762987     -4.8445786575465597
Au      0.7931752875374485      1.9626218845008383     -7.2426000055201083
Au     -0.0794615363137843     -2.2428215962377500      7.1126007528607396
Au      0.7778864713275355     -1.0319216541274301      4.7145685753039537
Au      1.7028809928901949      0.1658045151619847      2.2752994487476528
Au      2.5995294569088347      1.3945596889101353     -0.1461428975930392
Au      3.4748086167906420      2.6621673079031583     -2.5721987648154965
Au      4.3575927753688557      3.8704411996534951     -4.9640244051089510
Au      9.5681334283004880      2.8357293391406708      1.5792111774457567
Au      8.7829521660167025      1.6351159922365470      3.9462980064694619
Au      7.8337531498519866      0.4607356650384258      6.2665959475853974
Au      6.9542911678788233      6.7472617363790652      2.5442250388820504
Au      6.1672530491830546      5.5975449145406309      4.9851551320073355
Au      5.1962676020102077      4.3391499502208983      7.3023633844681264
Au      4.3207423700213692      7.2059534672898096      1.7057214073726747
Au      3.4239238515948918      5.9168503363568021      4.1322275808811213
Au      2.5119971854143408      4.7299314301171158      6.6028878905522319
Au      1.6380605784069919      7.5812687499038818      0.9000044727393579
Au      0.7275403382179997      6.2944599259403251      3.3242639727365066
Au     -0.1713619996659563      5.1068908250062695      5.7994058943635771
Au     -1.0314033946786534      7.8801883015198309      0.1515577420232184
Au     -1.9987187699673670      6.7547408037747898      2.5458631377080287
Au     -2.7933157884937203      5.4719126852081885      4.9199090509223389
Au      5.1307255115595121      8.0081997485804486      4.1949566708627550
Au      4.2687595279715511      6.8272525276195797      6.5305297545061336
Au      2.4946477978483923      8.4332859821534640      3.4259185530465679
Au      1.6287880325495125      7.2483648656600783      5.7725149150096193
Au     -0.1380003964287253      8.7570975287014967      2.6188805377071773
Au     -1.0013083919721639      7.5773816868746406      4.9576394412107661
Au     -4.5809580354993802      5.9750644681107472     -2.1519361263872554
Au     -5.5295292307110770      4.8507151132180475      0.2743457462309991
Au     -6.3599054133457198      3.5571607096551681      2.6435952315278968
Au     -5.4685806144412030      3.7730943275866768     -3.6567433365857891
Au     -6.3922903970439648      2.5394313992246911     -1.2050646579589017
Au     -7.2909636459826892      1.3250038454756004      1.2391656765353929
Au     -6.3242365267841638      1.4908163264438707     -5.1194841922106367
Au     -7.2122289650912030      0.2251040062583849     -2.6673190164432352
Au     -9.0157765581460652      1.6072654906480093     -0.9882900618867634
Au     -7.1472907308566533     -0.8184826177054267     -6.4930536337333322
Au     -8.8566334678876419      0.4921307470551852     -4.8068999189414541
Au     -8.9822156413210674     -3.1042426078154826     -1.7665229598793655
Au     -7.1789334505300673      5.0640305967474664     -1.9243106207658709
Au     -8.1715653773575472     -0.9240678072372344     -0.2400678657071165
Au     -8.0891853296927785      3.8602165491015228      0.4924108689536837
Au     -8.2181670209226105     -5.5182767695875565     -0.8254261222778094
Au     -8.1008830973631927      2.7876946449410909     -3.4021721135398533
Au     -9.6157047268391427      4.0993999911444590     -1.6547702606412535
Au     -4.4017660924234043     -4.6075392092324883     -7.4661920127441270
Au     -6.3270204366006428     -3.4159349299493673     -5.8433311956836587
Au     -7.2588823911497347     -4.7470358119097043     -3.4156914416428350
