         216
Au Au   -791.79764700   nogrup     0
Au     -4.9905888835145973     -4.8924539596740804      7.8809370393889608
Au     -3.5733988461080490     -4.5360180187717116      5.6357788686757573
Au     -2.0874704821608323     -4.2601891020241069      3.2690948627422856
Au     -0.5967567827926337     -3.9013839876204077      0.8994357629232397
Au      0.9069353201396596     -3.5263319190520779     -1.4906401630198260
Au      2.4235722239947775     -3.1503667684868599     -3.9119583334366439
Au      4.0175526649842563     -2.8447018718207051     -6.4945019728733122
Au      5.5113159237177598     -1.6281960876916486     -8.7398740997524467
Au      5.5917513414565718     -1.4391748036732785      8.4661968643943588
Au      7.2040873461841368     -1.1006107498113611      6.2684424293471146
Au      8.6899490771427104     -0.7270508315922033      3.8997641196026400
Au      9.9702326378337016     -0.3441157547745561      1.5043079098182304
Au     -2.3224853649854702      5.4817800479933565      4.6101331199018567
Au     -0.8820058236061961      5.9812094197024654      2.3162086319145025
Au      0.6172566137812967      6.3498052627288377     -0.0655711608215270
Au      2.0820640795836933      6.5874449953558898     -2.3727336177818188
Au     -9.8789237734426170     -0.5517911273830354     -1.1325629568091387
Au     -8.6235991790137838      4.5650080370469182     -2.7996088454658299
Au     -7.9106903345282351      2.4173321362980751     -4.3840175115682456
Au     -5.5195933581018579      0.5699494722994238     -8.1594578442904897
Au     -4.2251277911935734     -7.0023713355242592      6.4514036182868857
Au     -2.7836333529705990     -6.8095154265220152      4.1533384893910039
Au     -1.2857915541964391     -6.4576727382652948      1.7869179730224403
Au      0.2152872355575245     -6.0971076442984717     -0.5656336160560969
Au      1.7113043566560253     -5.7405208938546757     -2.8937554000462136
Au      3.1843328544400364     -5.4422028925094459     -5.1807819916408810
Au      6.4007947727336152     -3.8781179706835882     -7.7799134790587487
Au     -5.4673156854381801     -6.0145033775425283      4.2257290469934397
Au     -4.0306499935457865     -5.7616688652966168      1.8607081056123249
Au     -2.5278876224519031     -5.4171782944163951     -0.5034604142545440
Au     -1.0322002064144882     -5.0626592680178781     -2.8517387273207575
Au      0.4563379591858225     -4.7138519044934775     -5.1770419449294689
Au      1.9493493561709117     -4.4785813182985965     -7.4830827485229126
Au      4.4848469888009834     -5.6085401790373872     -7.4530105324508789
Au     -6.2628178113362267     -3.8160408018230942      5.7152520680414547
Au     -4.8344819895995741     -3.4580305576562331      3.3673967675863068
Au     -3.3369094685905583     -3.1542770534017777      0.9746971861366411
Au     -1.8362874370184450     -2.7938593095902142     -1.4123045347812067
Au     -0.3189295003343942     -2.4148570634423709     -3.8126741250667067
Au      1.2384351695052080     -2.0452744845541417     -6.2533124245697049
Au      2.7617389353351491     -1.3274911899253610     -8.5088237166985650
Au     -4.4090655550119742     -2.3262705335478415      7.1920150962315184
Au     -2.9399325190525656     -1.9136432094731219      4.8632943081431748
Au     -1.4279198030203122     -1.6021211234904005      2.4565836153897642
Au      0.0796976947007209     -1.2409686334854761      0.0568974372446860
Au      1.5920717392745591     -0.8729143073600341     -2.3504349959473352
Au      3.1051798878396073     -0.4940655244245225     -4.7637048063128233
Au      4.6075400844087202      0.0802848864431045     -6.9652938187835236
Au     -2.4032845957961291     -4.0467906314604658      8.1172600828121837
Au     -0.9021509246902335     -3.6948328531412127      5.8173223366004940
Au      0.6009150563026542     -3.3912421358687350      3.4310409911074906
Au      2.0947786019936565     -3.0312628567094659      1.0489220101968257
Au      3.5905814114374461     -2.6525484064547697     -1.3478375006407219
Au      5.0775077531254365     -2.2401996647484932     -3.7757862841312360
Au      6.5333651771106975     -1.7718520176596115     -6.0725575226599116
Au     -7.4918118437469907     -2.7257501577442440      3.4319016411499099
Au     -6.0637803639241881     -2.3649196637940886      1.0832263101093602
Au     -4.5669817993971886     -2.0506739478512088     -1.3257294622445635
Au     -3.0704707941799882     -1.6802325478509683     -3.7087082427307365
Au     -1.5359052772687010     -1.2818108008815337     -6.1076652123748154
Au     -0.0105129165699107     -0.7414836311972373     -8.3883431604492600
Au     -3.7325460199577178      0.2863778551538516      6.3550123595015506
Au     -2.2675499489389326      0.6918767094492591      4.0239590736088999
Au     -0.7490718128927467      1.0320059940382720      1.6073931635939260
Au      0.7566683270268658      1.3970136581577606     -0.7895580075627535
Au      2.2701101370958989      1.7859105109671098     -3.1927578433145385
Au      3.7610029933434541      2.2044895013285561     -5.4568162614824924
Au      0.2738608214026886     -3.1861468236992287      8.2595868352879265
Au      1.7713029376871607     -2.8351697512539022      5.9603007780356236
Au      3.2886328074565405     -2.5236838610888039      3.5692737147701514
Au      4.7708505506533534     -2.1549601730921495      1.1975604756657532
Au      6.2485608361950167     -1.7200328917850065     -1.2034959767326221
Au      7.6853147950727791     -1.3437118494612257     -3.5148289986710424
Au     -8.7208092095801693     -1.6436683865026165      1.1430980015127545
Au     -7.2761875679470407     -1.2607316568906413     -1.2203885268489003
Au     -5.8293571966403626     -0.9221573693860599     -3.6259023346914105
Au     -4.2964279091310704     -0.5387610378296621     -5.9915818869333872
Au     -2.7586147955966340     -0.0501323815925065     -8.3082494993841181
Au     -3.0428998697589349      2.9004729637560231      5.5086495905808270
Au     -1.5764274727055207      3.3122534963370152      3.1605913035189310
Au     -0.0691629189384662      3.6890009897480365      0.7639950843878438
Au      1.4371287225088543      4.0486695898119809     -1.6304626910067768
Au      2.9308097509847664      4.4064927159647320     -3.9415178151949348
Au      2.9560299641704701     -2.3221947425807627      8.3929512158530422
Au      4.4567033785567025     -1.9571822860654038      6.0759541936034474
Au      5.9969031941318391     -1.6280270858255541      3.7389876901900863
Au      7.4200271933570523     -1.2136647750732603      1.3428958947416163
Au      8.8642350484919863     -0.8497070557264497     -0.9990271224262699
Au     -9.0830188574245874     -2.7154952370312273     -2.6147289314902906
Au     -7.6760481880708795     -2.3904980118247892     -4.9726916490346902
Au     -6.1811389978366975     -2.0120352062123565     -7.3035716445682812
Au     -1.8857734328267584     -2.3205443201060287     -9.5331052938076013
Au     -4.3129357779086916      4.0171531249787433      3.2855386676395355
Au     -2.8114453294329662      4.4193284496416947      0.8644023540551125
Au     -1.2938640817477376      4.7940593189768181     -1.5513275570849032
Au      0.2330157245932070      5.1760244997536393     -3.9302408034076741
Au      3.6203801007276106      0.2902903450415995      7.6758356449710696
Au      5.1698715070256469      0.6439163362398972      5.2949334171349811
Au      6.6917321231910467      1.0264963864991756      2.8751600018400367
Au      8.1685043332062790      1.4316594543723937      0.4686524614246466
Au     -6.2390454711140357      2.4851036537733027      1.8297277083443682
Au     -4.7536923915230904      2.8843944087002713     -0.5842154845688690
Au     -3.2122292686864315      3.2644054294513047     -3.0401803160867829
Au     -1.6961744966890375      3.6587538121231482     -5.3967505491089867
Au      1.6017195130926993      2.0259188980720637      6.7005675223374013
Au      3.1105386047265906      2.3910049197687187      4.3185200235865899
Au      4.6736723695036613      2.7835657359335739      1.8377763769882591
Au      6.1735725302746935      3.1788355950142240     -0.5275870197120227
Au      3.7537252459964554     -4.5117764086748036      6.9023303134530494
Au      5.2787429549770781     -4.2670603207341014      4.5668002868057727
Au      6.7698526267374231     -3.8930563214242628      2.1964396567796136
Au      8.1968960189542610     -3.3981189367900946     -0.1717532530731312
Au     -8.1539256240556579      0.9648024398595982      0.3671622587090937
Au     -6.6671435794681866      1.3551994731510124     -2.0719875905936505
Au     -5.1522114569673203      1.7241756328764204     -4.4792063070718129
Au     -3.6291839809407942      2.1423705608667163     -6.8378132503861924
Au     -0.3948060054421503      3.7882983293921484      5.7057478802823276
Au      1.1048096742494686      4.1800873067011013      3.3057060786683543
Au      2.6340716147691356      4.5611723614579480      0.8781745303453299
Au      4.1533125347197011      4.9358808002834120     -1.4909276124360531
Au     -7.9258052972235404     -3.8231826036034384     -0.3448516704179845
Au     -6.4914893157312221     -3.5726340896276856     -2.7273593299952985
Au     -5.0118253053643436     -3.2023220045138157     -5.0756206373387514
Au     -3.4802563831115720     -2.8523079186625768     -7.3816124890799841
Au      0.9103454298921729     -3.0188484955964636     -9.4899547278560412
Au     -5.0001289057963412      1.4047758340547229      4.1183433802217664
Au     -3.5158152136154830      1.7995874922559096      1.7228482233345623
Au     -1.9900618537768233      2.1448962158885507     -0.7059487962881406
Au     -0.4720289054956346      2.5383293550765238     -3.1248847598520655
Au      1.0440814533923224      2.9593262685541442     -5.4504655882938273
Au      0.9382535093424290     -0.5883846602266480      7.5377820477137831
Au      2.4393770917341842     -0.1966166455588620      5.1605762647528834
Au      3.9734019955134734      0.1448992008861598      2.7363302782151813
Au      5.4816074259161507      0.5630916401955801      0.3129789618484118
Au      6.9927575897958913      0.9254138728516690     -2.0381822627624402
Au      1.0719953949942975     -5.3789831610985210      6.7698969941193461
Au      2.5900768357600361     -5.1271696998355267      4.4486590415798410
Au      4.0874605585007497     -4.7733025308325647      2.0607929289296933
Au      5.6051636218860281     -4.3775218296529737     -0.3159619591786864
Au      7.0207284320964778     -3.8949043790357027     -2.6861477134711613
Au     -6.9167644818871192     -0.1249127076620731      2.6536596515741415
Au     -5.4210829034647094      0.2807376067770235      0.2646699607078951
Au     -3.9009911117572602      0.6165899226413387     -2.1628445122865791
Au     -2.3812255888887237      1.0119353441455825     -4.5780920789610313
Au     -0.8681068921565960      1.4569748340179132     -6.8925260417705765
Au     -1.0800453482175700      1.1712560334618907      6.5540422636576281
Au      0.4243907947007174      1.5572418716458305      4.1787829568349828
Au      1.9550040864203151      1.9092393987092748      1.7463529966624805
Au      3.4777093283687188      2.3115039741184535     -0.6751507843779230
Au      4.9803086315988701      2.6947406400556160     -3.0148885846103646
Au     -1.6050394084749118     -6.2449607754121530      6.6273696026302993
Au     -0.0952642165014468     -5.9948100354355525      4.3055851284121012
Au      1.4014257233313456     -5.6439243745875629      1.9294669516673970
Au      2.9108906394956118     -5.2694441678966637     -0.4355020356330677
Au      4.4285342808786270     -4.8823956955344343     -2.7941077630002660
Au      5.8307725577247513     -4.4826388696915291     -5.1943188130246529
Au     -6.6981496598921542     -4.9163800876456225      1.9439696624785832
Au     -5.2681875334062376     -4.6611292762573022     -0.4261887252212837
Au     -3.7653467669222116     -4.3151292415595570     -2.7918475792372242
Au     -2.2668890758006182     -3.9544090760591004     -5.1237743284090822
Au     -0.7487708881980248     -3.6069209184798829     -7.4485312294944936
Au      3.8793871254100107     -3.6900016578875139     -9.2090628486449173
Au     -5.6795536875903281     -1.2111182643625256      4.9441261520724922
Au     -4.1875496055206902     -0.8177614964078295      2.5645451155211703
Au     -2.6688287664590540     -0.4917143818595360      0.1461603438859811
Au     -1.1539179634900636     -0.1260834716560328     -2.2628837616647992
Au      0.3663500411994132      0.2608801623969956     -4.6726377392892111
Au      1.8718331225526079      0.7703769213214002     -6.9569475641616290
Au     -1.7464426173459051     -1.4464291475958184      7.3910419940997727
Au     -0.2482076438981109     -1.0565892050118979      5.0193417314801216
Au      1.2731567619623840     -0.7265879848541488      2.6004989005806323
Au      2.7828870359937787     -0.3564072487373924      0.1925367505598317
Au      4.2914478273898986      0.0521751286261463     -2.2215594286868807
Au      5.8129366723461651      0.4513419358301594     -4.5216183630846771
Au      9.3031751809074219     -2.8835770405808816      2.3278130554117631
Au      7.9056996195234088     -3.3047939391138126      4.6849149692568481
Au      6.3854526898929400     -3.6172026924809604      6.9797495196491361
Au      9.2639681153329825      1.8702434466109921      3.0081851617649633
Au      7.8834695928943237      1.4959765860620617      5.4243090446213706
Au      6.2950129548427292      1.1252580354479793      7.7133009745501617
Au      7.3586388871228792      3.6559542669682434      1.9944445766427279
Au      5.8096986321277608      3.2208978554045045      4.3892599480680872
Au      4.3006613141641807      2.8834945777205290      6.8314807993237956
Au      5.3583877660320933      5.3995803552615227      1.0149065760406870
Au      3.8009683187029975      4.9708548390925875      3.4043913135848136
Au      2.3003362275953751      4.6231306090660365      5.8516546811662842
Au      3.3194419681675749      7.0709357783812523      0.0946341839603235
Au      1.8087472845945851      6.8072355381193699      2.4466611765072059
Au      0.3475285090977412      6.3178901714902658      4.8025022945985540
Au      8.3856738251454122      4.0264812142715600      4.5024075698176063
Au      6.9262120236668281      3.6593798639138804      6.8088635172713410
Au      6.4521481085267602      5.7871175088193612      3.5593564509242057
Au      4.9859369127454833      5.4153994654726851      5.8752385840921768
Au      4.4643144411881703      7.4582427726110616      2.5822345271183842
Au      3.0042994146999233      7.0861012186214793      4.8902266417195648
Au     -0.6245120962745085      7.3046162999238344     -2.3639455431346050
Au     -2.1137438192815030      7.0314384638169454      0.0114913237457586
Au     -3.6028597982355133      6.5444919456162269      2.3663416518191305
Au     -2.4846239576271918      5.8682139527065811     -3.8695833425019508
Au     -4.0451322822124993      5.4897575975335124     -1.4588227800776394
Au     -5.5469436460710266      5.0750241883068785      1.0043922670034142
Au     -4.4367233270404114      4.3317898920712414     -5.3413873192707264
Au     -5.9672101102078372      3.9648520015048323     -2.9176156483345075
Au     -7.4877263334044262      3.5351437143967566     -0.4715711761615182
Au     -6.3431850968403669      2.7752422710202218     -6.6797777394125575
Au     -7.1468613672801737      4.9554518911886749     -5.1655807327026260
Au     -9.2998594843803115      2.0090780654360998     -1.9628141747734666
Au     -3.3177798438507407      7.9907519594690406     -2.2716829196875885
Au     -4.8054504559316040      7.6009994719176941      0.0967778552421485
Au     -5.9704633127127078      8.4788066067028041     -2.1724522499681349
Au     -6.7910895786750967      6.0977971680863021     -1.2605336680810701
Au     -5.1866045452336991      6.5225221605762220     -3.8226147439937250
Au     -7.8043694936642183      7.0212842942710019     -3.5604552984872662
Au     -4.5811962637067758     -1.6110617512636978     -9.4559454113455619
Au     -7.0843643829204286      0.1925895353115461     -5.9041256249349736
Au     -8.5838691216837617     -0.1782461366088128     -3.5382123152951799
