         216
Au Au   -791.82903499   nogrup     0
Au     -3.2862630529644221     -9.2023320768948409      5.1231107389079966
Au     -0.9641175615722217     -6.4251385081324486      4.4572511455599013
Au     -0.0400055421422376     -5.1687290348514185      2.1012537891318743
Au      0.8624838018493537     -3.8646141833485856     -0.2414862709277052
Au      1.7620392092823622     -2.5453421077287182     -2.5848698124271259
Au      2.6539618386183026     -1.2209054150169862     -4.9133429692926907
Au      3.5367663285927486      0.1564727640131434     -7.1912337885012736
Au      1.7231043253889489      1.2663149119941917     -9.0244711393248309
Au      7.2134520816033483     -1.0644557074390324      7.0726577057022979
Au      8.2634851027403595      0.2203571564514029      4.8877961781705466
Au      9.1612384584035951      1.5296538295876569      2.5585330645442355
Au      9.8525311635769555      2.7875933785629678      0.2197224652461323
Au     -2.9203510972220164      3.5055084569176094      5.7647020569617240
Au     -2.0973910907345186      4.8990281584505935      3.5386335131489481
Au     -1.1917811699963867      6.2229990515885145      1.1880385802556397
Au     -0.2649703873297842      7.3808672633083940     -1.1343877594258167
Au     -9.2754212717297264     -3.3760595367140578     -0.5311687144337327
Au     -9.8184184956778200      2.1221806167824919     -1.0152118304973676
Au     -8.7737273348055975      0.6729079331569672     -3.1224791171828485
Au     -6.5634772387487841      0.4901271465779171     -7.3961477800859416
Au     -1.7730313878832038     -7.6642897701260999      6.7227346576739784
Au      0.2884333755473363     -7.9094590731228465      2.3791085571061998
Au      1.1634004143982657     -6.6082645004332292      0.0262198338005994
Au      2.0463838594481829     -5.2953699946516100     -2.3214074403771470
Au      2.9376219001669277     -3.9742732827567462     -4.6579899388017445
Au      3.8568510588280818     -2.6497078728939503     -6.9758521704211578
Au      4.4435477241905046      1.4023529005167372     -9.3830134325196166
Au     -0.6349571318173838     -9.0992258555838568      4.7096363720085321
Au     -2.4533648393985610     -8.1656945215804129      2.8053259259112089
Au     -1.5751801599218247     -6.8744042584013130      0.4907403591664341
Au     -0.6978470278223926     -5.5795750027365294     -1.8408670578575830
Au      0.1847561678324252     -4.2603267384167935     -4.1770208058399891
Au      1.0768041448596501     -2.9293810883420992     -6.5039469281533524
Au      4.7088541413608427     -1.2371046124194969     -9.1560427484701368
Au     -3.7225103675523892     -6.5675864529934138      5.0510199345830173
Au     -2.8605248230884848     -5.3841806468097939      2.6477285396833246
Au     -1.9344177991085409     -4.0916684634511995      0.2804647225083201
Au     -1.0249345026950873     -2.7818454083987660     -2.0721828571207439
Au     -0.1220685341624006     -1.4496568756681523     -4.4195326460300102
Au      0.7586771569135542     -0.0863622681667167     -6.7775187628128624
Au      0.1582298021802355     -0.4517402431182020    -10.3026806118343419
Au     -2.0838534868703809     -4.9100450904280457      6.5839382010829581
Au     -1.2633181535410438     -3.6178098268142342      4.2702136290183965
Au     -0.3415789087812275     -2.3271687403963828      1.8912960541468635
Au      0.5671958213218891     -1.0069634416766906     -0.4666074272843552
Au      1.4726329455397935      0.3263899942810387     -2.8184828509452231
Au      2.3623287334637073      1.6977548996351919     -5.1618265475962986
Au      3.2948060991849362      2.9651245342128822     -7.4562012409711667
Au      0.4442117276718927     -6.0381244116467325      6.8435891546537526
Au      1.3335819192863831     -4.7646295444510880      4.5673124016235072
Au      2.2611024668416086     -3.5039132258932586      2.2019183851670405
Au      3.1628964851820038     -2.1989377511075787     -0.1391607168717215
Au      4.0591950648769020     -0.8749497386037657     -2.4692956671039958
Au      4.9411607520733343      0.5014974918166057     -4.7808565230154905
Au      5.8051823808316998      1.7907137472559347     -7.0692142950982042
Au     -5.5988514506378584     -5.5060914462192052      3.2123986023992757
Au     -4.7321492441278217     -4.3096904755471517      0.8250907737039235
Au     -3.8127875889396958     -3.0094150493379672     -1.5501117810555236
Au     -2.9002994827239994     -1.6929790534079778     -3.8859710351027772
Au     -1.9993705727524378     -0.3182551229991102     -6.2209128570421370
Au     -1.1143981104353808      1.0218581108632652     -8.5095333166554656
Au     -2.3888610585729677     -2.1084145993859487      6.3310609304682970
Au     -1.5467786314449981     -0.8045664802078250      4.0308081380071492
Au     -0.6264831964507013      0.5085189415443825      1.6479891514816103
Au      0.2821805716365668      1.8361757897866333     -0.7071314785900817
Au      1.1870213512650190      3.1957258232962173     -3.0712020738279051
Au      2.0939218081178117      4.4539968382349846     -5.3763042496788493
Au      2.7134771590299356     -4.3892180891919619      6.9370604479118079
Au      3.6172485139912611     -3.1085205949582502      4.6651116918412114
Au      4.5545926445697269     -1.8404812922746334      2.2989837507688549
Au      5.4500787014509990     -0.5333143756333474     -0.0244067252556732
Au      6.3232317676093599      0.8408257703146607     -2.3536448549604643
Au      7.1732455247477311      2.1268747738864082     -4.6455742539183884
Au     -7.4754087197100905     -4.4257058838913927      1.3863362455314778
Au     -6.5977588866592267     -3.2132435538677591     -1.0131131813511907
Au     -5.7126676011026332     -1.9075782376069306     -3.3728759823869012
Au     -4.7724142761380968     -0.5561354574139870     -5.6632051684292719
Au     -3.8643585177670503      0.7323966179844739     -7.9571334871054464
Au     -2.6741794651178208      0.7043148902685417      6.0744873977739502
Au     -1.8195270592853510      2.0271326011379500      3.7701089748410368
Au     -0.9134302707349800      3.3657005987072601      1.4143795656875824
Au     -0.0006280957585492      4.6863403300466935     -0.9499378669576402
Au      0.9147832173858763      5.9475935724187945     -3.2711393216174329
Au      4.9904621122304089     -2.7332501668381273      7.0282913233517057
Au      5.9000045223531448     -1.4349149805877044      4.7459026378350302
Au      6.8664623949645005     -0.1547241812462374      2.4345543428559253
Au      7.6916400404175373      1.1783867087613213      0.0986149635129685
Au      8.5487145208032089      2.4629488283176437     -2.2133507391046479
Au     -8.8070591982174005     -6.0252447562278331     -0.2796323565714403
Au     -8.0938226137938969     -4.8434923931547456     -2.6081503842452420
Au     -7.2141827408667618     -3.5603747064071971     -4.9183103438851088
Au     -3.5922385374657435     -2.0093446877099819     -7.7144159742583014
Au     -4.5800668527295159      1.7751788858285984      4.3199414739610411
Au     -3.6925286480965713      3.1126257900893997      1.9452206070572338
Au     -2.7744612352549249      4.4540647071345356     -0.4344592127015687
Au     -1.8342330053081728      5.7727198201292893     -2.8093987973936478
Au      4.7150542539095248      0.0446004315677513      6.9200698020118629
Au      5.6683188748436422      1.3578112520548462      4.5675746785230373
Au      6.5860996414515158      2.6969054490669961      2.1847208974680186
Au      7.4502305619141431      4.0383584250976199     -0.1883608110125436
Au     -6.1869152255478967      0.0361599810259072      2.7256968014718481
Au     -5.3095333420830482      1.3482333074134658      0.3622499520571871
Au     -4.3766179025264567      2.7144292354411919     -2.0531220498976275
Au     -3.4354088541091379      4.0319050867029924     -4.4069425880824102
Au      2.1397865083942942      1.1826653354675365      6.5898280020782529
Au      3.0486434725094282      2.4903494255831786      4.2416050650754116
Au      3.9908557757154233      3.8652770335714015      1.7945571437111312
Au      4.8856702334697717      5.1927445739562010     -0.5519499222226543
Au      6.1417617888287719     -4.1892216615079061      4.9753063165364999
Au      7.1125883867383699     -2.9904306955371229      2.6396298353124621
Au      8.0096621275135913     -1.6806872391781376      0.3091479952988152
Au      8.8183263655753503     -0.2825651162257277     -1.9744963931831983
Au     -7.7911414882155929     -1.6784928817584142      1.1186606965165069
Au     -6.9076532189829098     -0.3916168841576262     -1.2604516677096633
Au     -5.9964683286203719      0.9512049526512047     -3.6236813096279263
Au     -5.0422929601590400      2.2886909450840012     -5.9852525876324822
Au     -0.4248659805561558      2.3560552107049375      6.2379685175923392
Au      0.4643031143786944      3.6873751323679009      3.8794746350504674
Au      1.3868685254481887      5.0339418388497315      1.4846007979922220
Au      2.3107362053239351      6.3493806387555747     -0.8753958862799536
Au     -7.0001134043394355     -7.1059198839128506      1.5194809936360940
Au     -6.2062936500528361     -6.0069077162289837     -0.8511194493171494
Au     -5.3662138952539236     -4.7098805212676549     -3.1696639161003368
Au     -4.4741620255367458     -3.4122188575185923     -5.4794885719310056
Au     -0.8312232550624266     -1.8214840503963856     -8.2637073812226429
Au     -4.3037056869825943     -1.0222592013631253      4.5638089854907200
Au     -3.4391816370665951      0.2748610424164699      2.2014536887154144
Au     -2.5107088654214618      1.6007589413524403     -0.1898677235805266
Au     -1.5976348378232870      2.9656871754830876     -2.5668434868533296
Au     -0.6671689514910479      4.2713774069702124     -4.9093486274198366
Au      2.4386464307710898     -1.6216925650644463      6.8189428028528241
Au      3.3267276232905605     -0.2906594626029655      4.4849921946204816
Au      4.2665501402007324      1.0172302790312848      2.0932091553719161
Au      5.1626137171914204      2.3890467099164505     -0.2805167627129350
Au      6.0707045408230744      3.6874486974832443     -2.6286426302288710
Au      3.8668693916428101     -5.8447246403620792      4.8861350370642960
Au      4.8282786849370050     -4.6423711315219158      2.5599910163921820
Au      5.7243600864315827     -3.3442123045367786      0.1984464271839528
Au      6.6306639970671313     -2.0055907898374290     -2.1331505457714464
Au      7.4449847159895448     -0.6200467424451457     -4.4065272624872360
Au     -5.8934968464414155     -2.7307184719444386      2.9712502678013593
Au     -5.0320208642233588     -1.4685956239604696      0.6052049093107854
Au     -4.1042407748935101     -0.1458941710252315     -1.7800266515096581
Au     -3.1909435666883654      1.2270140737733737     -4.1417598691506612
Au     -2.2763134060373558      2.5297706329371970     -6.4848464230354068
Au     -0.1431401517050725     -0.4586626549427422      6.4846095921463167
Au      0.7483801925281715      0.8614728266016698      4.1492963639577951
Au      1.6782155848526239      2.1835782120999694      1.7513362833429369
Au      2.5895700467931935      3.5504406620977189     -0.6309842956989868
Au      3.4908670654780956      4.8545103029552665     -2.9786829440703038
Au      1.6006396957998961     -7.4966002620133203      4.7936157768477443
Au      2.5543506197216361     -6.2964663645076389      2.4629498725082435
Au      3.4466357268255496     -5.0007807819997474      0.1020698425292039
Au      4.3419893606698565     -3.6850475746998832     -2.2424552148792500
Au      5.2457637398782175     -2.3460862190906226     -4.5665840150981047
Au      6.0799819159102997     -0.9590651148678742     -6.8317392180540981
Au     -5.1316453238650883     -8.1736083882305905      3.3441329069852728
Au     -4.3393122239794728     -7.0848066463924795      0.9875478589593243
Au     -3.4592535919749428     -5.7910252856163495     -1.3404287442835248
Au     -2.5867964928327396     -4.4949786078125662     -3.6638919710576285
Au     -1.7076267935637519     -3.1671739161844634     -5.9898646646066016
Au      2.0088132044317986     -1.5833354307327134     -8.7790655502386308
Au     -4.0099629185245362     -3.8017860702555417      4.8070592116028514
Au     -3.1519389007035477     -2.5500835537330211      2.4368418437994315
Au     -2.2302820948824689     -1.2400791994388776      0.0563491735344961
Au     -1.3159252562472676      0.0922884199258274     -2.3066971741168949
Au     -0.4121069967376484      1.4568875023109769     -4.6695582660175585
Au      0.5080909398646536      2.7683068500454899     -6.9932211498133636
Au      0.1591843642501520     -3.2680134107581864      6.7185073287079611
Au      1.0324906218558532     -1.9483000841467675      4.3844590738291629
Au      1.9615519164045048     -0.6525066615469495      1.9975909656281097
Au      2.8715446498850126      0.6766208722599423     -0.3634891757160759
Au      3.7682304572547007      2.0499561247739591     -2.7200482402454114
Au      4.6794189673871660      3.3469656725036518     -5.0563739067216495
Au     10.1199527514951555      0.0548569474263960      0.4569918818933445
Au      9.3170110696949084     -1.2662999287084453      2.7518931596219041
Au      8.3584506861857619     -2.5146141566691433      5.0282956161534678
Au      8.7722761308660449      4.2942559344450206      2.2698546774101729
Au      7.9888688057915616      3.0100518408425856      4.6442228377881491
Au      6.9860030192744507      1.6866314688522044      6.9114461656067334
Au      6.2786339825672055      5.5166557030356076      1.8968688587947433
Au      5.3509460351608427      4.1282741914528156      4.2568660552042843
Au      4.4406733157000975      2.8340691258502719      6.6749172266415577
Au      3.7194915754789539      6.6665051955743628      1.5540972682990528
Au      2.7789412336826054      5.2834156897489093      3.9142724516868199
Au      1.8804197194294003      3.9836952064388589      6.3348966178488979
Au      1.1587870598714409      7.7307343604789889      1.2568673263420109
Au      0.2033887570824937      6.5209261923409887      3.6157007818828006
Au     -0.6323178886441166      5.1189017951388340      5.9100102965104639
Au      7.5493731576779464      5.6946883665671901      4.3153242615601002
Au      6.6732823423919641      4.4153571505140006      6.5936726778176151
Au      5.0521977389484762      6.8741797194521599      4.0076071219344733
Au      4.1720591906534379      5.5896497888913856      6.2967847077261752
Au      2.5269783632775762      7.9618825293904543      3.6502880705463454
Au      1.6494396777715705      6.6821338280345675      5.9319123200895767
Au     -3.0119874675121090      7.1504149795729059     -0.6942151080477004
Au     -3.9449569491904000      5.9347128857407405      1.6873111028887990
Au     -4.8145245656030502      4.5277681794627851      3.9799335411966936
Au     -4.5814740013574662      5.5138047219640098     -2.3174157301000946
Au     -5.5525762754832009      4.1744755024132889      0.0824490746538409
Au     -6.4391813099337973      2.8181313737112710      2.4934626281633534
Au     -6.2034403611128122      3.7542208745000476     -3.9220017486725887
Au     -7.1562716343125459      2.4340234024362655     -1.5089010396779976
Au     -8.0622688918716889      1.0694092817464860      0.8788255299505394
Au     -7.7649172511846896      1.9717658734822594     -5.4119562018349558
Au     -8.9113023975416752      3.4223322824026772     -3.3452063369561671
Au     -9.5657762617911786     -0.6260218970706166     -0.7658587522190921
Au     -5.7277183151031341      6.8859168483383151     -0.1800072626262228
Au     -6.6322559791020579      5.5780405958009105      2.1586033436601397
Au     -8.3524412093092639      6.4694417876432730      0.2797429027550997
Au     -8.2880329558228514      3.8220139422725801      0.6732437578537009
Au     -7.3076238164540293      5.2321096875484185     -1.8544188932271233
Au     -9.8797423573349299      4.8087491754388605     -1.2420746746051528
Au     -6.2929350562767992     -2.2300585426453132     -7.1523431198999674
Au     -7.6028503555510900     -0.8082214017480496     -5.2040825664674042
Au     -8.4968187104984096     -2.1207271016166303     -2.8748781815063786
