         216
Au Au   -791.90551253   nogrup     0
Au     -6.5666269376605966      1.6050166638033740      7.9885999654695787
Au     -5.1646740522399446      0.3234139150719191      6.0192995770921520
Au     -3.7778996794250190     -1.1172858357386968      4.0202288854068833
Au     -2.3592061538099198     -2.4965166280127979      1.9994082526596735
Au     -0.9262679676101548     -3.8546850349036097     -0.0364407795076360
Au      0.5114095986318770     -5.1842050188869502     -2.0755998671688722
Au      1.9822701063366781     -6.4518790637081738     -4.1311675883225778
Au      3.3510236821713280     -7.7924978261518669     -6.0867875825015716
Au      4.4429034161368577     -0.0679626044044399      9.0328453440870256
Au      5.9618915024864148     -1.3773633218958476      7.1089113989721078
Au      7.3926015520913611     -2.7338219037620481      5.0761837592584129
Au      8.6790711428732195     -4.0833942751815249      3.0156345273787757
Au      0.5529761855389359      7.2563765017193713      1.3845879065706868
Au      1.9916171057139398      6.0561278991424699     -0.6366576594715241
Au      3.4291397033972713      4.6893475011921684     -2.6825597144839755
Au      4.7693661993198635      3.2518359785112931     -4.6132847955875089
Au     -9.1335397553671562      3.1903706672272527     -2.7331625214527051
Au     -5.7137579901776547      6.0047882105505490     -6.0336061978925670
Au     -6.1246879369616698      3.3114649158820124     -6.4859089600236679
Au     -4.9110277678823753     -0.7985117555929317     -8.7954742377254220
Au     -5.6074929171819159     -0.8992272267742480      8.3723092666733301
Au     -4.2591184792753980     -2.3241293979250566      6.4667439677680214
Au     -2.8484146726820549     -3.7111240261950593      4.4467444210888374
Au     -1.4190555983170845     -5.0822448028404787      2.4117375221332402
Au      0.0214255716708842     -6.4313624902342079      0.3702110989592029
Au      1.4692604058302408     -7.7528201443557334     -1.6662014204912943
Au      2.8852714273419418     -8.9458769172007422     -3.6794598641070735
Au     -7.6997652467752316     -0.3946773319550161      6.5468939801575701
Au     -6.3984067556649196     -1.8042445945700782      4.5967471742596118
Au     -4.9862819329592778     -3.1874445413785581      2.5804866066216761
Au     -3.5602397973665303     -4.5543169923393778      0.5519978108217174
Au     -2.1260948608666776     -5.8991918740716693     -1.4824491056765190
Au     -0.6796486546980698     -7.2265578754305215     -3.5156311239847078
Au      0.7865214410887544     -8.4400985891792395     -5.4863088048920634
Au     -7.2654237086763702      2.0704267361109796      5.3714057694965689
Au     -5.8634735034519858      0.7134930235047579      3.3431200936265704
Au     -4.4517121864246221     -0.7116729815651182      1.3165270626508701
Au     -3.0206591232755615     -2.0850526792627280     -0.7202749517443472
Au     -1.5853713699590548     -3.4322335458417017     -2.7644705862160670
Au     -0.1166968142290921     -4.7392756718489393     -4.8266948907148350
Au      1.3350102014348633     -6.0819519953912353     -6.8346875280743760
Au     -4.8430865061155304      3.0808756025382791      6.4194161274730099
Au     -3.4115961112725834      1.7792453388565921      4.4071162211789101
Au     -1.9878905656349777      0.3505152537892045      2.3686022388606993
Au     -0.5493251474970586     -1.0306636382884351      0.3202013288716330
Au      0.8973155810746176     -2.3875987721967453     -1.7373066369309100
Au      2.3711216247934224     -3.7063093221857377     -3.8129797425686363
Au      3.7657803612047669     -5.0792891365471169     -5.8053933115305174
Au     -3.8595135689013516      1.2482155797843069      8.3265886358364156
Au     -2.4233374252422486     -0.1205748664319719      6.3293966491759832
Au     -1.0085327050797224     -1.5485625334832820      4.3045989610630144
Au      0.4236485320189334     -2.9237699279741252      2.2690033426902616
Au      1.8645958663388802     -4.2724745621704860      0.2216567798109885
Au      3.3326141563038396     -5.5775110016027751     -1.8471086976792357
Au      4.7441638829708612     -6.9051540967716170     -3.8886821459239549
Au     -7.9189772447022024      2.4619735185968752      2.6743869024006948
Au     -6.5207558187861734      1.1081802421977835      0.6486005301654210
Au     -5.1001850832229181     -0.3136789474446422     -1.3942084781560986
Au     -3.6784599898465373     -1.6685273724405159     -3.4396481711182858
Au     -2.2096592377871938     -2.9893541678408075     -5.4981090733553888
Au     -0.7493015168616943     -4.3318805183722562     -7.4989192726005776
Au     -3.0557911461320915      4.5002477334341719      4.7586661743393428
Au     -1.6347680004952077      3.1908784497610330      2.7472031505131227
Au     -0.1934993262749103      1.7805928538107407      0.6875189167892906
Au      1.2484953494068065      0.4098877299026826     -1.3669395089835881
Au      2.7180281496455900     -0.9417006436798481     -3.4453694872067757
Au      4.1191456518304479     -2.3039830979481506     -5.4362367414303812
Au     -1.0968680556527599      0.8146740408876436      8.5850472579348569
Au      0.3378959781730220     -0.5582313458801149      6.5949218608348765
Au      1.7680063177759875     -1.9849798394742004      4.5677782888168466
Au      3.2030183698823320     -3.3455971358747840      2.5285190439501619
Au      4.6642715801566492     -4.6599234992186007      0.4486630023124540
Au      6.0718173143775376     -5.9796801565412059     -1.5954406082906445
Au     -8.5760588413608296      2.8663797779713129     -0.0268842054972858
Au     -7.1353538720755276      1.5082336628619446     -2.0631793897714097
Au     -5.7612470561116247      0.1246284466893242     -4.1292177857782537
Au     -4.3230980939360135     -1.2270249710239565     -6.1718725609444505
Au     -2.8336562146820832     -2.5787355149612408     -8.1692733963780064
Au     -1.2554245303286997      5.9078581308733309      3.0858322472939683
Au      0.1654001624686734      4.5975703196232542      1.0565058845823465
Au      1.6132517854347324      3.2343121334646292     -1.0035829804955831
Au      3.0539588046108648      1.8517971097676416     -3.0554508656510464
Au      4.4660570659195642      0.4784858864666477     -5.0487650508239561
Au      1.6772255362246189      0.3815372784305122      8.8355749009794451
Au      3.1267203713108969     -1.0142079442476781      6.8496576375177725
Au      4.5738799198823568     -2.4134071023543280      4.8503724117391442
Au      5.9930453694218642     -3.7316352000926853      2.7774422520377904
Au      7.4005479761883457     -5.0433823145274994      0.7064437365102236
Au     -9.6704039078239816      0.8139334138838992     -1.4497363944141206
Au     -8.3385106093578436     -0.5507560189679364     -3.4713792790160696
Au     -6.9442468780071165     -1.9663190462594473     -5.5182507500645954
Au     -5.4065539245718401     -3.3182804085685680     -7.5470563746662673
Au     -1.9348797724866307      6.3841503471292462      0.4187485123176238
Au     -0.4901433833455506      5.0232491481078627     -1.6685080320079599
Au      0.9638858957670525      3.6374420304090762     -3.7401800027110781
Au      2.4262357603492788      2.2386137234574921     -5.7867401979444200
Au      3.4837918239652641      1.8219321170386653      7.2425679132694505
Au      4.9343065016533298      0.4380527240992738      5.2126327711817204
Au      6.3933817827672073     -0.9455596336535832      3.1390688036846370
Au      7.8254170019101048     -2.2945730759160776      1.0735417610518176
Au     -4.4078651373077857      5.3635327662324297     -0.6264166097381967
Au     -2.9741544286595651      4.0122779316660759     -2.7041565390775446
Au     -1.4950499346637640      2.5976661321228134     -4.8146985039520729
Au     -0.0388320617931943      1.2072592335897587     -6.8442576748817103
Au      2.4762422458027893      3.6840996502525787      5.3319814571584274
Au      3.9058294522634314      2.3108253004197001      3.2939442293900463
Au      5.4050565521940790      0.8887563932079718      1.1626255883110836
Au      6.8471126030216753     -0.4614342708501367     -0.8807512576546088
Au      2.5775723164238302     -2.1794560205774607      9.2431169692387876
Au      3.9463081289317365     -3.6886970487620330      7.2560719798730524
Au      5.3949131514142330     -5.0611868417759700      5.1995349081107811
Au      6.8977382117926398     -6.2733543381740100      3.1091375083046877
Au     -6.8581636093361729      4.3327079097670689     -1.6810159068690673
Au     -5.4224603101606546      2.9596661614983266     -3.7719880451532255
Au     -3.9768168464634845      1.5749928681765191     -5.8373236805875059
Au     -2.4977670636745906      0.1909193533985434     -7.8784237442150449
Au      1.5013514985200711      5.5406005845024753      3.3845171341792657
Au      2.9386019678428177      4.1804182186598791      1.3203436395976702
Au      4.4049218995690129      2.7886129975956844     -0.7654845154754639
Au      5.8549006286309861      1.4095582754110110     -2.8060347397219694
Au     -9.0799090568313403      0.4132792026274217      1.2205378427664009
Au     -7.7536390934589035     -1.0279294891418882     -0.7922774897623093
Au     -6.3344846365138574     -2.3911592899356195     -2.8340344585801027
Au     -4.8765214005792705     -3.7578120713918812     -4.8723552637137466
Au     -3.3450704042054218     -5.0285527224287305     -6.8796618684936544
Au     -3.7317033147032488      4.9631490031622230      2.0782358815458117
Au     -2.3032867127581058      3.6170234142634068      0.0183924109100637
Au     -0.8548609653666857      2.2045982646521365     -2.0527162939490573
Au      0.6125606634516032      0.8374006107444352     -4.1406133440164830
Au      2.0657065636255050     -0.5391351118665471     -6.1637954177949439
Au      0.6982178319386199      2.2620459881947168      6.9881149821606776
Au      2.1407335713667415      0.8943917686787257      4.9638409017674583
Au      3.5906521813443826     -0.5222110985186488      2.8954617409722125
Au      5.0658480907994905     -1.8798415325386655      0.8062038658978352
Au      6.4901325777351149     -3.2297107326879972     -1.2416149587831562
Au     -0.1567519595145588     -1.7451277144880555      8.9809350728122119
Au      1.2193588783608749     -3.2122651228254808      7.0318036463674751
Au      2.6476149761004364     -4.6137573334896578      4.9627413702059791
Au      4.1285815399985530     -5.9692712756432220      2.9009513469236339
Au      5.5802338719605569     -7.1817831384064563      0.8357046199543277
Au     -6.1841136805394834      3.9293788854010674      1.0278620597260755
Au     -4.7427183053980473      2.5916948463925138     -1.0233417020705815
Au     -3.3051156171763010      1.1753425540635813     -3.0905202498510533
Au     -1.8469855073650492     -0.1878871588456610     -5.1781715311465764
Au     -0.3948704421678606     -1.5636805455425931     -7.2010505540148877
Au     -0.2932906614653001      4.1270979301380732      5.0597105493716725
Au      1.1484426770517187      2.7661084478038069      3.0270063351481298
Au      2.6030665819250620      1.3541786181062010      0.9474486015347203
Au      4.0800841737115832     -0.0161815769774529     -1.1425770524089174
Au      5.5072168746517258     -1.3750097461492281     -3.1853864575710809
Au     -2.9040632287381047     -1.3295762601380590      8.7067122841906581
Au     -1.5268491689074257     -2.7853297459020725      6.7677915163138422
Au     -0.1089501324270405     -4.1816501067032616      4.7242944194765037
Au      1.3352123217777105     -5.5503194444878980      2.6729886982619036
Au      2.8001848004121408     -6.8860281009360067      0.6236412980337143
Au      4.2394127396141945     -8.0983857547100975     -1.4333875569050569
Au     -8.4172467148770060      0.0030220225222397      3.9105592546485397
Au     -7.0955570948351694     -1.4291946985875477      1.9158942859888342
Au     -5.6684789472374870     -2.8201848991265352     -0.1142973336587616
Au     -4.2386903499040329     -4.1756842108538583     -2.1518155322665145
Au     -2.7862069357851782     -5.5192413910673421     -4.1974982831602006
Au     -1.2809121285069320     -6.7655003485990681     -6.2009828301398766
Au     -5.5180831721537880      3.5331572746231350      3.7350519844073560
Au     -4.0878300182816067      2.1838914871403219      1.6910409858690301
Au     -2.6509118636148443      0.7670911709620665     -0.3609909246700020
Au     -1.2074834098316418     -0.6076071331137634     -2.4235377769887130
Au      0.2610069248924738     -1.9482729568804560     -4.5020085179884823
Au      1.7056794392654893     -3.3166941748928123     -6.5253890959676681
Au     -2.0775531581474622      2.7004508197049009      6.7184971547261405
Au     -0.6336415034345824      1.3425055680710809      4.6927441463056923
Au      0.8045056461047821     -0.0775096294166948      2.6372794787556160
Au      2.2539273952888657     -1.4527506183986185      0.5757441196624669
Au      3.7270389829845598     -2.7940274378578627     -1.5062456068698467
Au      5.1484980011064820     -4.1508295242458848     -3.5475247299931745
Au      8.0438006152980535     -5.3058565861218563      5.3497513260302370
Au      6.6441194481509740     -4.0153328654359379      7.3774867268367608
Au      5.2322885314182894     -2.6419353918548643      9.3413793720417040
Au      9.0772486689722651     -1.3074793946205423      3.3583369136354939
Au      7.7568698748696745      0.0356785158681499      5.4560747025410095
Au      6.2314162425572190      1.3906772628172446      7.4018109597502537
Au      8.1797092282797870      0.4826827483139917      1.4253686496513076
Au      6.6792008872340469      1.8302201206809992      3.4990816071850475
Au      5.2575959675274317      3.2536538027672632      5.5780489206209189
Au      7.1944471887587369      2.3148346051524138     -0.4952768870967645
Au      5.6865492782873499      3.6696250096550633      1.5716615761770178
Au      4.2705530077823024      5.0883658169564763      3.6613161527611631
Au      6.1500168772284951      4.1403609701524839     -2.3413208719875236
Au      4.7542457513643441      5.5900350534198475     -0.3666515439244478
Au      3.3049513756646922      6.8401257622180696      1.7045546350844560
Au      9.3429045275898588      1.4227900946144523      3.7204688847392084
Au      7.9462598547016645      2.7469599897654255      5.7051588998218463
Au      8.4120663566541243      3.2383531301043877      1.8482460654170900
Au      7.0126414566254143      4.5654984363317812      3.8373909370038710
Au      7.4036692710405099      5.0053432206640744     -0.0342843586235659
Au      6.0099320698213328      6.3274397961568081      1.9472739592440149
Au      2.6916515234551128      4.9726699549025923     -5.3498912293615604
Au      1.3119696747904066      6.4250646871819654     -3.3476339098924619
Au     -0.1642445230423717      7.6886562260602309     -1.2846157811751731
Au      0.3295255609810182      3.9643718035394055     -6.4636382126728762
Au     -1.1676309748859279      5.3904752288625701     -4.4022089313544850
Au     -2.6172453084008609      6.7673577847340720     -2.2681397674619213
Au     -2.1644222991532214      2.9310458183501926     -7.5237314619822033
Au     -3.6238045590361772      4.3660943726132206     -5.4467888515885701
Au     -5.1100776528418388      5.7277299034961198     -3.3322140468288666
Au     -4.6220029460493048      1.9346459871626740     -8.4396035702238361
Au     -4.2898820468846939      4.6534253902766611     -8.0652898297366136
Au     -7.4733422989871281      4.6165926940369308     -4.3937082750116367
Au      0.6115148597501190      6.6947566063184407     -5.9964454222063903
Au     -0.8196216585377787      8.0544502126163575     -3.9586598047376036
Au     -1.5249421741928919      8.2429509087458488     -6.5544988046163901
Au     -3.3292480342140127      7.1206309433706902     -4.9263335466890137
Au     -1.7732531966419094      5.6440089100523574     -7.1435653381023680
Au     -3.8669892611331980      7.2640169911825279     -7.5438148202519582
Au     -7.3300922448030983     -1.6098870739523603     -8.1185138683893925
Au     -6.4472208464880163      0.5482891340263176     -6.8352316792660694
Au     -7.8508203779629868      1.8859705349887390     -4.7711190104959815
