         216
Au Au   -791.15571652   nogrup     0
Au      2.3984027429300463     -7.4215022820163448      6.4581584174992983
Au      2.8294813524712765     -4.8804931260457760      5.5567025877622775
Au      3.1083369569170891     -3.3688199280849549      3.2135058666069334
Au      3.3780976641363232     -1.8795079562866723      0.8258356514889904
Au      3.6469864001137240     -0.3851700888872669     -1.5882661614406075
Au      3.9122262880244651      1.1214229423927078     -4.0205789032140462
Au      4.2628139538772487      2.6846664078857523     -6.5916190270813999
Au      4.8847662239921092      0.2839205185721712     -7.7677306723620010
Au      3.2968262448252155      5.2046930203027140      8.1650967415245930
Au      3.5764725557021881      6.6164295873049745      5.8852381076523201
Au      3.8178992408928352      8.0418296358794912      3.5064326467149947
Au      3.9891137879777445      9.3060142987961072      1.0933888309592383
Au     -5.9081926161206990      0.3914210779884293      4.7510224482298149
Au     -5.8989340269815536      1.3762831512050755      2.1123481289061985
Au     -5.6267886225661847      2.8928679704465803     -0.4005909696232486
Au     -5.2862454834107435      4.2906906226558830     -2.7792350788572620
Au     -3.0911647498189425    -10.3642461544174491     -2.6227695659484915
Au     -8.2218187961394680     -5.0247984915882498     -3.1419140846974756
Au     -4.9725201903686518     -6.4881025243641535     -4.7474411827646019
Au     -2.2621704925694073     -4.9077563304479686     -8.4064245376516151
Au      3.3062101876421868     -5.5199979587422643      8.1559103833632065
Au      5.2600053527631188     -4.9075029443180114      4.0762475014722348
Au      5.5061512264571686     -3.4000779404906503      1.7338305616298477
Au      5.7634540092777318     -1.9178211228058188     -0.6462141867004689
Au      6.0162195719642710     -0.4448886271578081     -3.0276200594700207
Au      4.1735356090286899      5.4790417837099437     -6.2150210168250215
Au      5.9136723699631748      4.5747910100557254     -7.9567292930824500
Au      4.9773685391789062     -6.4397318227134583      6.3097225007941908
Au      3.6455114465344689     -7.2017056258166772      4.0512589884137711
Au      3.9057807014393946     -5.6885838141515386      1.7405353825675753
Au      4.1685724271051328     -4.1996213241960625     -0.6207196803128987
Au      4.4222187145973511     -2.7216076642421472     -3.0081798653525880
Au      4.6613998442648050     -1.2462862513022754     -5.4132568391922646
Au      6.9535443687374059      2.1915993720426936     -7.6125683791815888
Au      0.1626361932352807     -6.0481063715986867      5.6706200923897860
Au      1.4471961465787531     -5.6861968988155720      3.2260313543768291
Au      1.7201328378092204     -4.1655494426659203      0.8551813811218771
Au      1.9893890324116739     -2.6694894569132721     -1.5347964780913301
Au      2.2540232978135566     -1.1647569229367507     -3.9379778824295997
Au      2.4921482669599113      0.3735983796957596     -6.3427205957584949
Au      6.2833679203525570      0.9985045298030530     -5.3719523033148135
Au      0.9398621390480069     -4.2183722261366032      7.4938542077810908
Au      0.5846366427191760     -3.3339924741414357      4.8387484996687711
Au      0.8760640662417434     -1.8266301831923792      2.3865087681762986
Au      1.1639017989109615     -0.3232571686312156     -0.0615319591767474
Au      1.4432771337339336      1.1868031383060940     -2.5113168853936862
Au      1.7156616770166861      2.7045005997440121     -4.9677310101710930
Au      4.9973552006865019      2.5231663826951358     -9.3333284326748753
Au      3.1847949592887597     -2.8838602471277017      8.3337823747721913
Au      2.9902061580061892     -2.0218290559915317      5.7528855222702902
Au      3.2844621773054770     -0.5410367330153774      3.3324497468987495
Au      3.5614329695882665      0.9455196613533943      0.9109232262220814
Au      3.8265543104513564      2.4364184405242395     -1.5143191128603100
Au      4.0503918918650221      3.9315820062760860     -3.9596430496872497
Au      2.5641155294408300      1.7911115994414697     -8.6752461746371488
Au     -1.1878788771670377     -6.8116643886998549      3.3769395077966671
Au      0.0650351664835385     -6.4757303051361550      0.8764710368901483
Au      0.3340320230823854     -4.9612257057435585     -1.5023453817005539
Au      0.5927165391087659     -3.4479152979418952     -3.8746524973240888
Au      0.7995197398427336     -1.9089833331469004     -6.2559970034939099
Au      1.0059492304421076     -0.4561339273992955     -8.5716999637949520
Au     -1.4366604109242793     -2.7381785228513555      6.6478278161003956
Au     -1.6040710111810910     -1.7884499072321711      3.9964573733349624
Au     -1.3025078403698931     -0.2730580469655131      1.4881018291142212
Au     -1.0085620507361615      1.2360369500251243     -0.9826271305633760
Au     -0.7414792784767901      2.7667072139301094     -3.4623776948528437
Au     -0.4652807481937391      4.2180089249990358     -5.8254928306515819
Au      3.1715036439270969     -0.2189848343203948      8.2914432235262829
Au      3.1807958918757659      0.8537844805252428      5.8019989633975300
Au      3.4828051416646604      2.3021071910287620      3.3805147762958470
Au      3.7461992795966661      3.7697992301355558      0.9764749060789555
Au      3.9480319867930285      5.2592682748398474     -1.4508830472206746
Au      4.1661276142151946      6.7142755781795724     -3.7758923791234658
Au     -2.5652798347409838     -7.5568833527516492      1.0723648394016188
Au     -1.3449175762546099     -7.2601905731420366     -1.4760077747044775
Au     -1.0822167826735472     -5.7398424152804353     -3.8557675012036672
Au     -0.8709460020874733     -4.1860536070953440     -6.1893821864934218
Au     -0.6267513456261127     -2.6938574764315062     -8.5136026573406234
Au     -3.7344399569793620     -1.1831727093020543      5.7335303961004342
Au     -3.7747467670646500     -0.2307637861029859      3.0757803276566094
Au     -3.4788266235431693      1.2896361796875686      0.5569025904648619
Au     -3.1775277651860283      2.8070651293078628     -1.9299891388435100
Au     -2.9014235969971520      4.2721227027973940     -4.3218110335146900
Au      3.2340447489119803      2.4834412646174306      8.2473108130005635
Au      3.3454563678809595      3.7190120455539390      5.8223706197101315
Au      3.6565843814343886      5.1770338852297950      3.4461646341490528
Au      3.8578849217871358      6.6005321413239981      1.0296763359099295
Au      4.1029827267161183      8.0278739061990763     -1.3418239339410469
Au     -1.6920620348852746     -9.7512630802448186     -0.3965303254544459
Au     -0.5518467518168828     -9.4606952304563094     -2.9133273624553553
Au     -0.3044668238574084     -7.9514869705393885     -5.2591883004815347
Au      1.5195947401971932     -4.1941098314236989     -7.6283648891353319
Au     -6.3309560329980386     -1.5421329202417091      3.0206743917615171
Au     -5.1151182538912536     -1.0099170829335034      0.6175808431063459
Au     -4.8253377038942808      0.5317127411140659     -1.8526539912014002
Au     -4.5856444778672483      2.0522790339563541     -4.2828165044145106
Au      0.9851607995022498      3.9771840014915991      7.4100026484223278
Au      1.2053969453645630      5.3230286285145318      4.9496031771021656
Au      1.4637987111203559      6.7758142347044608      2.4925768103125101
Au      1.6905099447778904      8.2220616300948492      0.0425477323563506
Au     -5.5433428369143165     -3.7480703314863923      1.5757015550053453
Au     -4.3142248924532485     -3.3740277834658947     -0.8841267229648437
Au     -4.0652020975350016     -1.7964093881025480     -3.3326394047060592
Au     -3.8229994855830234     -0.2663455102667882     -5.7235404771668428
Au     -1.3219647173010611      2.7251161216983180      6.4773059077976320
Au     -1.1594361436310687      3.9818882065061105      3.9898310488151587
Au     -0.8889093822131926      5.4728200453270590      1.4730897352103369
Au     -0.6506227322406821      6.9388829575611197     -0.9551572016143268
Au      5.4569168251135380      2.0893751470258661      6.7056889059535223
Au      5.8200717812923717      3.5503080780629688      4.3551004430712155
Au      6.0863297043142115      5.0260678941851289      1.9581510637957749
Au      6.2147074208400710      6.4864245547245138     -0.4340004455323765
Au     -4.7848778634219915     -5.9979420604556637      0.1405653746987880
Au     -3.5582921790893898     -5.7434481865187212     -2.3806700085154304
Au     -3.3099034167782881     -4.1764493593372656     -4.7744785293492900
Au     -3.0680308053023313     -2.6039720164688847     -7.1550776536237848
Au     -3.6299876707288772      1.5268195414500871      5.5642201921760233
Au     -3.5356288235947866      2.6825825004051822      3.0110981498766449
Au     -3.2608542470295592      4.1583120859676885      0.5292375595974796
Au     -3.0064430351884144      5.6480948073290325     -1.9136058354245833
Au     -0.3089574139209739     -8.9936231480497479      1.8904755447817827
Au      0.8688228608135555     -8.7395811613150105     -0.5931272646895671
Au      1.1275003073027245     -7.2634715301767976     -2.9501656418424247
Au      1.3765834646192350     -5.7576115051586214     -5.3190111541630589
Au      3.1723837538524786     -1.9424231829036778     -7.6786142606654391
Au     -4.1833701133933126     -3.0511527974004959      3.9068961317486313
Au     -2.9365335370873127     -2.5833020582824169      1.5081551967760376
Au     -2.6687587895317875     -1.0509816814685857     -0.9193681104658644
Au     -2.4167587586960786      0.4894360406900242     -3.3857431495997776
Au     -2.1760269230952067      1.9979455303458384     -5.7827455048149314
Au      0.9070757162270998      1.2137913517132799      7.4267228537464192
Au      0.9876807025075443      2.4301936944167970      4.9172402603782821
Au      1.2783512622572202      3.8931808812112374      2.4672498661817173
Au      1.5087301697179991      5.3900917287501802      0.0061042664998290
Au      1.7668288974246309      6.8695920140328468     -2.3990734918402588
Au      5.2676865161564361     -0.7886953277807685      6.6555437485115974
Au      5.6229691030655591      0.7094828221521965      4.3185996656336130
Au      5.9025499318035166      2.1955729553693777      1.9019712621106351
Au      6.1583837686022669      3.7025198120349643     -0.5073375060285272
Au      6.2920128551182106      5.1627333521768914     -2.8953732354319293
Au     -3.3797550148964750     -5.2814295216091267      2.4770596815331984
Au     -2.1523413266745841     -4.9389895378701212      0.0043266537631190
Au     -1.8890089868679065     -3.3968729743068895     -2.3973499230713031
Au     -1.6642802384711075     -1.8431175963834656     -4.8148119845253756
Au     -1.4134535596593127     -0.3459495644930470     -7.2046301043041741
Au     -1.4108425618151168     -0.0355584269866362      6.5228149915914884
Au     -1.3716006370469271      1.1129469917234447      3.9704872425689999
Au     -1.0881739933854657      2.5924512911173201      1.4990908784901436
Au     -0.8331504243823709      4.1107012860359884     -0.9817892374171109
Au     -0.5960248323652304      5.5931866886836392     -3.3982652878221877
Au      5.0983442470787281     -3.6754042703303877      6.5742623954315462
Au      5.4322569388307400     -2.1205302669183510      4.2437055476463854
Au      5.7123011000063695     -0.6192268278774957      1.8414456786029731
Au      5.9842093212967420      0.8737892663181297     -0.5656065331617057
Au      6.2433935337446123      2.3806050841998019     -2.9657799385390007
Au      1.9762235816094060      4.1215304278518170     -7.2703346090834362
Au      1.0580820306191510     -8.2301341333078639      4.1947661061577044
Au      2.2583512883853540     -7.9652421812236778      1.7379008213503901
Au      2.5216263450845284     -6.4789918426541124     -0.6013210649355507
Au      2.7762804329429480     -4.9850952180995804     -2.9694653262337134
Au      3.0113936323212354     -3.4920594938647138     -5.3663159145812092
Au      6.4393578682758186      3.8440873721633100     -5.3769485741104930
Au     -2.0272733701018111     -4.5589704125020969      4.7959571659673372
Au     -0.7625057060215492     -4.1363065923575615      2.3937931383288280
Au     -0.4926020925152699     -2.6124973090054677     -0.0169008171529619
Au     -0.2272373014648719     -1.0975728956962278     -2.4433177832668775
Au      0.0127649778840417      0.4366370803188451     -4.8823431316874579
Au      0.2247152175770650      1.9272754792442774     -7.2618108422751035
Au      0.8560696511830796     -1.5207619859451995      7.4806361689142840
Au      0.7994090164051645     -0.4478737013578922      4.8883821589488043
Au      1.0798513591094099      1.0279465981469675      2.4333248103786929
Au      1.3543551414857062      2.5267746001038844     -0.0152127168757872
Au      1.5940805290360986      4.0441955133164198     -2.4743616366988697
Au      1.8076109474584070      5.5382221196814960     -4.8560573556352509
Au      6.0910047365936997      7.7682456998068394      2.0109610203092814
Au      5.9120801632430187      6.3628664688227738      4.3878400974303737
Au      5.5914253455134073      4.8957740778800600      6.7143359354726542
Au      1.6220582374184345      9.4966531274351489      2.5068906931274348
Au      1.4101926638308671      8.1861648650072354      4.9516551604849681
Au      1.1544922749956446      6.7416886770127071      7.2964464441470120
Au     -0.7155375534291255      8.3105076247338925      1.4885199340708652
Au     -0.9418121213431752      6.8325234080695472      3.9465564262043564
Au     -1.2007775674069157      5.5065209407783229      6.4479066636677551
Au     -3.0471109597097157      7.0215252532332553      0.5172267640169714
Au     -3.2845111872902240      5.5400197339471156      2.9740725684751652
Au     -3.5311969794837288      4.2809949893176942      5.4913900568270648
Au     -5.3343066697980763      5.6771492442867642     -0.3809693902230009
Au     -5.6752856620454128      4.2913045898399762      2.0291537868376750
Au     -5.8030935077368628      3.0579940804648018      4.4758362728187571
Au     -0.7545918181481825      9.5374249195827723      3.9211061117353978
Au     -0.9746236481183201      8.2137267697422516      6.2948686496337096
Au     -3.0774576415990951      8.3281413676132861      2.9709859216957959
Au     -3.3064132978446605      7.0335426981123508      5.3678185380431742
Au     -5.3377837215617134      7.0334671960994006      2.0032353662572007
Au     -5.5725233741495046      5.7745619372262054      4.3919202743106958
Au     -6.9062573799350329      2.0437299467473666     -2.7531961001251375
Au     -7.2133017010860296      0.5958938591450060     -0.3644993176533440
Au     -8.2748009456311475      0.0505004582728894      2.0440386752195074
Au     -6.2184646169564139     -0.2256522368139739     -4.2208189358425710
Au     -6.4647926575229064     -1.7833154511951959     -1.8024268770279441
Au     -7.6962672025874124     -2.2053788693838809      0.6800243032749869
Au     -5.4545218186650448     -2.5452249521841193     -5.6847091996679318
Au     -5.6796816512381039     -4.1115887323295706     -3.2723444333744247
Au     -6.9531164978362785     -4.4534407182103681     -0.7786214334181736
Au     -4.6606245713617405     -4.8845137563211782     -7.0277088372458447
Au     -6.9826955011930369     -4.8039530668198722     -5.5555646797829503
Au     -5.2275603374338413     -8.9099730177339165     -3.4849947046041869
Au     -8.5260001214821077     -0.2266916764085254     -2.6945176438187204
Au     -6.1712092316038714     -6.6993880963344807     -2.2344107893382308
Au     -9.6126168014397368     -0.6004588166321465     -0.2526490648346496
Au     -3.9851465259768841     -8.2758586955313937     -1.2060653668194092
Au     -7.8119047646715973     -2.5185012106732039     -4.1825225553545167
Au     -9.0120114036069801     -2.7992666589698860     -1.7280703341244532
Au     -0.1277302071677884     -6.4097119812560610     -7.5307821890762305
Au     -2.5377423983634384     -6.5119994556019183     -6.2170329839255540
Au     -2.7286928167510172     -8.0211637221004821     -3.8801672154146285
