         216
Au Au   -791.88310512   nogrup     0
Au     -2.5679152574588451     -8.4602375817032378      6.6161787151787941
Au     -1.6991764917176968     -4.9585504712625621      5.8887384894388433
Au      0.1600168871407388     -3.7224245865387999      4.1575065285329451
Au      1.9808292144678523     -2.4613798701418066      2.3976648581599527
Au      3.7959535646753553     -1.1894406399228670      0.6278891999006895
Au      5.5973147735535473      0.0885490785681977     -1.1409221649642447
Au      7.3617094977396986      1.4010873330867986     -2.9267326482682066
Au      7.2292570028243697      0.7818725608398767     -5.6484996704328907
Au     -0.8371895945615691      4.6450279897678142      8.9674244985812308
Au      0.9552352863301925      6.0046278261501698      7.3966160209430605
Au      2.7605266239764852      7.2677915315292658      5.6382357885188306
Au      4.4726470948307258      8.3600654397721961      3.7929279902002584
Au     -7.1845824881788918      1.5637309803983359      0.2759892130873958
Au     -5.5286207446482152      2.8582203137207842     -1.4997253944842690
Au     -3.7096832065530903      4.1367348893408362     -3.2745239665160586
Au     -1.8422467154899629      5.3056609987545045     -4.9295508153614289
Au     -3.7257510059715737     -8.5304096146599733     -3.4097042388817407
Au     -5.5515620165045902     -4.7376820004891051     -7.0158610149454148
Au     -2.8834528580261667     -5.4575772957763569     -7.0424906958511730
Au      1.6405076514932238     -4.7496005913193393     -8.5520249141531615
Au     -3.4312200769781862     -6.1201730138292572      7.6128651831222491
Au      1.0755995406796002     -5.5725872689650782      6.0110505499747440
Au      2.8893626078745722     -4.3330245694391039      4.2313055210653943
Au      4.6994556147382722     -3.0795234339252406      2.4518840763678327
Au      6.5013115599533720     -1.8160248179979082      0.6741128070886333
Au      8.9217295233672473      2.1585465696969259     -0.7182622350962902
Au      9.0610222362542139      2.5776192196270418     -4.6780606904835711
Au     -0.7873281530266898     -6.7604068888284488      7.6897252330365262
Au     -0.7135741694960623     -7.4452850162056841      4.9822891988709017
Au      1.0761122602450279     -6.2065662311469953      3.2351233504024428
Au      2.8763513633453739     -4.9687009471783945      1.4748164940990982
Au      4.6726625424876573     -3.7110841795467557     -0.2990788054574551
Au      6.4610729818556862     -2.4420407912755664     -2.0827257684698957
Au     10.4814075695305213      3.2485934515677464     -2.5729293194768790
Au     -3.6633502700194591     -6.7326175701193254      4.8982590854701371
Au     -1.7795365566296224     -5.5989466054373569      3.1434963453121547
Au      0.0754585789160895     -4.3356042763942160      1.3876032720933082
Au      1.9022825121296498     -3.0681892527592023     -0.3750196939370696
Au      3.7089700430926245     -1.7876801834294058     -2.1433713225945521
Au      5.4735167426904656     -0.4702802414612970     -3.9312204870782068
Au      8.1500267307032921     -1.1193161813777035     -3.8445428627901030
Au     -4.4448469511988282     -4.2301152441971848      5.8519255945413811
Au     -2.6883074424179676     -3.0270802493420259      4.0731610192593024
Au     -0.8251240991244074     -1.7689510847538648      2.3064641297877699
Au      1.0050270974045228     -0.4931286440778715      0.5301590102940423
Au      2.8245118303068075      0.7922882241347562     -1.2514429166028798
Au      4.6185660493857954      2.1027731140134005     -3.0529571097439430
Au      9.9755407107210914      0.6910137078329637     -2.8889881469145227
Au     -2.8166209273462028     -3.4609926079914644      7.9706859555238943
Au     -1.0423924986674382     -2.2233602442916904      6.2629007977004711
Au      0.8245678143718176     -0.9825925791562415      4.5238842686811473
Au      2.6443453188919221      0.2794180507326942      2.7622894616016040
Au      4.4484930121443877      1.5548936295359637      0.9923604161690527
Au      6.2217524947836660      2.8600974141740489     -0.8053527838311538
Au      6.4121168675927338      3.3163629721272221     -4.7785848152766590
Au     -3.7167001671502455     -7.3474214432442366      2.1317507636003548
Au     -1.8465129554976274     -6.1982804215401313      0.3831589385370080
Au      0.0074549666122450     -4.9336748955728869     -1.3860414133892114
Au      1.8204864521455324     -3.6566341596461154     -3.1405178870933863
Au      3.5985650688208901     -2.3326010617747333     -4.9268980433758607
Au      5.3725151680656857     -1.0653588484428793     -6.6297687471868674
Au     -5.3862767626247861     -2.3155332707624812      3.9941256362765074
Au     -3.6318905399055286     -1.0879289437342177      2.2290733451297378
Au     -1.7746814365685422      0.1862807699253564      0.4467019990900774
Au      0.0499050428511409      1.4686196382217354     -1.3319636142292062
Au      1.8666394734962237      2.7748468098749139     -3.1350082842539120
Au      3.6736279032622150      4.0012921779333048     -4.8501011728460455
Au     -2.1592638150194876     -0.7553082927031163      8.3257860602343108
Au     -0.3824911424574315      0.4974223825131086      6.6241204936807954
Au      1.4881306246607320      1.7495253523601102      4.8852968363812757
Au      3.2897994219275377      3.0102385950270452      3.1303818165522870
Au      5.0588740908485503      4.3058846553154142      1.3211807918746103
Au      6.8088584470240159      5.5285511581595896     -0.4232331034094123
Au     -3.7838040324074722     -7.9455384579259150     -0.6378910511037823
Au     -1.9029075908164996     -6.7773104431860922     -2.3973327849563510
Au     -0.0798674309552392     -5.5270865936815863     -4.1790873394651467
Au      1.7090005176222598     -4.1964138967666802     -5.9099040418843423
Au      3.5142253891871036     -2.9265318627947190     -7.6182502344570064
Au     -6.3181576189883311     -0.3805339792704663      2.1387005737832467
Au     -4.5605486234701473      0.8694711545936711      0.3673241949211388
Au     -2.7412647157636769      2.1580878163829142     -1.4187342729254340
Au     -0.9068487729278901      3.4378831702993571     -3.1970988658629249
Au      0.9176777546034325      4.6774842122643028     -4.9152398839780584
Au     -1.4980337946706641      1.9601035834739156      8.6796122286304112
Au      0.2835457952338378      3.2285413693424809      6.9641994170543988
Au      2.1249427679235908      4.5151839486708667      5.2694781065514746
Au      3.8856698803069989      5.7495037494498114      3.4549053623673629
Au      5.6620248908381425      6.9703946441787998      1.6996842134862966
Au     -2.7412701649650644    -10.2237047038489042     -1.5495371848636879
Au     -0.9964120657795489     -9.1731589895320802     -3.3336560315975117
Au      0.7959116002021167     -7.9363861823119262     -5.0736821015011753
Au      4.4222878364334184     -4.8136955729185580     -5.8225058324863426
Au     -6.4557412554052966     -0.9955814172346660     -0.5928356510422184
Au     -4.6331132142522664      0.2776915149074295     -2.4004972034153038
Au     -2.7927653672032848      1.5748199746246963     -4.1974362399889902
Au     -0.9322432855831332      2.8684750035895217     -5.9687873591257929
Au     -2.5228151735932292      3.8942337723685725      6.9446387028432603
Au     -0.6696558422089217      5.1925360256472617      5.1985043150676979
Au      1.1767959895661266      6.4846013693827347      3.3998674221621954
Au      2.9839436053332324      7.7459980703625284      1.5776956165747258
Au     -5.5816755347744413     -3.5483639129724409     -1.5261362114276693
Au     -3.7642341024966250     -2.2993070734908505     -3.3174885307636668
Au     -1.8958248099890813     -0.9790285733028901     -5.1433791665503961
Au     -0.0450763111869175      0.3154831455083853     -6.8981944200198040
Au     -4.1294547854705730      3.0936310185000968      4.7501502136285865
Au     -2.3029059888519616      4.3605398357641274      2.9867877643359328
Au     -0.4069825762607155      5.6874211739876293      1.1402168311611973
Au      1.4021165046043182      6.9617594996995429     -0.6406197586415985
Au      1.1904431348379472      1.3071848669827237      8.7478165661675718
Au      3.0807393977159636      2.5310059488278087      7.0842821619447278
Au      4.8869283234521594      3.7933660093621304      5.3240383558867848
Au      6.5763383840034413      5.0731180644052518      3.4987894414742904
Au     -4.7021077848880273     -6.0818805674035818     -2.4806833436368709
Au     -2.8591383383503586     -4.8497449100476082     -4.2646196529644040
Au     -1.0309291052013287     -3.5553814146431364     -6.0545956573955380
Au      0.8263442153691209     -2.2364901740062821     -7.8167423834048204
Au     -5.7263645991557572      2.3237938475705278      2.5279625191232924
Au     -3.9117359572116697      3.5953194453727328      0.7350044663945141
Au     -2.0563930487227271      4.8952290632407029     -1.0719475121462594
Au     -0.2165252662740591      6.1770522721436194     -2.8393700171610430
Au     -2.6945167263047658     -9.6732985179770345      1.1651290071393490
Au     -0.8436563420699069     -8.6416895735772314     -0.5581223307023713
Au      0.9254065841901866     -7.4212169662312704     -2.3326635120938821
Au      2.7189410004047145     -6.1646833679619313     -4.0734685344766746
Au      6.2873758638017616     -2.9590113234643338     -4.8312053076998787
Au     -5.5241928595772851     -2.9267132096570494      1.2413175425185372
Au     -3.7094989853686657     -1.6977689654864703     -0.5482767275829268
Au     -1.8477967132513622     -0.4087252958445786     -2.3384141084615511
Au     -0.0234200989780293      0.9054920182857025     -4.1495382957346774
Au      1.8123678200467523      2.1849814555304778     -5.9001773608568726
Au     -3.1723815708304159      1.1700368737669971      6.5901491008632362
Au     -1.3756350816882941      2.4430853965374717      4.8121672948444605
Au      0.5015349138869047      3.7239577517991611      3.0362502084415901
Au      2.3178416027292958      5.0287773473103474      1.2138565692963077
Au      4.1447257206368056      6.2886417820155289     -0.5473443543007015
Au      0.5286133265415720     -1.4063179220344457      8.3966411234135876
Au      2.4054130952024089     -0.1842943002579993      6.7328182853325629
Au      4.2389723042900682      1.0648757231955037      4.9588983953610679
Au      6.0422341061146074      2.3528563144042991      3.1865799083350659
Au      7.7264936033366896      3.6275581801967780      1.3809861121442815
Au     -4.6524293756300050     -5.4449551202255719      0.3015628304226361
Au     -2.8244937803717369     -4.2450949235870734     -1.4722954855429471
Au     -0.9663674924574335     -2.9583724798002349     -3.2566441423044683
Au      0.8454143680475745     -1.6371012842378860     -5.0620678539518096
Au      2.6898439549330959     -0.3737899876904676     -6.8163900236761723
Au     -4.7880434388428776      0.3837129417133758      4.3756402351418409
Au     -2.9849635568606283      1.6506973377343765      2.6048574927467136
Au     -1.1139552031645341      2.9356570883940032      0.8125258346164905
Au      0.7196171584525870      4.2457737398623836     -1.0032527849751709
Au      2.5399532545638319      5.5061168312977511     -2.7703906161916851
Au     -0.1267709269363551     -4.1122746601610061      8.0457537733874886
Au      1.7498188518119715     -2.8971621001929302      6.3765886787408910
Au      3.5815069294344291     -1.6516358209250068      4.6028312332964667
Au      5.3962954839643942     -0.3884208239816571      2.8295855908645891
Au      7.1893347896543842      0.8914568003737733      1.0596018028941110
Au      7.9712880973009979      4.1195203043269020     -2.5800091505137548
Au     -2.6356121149875360     -9.0713929934599307      3.9226322525204118
Au     -0.7928399420332759     -8.0475014709000998      2.2133434379531565
Au      1.0069321255803940     -6.8065215084102828      0.4562406765869476
Au      2.7980403588961318     -5.5674907647687775     -1.3039128702145888
Au      4.5877798116425446     -4.2972822416798948     -3.0843581790281718
Au      8.2910014939365944     -0.5533378340434592     -1.1049758316315312
Au     -4.5891161928944628     -4.8330250344533106      3.0748885347072239
Au     -2.7561259566531233     -3.6446257294719988      1.3017496023959332
Au     -0.9001748608788248     -2.3714617602218198     -0.4757080530585434
Au      0.9287710925240513     -1.0829294382438448     -2.2580115173355200
Au      2.7289249606141786      0.2336665058343055     -4.0637975732674274
Au      4.5522508022226189      1.4936197756722152     -5.8211934406311485
Au     -3.8311328233440189     -1.5408689427505990      6.2236235271154499
Au     -2.0387857737788160     -0.2858360298214739      4.4442369520867508
Au     -0.1669535139282883      0.9798164878507976      2.6727201029446128
Au      1.6638345232938896      2.2624818763939296      0.8894371452831322
Au      3.4711142957303815      3.5708706355533364     -0.9210880619673070
Au      5.2804134091355763      4.8308569856544725     -2.6800952778513487
Au      5.3822204870434787      6.4716923566331985      5.5823663701947019
Au      3.6608213931760165      5.2552979460764142      7.3753659368518960
Au      1.8393783855442889      3.9936945416550138      9.0341985987292333
Au      1.8092843156644656      9.0973405086310954      3.7342652576971211
Au      0.0269730331675331      7.9309851515263414      5.5681738486409103
Au     -1.7866905919925511      6.5822273133259239      7.2381129547536922
Au      0.2517061454446645      8.4081271375509292      1.5096387945400060
Au     -1.5658791603676658      7.0688159482444792      3.3149197039027847
Au     -3.4495531387734832      5.8201711692069562      5.1155121956844312
Au     -1.3413066250354313      7.6256839963781982     -0.6898795609337824
Au     -3.1678940110613656      6.2819924253542316      1.1056417420538374
Au     -5.0446797184419303      5.0364921138477152      2.9168448382382692
Au     -2.9396843145256133      6.7825934248475983     -2.8141683699258770
Au     -4.8329346259715900      5.5616175639622272     -1.1222049598023176
Au     -6.5443758702506418      4.2610951146077740      0.6954766523504397
Au     -0.8956507152181665      9.6623438525432164      3.6554645812234590
Au     -2.6605669527281397      8.4284535376157503      5.3750342310458628
Au     -2.4896451807131035      8.9461754089787533      1.4950062717215964
Au     -4.2629119124808010      7.7067764423334442      3.2222149445912933
Au     -4.0311189877077531      8.1355154001090764     -0.6623460621712596
Au     -5.7986477566113495      6.9001892178986228      1.0586281230637908
Au     -3.6548132213179967      3.4511586470477731     -5.9660891087505394
Au     -5.5507274065305632      2.2414311477126048     -4.2445312199094900
Au     -7.2769234010848676      0.9150084591686705     -2.4427800794859760
Au     -2.7677576902168042      0.9966021113745871     -6.9539731582426327
Au     -4.6597403494315222     -0.3295274088313844     -5.1734101606375589
Au     -6.5030838106551547     -1.6122222218107636     -3.3313553899294011
Au     -1.8812058765195814     -1.5830880001170193     -7.8900582062315276
Au     -3.7806886910256727     -2.8802840342767793     -6.1023002688182721
Au     -5.6163309617711059     -4.1855012830278362     -4.2818190581446078
Au     -1.0382032197813527     -4.1243840872852875     -8.7079017726720824
Au     -3.7349046003211370     -3.4727672820954290     -8.7620291809457456
Au     -4.6555041860220445     -6.6445342258461171     -5.2185851923626139
Au     -5.4883098527872862      1.5977654618161741     -6.9189729025699496
Au     -6.5320901892806056     -2.2522617801147016     -6.0389530270766478
Au     -7.1773130556544409     -0.3212072500600884     -7.7765603168870783
Au     -7.3062214946811297      0.3303830445858118     -5.1604301499841725
Au     -4.5622990726836985     -0.8823658106782961     -7.9365746924785530
Au     -6.3344571027964554     -2.7525286712082995     -8.6634620934436537
Au      2.5413563457104162     -6.6245435006919777     -6.7643606783671224
Au     -0.1501935196079252     -6.1175977239114463     -6.9689364690367608
Au     -1.9565835601753518     -7.3836214931670163     -5.2088055715753487
