         216
Au Au   -792.02442846   nogrup     0
Au     -0.8738426747067836     10.3451367409426496      0.9458417426307024
Au     -1.4324545585233452      7.6733354259702882      1.1440969055344867
Au     -2.1223257981683696      4.9424759123566178      1.4138285814865492
Au     -2.7511661204083167      2.1921636404528471      1.6482725166148251
Au     -3.3570143443388911     -0.5729063235585210      1.8690975728581991
Au     -3.9362838696872204     -3.3363598676447426      2.0749965958056640
Au     -4.4531670170148372     -6.1130785848354465      2.2451146085539504
Au     -5.0624384876853181     -8.7714496516638540      2.4725424444432820
Au      5.0386574512597750      3.8256030085598427      7.8414292680957933
Au      4.5505852186836311      1.1068602671446808      8.1435895298614156
Au      3.9464669305704385     -1.6503145304221727      8.3637837944026749
Au      3.2501207532588761     -4.3372076374351218      8.4933297832204460
Au      6.1226368144726671      2.6768522890835138     -3.3374960323968921
Au      5.6508419376198926     -0.0279461726348433     -3.1896716494636674
Au      5.0419991963597308     -2.8066790766296217     -2.9677550638409702
Au      4.3417783836336650     -5.4509228227730544     -2.6883924822868988
Au     -3.9505459396228755      4.5228830747683633     -8.0899970330676698
Au     -4.5632027267082371      1.8138042907359271     -8.0086411116041969
Au     -5.1673191867718664     -0.9433709558993657     -7.7884456370158173
Au     -5.7390752048250748     -3.6399291128387263     -7.4380941382424899
Au     -2.0333759630609025      9.3284972551562042      3.1752834723241703
Au     -2.7120764863677147      6.6950236788766730      3.4781808415170845
Au     -3.3503696605931488      3.9488637655272467      3.7146696677644266
Au     -3.9680364583510732      1.1841955019210362      3.9413511079317152
Au     -4.5631717083207013     -1.5863125283204065      4.1567217200975604
Au     -5.1321922775015274     -4.3502806361116884      4.3602853416017266
Au     -5.6198555473804994     -7.0400406323816833      4.4825156993874851
Au     -3.4177626420877329      9.4358810452311879      0.7217605082236735
Au     -4.1265547338141806      6.8047414480515602      0.9713257521866536
Au     -4.7618813520021392      4.0583512426396036      1.2130700995168189
Au     -5.3788385215951839      1.2936281786738686      1.4410066953137823
Au     -5.9746814995339479     -1.4768246625112633      1.6551223200986760
Au     -6.5466673897209526     -4.2405625569704304      1.8534302669151641
Au     -7.0042385515127021     -6.9326566637112146      2.0289921118565397
Au     -1.6128990753335648      8.9888929798688544     -1.3295937323566696
Au     -2.2442428155814165      6.2529714405407022     -1.1218912835960699
Au     -2.9155076103038144      3.4904913433296607     -0.8676944450778681
Au     -3.5365030863103675      0.7237292357871601     -0.6404243349397865
Au     -4.1294998433990715     -2.0501303531427046     -0.4252069754071428
Au     -4.6759190340089640     -4.8451215621930741     -0.2355705735255951
Au     -5.2460439683051439     -7.5926583532791740     -0.0053489539903842
Au      0.9074031103358826      8.5400623036026442     -0.1382191402351252
Au      0.3423150949439506      5.8137194345793928      0.0613025790697996
Au     -0.3254735728476721      3.0339831684533101      0.3164357017959594
Au     -0.9485543350641508      0.2514586324039829      0.5462210932949665
Au     -1.5462908072092025     -2.5377849216203971      0.7614114223613138
Au     -2.1030741081525530     -5.3469490917493170      0.9526226725958002
Au     -2.7291691979145263     -8.0571193595022130      1.1872756836611105
Au      0.6376768032710072      8.8143197639366093      2.6590600452294799
Au      0.0309350878027921      6.0764899719523919      2.9103663430874347
Au     -0.6372097194662749      3.3137679440406194      3.1700969619173867
Au     -1.2564734145440140      0.5468714155712400      3.4004395404021546
Au     -1.8512041321651020     -2.2268538234993889      3.6125845786696464
Au     -2.4007462895126928     -5.0216023327029786      3.7966883083931799
Au     -2.9954744351174130     -7.7672305854808590      3.9833064469078758
Au     -2.3963025900891850      7.5211758043633719     -3.5903905775551599
Au     -3.0339277781192919      4.7905849334536299     -3.3858664936612843
Au     -3.7050420740177961      2.0190170769029869     -3.1452224742666957
Au     -4.3111693184681394     -0.7473318730485836     -2.9242949297982710
Au     -4.8610504204931857     -3.5483582658483330     -2.7198981837247231
Au     -5.4231434676580994     -6.2932442536370390     -2.4871369553222866
Au      2.6652344568661994      6.6147173371697034     -1.2143316343985138
Au      2.0898732476073194      3.8952415802358380     -1.0087121552804339
Au      1.4430780686868847      1.0924446872083111     -0.7664330469412564
Au      0.8321938913940352     -1.6956084496907300     -0.5437718509493568
Au      0.2471721695311873     -4.5147824452850900     -0.3370656061265338
Au     -0.3669322579727572     -7.2239876369807687     -0.1091363381763539
Au      2.1095523376526222      7.1716638713789127      4.3952573497418035
Au      1.5024728220083652      4.4387036815784793      4.6539224405754807
Au      0.8456496619833294      1.6660272758821968      4.9198999478281449
Au      0.2395203940723847     -1.1003214269833927      5.1408273337425454
Au     -0.3246562864161748     -3.9002382188416336      5.3198909887448229
Au     -0.9172985203402568     -6.6427539416591683      5.4985120864586259
Au     -3.1768261160667866      6.0423929502420020     -5.8583840317865379
Au     -3.8380125579177218      3.3008699056575681     -5.6630337885552215
Au     -4.4962013532375522      0.5491499887475335     -5.4593902811596138
Au     -5.0483524548934851     -2.2230987483195070     -5.2218756025675521
Au     -5.5932668570933854     -4.9861924790514509     -4.9776138533133283
Au      4.4174510413388139      4.6665843613283489     -2.2882720307378204
Au      3.8421048021138464      1.9368606246407625     -2.0831095201944390
Au      3.2392851378024443     -0.8587200280447496     -1.8653279064814123
Au      2.6181039460324773     -3.6494336524166995     -1.6369736115206823
Au      1.9997432774444031     -6.3677545158406188     -1.4070418272805574
Au      3.5886537319469314      5.5176045974148424      6.1319650487490192
Au      2.9768077267564843      2.7722544235989073      6.4147674939226862
Au      2.3590446967547822      0.0173990025589577      6.6900622381460524
Au      1.7664623446573247     -2.7517127782537232      6.8559246475610811
Au      1.1722026432331674     -5.5109783102984773      7.0127344987257088
Au     -5.7747918795049715      5.1717482214352914     -6.0332004096439489
Au     -6.5306960851782891      2.4439998611794831     -5.7377480736877366
Au     -7.1421870172417110     -0.3468342089716465     -5.5148656546970081
Au     -7.5986058746666076     -3.1521039234462451     -5.3684376492549060
Au      3.6796967652943016      3.2565028986362732     -4.5914970021737336
Au      3.0785281836558558      0.4694707744206914     -4.3643308749529908
Au      2.4582096330043139     -2.3616444087637580     -4.1382309818039467
Au      1.8387718365348806     -5.1454268523819637     -3.9204988607682614
Au      5.3942432037674806      3.6364681992111505      5.0961815886629536
Au      4.7825300987476469      0.8616197060494626      5.3452066946022354
Au      4.1663314474756268     -1.9506870737749642      5.5698040912359010
Au      3.5608130755102696     -4.7312360015023538      5.7644460161919797
Au      1.1228450816227300      3.7349884317532878     -5.7898149429166130
Au      0.5032229182241335      0.9697846095954397     -5.5624295983350072
Au     -0.1302815748489410     -1.9215169927053308     -5.3315232765620113
Au     -0.7238803056763641     -4.6934261950689065     -5.1167005257301925
Au      5.6697727772704338      3.3822886251730542      2.2686309795682709
Au      5.0511808019055664      0.6170058676201755      2.4978455497976091
Au      4.4176734548074013     -2.2742952228493776      2.7287518387975132
Au      3.8230410622805651     -5.0461241691307164      2.9417447079757588
Au      2.3604715920326478      4.5407092641243887      8.3847979289735548
Au      1.6145422368100695      1.8121873625668483      8.6979359804606489
Au      1.0030481981255255     -0.9786457897862908      8.9208185040404153
Au      0.5366483423308772     -3.7831410335815034      9.0495600891559853
Au     -1.4270839040167544      4.1655897290640524     -6.9931491035970890
Au     -2.0604349285288839      1.3924189259320388     -6.7824777006656367
Au     -2.6766309502459400     -1.4198885063563020     -6.5578800170765215
Au     -3.2605068065531579     -4.2021164882528259     -6.3248828867668720
Au      5.9513822594261292      3.0802899832117943     -0.5654274215582022
Au      5.3417146565221731      0.2939180430909456     -0.3533210586362534
Au      4.7213943460711576     -2.5371970643402220     -0.1272208616013462
Au      4.1104535896151795     -5.3216384867536073      0.1055718410702502
Au     -4.9930952232173800      6.6193670057796909     -3.7916171829906649
Au     -5.7261020644045528      3.9281770682578538     -3.5325518424719737
Au     -6.3574943432080149      1.1311634563643773     -3.2782711994458209
Au     -6.9545080274710278     -1.6782401443405535     -3.0848101598806803
Au     -7.4153393944168124     -4.4356933807986065     -2.9087330036384325
Au      1.9211311028146196      5.1959438928642045     -3.5157836084966805
Au      1.3061729275206229      2.4322769417074142     -3.3039465189817303
Au      0.6657090622939963     -0.3906160138371400     -3.0647027987880593
Au      0.0666825361252488     -3.2247212788943047     -2.8521639893493749
Au     -0.5300016813750550     -5.9909587866841791     -2.6223689461771427
Au      3.9104288496758115      5.2958525625443604      3.3463001340878558
Au      3.3055805766787341      2.5349082954465407      3.5856202637962271
Au      2.6599541088879315     -0.2769718976708209      3.8296387938416663
Au      2.0700359738635639     -3.1040691365802564      4.0359629048113304
Au      1.4643784720399102     -5.8678252971633933      4.2378596973272797
Au      0.9033855777601023      6.1619870810321480      6.6586177728301612
Au      0.2017801661705905      3.4683616397182631      6.9733408059512181
Au     -0.4470863114316832      0.6727035642354240      7.1966586028743320
Au     -1.0266314422100664     -2.1380547477684670      7.4210827410364031
Au     -1.5188684863795774     -4.8930716072450826      7.5415018214236769
Au     -0.6375420419736262      5.6486328965223684     -4.7139934043503731
Au     -1.2585238856817900      2.8889392568713772     -4.5032708478960437
Au     -1.9065392681553028      0.0772435325595202     -4.2634900234815483
Au     -2.4940639916155769     -2.7500395411114793     -4.0529277240498658
Au     -3.0835844928070646     -5.5150477588668325     -3.8224330088009606
Au      4.1940380965460387      5.0196370141958306      0.5124500199747279
Au      3.5912078378922008      2.2550295866941683      0.7457844251822037
Au      2.9495319294042637     -0.5677688009919866      0.9828825416593245
Au      2.3517148082640045     -3.4019679608043463      1.1975668456287343
Au      1.7429001581292549     -6.1672644398834153      1.4058650605539862
Au     -0.5772671239693268      7.7781490773806814      4.9301995924646418
Au     -1.2680126517067603      5.0940168566807333      5.2442511039245963
Au     -1.9137455698157213      2.3243961918837384      5.4754000668307912
Au     -2.5237816104116568     -0.4597812509888710      5.6977511583115943
Au     -3.0956136078834433     -3.2470717289799582      5.9103905722064978
Au     -3.5937540601243763     -5.9889597395253906      6.0296756854232418
Au     -4.2218770009043185      8.0608547727826672     -1.5290774727589529
Au     -4.9483325391046291      5.3794923949995415     -1.2783193074268215
Au     -5.5838225987448995      2.6090772071114614     -1.0290227962201621
Au     -6.1938571746651485     -0.1751001370957859     -0.8066717407153003
Au     -6.7759278363009878     -2.9615970201293242     -0.6121799725768629
Au     -7.2383551259823564     -5.7062555714916643     -0.4296029676239135
Au      0.1558182265426620      7.1151952234660314     -2.4369078762708893
Au     -0.4569751211136119      4.3561196970314526     -2.2269043941076916
Au     -1.1124386389615415      1.5595664511792613     -1.9808839757032386
Au     -1.7250588587481719     -1.2364129732844242     -1.7575899488000530
Au     -2.2997290545862956     -4.0541567607985955     -1.5552378510684663
Au     -2.8964133186647514     -6.8150987034723363     -1.3243986189791066
Au      2.4297435425693754      6.9388098618706024      1.5931296163746014
Au      1.8297725171182748      4.1787398684060255      1.8258608830226519
Au      1.1755235448781214      1.3820929991830075      2.0740374883129649
Au      0.5629027244741420     -1.4138863594972682      2.2973316505318584
Au     -0.0129852084927458     -4.2315356394643002      2.4975272915150120
Au     -0.6224940436100002     -6.9914823119406124      2.7056394388451919
Au      2.5205152024780317     -2.5755930101852114     10.4193625113763346
Au      3.0945933335047182      0.1406758434646971     10.2517135026778128
Au      3.7072726017246596      2.8407195249376924      9.9868038614657024
Au      5.6364481949102601     -3.5514553628834227      7.2003352367494875
Au      6.3161912756330345     -0.8183440527906471      7.0819851950249335
Au      6.8381901797723117      1.9332529299334098      6.7623150973088793
Au      5.9226034300393025     -3.9119164472898023      4.4555996465018781
Au      6.4863635758844298     -1.0830480188990590      4.2343449693724198
Au      7.1569973864945702      1.7218118566805547      4.0056777013829263
Au      6.1864201694044141     -4.1976496563896637      1.6508765620351911
Au      6.7495082424543105     -1.3656305860269624      1.4179105238942862
Au      7.4224518900527068      1.4435489823190446      1.2003570941909567
Au      6.4247568937919102     -4.3934056921564464     -1.1312877169776661
Au      7.1059351146011345     -1.6709932706136135     -1.4278320162981801
Au      7.6280988746561436      1.0985976384088092     -1.5698918720821347
Au      7.9104176738295715     -2.6827587342324675      5.8842186421898335
Au      8.5003582329930918      0.0097116601249141      5.6691927903704853
Au      8.2081124283476807     -2.9700538163196599      3.1457586191728160
Au      8.7994539210285758     -0.2711924347286860      2.9302221847100443
Au      8.4171837493265116     -3.2305448330506747      0.3933543559107715
Au      9.0063934886103425     -0.5414167079318881      0.1785950663638536
Au      4.1288482316712951     -4.2153137606511271     -5.2002952248821863
Au      4.8368194804542242     -1.4949797190534477     -5.4493524639774709
Au      5.3321868533214003      1.2766908009415978     -5.6388987923951337
Au      1.6347831728194873     -3.8445845749379410     -6.4159256372168949
Au      2.2313732159971109     -1.0151639938773380     -6.5895125700559944
Au      2.8708099843203061      1.7966151779569230     -6.8664447472677494
Au     -0.8883906811614035     -3.3835969614481600     -7.6154265360018787
Au     -0.3015797930186332     -0.5565158728216524     -7.7958267466724065
Au      0.3459991692149189      2.2501325285961533     -8.0653499091360654
Au     -3.3690609651070291     -2.8529098400969035     -8.7599975302494251
Au     -2.8137401624634899     -0.1101467911143583     -9.0988583436442845
Au     -2.1673220642633382      2.6317985958102277     -9.1980200529978369
Au      3.9007233268636865     -2.8802058669403143     -7.6111032407393431
Au      4.4899309896374433     -0.1910773370276910     -7.8258622346279276
Au      1.4496668303056435     -2.4458091225155352     -8.8321341300288783
Au      2.0410075447860345      0.2530528351594885     -9.0476713525968542
Au     -1.0343504474844263     -1.9889244822149843     -9.9684612779460036
Au     -0.4444097801657811      0.7035460462887597    -10.1834885878709969
Au     -7.6971463501873751     -1.7830258572250903     -7.6892515143395554
Au     -7.1550247145772028      0.9357230464881052     -7.9135334097876031
Au     -6.5103938383571878      3.6332891646462007     -8.1218114736834472
