         216
Au Au   -791.83165011   nogrup     0
Au     -3.5652044888597918    -10.3374846849582624      1.5207543273478272
Au     -1.7599104234751080     -7.2723336560451086      2.4660031260931845
Au     -0.0876151177506035     -5.4746374614335371      1.0675910788626375
Au      1.5515674271411131     -3.6350941103155874     -0.3228230305980659
Au      3.1867198698948078     -1.7807963050223927     -1.7116388414759598
Au      4.8088987074414025      0.0750097776206813     -3.0882220073736555
Au      6.3660141807720763      1.9660467660273380     -4.4531743930632963
Au      5.3947904709971333      3.1852751974259652     -6.7750028240737805
Au      3.0820121819497688     -1.8060722793920148      9.4712342117829778
Au      4.7766169983293008     -0.0039901365568999      8.2869142408742960
Au      6.4012686356638859      1.8376575141267582      6.9085929785212947
Au      7.8644459911782771      3.6120753195674586      5.4156285885868911
Au     -5.8959419559423960      1.9407824914333585      3.9374352788902129
Au     -4.3976070195634831      3.8353533246715648      2.6183521463636055
Au     -2.7557940180179070      5.6959887930349318      1.2252630637318553
Au     -1.0785207737184015      7.3914927990683452     -0.1553220298519982
Au     -7.1587698575406851     -4.0739671608072703     -5.5300198819040531
Au     -8.4140436752509480      1.3257613878682433     -5.4850402810309102
Au     -6.2542727457932052      0.4494936584968467     -6.9694125680761356
Au     -2.2975843366450617      1.3664181005243323     -9.5664711755093155
Au     -3.2926992484963873     -9.0232224856598435      3.8472341275695889
Au      0.5715217135623361     -8.1693253053062485      1.1053306340561058
Au      2.1917901053431992     -6.3332726271840860     -0.3086564148145179
Au      3.8133920145869435     -4.4864256614162974     -1.7137944542689034
Au      5.4296041433320426     -2.6344752595687515     -3.1126167491144514
Au      8.6370854004818725      1.0056480715500706     -3.1062875522788396
Au      7.8806302782707434      3.7031607591402445     -5.8196787871483817
Au     -1.1003891229859799     -9.8965568355458231      2.4918189687789045
Au     -1.9493562121191044     -8.7716629154603467      0.0800862263451734
Au     -0.3433380845318266     -6.9539462940012049     -1.3004886632154111
Au      1.2685068628010399     -5.1300684179152301     -2.6953319802022797
Au      2.8790398172669391     -3.2817764720796729     -4.0889305624205114
Au      4.4806216086810036     -1.4164957294141258     -5.4841313624038452
Au      8.4876442205373763      1.1110207293677501     -5.8476974540958988
Au     -4.3954855227903540     -7.7993618768490540      1.5926918689322136
Au     -2.7424616746786441     -6.0703784826381453      0.1123334126008473
Au     -1.0711113766770120     -4.2364650426260999     -1.2883983583887577
Au      0.5741076365519082     -2.3919602771508695     -2.6803221197196052
Au      2.2027268648243927     -0.5315778953185522     -4.0615880794671462
Au      3.7942290212449308      1.3713463099737693     -5.4305001187952051
Au      6.0265109124244418      0.4853743026196113     -6.8029391160175052
Au     -4.0045317174894643     -6.3425043881982370      3.9390431811329130
Au     -2.4489550428794375     -4.5289053388841767      2.5290890838258022
Au     -0.7743937429609526     -2.6933768988674034      1.1143295841987886
Au      0.8739381433395979     -0.8345576264770775     -0.2844380468814300
Au      2.5147478240535897      1.0356773394193821     -1.6769065170701793
Au      4.1350805611824262      2.9406136326369814     -3.0584487510980338
Au      5.7375900796618993      4.7270917302790076     -4.4655688009046237
Au     -1.7340267170220585     -7.2505403254775525      5.2628380641861945
Au     -0.1325228152112397     -5.4555164885539780      3.9165738864595880
Au      1.5477161785042686     -3.6495907869592203      2.5115296092325892
Au      3.1887694084305229     -1.8063208904003618      1.1195820670572303
Au      4.8232575671739486      0.0575116840981806     -0.2656400330296478
Au      6.4615787928175372      1.9585590961711921     -1.6387965082824678
Au      7.9823346727353073      3.8058184818488896     -3.0767559555763242
Au     -5.3504605976282988     -6.5673442128867139     -0.7742876969846719
Au     -3.7031064161643075     -4.8286962995994296     -2.2364103712099812
Au     -2.0360300576996915     -2.9858241936640839     -3.6462225981506116
Au     -0.3986181266978361     -1.1374381364980257     -5.0222551628056493
Au      1.2136932926566733      0.7703566784056015     -6.3861221240390904
Au      2.8266997738057853      2.5841528227791040     -7.7170569047594633
Au     -4.6666714841721237     -3.5916081838098917      3.9419360716647596
Au     -3.1007836947407865     -1.7673010657150252      2.5560932463602803
Au     -1.4296520214069857      0.0907832129658903      1.1404771921193202
Au      0.2160328725280629      1.9563496560150968     -0.2546549640826328
Au      1.8589688253312140      3.8549082022662358     -1.6518019284117571
Au      3.4831103553276286      5.6405217956213773     -3.0276773254763683
Au     -0.1223886599984811     -5.4462196804220886      6.6840653436786432
Au      1.4886442527156261     -3.6436487544199609      5.3497205319620562
Au      3.1766515507208579     -1.8297215667880797      3.9495154819794251
Au      4.8029433456561730      0.0105770376688783      2.5684081163588424
Au      6.4115547292454647      1.9126225452487908      1.1806239055566721
Au      7.9848159569769663      3.7729484931135522     -0.1781479412905220
Au     -6.3132754649980836     -5.3186471122707060     -3.1292359676306738
Au     -4.6525562838156915     -3.5600326885100495     -4.5939312746188605
Au     -3.0217402609499451     -1.7169755115843079     -6.0086085717631317
Au     -1.3818646663109317      0.1611890077094325     -7.3301780060431856
Au      0.2585210205456456      1.9765284371732799     -8.6744030752623580
Au     -5.3118947358934445     -0.8272055451976890      3.9533210135671766
Au     -3.7364585044126852      1.0177630558406259      2.5732116393063400
Au     -2.0948347917517092      2.8936869171131647      1.1774776344576807
Au     -0.4391759137760634      4.7548860224737819     -0.2233536047479738
Au      1.2071468997230292      6.5492302155702316     -1.5970395098296244
Au      1.4939640751868604     -3.6348865924388543      8.1094135680757233
Au      3.1114961155286398     -1.8126535273521815      6.7725740601862512
Au      4.7945388925165062      0.0031013181687802      5.4364132527618096
Au      6.3565543369528648      1.8623269503318847      4.0184888230945184
Au      7.9423897256312763      3.6752504442866822      2.6460381542202569
Au     -6.3813877537616612     -6.6593355744803810     -5.4325228471286096
Au     -4.8903848029036583     -4.9602008213845847     -6.9222404890957048
Au     -3.2816533556904539     -3.1496398058629742     -8.3004137758191501
Au      0.8828823771563785     -0.7108251338226488     -8.6955777981433631
Au     -6.3332985847737993      0.3938614720741702      1.6462272504384927
Au     -4.6999479555006367      2.2711791515037616      0.2247157223897638
Au     -3.0389878805352231      4.1578198612097044     -1.1833745891584329
Au     -1.3548232910621183      6.0226574927886389     -2.5824020536898011
Au      0.7942730347974285     -0.9334427918055308      8.2475024652706033
Au      2.4797775002628004      0.9219556716079502      6.8746122191641668
Au      4.1429808357145159      2.8055785401023829      5.4620108608925833
Au      5.7527085572845333      4.6857689181428288      4.0351561545933379
Au     -6.6536651928114132     -1.1264554941015072     -0.7485962836141695
Au     -5.0298171054904035      0.7225900465375537     -2.1685919851535012
Au     -3.3435358799053270      2.6416804052799279     -3.5975468905065568
Au     -1.6640548991444424      4.4984434790632610     -4.9800354181853592
Au     -1.4829965016770290     -0.0042990241228180      6.8395751520855299
Au      0.1638483026058544      1.8402857039130636      5.4467286239105697
Au      1.8743067241736728      3.7727307200152467      3.9951411820863250
Au      3.4991599836597240      5.6366030187698968      2.6025420156543362
Au      3.7201017325385202     -4.5200634114950633      6.7248880516886835
Au      5.4333499014501943     -2.7783747850696860      5.3605514124785536
Au      7.0596984114721568     -0.9376898632356871      3.9791847724432401
Au      8.5717531302504675      0.9707516327661754      2.6189341074205217
Au     -6.9679163860005975     -2.6193780033303673     -3.1514421833342823
Au     -5.3254065091009561     -0.7913408414153125     -4.5853713623774119
Au     -3.6760851868995550      1.0904306826215944     -5.9850760960847147
Au     -1.9846545955504127      2.9700390529062393     -7.3634064691638788
Au     -3.7498095659451738      0.9638277227082996      5.4251836271523111
Au     -2.1197144538949884      2.8313452790601774      4.0169166894152930
Au     -0.4445456117379565      4.7230595515297313      2.5963468981065851
Au      1.2174692837762882      6.5780585448176785      1.2023036961971769
Au     -5.4671686631837471     -7.9087157005679574     -3.1353922535976011
Au     -3.8713618541975756     -6.2747646052652799     -4.6325714314758173
Au     -2.2976323030816861     -4.4523915463027626     -6.0351349196390824
Au     -0.6815974145249002     -2.6259785221002145     -7.4043390778058065
Au      3.4554757037297383     -0.1103835725150919     -7.7424678582594542
Au     -5.6928303917856287     -2.3545068015529091      1.6212088251802541
Au     -4.0779846715947290     -0.5217193041110990      0.1931656950605394
Au     -2.3997939117866105      1.3519987265398425     -1.2225576850683204
Au     -0.7511151676717027      3.2622513417358081     -2.6255058600708026
Au      0.9107181397241177      5.1054252264335513     -4.0068355686345321
Au     -0.8150245861341507     -2.7532953700338743      6.8124835442760805
Au      0.8028383666059078     -0.8907430496504105      5.4240608486120578
Au      2.4976190134725398      0.9660631011398042      4.0085756158170014
Au      4.1369870079275177      2.8747289731293146      2.5943256639653498
Au      5.7675001261651140      4.7168362639117154      1.2073237917122448
Au      2.1044687852899351     -6.3305698308026743      5.3014823524024877
Au      3.8046408835835379     -4.5875886375760944      3.9396689714640729
Au      5.4476874551415637     -2.7516851405097507      2.5279553507806689
Au      7.0731115161524158     -0.8873210355494461      1.1531065312949309
Au      8.6383541239415695      0.9743407454056294     -0.2062356609211662
Au     -6.0046197335297089     -3.8435599585595961     -0.7594089562732442
Au     -4.3843103924125000     -2.0447999841641247     -2.1965247777477828
Au     -2.7094123275371684     -0.1760715955277306     -3.6078724435944380
Au     -1.0696284806583551      1.7377541552318050     -4.9982376702808722
Au      0.5929842135517598      3.5701765856978724     -6.3951150327640160
Au     -3.1028564678605437     -1.8004108344361471      5.4027583765695972
Au     -1.4798058959659184      0.0518976565714642      4.0134646320152889
Au      0.2068377131491816      1.9222882319997376      2.5901469770931342
Au      1.8659408007625373      3.8285995098413381      1.1766711102209335
Au      3.5015608769084521      5.6681180256170869     -0.2219769715137048
Au      0.4957534605942557     -8.1371716623984973      3.8817361109829420
Au      2.1919604606171728     -6.3957148818762617      2.5113214044392080
Au      3.8324734718427615     -4.5600101990549993      1.0970727471003734
Au      5.4646868488817653     -2.7077246908504309     -0.3023796021963854
Au      7.0806473987369394     -0.8474133242236057     -1.6909775131758238
Au      9.9546371049178077      2.7733448305941968     -1.6350120126451557
Au     -4.5136197987783202     -9.1459289476592716     -0.7842527869888549
Au     -2.9241152654858396     -7.5253723743763556     -2.2716484036702482
Au     -1.3109417694346539     -5.7013724247452222     -3.6626011915798600
Au      0.2925132782328825     -3.8759507491792542     -5.0535373587209698
Au      1.8990376156323814     -2.0138014267819786     -6.4441572641491085
Au      7.0314754358377130     -0.7866250497864655     -4.5234985577729141
Au     -5.0400339335731612     -5.0834067800829024      1.6072147048977214
Au     -3.4187757907235348     -3.2944289534066789      0.1626533324944788
Au     -1.7486608511548680     -1.4400396405740752     -1.2494543646003002
Au     -0.0990375864823392      0.4322661831573953     -2.6459391548126909
Au      1.5285625587302301      2.3431960535747294     -4.0338301333121507
Au      3.1696025873454694      4.1738966729691649     -5.4289345989625009
Au     -2.4329067872613392     -4.5548651176704551      5.3809855745031143
Au     -0.8264190803278342     -2.7047540194431905      3.9833702501488872
Au      0.8588926340933938     -0.8614434927994319      2.5652617530495725
Au      2.5113887305340485      1.0068057054854851      1.1631890899642450
Au      4.1548012636592668      2.9086921426040915     -0.2368681763104590
Au      5.7701048038203435      4.7472608844746809     -1.6353534007024315
Au      8.4890031395587968      0.9262566953439855      5.3882767019609688
Au      6.9630039013634839     -0.9115472117824508      6.7801592196956690
Au      5.2978979198620646     -2.6882795755884041      8.0925846162548716
Au      5.6911867855054155      4.5542623388562991      6.8355986406126839
Au      4.1382944110058038      2.7382142188650249      8.3125367470397826
Au      2.4534290813136987      0.8850646898117418      9.5845156960387001
Au      3.4904488512140306      5.5821468113075232      5.4402997582624586
Au      1.8396918371969049      3.6538263922034440      6.8199151314077611
Au      0.1574206802869953      1.8071388776044115      8.2716273762937185
Au      1.2322791234184072      6.5246193576305824      4.0292037093307087
Au     -0.4313052592130804      4.6013038547734046      5.4044668357655219
Au     -2.1042986857367612      2.7505522520995394      6.8646903207628434
Au     -1.0339718718609667      7.3744981596638421      2.6466114494734789
Au     -2.7434305387150992      5.6189838376125509      4.0377759232702495
Au     -4.2845860223108563      3.7016481068837481      5.4079369537048514
Au      3.4172205459761660      5.3792362758422358      8.1706577779015888
Au      1.8282781827279191      3.5783539223977376      9.5205651517976477
Au      1.1902772092088121      6.3511862061056048      6.8242387213651732
Au     -0.4061239010878093      4.5430120180132842      8.1815482594644671
Au     -1.0211388009087767      7.2400604906671528      5.4097744061605049
Au     -2.6129125665651638      5.4391053431975358      6.7635957132133804
Au     -3.6178680809641692      6.8142201133269653     -1.1668127570533393
Au     -5.3176810792661122      5.0492686846105785      0.2538787852029749
Au     -6.8842289010629880      3.1223356966042988      1.6039914988838397
Au     -3.9074433934208654      5.4024695046669464     -3.5560294432321697
Au     -5.6286517865671577      3.5100028544505832     -2.1541069052423438
Au     -7.2754735332433977      1.6068447620524307     -0.7033458816256370
Au     -4.2276231455048894      3.8612500349521244     -5.9723816270002050
Au     -5.9437500293412109      1.9877142223339543     -4.5467140225244798
Au     -7.5962968386829264      0.0794808509153082     -3.1269639148460939
Au     -4.5445891590313270      2.2826264924865702     -8.2629177249665364
Au     -6.7737548277619375      3.1589502925955975     -6.8631793521163100
Au     -7.8072541854550295     -1.3767140757553262     -5.5105611168268922
Au     -6.1538420027723788      6.1877454902149971     -2.1069546105452943
Au     -8.2014212636382364      2.7802438807819474     -3.0495330479916660
Au     -8.5573710652775397      5.4332973498987123     -3.0690429146764160
Au     -7.7932835563037317      4.3452137830232944     -0.7203991835700236
Au     -6.4242838716223574      4.7693055902122561     -4.5478666661277281
Au     -8.8534409565370940      3.9826532090775553     -5.3528893697073290
Au     -1.6775636820550750     -1.3054482698070968     -9.5842780477703684
Au     -3.9899148697539415     -0.4498232868656888     -8.3742341136074145
Au     -5.6165982525782248     -2.2938103226391560     -6.9903412666870199
