         216
Au Au   -792.02442846   nogrup     0
Au     -0.3526142727114787      9.9412017781334612      3.1190094389399619
Au     -1.0109829534273507      7.3031080989724808      2.8077533945697617
Au     -1.7975309624596845      4.5959935662432878      2.5645586387867141
Au     -2.5266680233411751      1.8755339148335146      2.2780725881332913
Au     -3.2345243680608728     -0.8571493600108653      1.9734334428191751
Au     -3.9169082992848114     -3.5858733909318152      1.6524452785669972
Au     -4.5402966142012335     -6.3218283373995900      1.2888467073580028
Au     -5.2464495532223197     -8.9514768052485429      1.0128536096597909
Au      5.7549051440163765      1.9682196070731193      8.0323420370740521
Au      5.1723110983993141     -0.7393528149460540      7.8071504845270017
Au      4.4664763717216660     -3.4642342183907333      7.5033791128533274
Au      3.6652333445384411     -6.0989846774954062      7.1330065091327040
Au      5.9753330990586324      3.1439510463071283     -3.1940609295359339
Au      5.3983816317575073      0.4817135885094359     -3.5682215442910374
Au      4.6870273457487830     -2.2644740216180370     -3.8743672223292847
Au      3.8946255378247367     -4.8886272617749666     -4.0895341350601147
Au     -4.3258587395448780      6.2157595862291100     -6.6454937982796167
Au     -5.0481723857990577      3.5670573246633133     -7.0741145260678095
Au     -5.7540088795107707      0.8421763366200103     -7.3778841527967121
Au     -6.4155389944974122     -1.8514433093409135     -7.5448233381048526
Au     -1.3906983573513969      8.5147321646203000      5.1771761746136260
Au     -2.1594795371508670      5.8956138768069968      4.9854581946987011
Au     -2.8977050313675772      3.1790478152881403      4.7025755333561072
Au     -3.6168935604447583      0.4458630205710916      4.4046750033464974
Au     -4.3147063040376255     -2.2912947559403261      4.0927426949533032
Au     -4.9870682938200481     -5.0203171001555296      3.7685518942963157
Au     -5.5810306395080378     -7.6620840952782805      3.3737870513294190
Au     -2.9431879175993112      9.1688776327504300      2.9167107057157740
Au     -3.7457163524038020      6.5639787113375734      2.6758572533704239
Au     -4.4806173341273245      3.8460108051827917      2.3978174254765090
Au     -5.1990121564292586      1.1124915591537823      2.1010738838112584
Au     -5.8976190669538155     -1.6243310965809252      1.7879854141511604
Au     -6.5733078459004695     -4.3519519431670117      1.4589535150452040
Au     -7.1335243505700863     -7.0079379741295211      1.1133246339284835
Au     -1.3127876299670298      9.1095484645996869      0.6798235766946572
Au     -2.0457322459501883      6.4087975142507290      0.3704111950073319
Au     -2.8162422112961751      3.6734933464548511      0.1040792509331929
Au     -3.5387992564007575      0.9382297539357873     -0.1934114896012264
Au     -4.2346392779787987     -1.8022318837066837     -0.5063536807927012
Au     -4.8868401661773255     -4.5593049318502521     -0.8523104630517260
Au     -5.5576592787160877     -7.2777860408512245     -1.1470342651664458
Au      1.2652956629352050      8.3532591929711622      1.5483000514279261
Au      0.5981946669866574      5.6617545754396730      1.2275853399929488
Au     -0.1695325078544512      2.9092884156637120      0.9583397606842805
Au     -0.8946697165554616      0.1581477587141986      0.6602268690755828
Au     -1.5959026887376071     -2.5972185994619705      0.3444738124639173
Au     -2.2589315529467733     -5.3681917349611412     -0.0020337160958697
Au     -2.9835754890805868     -8.0495246752069605     -0.2802837792721862
Au      1.2110704592325465      8.0461166947502853      4.3546260225144078
Au      0.5057179504883740      5.3337402543003734      4.0853862111947876
Au     -0.2612895685623884      2.5969607828255099      3.8241509928542143
Au     -0.9819017513413133     -0.1391221250816761      3.5294895418153107
Au     -1.6796852287153108     -2.8787650940769565      3.2137164526626503
Au     -2.3353860856921020     -5.6343634593360372      2.8626610468239679
Au     -3.0337949631304317     -8.3412191900537067      2.5277641035906839
Au     -2.3209353961816293      8.1670793225944394     -1.7644570223391733
Au     -3.0601394650181222      5.4723745610479186     -2.0753702795187676
Au     -3.8318782721564961      2.7310048959021200     -2.3568010399898736
Au     -4.5400628686634734     -0.0029417843203632     -2.6615810718287669
Au     -5.1949077435658921     -2.7688947355242322     -2.9941050094824817
Au     -5.8574254246409989     -5.4855336830482448     -3.2864466391799345
Au      2.8552217527434589      6.6467170116108747     -0.0375122400168566
Au      2.1786231128060241      3.9609387661385060     -0.3500466656563743
Au      1.4298799053063282      1.1880268320902063     -0.6382475851855700
Au      0.7161394456450498     -1.5673707318320007     -0.9454199389933287
Au      0.0256603986477226     -4.3505816460462414     -1.2766164418689678
Au     -0.6874818922504891     -7.0298999042164132     -1.5621835945494595
Au      2.7320584831001584      6.0379933684302580      5.5928308236505746
Au      2.0271150283632515      3.3288539665495884      5.3317968298017018
Au      1.2714083432392358      0.5807294616911207      5.0737035204679355
Au      0.5632253530281495     -2.1532180981257056      4.7689217162159583
Au     -0.1076475546726363     -4.9124174293140497      4.4130574361189989
Au     -0.8044220095388797     -7.6146218957547207      4.0708342367387349
Au     -3.3272176741901385      7.2152111436951891     -4.2182603027376970
Au     -4.0910400702156480      4.5123771643138459     -4.5384863009217931
Au     -4.8517185291827687      1.7977651284822311     -4.8529594544740888
Au     -5.5051763786920951     -0.9468889570039272     -5.1470840767851564
Au     -6.1505355017355168     -3.6841973863514399     -5.4333233151324736
Au      4.4387179743601592      4.9175969469519849     -1.6254428411855946
Au      3.7616548248504138      2.2218941526208669     -1.9405306727036580
Au      3.0552699473609630     -0.5400688839420278     -2.2546545743892032
Au      2.3315658818773648     -3.2989702837573534     -2.5559978823305389
Au      1.6139310483484897     -5.9875013241522135     -2.8411452152368311
Au      4.2597896116146083      4.0184165294188805      6.8286112565680277
Au      3.5513064694816738      1.2922667102313836      6.5889536046692250
Au      2.8359694834112150     -1.4414496346484436      6.3404913964261720
Au      2.1371756376090851     -4.1670016700144243      5.9803514721368245
Au      1.4364819353710903     -6.8809941015003941      5.6135406772365251
Au     -5.9663996141087630      6.4718618932285379     -4.3602493847522492
Au     -6.8167521571711891      3.7642484339523348     -4.5724411236536895
Au     -7.5312057714114484      1.0061033098683767     -4.8799183993159225
Au     -8.0973061448782726     -1.7544938620568136     -5.2773202878609471
Au      3.4754853825875331      4.0390583745481408     -4.1029051024093697
Au      2.7717947971716117      1.2834538630672148     -4.4062487552225660
Au      2.0470296863925110     -1.5145013310238937     -4.7181646814563649
Au      1.3245923117874860     -4.2644617067211170     -5.0285813696054742
Au      5.9021467020754423      2.3453838323422946      5.2874081511492630
Au      5.1900659740441597     -0.4025733488794732      5.0087304645247404
Au      4.4701173112159207     -3.1819417148464426      4.6988848978565994
Au      3.7600208138646884     -5.9243145713827206      4.3654983388502426
Au      0.8617697917494120      4.8267934544737638     -4.9691352120980170
Au      0.1406549520987941      2.0929922448748397     -5.2663037993185338
Au     -0.5995182547606581     -0.7644438009095822     -5.5848499191691179
Au     -1.2959041961175526     -3.5029000066206661     -5.8977278778860578
Au      5.9608289336963782      2.6783005927507384      2.4552201493862071
Au      5.2408734178042771     -0.0559891486935786      2.1597348921265365
Au      4.5007022815344531     -2.9134269279313978      1.8411864372827509
Au      3.8031607093502622     -5.6513958922219638      1.5266219413842119
Au      3.1567282957520382      2.6278188269999698      8.9232482678048513
Au      2.3175721397148958     -0.0845111058414423      8.7273491679114628
Au      1.6031230544555748     -2.8426564087272803      8.4198701097382163
Au      1.0258324122174733     -5.5985371173125023      8.0061713041459210
Au     -1.7474937706408173      5.5685666373807585     -5.8506545466552433
Au     -2.4838461635886349      2.8308356728862134     -6.1646660823908377
Au     -3.2037969336431216      0.0514686024868194     -6.4745095480363188
Au     -3.8896265965554502     -2.7011286795403473     -6.7725583159898965
Au      6.0230194420430037      2.9656525492327033     -0.3936324155136015
Au      5.3098006767734196      0.2140626825241583     -0.7108519735858287
Au      4.5850371402772057     -2.5838937243158906     -1.0227694324671663
Au      3.8721306127598014     -5.3378694491524152     -1.3193118166723794
Au     -4.9622152803048660      7.3987298113053530     -1.9387065142120479
Au     -5.7907973309190535      4.7338082987507697     -2.1807031438886257
Au     -6.5230743265696951      1.9636283361664697     -2.4572361826532081
Au     -7.2260393877749962     -0.8069406047250309     -2.7983837983345641
Au     -7.7923094440192351     -3.5268437104916730     -3.1566848988293605
Au      1.8854145029288243      5.7594861355177702     -2.5145247780413644
Au      1.1678885992353862      3.0302974687006738     -2.8269159898152152
Au      0.4243596655500683      0.2381973411746685     -3.1227132501864068
Au     -0.2803020088150112     -2.5604415444430071     -3.4501713596617680
Au     -0.9784308171061431     -5.2963865994688772     -3.7470335768967935
Au      4.3689975251028130      4.3730414396623969      4.0402504047756764
Au      3.6636581531737544      1.6405102925511694      3.7544161627018529
Au      2.9158128036058781     -1.1416772995256466      3.4659508308850064
Au      2.2200839236299572     -3.9324214059236935      3.1331430493513324
Au      1.5111031346874275     -6.6598827910404976      2.8102960324091111
Au      1.6502710052189435      4.6125483329024251      7.6892387004053617
Au      0.8569107093566752      1.9327866969319074      7.4985192417639936
Au      0.1050448522510750     -0.8291386831053318      7.1934577789888845
Au     -0.5783256585053920     -3.6079623218622396      6.8808352922012599
Au     -1.1798134301406158     -6.3130257151010918      6.4712536262065399
Au     -0.7312296592872300      6.5220271521272846     -3.3858074888401024
Au     -1.4546664414443482      3.7971214007423724     -3.6979874656170963
Au     -2.2051959350883301      1.0160648785990025     -3.9903551852864201
Au     -2.8982448083187098     -1.7758083366334931     -4.3192567242513276
Au     -3.5891313860199867     -4.5108941144055885     -4.6157559310981604
Au      4.4343178628868207      4.6855034448451036      1.1967422026627847
Au      3.7303951117416414      1.9505825865465454      0.9041554434760748
Au      2.9855099460130430     -0.8409466067565985      0.6063799112199586
Au      2.2822072402975189     -3.6401577620338363      0.2808975523757145
Au      1.5704768346089488     -6.3703712826985877     -0.0357699698195120
Au      0.1199468763066553      6.5933902587653002      6.4538757600401198
Au     -0.6622282052644368      3.9227516747559443      6.2635854113731213
Au     -1.4092729633413175      1.1845653968406840      5.9712651724856656
Au     -2.1220200469092587     -1.5670011145731459      5.6645200458254426
Au     -2.7975395148729492     -4.3206389518517883      5.3446118142373304
Au     -3.4044207700319946     -7.0124680700876025      4.9370943058778369
Au     -3.9672222130876147      8.3155265135746088      0.5028531997936714
Au     -4.7894492137995979      5.6617628803839093      0.2542510003048193
Au     -5.5250127168464100      2.9187383444070547     -0.0213482405259233
Au     -6.2377607821060224      0.1671718863917055     -0.3280920797326905
Au     -6.9247653082831917     -2.5816273125930840     -0.6647189345683682
Au     -7.4915977604297144     -5.2903311452336998     -1.0139217609287829
Au      0.2879708318465624      7.4597012226478912     -0.9266722811421486
Au     -0.4273305282722961      4.7353235376759866     -1.2400810475642414
Au     -1.1841700538200541      1.9679760830073119     -1.5226560264613189
Au     -1.8999399940407047     -0.7952544154167072     -1.8307007497939924
Au     -2.5803591879522214     -3.5764445621916741     -2.1666765887036252
Au     -3.2781814990891514     -6.3074294250065668     -2.4614315255521513
Au      2.8380149001434436      6.3852371327156021      2.7862562665267685
Au      2.1370958222385390      3.6547994664410255      2.4937865391209098
Au      1.3816220766048157      0.8868764021280473      2.2131970535443202
Au      0.6658528156950920     -1.8763543236425813      1.9051510626354471
Au     -0.0159297158720464     -4.6569693318664678      1.5671882899380840
Au     -0.7281322463354920     -7.3818949284268074      1.2514934573864700
Au      3.1543116302788716     -4.7578408248637301      9.4320289042356933
Au      3.8322407369212126     -2.0830707022267489      9.7810420438259129
Au      4.5408810415044281      0.5950352824378351     10.0287691977118705
Au      5.9835195561284360     -5.1270523936534724      5.8427767502738295
Au      6.7710395541449255     -2.4489913622805330      6.2348966830724546
Au      7.3876005615985481      0.2934156336657807      6.4470532952439097
Au      6.0541682708166435     -4.9155889954794594      3.0686667968690315
Au      6.7228278154783716     -2.1192827607587930      3.3893647500969912
Au      7.4963988982618144      0.6521551206186649      3.6893614444046428
Au      6.1014614596761501     -4.6179559623132294      0.2531923792048705
Au      6.7687395045269279     -1.8161119509875583      0.5631692015914513
Au      7.5456043234865255      0.9571713821922092      0.8747096404104688
Au      6.1289103202536968     -4.2363527095085489     -2.5197460154191811
Au      6.9044876853474104     -1.5316715416300140     -2.3037467739052628
Au      7.5348599878406821      1.1913270871723940     -1.9146664448624335
Au      8.1917791891968825     -4.0661226919650906      4.5560187738408384
Au      8.8810497212827677     -1.4051883641822531      4.8526607459413924
Au      8.2775608529022584     -3.7847515233046751      1.8021495282945974
Au      8.9684674310703301     -1.1175001374912590      2.0994955492403218
Au      8.2751915161105813     -3.4718315393483818     -0.9527323539893811
Au      8.9636064359989653     -0.8142000108993797     -0.6564582624298874
Au      3.5542036439447142     -3.1514990784413817     -6.2685746531474242
Au      4.3598314466458046     -0.4594795990460909     -6.0088256324193337
Au      4.9601564745277464      2.2761798295852644     -5.6634971736450659
Au      0.9971103865021513     -2.4672334484641336     -7.1788564208120533
Au      1.7019634081227493      0.3187783786800162     -6.8141751487862354
Au      2.4412575031203048      3.1078915877741671     -6.5573426818968317
Au     -1.5838956809112359     -1.6972846201714678     -8.0525271047743274
Au     -0.8893823059277288      1.0881275391187648     -7.6941906787763727
Au     -0.1416614316405531      3.8704573139614649     -7.4318369966131623
Au     -4.1155424342698383     -0.8718056024946268     -8.8616877135062353
Au     -3.4675493023043638      1.8650457648145107     -8.6727276983119097
Au     -2.7114576301719531      4.5486618309231783     -8.2574150531334496
Au      3.2102915753988044     -1.3377337811347854     -8.3273428306678152
Au      3.8987088291467060      1.3198974787153999     -8.0310703318665038
Au      0.6984298749158087     -0.5912799612610478     -9.2332402641074935
Au      1.3893386272246058      2.0759708656763567     -8.9358956220970303
Au     -1.8391623267735238      0.1604205842402653    -10.0492637627438910
Au     -1.1498898820998056      2.8213551227633622     -9.7526235743638594
Au     -8.3041007013992143      0.0701729776842193     -7.2516789863349489
Au     -7.6620035425688542      2.7600416217237034     -6.9548444347915241
Au     -6.9175245755949550      5.4230478261420041     -6.6549418783927745
