         216
Au Au   -792.02442846   nogrup     0
Au     -0.3981561072545583     10.2507214308628942      1.8558547390135738
Au     -0.5767221988659013      7.5455471911696765      2.2300337841062072
Au     -0.8019002687348720      4.7718170186900304      2.7418855715556800
Au     -1.0050226529613160      1.9831867212902301      3.1856208325583539
Au     -1.1997749644614348     -0.8184656237840660      3.6030449787306624
Au     -1.3850038728955645     -3.6165491287010676      3.9916868762145610
Au     -1.5477406544409580     -6.4232640690788818      4.3112774461477423
Au     -1.7445935438786009     -9.1187811472116316      4.7417593171183006
Au      8.8556077836658158      4.0230953900000364      2.6276016305364704
Au      8.8008470720542746      1.2740572536961929      3.0286848681625775
Au      8.6066507058864730     -1.5195960206328767      3.4449149286921203
Au      8.2806765197481162     -4.2477133838541059      3.8598815024021613
Au      2.1748406881203870      3.1199664491894925     -6.4286061406135335
Au      2.0276924066287179      0.3882837810461934     -6.1517891675351448
Au      1.8319778647999772     -2.4272121427283748     -5.7323020843874373
Au      1.6023772697338088     -5.1153388231784822     -5.2016100406208636
Au     -8.5335007269577705      4.3812675741029370     -3.0814278133616044
Au     -8.8292684121320342      1.6371941410305544     -2.7594675008838454
Au     -9.0234640712493022     -1.1564579368968086     -2.3432344425680727
Au     -9.1084309799566174     -3.8895383002498862     -1.8491402902072949
Au      0.2843480385217827      9.1266236072398677      4.2263138059817544
Au      0.0860789610424026      6.4502763168220536      4.7605590038732304
Au     -0.1228034767122907      3.6651428895624329      5.2123782799207996
Au     -0.3223563050536300      0.8630339900156700      5.6420844197959434
Au     -0.5126622240688921     -1.9432640922531412      6.0479871428226586
Au     -0.6918745607183889     -4.7411589656217989      6.4279957972882871
Au     -0.8685368627102363     -7.4584733189070738      6.6973643863392711
Au     -2.3936659632844997      9.1817839372611481      3.3470936622788701
Au     -2.6501465771764288      6.5066360768093787      3.8622270348122916
Au     -2.8532924442411822      3.7213851834101526      4.3159298553065613
Au     -3.0514752179543470      0.9192482570454557      4.7460861914682662
Au     -3.2431508165258380     -1.8870219397778127      5.1515394549945865
Au     -3.4280992911707440     -4.6847992732924562      5.5296652657712526
Au     -3.5465508706608944     -7.4033128158384178      5.8181450082743646
Au     -2.4245732635162867      8.8846669242709915      0.5946122421574982
Au     -2.6480866487398744      6.1106461881275989      1.0210485451887168
Au     -2.8687892391504128      3.3068155822570984      1.5071874975453783
Au     -3.0703276333450518      0.5023919262735079      1.9394487188340586
Au     -3.2590320770546519     -2.3071096834617304      2.3436191561429753
Au     -3.4297581086647790     -5.1342759598289609      2.6964554674844221
Au     -3.5924613159720167     -7.9162605499287428      3.0978201472598661
Au      0.2557046315613900      8.5820711749103697     -0.2404253303435402
Au      0.0752600546270257      5.8220353018117681      0.1360304898165490
Au     -0.1415958377001778      3.0011978560980461      0.6195768362736152
Au     -0.3423885775218563      0.1808729177648383      1.0542275527009393
Au     -0.5340321000072423     -2.6442852431847994      1.4607099646779220
Au     -0.7108192265143929     -5.4862902929841750      1.8208834450469871
Au     -0.9132842482005739     -8.2346941240095362      2.2651413003217398
Au      1.9290326336295789      8.7949938203959590      2.0239475960158133
Au      1.7531132883031844      6.0199920428774929      2.4660091863929674
Au      1.5384492202538826      3.2160362968276508      2.9541307973167834
Au      1.3402636529734753      0.4115432915258106      3.3874927205863505
Au      1.1482063475906583     -2.3978891267128901      3.7905617583245101
Au      0.9714407003637422     -5.2249309687175858      4.1414149502421536
Au      0.7611447920884069     -8.0059348549511462      4.5271539502999518
Au     -4.4696968146656886      7.4042815949063359     -0.6321907142188365
Au     -4.7001896427903755      4.6352207030980841     -0.2035939606675123
Au     -4.9295622307559643      1.8225416457490051      0.2719233007286972
Au     -5.1244044022058581     -0.9804064650684676      0.6895409406695157
Au     -5.2875260199513363     -3.8140472332098065      1.0552825714527723
Au     -5.4426872366210874     -6.5929036611781084      1.4532833018608402
Au      0.9021468063395073      6.7917738803212853     -2.3217446865470821
Au      0.7179594784599717      4.0378288117348768     -1.9335079924247802
Au      0.5088244225605036      1.1955437265847300     -1.4748240087665740
Au      0.3124539411610465     -1.6293952893025443     -1.0539296738041442
Au      0.1256168467314063     -4.4834605407848445     -0.6639018886324566
Au     -0.0725540369197684     -7.2300186777608397     -0.2326070974818855
Au      4.2466183132738848      7.2247474428046292      2.2294703221074910
Au      4.0752188893673464      4.4544682760098624      2.6774669939932485
Au      3.8734962636905275      1.6412186543293599      3.1620604855601284
Au      3.6786539268908554     -1.1617297271429541      3.5796774185390623
Au      3.4878819537605388     -3.9948008374067436      3.9363402793439457
Au      3.2736269420021853     -6.7724403020214110      4.3149390161134304
Au     -6.5171210462530489      5.9131530329061066     -1.8668550465309393
Au     -6.7707799594185047      3.1317958642815760     -1.4298323669049084
Au     -7.0162589490963896      0.3403315477930242     -0.9892521693929490
Au     -7.1598488837368066     -2.4652547394070812     -0.5959145359329741
Au     -7.2938962687394771     -5.2613402439468340     -0.2019398150402800
Au      1.5467605402082825      4.9783412458623912     -4.3989462692888539
Au      1.3626625196047053      2.2141790993919996     -4.0116218993069452
Au      1.1692469180836400     -0.6176717748698737     -3.6001626517876906
Au      0.9692034966039917     -3.4460218499671411     -3.1682953472406696
Au      0.7695797875169004     -6.2019829662515020     -2.7331654492074389
Au      6.5703134182849334      5.6435846121483006      2.4298913809843556
Au      6.4121066758032894      2.8602605463481505      2.8982496875671719
Au      6.2448339540554167      0.0671842584414284      3.3645038381106405
Au      6.0230370313146349     -2.7367916894345852      3.7321639609116426
Au      5.7935369223042192     -5.5309115449512456      4.0947989397732796
Au     -8.5208416306214865      4.8784720531134589     -0.3007925418191775
Au     -8.7775971553941847      2.1031626363952856      0.2745601127665358
Au     -8.9741633840198354     -0.7245941582740700      0.6958739691270379
Au     -9.1071144463889127     -3.5555044490056984      0.9558058362336466
Au     -0.4953763296739200      3.5590805216668508     -5.6845758010290028
Au     -0.6815783052315423      0.7357219879990939     -5.2668130555619559
Au     -0.8809814599902772     -2.1328488253051781     -4.8394174708656408
Au     -1.0871484338731983     -4.9540060838685944     -4.4161910878968005
Au      7.2775106998799188      3.8998760771039951      0.3487797382650664
Au      7.0977767126546469      1.0876499871193195      0.7904491223101351
Au      6.8996973397892081     -1.7618649774923698      1.2150027423639242
Au      6.6881482540200530     -4.5785361389581132      1.6119920467633735
Au     -3.2084385090060570      3.8890000652327457     -4.8285105086913278
Au     -3.4089443832342248      1.0862194348905057     -4.3969988788639398
Au     -3.6125863439814729     -1.8433338201253546     -3.9605170858872434
Au     -3.8020748078953819     -4.6509213543309160     -3.5561265655847114
Au      5.5873349969084476      3.7078307310281353     -1.9407618518787553
Au      5.3888249504585266      0.9050081513067854     -1.5085966599747360
Au      5.1851817146293664     -2.0245462787511928     -1.0721171061674051
Au      4.9936964858352706     -4.8320931229155581     -0.6683830105741322
Au      7.2163650678904654      4.5543220997059111      4.8659002932298447
Au      6.9789154403492484      1.7786144454306250      5.4475879229120343
Au      6.7823488775383751     -1.0491424110154774      5.8688999428656361
Au      6.6300921954185847     -3.8796559158318304      6.1224924410012731
Au     -5.9179616489522520      4.1716684432604776     -3.9834365611842508
Au     -6.1395578216248374      1.3603055400205450     -3.5555086231844539
Au     -6.3376363724239706     -1.4892082808584304     -3.1309525595696961
Au     -6.5073222512181559     -4.3067413574695221     -2.7202170541842072
Au      3.8990690006493027      3.4685672720738148     -4.2418313025411951
Au      3.6964290607978567      0.6455467522602047     -3.8294659274724752
Au      3.4970247619605832     -2.2230246874532256     -3.4020713768209232
Au      3.3072959772795762     -5.0445208008824496     -2.9734487506618281
Au     -6.4891547071283924      6.3389895511427490      0.9118389629350316
Au     -6.7548660401119633      3.6022058239679962      1.4469377264444079
Au     -6.9447638027345953      0.7665061528533252      1.9044805769788526
Au     -7.1497416453394180     -2.0783843946460960      2.2933023359806493
Au     -7.2677945034596707     -4.8623299121020365      2.5807512765781651
Au     -1.1431585181567767      5.3634017082498326     -3.6022823028316022
Au     -1.3507435755796573      2.5626971778105183     -3.1853125141914633
Au     -1.5564886337918415     -0.2991808474839912     -2.7342278682800272
Au     -1.7491816562414595     -3.1691429914457379     -2.3313114914213457
Au     -1.9310843568976628     -5.9715035665776854     -1.9134684122338754
Au      4.9412678455698362      5.4862502331037888      0.1420744943989760
Au      4.7595473759947780      2.6884927238599801      0.5727279603640048
Au      4.5527893147570584     -0.1628072143799546      1.0314116433931853
Au      4.3623771065945682     -3.0250903825852022      1.4240056456130121
Au      4.1549760550030257     -5.8251272145921638      1.8273779982174672
Au      4.9172490909718345      6.1040436536358973      4.6566844565905248
Au      4.7122885570238857      3.3660078354452763      5.2117260921507897
Au      4.4885951365448769      0.5310041841633977      5.6581716647164226
Au      4.3174126654250831     -2.3145822321708529      6.0580878089076835
Au      4.1386084747295016     -5.0972767327543567      6.3255906509370101
Au     -3.8565218232071734      5.6674617931673748     -2.7463362495572632
Au     -4.0694554021110703      2.8703483291111431     -2.3259287365145385
Au     -4.2808383874306060      0.0191442964908699     -1.8687616004830172
Au     -4.4666244355960858     -2.8432338702369515     -1.4746481313497712
Au     -4.6428115835736667     -5.6439135925266202     -1.0610269927069202
Au      3.2536488363272733      5.2728391919016246     -2.1587621995271613
Au      3.0695275088055718      2.4716508782023210     -1.7340897492895326
Au      2.8614398570082207     -0.3901789631946802     -1.2837751406184834
Au      2.6710881250181790     -3.2601896341822156     -0.8800902641584454
Au      2.4657218487797117     -6.0620668050893327     -0.4699507923988415
Au      2.5994137482143942      7.6471660714863550      4.4613436794866237
Au      2.4016639239640543      4.9193182741147252      5.0091257206528121
Au      2.1845760716920126      2.1103761493265361      5.4606948560459534
Au      1.9884782855389260     -0.7106364088313635      5.8810036456900603
Au      1.8141765612684742     -3.5321247815296610      6.2683246115075280
Au      1.6297549714855248     -6.3020854687659797      6.5396727410625983
Au     -4.4508710089222161      7.7923852363439998      2.1466597492863810
Au     -4.7177045935293958      5.0659610516108220      2.6717613327900311
Au     -4.9149842308036407      2.2566114544962699      3.1298345434737991
Au     -5.1110817581703767     -0.5644010458493742      3.5501437628602845
Au     -5.3051913985593444     -3.3854819200653887      3.9309625856076780
Au     -5.4205287460646305     -6.1568656117071052      4.2249919652807479
Au     -1.7930362097975170      7.1470908967705160     -1.5142354721783375
Au     -2.0004284925455185      4.3511363905025995     -1.0998209698382251
Au     -2.2136828374284168      1.5144610375930774     -0.6322090505599105
Au     -2.4106119011428904     -1.3185094684132608     -0.2101177796145173
Au     -2.5927886602274279     -4.1704081089528087      0.1698241552150357
Au     -2.7741874945921721     -6.9675012401619076      0.5887301293743183
Au      2.6057401837973591      7.0564872942488579     -0.0700693324118848
Au      2.4231544504666980      4.2600212082876006      0.3524890201534197
Au      2.2122526249523160      1.4232968963046959      0.8208730764807255
Au      2.0153235443529613     -1.4096731888855194      1.2429635448289948
Au      1.8307931317646431     -4.2615235019696689      1.6221325479193629
Au      1.6245875406024319     -7.0581057390682185      2.0328936270803863
Au      8.9719211015746936     -2.5671517842577254      5.8706291554066299
Au      9.1808384286088156      0.1829261296747671      5.5111539800591194
Au      9.3534077933923463      2.9208233317131622      5.0529683183156822
Au      9.1432827765087499     -3.2887980188652106      1.3458831890035414
Au      9.4627912587765834     -0.5158181510175464      0.9528821341277025
Au      9.5295871018423632      2.2684743066312461      0.5178972042887535
Au      7.5206982993925289     -3.5874783753590167     -0.8954124810131967
Au      7.6816734145171370     -0.7248955813813591     -1.2813949098503254
Au      7.9174986138675880      2.1207861843262141     -1.7458956863041664
Au      5.8384242851861057     -3.8121206964197034     -3.1619547627851530
Au      5.9909021724069191     -0.9462566524026084     -3.5559712270050179
Au      6.2357514735879906      1.9037134012671872     -4.0135666790354607
Au      4.1491301017529461     -3.9489892120945820     -5.3897603861380414
Au      4.3501579696049451     -1.1838379842017606     -5.9160687813375841
Au      4.5359494176640567      1.6156755528630815     -6.2188501716161895
Au      9.9042172389180916     -2.2540638762911103     -1.1052460789488512
Au     10.0938562493164454      0.4740286177900543     -1.5117077611206033
Au      8.2916260882902115     -2.4790887558236125     -3.3456120605085760
Au      8.4817155152570969      0.2554797601963195     -3.7530391932241822
Au      6.6031854964094148     -2.6829067304344827     -5.5353437991408505
Au      6.7925895956885727      0.0417990319726851     -5.9413018114005469
Au     -0.2921808990119832     -3.8575094962587135     -6.8478900423319304
Au     -0.0393215364538104     -1.0934268681957811     -7.3571822930570177
Au      0.0946365034908010      1.7071537514406163     -7.6769820056032581
Au     -2.9664676264492886     -3.6307616693690212     -6.0526935576040763
Au     -2.7491793812001344     -0.7662341219202800     -6.4254338285504247
Au     -2.5691429005181972      2.0850700427053939     -6.9043091413654523
Au     -5.6547944185419947     -3.3160968709676721     -5.2210638757002137
Au     -5.4492263178241283     -0.4544334204622391     -5.5924082269068673
Au     -5.2579963175005631      2.3921658417291187     -6.0715523643342753
Au     -8.2773779733720687     -2.9299759789956630     -4.3734990827981424
Au     -8.1985546501989894     -0.1520392210128527     -4.8455226707839394
Au     -7.8910750192655996      2.6272940447277513     -5.2014908259993486
Au     -2.1336588723736494     -2.5029509442365496     -8.4037430074083179
Au     -1.9442559556979031      0.2217542692734815     -8.8097029026827087
Au     -4.7822119268394330     -2.2098027343798270     -7.6378907189443659
Au     -4.5921236622268955      0.5247650743928762     -8.0453204725958507
Au     -7.3989405505540056     -1.8976647361703334     -6.7860521411912078
Au     -7.2093025073231267      0.8304266513345189     -7.1925177351423715
Au    -10.7935864239626476     -2.1600271828587569     -0.6185891867493538
Au    -10.6464841198843132      0.5913229087151732     -0.9983610074545384
Au    -10.4120993708983036      3.3279458239234674     -1.4362551916452579
