         216
Au Au   -792.02442846   nogrup     0
Au      1.3834205197840213      9.1662270994520654      4.7693246146930388
Au      0.7855665254862392      6.5268668704223076      4.3616333606636584
Au      0.1380235305650102      3.7879192288714094      4.0698703507946146
Au     -0.4939048722430428      1.0523349455638553      3.7067411579611100
Au     -1.1211367783780091     -1.6887828435425121      3.3139624242135781
Au     -1.7399583599959012     -4.4192025109501465      2.8938586205241368
Au     -2.3417622954872650     -7.1401259792353517      2.4032676881025967
Au     -2.9530121502188464     -9.7847659289787323      2.0538054856402734
Au      9.5228392280610770      1.7639078517729390      2.7776794958710269
Au      9.0412273616695984     -0.9422616822334913      2.3705286234118041
Au      8.4157848813072516     -3.6755523357238697      1.9788675729873830
Au      7.6711743769667216     -6.3281937608717733      1.6181408197539362
Au      2.3052887856835795      4.5738641104827975     -5.4365891692022599
Au      1.7287945823765005      1.9344108555876702     -5.9477832920899605
Au      1.0984615365211647     -0.8202537182885461     -6.3425042985483460
Au      0.4615691762661980     -3.4835083399257449     -6.5911451676203257
Au     -7.8563716929006366      6.2552103550345395     -0.8130869952902522
Au     -8.5788543291000536      3.6112879747693678     -1.2700018437074156
Au     -9.2042954150458556      0.8779957463375703     -1.6616586786285978
Au     -9.7080350601005954     -1.8368949569838939     -1.9726143048520033
Au      1.9999737830524440      7.2966891584703149      6.6329695192845755
Au      1.3960637935161739      4.6390900224856972      6.3879773726662670
Au      0.7594680421188382      1.9051780215564285      6.0341320081434802
Au      0.1280955622686388     -0.8393955390876959      5.6533949587283203
Au     -0.4961375455233261     -3.5820495809515176      5.2478586827589968
Au     -1.1094669593721171     -6.3105345669026622      4.8189878338470695
Au     -1.7130875953625502     -8.9300582983200272      4.3078122837598709
Au     -0.6765166209963649      7.9883733072719458      6.0799730632447933
Au     -1.3386050116321924      5.3458096116151363      5.8229607516106583
Au     -1.9694661157451119      2.6104155922455332      5.4702998132479124
Au     -2.5994695703247004     -0.1345121174734096      5.0898460446234584
Au     -3.2250711537984698     -2.8768127247433011      4.6840279713384909
Au     -3.8441345849412292     -5.6038166989988074      4.2539726934294713
Au     -4.3895776664033983     -8.2383757615306639      3.7548173926926474
Au     -0.9041146951207200      8.5411010217486876      3.3766277704828322
Au     -1.5546761802812687      5.8273602742223902      3.0032922671376010
Au     -2.2041185111207717      3.0671336390373591      2.6779012337951418
Au     -2.8376874654703474      0.3198847122958348      2.2991258627543516
Au     -3.4609606147419294     -2.4254937382679866      1.8908551461021919
Au     -4.0721832206230379     -5.1745976656680401      1.4268053704464361
Au     -4.6654975817942157     -7.8968166140446279      1.0212130177127179
Au      1.6416212970575259      8.1317965317949366      2.2257830185358998
Au      1.0330736546079891      5.4402647634347412      1.8045913529814026
Au      0.3845013393927919      2.6642379390235180      1.4714323304238341
Au     -0.2508029086544061     -0.0988343500624138      1.0902613218009094
Au     -0.8794067706173658     -2.8592657240721611      0.6799607656570377
Au     -1.4986288235818703     -5.6237270782319175      0.2192145257161471
Au     -2.1233077308523534     -8.3216163750308816     -0.1318535267384870
Au      3.4470135891543916      7.4166408493795100      4.2756247487364725
Au      2.8440186313486513      4.6906072277435031      3.9121168997175850
Au      2.2006117981545690      1.9288211477286414      3.5879737198280743
Au      1.5703940926366582     -0.8192938022540783      3.2098906350282963
Au      0.9437697152481621     -3.5638060269573675      2.8009258233670717
Au      0.3265114897896173     -6.3113503827336714      2.3356280452725553
Au     -0.3143687830768398     -9.0212761837744981      1.9202083352759942
Au     -3.2269042017984413      7.8003809271383746      1.9855494348194664
Au     -3.8834134657942441      5.0916455579464062      1.6164026274787773
Au     -4.5434162764458383      2.3274837853786834      1.2792102739866724
Au     -5.1709384808927963     -0.4149026121087047      0.8862502252902029
Au     -5.7750309171098424     -3.1750638278180343      0.4318555656328105
Au     -6.3605873148226459     -5.8943755988462136      0.0232097137070415
Au      1.8734397675838510      6.9791546225832661     -0.3379294120610812
Au      1.2628369139582025      4.2903444526476662     -0.7457692871898605
Au      0.6170220311222967      1.5004899654362100     -1.1095707248291440
Au     -0.0154239631657260     -1.2634126254190772     -1.5056149059592983
Au     -0.6449061207747322     -4.0468306219961843     -1.9404166780467911
Au     -1.2657539841165972     -6.7396776040783415     -2.3037236178417047
Au      5.4844502161351656      5.5491091400675758      3.7854247191250465
Au      4.8870005789275295      2.8251107669757838      3.4284808515122975
Au      4.2546327901524039      0.0538078716069883      3.0969971502267946
Au      3.6271100511506282     -2.6885777965745277      2.7040346408283220
Au      2.9953828865325942     -5.4415970799217579      2.2439276054087731
Au      2.3507667190292829     -8.1456455743047744      1.8230784549369314
Au     -5.5541403041587634      7.0522158250837954      0.5841110574608752
Au     -6.2350251595108004      4.3325890201928834      0.2217523670039263
Au     -6.9093122446936723      1.6012109243446129     -0.1409577755842513
Au     -7.4880894751471692     -1.1435302220247232     -0.5629270083162083
Au     -8.0558796379528275     -3.8808376943539216     -0.9824988950163931
Au      2.0998976935019043      5.8037049969989676     -2.9042240986791619
Au      1.4876630016560730      3.1055193177357676     -3.3158941214769770
Au      0.8564886142918304      0.3375230298890681     -3.7232153809453177
Au      0.2204584451872789     -2.4323868636492287     -4.1094306692946896
Au     -0.4031506278167694     -5.1350542650715720     -4.4716581553106893
Au      7.5258459172750749      3.6719603188203709      3.2866025491282400
Au      6.9403589461433759      0.9276797052236581      2.9439532544404265
Au      6.3442340183705754     -1.8238966250369186      2.5973891175187482
Au      5.6872934469436700     -4.5484376716301735      2.1592668301463558
Au      5.0241047650808657     -7.2610910891091134      1.7199811435528716
Au     -7.6125275460561310      5.8852980820562628      1.9767178969843417
Au     -8.2880065391290216      3.1301633571531684      1.7481187956658157
Au     -8.9210823133165924      0.3635050600905307      1.3516820232595226
Au     -9.5007204854860952     -2.3664502913335497      0.7943163239505484
Au     -0.2131347746270347      5.1379331337021714     -4.3339416038221072
Au     -0.8354742676028737      2.3750397966820600     -4.7335294906782126
Au     -1.4776891857841488     -0.4315527430052066     -5.1356904896822266
Au     -2.1190426676748855     -3.1912186662864315     -5.5274401734091612
Au      7.8251395947881743      2.5546939803794206      0.7304690624964998
Au      7.2122810872293979     -0.2057999020507433      0.3562123859707160
Au      6.5743322185086139     -2.9937459978454051     -0.0432800589131723
Au      5.9269949913545004     -5.7405268912085088     -0.4581729319680150
Au     -2.7855638410594912      5.5712716231080881     -3.1518976302806605
Au     -3.4178883585942623      2.8256522753250071     -3.5310166811732140
Au     -4.0737554796119939     -0.0406051782470973     -3.9417270264169302
Au     -4.6974780793139663     -2.7841358953044155     -4.3491566512826818
Au      6.0052036628565082      3.2994788040560321     -1.3356149173807985
Au      5.3748738553338749      0.5533445213552364     -1.7143225313523764
Au      4.7190052074576805     -2.3129125479276835     -2.1250352088246469
Au      4.0932872926691717     -5.0559276218532077     -2.5328785403116925
Au      8.1157226993241469      1.8206513708368268      5.2263740490409525
Au      7.4595368310670427     -0.9394685835806724      5.0017591258149530
Au      6.8264615056889939     -3.7061259408566034      4.6053168264031825
Au      6.2275288018062618     -6.4310939621226151      4.0439613972664947
Au     -5.3628237404759220      5.9628533575812979     -1.9943317251798796
Au     -6.0175197064232764      3.2131705860603237     -2.3772303789635121
Au     -6.6554674015458923      0.4252233101556238     -2.7767189299996007
Au     -7.2609658097711582     -2.3323711173132429     -3.1829645618587383
Au      4.1788091314980100      4.0029260846140877     -3.4265116358445491
Au      3.5400402776741129      1.2442784493567163     -3.8294937332953767
Au      2.8978247107628157     -1.5623141612333313     -4.2316564234702998
Au      2.2729005097439123     -4.3262258184156224     -4.6200115359232639
Au     -5.3069861054458132      6.6134244985282287      3.3499090071344426
Au     -5.9871639090281183      3.9080038458213862      3.0950146300513435
Au     -6.6130129165075138      1.1220118900973350      2.7301057999023026
Au     -7.2589297576757668     -1.6498483800029540      2.2986245359580177
Au     -7.8147299000522077     -4.3458729483819187      1.7795389305038185
Au     -0.4439279729135031      6.3036991436949839     -1.7651149441063314
Au     -1.0836714037044031      3.5654074469795889     -2.1567700472442546
Au     -1.7297599909278780      0.7588846618798879     -2.5338082958192469
Au     -2.3669132690911656     -2.0425895606730924     -2.9603485937497664
Au     -2.9815825398036431     -4.7863008391038715     -3.3542183288664198
Au      5.7718960335171250      4.4404076631571163      1.2260711206936623
Au      5.1588517523774584      1.6971563957095697      0.8457069643210975
Au      4.5139044884604385     -1.1015333893269368      0.4790622035981293
Au      3.8796960007662165     -3.8929752710690497      0.0446848930481156
Au      3.2395082176438907     -6.6265687981904051     -0.3597380733110231
Au      6.0929264754186523      3.6673496055132779      5.7052748542371496
Au      5.4734644867336391      0.9462377660981720      5.4629256462029581
Au      4.8138378275303859     -1.8310247590714885      5.0910345567004232
Au      4.2016978876137330     -4.6116126499659096      4.6665286626869467
Au      3.5851813716893628     -7.2919464128703559      4.1348959298182741
Au     -3.0208878373934205      6.7127230333375776     -0.5906288759559857
Au     -3.6651271432753694      3.9775327957308622     -0.9774377028202235
Au     -4.3146960680620294      1.1800365477178851     -1.3450354485934124
Au     -4.9442809795890872     -1.6126008485888415     -1.7784556606840418
Au     -5.5532735031580431     -4.3542562135057921     -2.1764311996353563
Au      3.9503771504241953      5.1680811110207214     -0.8571969405807529
Au      3.3340841744240843      2.4237293577845693     -1.2440068896721446
Au      2.6856542848947109     -0.3821879447734604     -1.6215294556910056
Au      2.0508410039310663     -3.1842666739660359     -2.0475871033406232
Au      1.4127214585502528     -5.9219182049953449     -2.4463029443652360
Au      4.0513601270507387      5.5062652739148685      6.1973541675055479
Au      3.4402747943306955      2.7959394229897123      5.9503150273773855
Au      2.7916917736171047      0.0407937147158277      5.5901726027046550
Au      2.1601251977838940     -2.7192660373767428      5.1946791034770552
Au      1.5481717314015491     -5.4728954595017605      4.7654585632921052
Au      0.9284097294256477     -8.1415887434407317      4.2417304467732055
Au     -2.9949129996702801      7.3272300886363206      4.7415062007112727
Au     -3.6750424611862087      4.6347472041982485      4.4802010273833535
Au     -4.3038280524904673      1.8744852456000487      4.1241494668924634
Au     -4.9353936828322196     -0.8855746746595710      3.7286574961291716
Au     -5.5671444885024810     -3.6340879449131371      3.2953497197768673
Au     -6.1178622080447953     -6.3206246801396730      2.7858869125744672
Au     -0.6798480429910789      7.4485640281508987      0.8034362316220403
Au     -1.3187626308960896      4.7154959328954478      0.4107012878475196
Au     -1.9672362300197301      1.9288219142177048      0.0574340791553105
Au     -2.6014801751234158     -0.8429382421914955     -0.3397357322320946
Au     -3.2265620436910067     -3.6219287672490168     -0.7839802038038250
Au     -3.8398163202622593     -6.3610621165180863     -1.1753661400970472
Au      3.7164252642853537      6.3124366899418956      1.7117605065702257
Au      3.1023030876643634      3.5729617627058592      1.3241484156300150
Au      2.4561808266891632      0.7856805982737196      0.9713669707331487
Au      1.8219364107488070     -1.9860792067434829      0.5741966837580375
Au      1.1945026847600344     -4.7644617333508528      0.1294647034652865
Au      0.5564561002932100     -7.4971884306900769     -0.2670445885595054
Au      8.7353318392307280     -5.4451068613492897      3.9490071426432056
Au      9.3712162051687411     -2.7720680280663688      4.3806349809491554
Au      9.9639752659094434     -0.0757123142635097      4.7184031939407358
Au      8.5419230490986706     -4.7875896131575715     -0.5846158808585802
Au      9.2886822277947978     -2.0983372385781927     -0.1893617553685960
Au      9.7860830226061779      0.6496073138073752      0.1944949604540493
Au      6.7737440828666511     -4.1673801823830399     -2.6423521959832135
Au      7.3793605299246714     -1.3735237344085389     -2.1986455863744805
Au      8.0517091270604695      1.4175487446084301     -1.8420737848269493
Au      4.9575053650911878     -3.4613761651833297     -4.6967503236506154
Au      5.5548537065920041     -0.6608161263987151     -4.2588942456526713
Au      6.2371648263738457      2.1309596508208908     -3.8954125683522571
Au      3.1507884182104866     -2.6832569653144764     -6.6881990237620990
Au      3.7723595656881876      0.0553342830347221     -6.4102623270259231
Au      4.3966051328703024      2.7611766441992756     -5.9080556535175530
Au      9.3283019234758218     -3.1801582530320793     -2.6954223727646722
Au      9.9390662853677298     -0.5110104013087513     -2.3129530956200597
Au      7.5820566217664132     -2.4921509143439060     -4.7319872913800918
Au      8.1942707575853575      0.1833330535888855     -4.3486103074026321
Au      5.7672921901703234     -1.7887659945699390     -6.7066203395748953
Au      6.3772995481196713      0.8770690536434977     -6.3246269869786964
Au     -1.2879933860006929     -1.5361436587702935     -7.6053054543072651
Au     -0.6146190405403287      1.1890589328478951     -7.3166668145091567
Au     -0.0421773041816156      3.9082890949691040     -6.8251628353799525
Au     -3.8423740925852021     -1.1872279981629212     -6.5149127760840404
Au     -3.1802507159740294      1.5965920226838515     -6.0636753913556012
Au     -2.5627158033157622      4.4051075672784785     -5.7135775667258963
Au     -6.3942489681127812     -0.7643853877440367     -5.3630200831381689
Au     -5.7440641304257722      2.0179535880655717     -4.9101081980692429
Au     -5.1162858938591933      4.8205442413180384     -4.5627478118216338
Au     -8.8688223553181516     -0.2881425606462313     -4.1818885945815225
Au     -8.3626116021673376      2.4632754961146954     -3.8363387807001752
Au     -7.6246636771654055      5.1490571638255807     -3.4027856659945401
Au     -2.9645760042633160      0.4678069629001165     -8.5107320607251040
Au     -2.3545685973001946      3.1336420277248096     -8.1287395476509943
Au     -5.4843377665430628      0.8845875727966512     -7.4316654040316426
Au     -4.8721235515270296      3.5600714888587173     -7.0482913866217283
Au     -7.9650055945601705      1.2889377384841945     -6.2684332941688181
Au     -7.3542419012460583      3.9580859110746278     -5.8859674771099364
Au    -11.0189241689338679     -0.3400241115844702     -0.1324632712273264
Au    -10.4448197972941088      2.3489817026633046      0.2863946830623014
Au     -9.7902800890067212      5.0293730433413097      0.6369236165757552
