         216
Au Au   -791.88310512   nogrup     0
Au     -3.0038700200865183     -8.7233885230241857      6.0681899520283871
Au     -1.4783897904321264     -5.4168643596668336      5.5338602231229075
Au      0.1790400205539172     -4.3282894993629402      3.5214700284473217
Au      1.8000115700075843     -3.2026258522597093      1.4946567306900675
Au      3.4160678332303345     -2.0635604795780687     -0.5389393312343174
Au      5.0209223584653726     -0.9158991748125409     -2.5672828049923400
Au      6.5957447589415841      0.2758123097699325     -4.5982237749847243
Au      6.4937059955518395     -2.1587412252651887     -5.9689109126618956
Au      2.4481499175820129      3.1047234046709518      9.3305463542228502
Au      4.1107889859826026      4.2987461946671743      7.5033415405381234
Au      5.7180348636357961      5.4295179295389762      5.4822838126497935
Au      7.1748062198387927      6.4308238033196679      3.3835267663683801
Au     -6.2993493715065636      2.9928994380522345      2.3452995344151972
Au     -4.8286591448881655      4.1887091308850639      0.3507616162477127
Au     -3.2085335591313040      5.3341435470518297     -1.6879177064503281
Au     -1.5425760303508476      6.3432392569398832     -3.6370539788378764
Au     -6.4266970132958239     -6.8202393123657163     -3.2337483555834385
Au     -8.0268535810278969     -2.1628247964374525     -5.7775045937702405
Au     -5.7048099181679612     -3.4211580554841472     -6.5914302264449240
Au     -1.6230883287215911     -3.4484885051094540     -9.1575426005483873
Au     -2.9992647032616904     -6.4597682498654638      7.5140740330107541
Au      1.0048607479127563     -6.6218152578022345      4.8461501585849227
Au      2.6092287181720275     -5.5118807344804264      2.7997374819133469
Au      4.2137095996784053     -4.3878124250254658      0.7561701524871083
Au      5.8133307640473477     -3.2526517017578396     -1.2825107865234315
Au      7.9296572039372730      2.6999662361343031     -4.1229977840417984
Au      8.8840930379215930     -0.9725324768836643     -5.3350012783541807
Au     -0.6561285948989480     -7.6541036555715269      6.8146187298543310
Au     -1.3838930641344249     -7.8631894154046531      4.1255019718087453
Au      0.2051559408939996     -6.7545169604751276      2.1165792648131934
Au      1.8008752282641951     -5.6466633214906263      0.0921780097548606
Au      3.3947064159360938     -4.5166389975802712     -1.9419796385273358
Au      4.9817166995467019     -3.3722605685311482     -3.9820990693218885
Au      8.0832907758884325      1.3447292688167094     -6.5941357176754192
Au     -3.9981270502018802     -6.5325463121052270      4.9073470053777299
Au     -2.3486442864855186     -5.5437135997360958      2.8544039792530178
Au     -0.6940465210782614     -4.4238311220396724      0.8225644905658385
Au      0.9335296066695018     -3.2928497126895202     -1.2077921319464906
Au      2.5441280057080382     -2.1439832351268100     -3.2368250904790532
Au      4.1198385320873712     -0.9472769894352613     -5.2692148616780479
Au      7.4010070156292525     -2.1154438497669270     -3.3193149227880774
Au     -3.8858742814175038     -4.1228250978523970      6.3085558571164668
Au     -2.3442264629883125     -3.0359460543881678      4.2741650746794058
Au     -0.6857321446734587     -1.9209711595621135      2.2292222951711906
Au      0.9439149580466293     -0.7802644729824673      0.1858231286593188
Au      2.5647116318384531      0.3728605463231531     -1.8587432860327837
Au      4.1632755651621629      1.5589539452209205     -3.9128202033963468
Au     10.0731367412453725      1.3243923027641333     -4.8796734916628761
Au     -1.6729004261205465     -4.0955770602462671      7.9919519557035876
Au     -0.0895571965096995     -2.9914095913757794      6.0247215569508512
Au      1.5745365982830237     -1.8986944129874708      4.0033370127764663
Au      3.1943720423239172     -0.7715785760057363      1.9752276627308945
Au      4.8009576247920274      0.3732615187452026     -0.0552075404655490
Au      6.3795278499442007      1.5580710005861835     -2.1007210541673587
Au      5.6872385192982202      0.1764396240146331     -7.2390050261827668
Au     -4.8414926010863928     -6.6369114776138147      2.2032324272552408
Au     -3.1995219775086028     -5.6313468449036712      0.1615482333959761
Au     -1.5486492643477661     -4.5077423756155088     -1.8826210533350221
Au      0.0702509053570648     -3.3659540499383791     -3.9004376002267307
Au      1.6606837055311008     -2.1660152157098880     -5.9342656426521696
Au      3.2523114131651467     -1.0341576269673238     -7.8933960867181323
Au     -4.7208497636200013     -1.7610935399294263      4.9938828500956483
Au     -3.1719060274247775     -0.6524846759054252      2.9759486914493039
Au     -1.5186257310666784      0.4819255733532488      0.9193832445107795
Au      0.1068757507338366      1.6304946519519046     -1.1240690842364458
Au      1.7253420908232262      2.8079060294791027     -3.1861054979259773
Au      3.3349923678066400      3.8955657820542955     -5.1702787983710632
Au     -0.2953221048397439     -1.6953427127477916      8.4610991138766245
Au      1.2956074794215557     -0.5782531194896636      6.5007466161003045
Au      2.9660263487064533      0.5245469920493164      4.4798465405204375
Au      4.5700543278544075      1.6531407246709762      2.4627918238039257
Au      6.1396406866352260      2.8316287886826199      0.4063138949406451
Au      7.6879756417761378      3.9328871012937405     -1.5912421733754449
Au     -5.6943359194435992     -6.7217471825660748     -0.4983627574692271
Au     -4.0400245434814295     -5.6982553172200543     -2.5511378550774175
Au     -2.4247324389805724     -4.5797073432577680     -4.6007388617117524
Au     -0.8096540103660105     -3.3852419270591110     -6.5834735091419514
Au      0.8107720734760882     -2.2565932722095869     -8.5558465664661245
Au     -5.5411864017898038      0.6178212593215422      3.6812413742363823
Au     -3.9850668503680295      1.7483687352866770      1.6589079509657907
Au     -2.3646876773016574      2.9053783544929894     -0.3895133195808249
Au     -0.7305134768735219      4.0493475997626467     -2.4355693069337967
Au      0.8982144319478476      5.1464311641592939     -4.4258386329098975
Au      1.0880394382347620      0.7136360672246376      8.9290895098722380
Au      2.6842449467902867      1.8471642201755172      6.9560587938589720
Au      4.3460249214847648      2.9818503852905622      4.9890181726719796
Au      5.8911656292903114      4.1040739565866886      2.9227329873815755
Au      7.4613504800923653      5.1998415901708395      0.9076332511791669
Au     -5.4952883461802289     -8.9787905397891450     -1.9034087536966808
Au     -4.0040437859936553     -8.0351291898601662     -3.9569306100969257
Au     -2.4113548406868595     -6.9301171542108797     -5.9599326856516210
Au      1.6069079854787511     -4.5741574101765252     -7.2886736570228923
Au     -6.4557295283595888      0.5252300131367873      1.0329332678885876
Au     -4.8410401185606995      1.6704821953381050     -1.0387846552863884
Au     -3.2012406122053458      2.8330421656893532     -3.1022580968597850
Au     -1.5374318202575239      3.9835514422465206     -5.1469677738986572
Au      0.2079767028149335      3.0908844690969071      7.7563402246559363
Au      1.8718548177821726      4.2431022524490629      5.7382531174863587
Au      3.5157326507654698      5.3997812641593823      3.6709682044416034
Au      5.1095399044355636      6.5394200549810551      1.5881294412651528
Au     -6.4888360508476461     -1.9561415910106081     -0.3789648870378564
Au     -4.8813181619257540     -0.8358678083705415     -2.4364045562436178
Au     -3.2160300889277771      0.3479286495495826     -4.5324502471069152
Au     -1.5573742765751017      1.4985102233174974     -6.5586353454688080
Au     -2.0100855743530408      3.0417614949328038      5.9911686328635554
Au     -0.3830665162369873      4.1724427841721061      3.9601205861194266
Au      1.3049640817425368      5.3602580307384518      1.8377152336702061
Au      2.9133983203720115      6.5048198486843996     -0.2046056263994629
Au      3.4679160737215540     -0.5009477740386172      8.2080911611577960
Au      5.1671476117288968      0.5575082252767567      6.2509001754711413
Au      6.7746065362160195      1.6876350042501032      4.2277278300723111
Au      8.2616069799025205      2.8706367746176329      2.1752301022711755
Au     -6.5168542605968582     -4.4165099308646436     -1.8105089210602294
Au     -4.8878596866571424     -3.3192424346091851     -3.8695150908298199
Au     -3.2585558576956366     -2.1579408242206934     -5.9234100445956663
Au     -1.5893557206027951     -0.9840504631871401     -7.9556126699854044
Au     -4.2176965073789443      3.0249033839988835      4.2003409283335600
Au     -2.6075672082814929      4.1676592109869368      2.1446299634643324
Au     -0.9552875053390182      5.3314074448989244      0.0679032997339455
Au      0.6870483872319932      6.4742804468119921     -1.9688937445995798
Au     -4.6862282275541212     -8.9260359176294486      0.7455874398884035
Au     -3.0860018723976888     -8.0337144666959190     -1.2798843988419968
Au     -1.5272377284220522     -6.9334718234042718     -3.3115982867912681
Au      0.0713578503128434     -5.8095827583025184     -5.3134511780807667
Au      4.0538644365035328     -3.3599004642285308     -6.6260550242562211
Au     -5.6396499031401373     -1.8462390568160121      2.3257247713904903
Au     -4.0393445468737221     -0.7450218664833637      0.2684427119286887
Au     -2.3799198476639942      0.4040270626182112     -1.7950877637471159
Au     -0.7541350974884097      1.5888749989487545     -3.8659921938121471
Au      0.8876589750952089      2.7274932862880585     -5.8858953027998435
Au     -1.1667719104031944      0.6710776820852518      7.2836352546584848
Au      0.4303886527745355      1.8165485083629584      5.2471799925649236
Au      2.1055945476481899      2.9519884935090848      3.1922480994130034
Au      3.7188350061708224      4.1314628267389724      1.1116384305481120
Au      5.3449026280684073      5.2549281551168816     -0.9182195064322762
Au      2.0850813968406801     -2.9084170378326810      7.7430142399160324
Au      3.7711073674669064     -1.8487538429087786      5.7889244339609895
Au      5.3978376058523887     -0.7348152469584148      3.7439156248841492
Au      7.0061697208015925      0.4226513760520278      1.7128295756300354
Au      8.4916064482721243      1.5985201864728755     -0.3200449681438400
Au     -5.6677628459776539     -4.2927941407229078      0.9121311859682066
Au     -4.0586547231362324     -3.2250796444006138     -1.1368558095881731
Au     -2.4018368992233130     -2.0784921139838151     -3.1941543204735350
Au     -0.7848093958396499     -0.8851464990718760     -5.2554677626244732
Au      0.8602071906533422      0.2366989325740700     -7.2830045367376979
Au     -3.3943663139520721      0.6410556575627675      5.5032854898204704
Au     -1.7911068448969194      1.7781038752751943      3.4713644624071414
Au     -0.1244632438846931      2.9216123488286136      1.4028060723790539
Au      1.5078648598603279      4.1013508012070545     -0.6754541718915235
Au      3.1265251270601628      5.2276965788109608     -2.7092071587310933
Au      0.7102638171807052     -5.3100582383317931      7.2773484016096894
Au      2.3931279182100544     -4.2560788778749785      5.3174254865335762
Au      4.0172233488453024     -3.1452720740803208      3.2726597801453785
Au      5.6299782019407658     -2.0139280057498867      1.2348505713865663
Au      7.2272105527499244     -0.8624683238180326     -0.7921963223293922
Au      5.7546391786348954      2.6389346727405276     -5.9049594424029532
Au     -3.8429515104124929     -8.8337159670689296      3.4381606284592934
Au     -2.2490355463882210     -7.9494857881464736      1.4273385217370844
Au     -0.6522345183829265     -6.8390878670016715     -0.5935214214282816
Au      0.9352274467695112     -5.7281871828384237     -2.6152232825159043
Au      2.5245181875074589     -4.5835214783510452     -4.6524977060375576
Au      8.7624044699941308      0.2910176763544650     -2.8121368133914242
Au     -4.8141741816340140     -4.1944953148250885      3.6198078143070376
Au     -3.2030157739781124     -3.1390073027790599      1.5688848408900178
Au     -1.5500440625798793     -2.0061784764066166     -0.4827582515306368
Au      0.0802655366252267     -0.8519613587676016     -2.5301559962049271
Au      1.6851065061916413      0.3394390785592964     -4.5892568009671137
Au      3.3087310872543716      1.4630974201092344     -6.6145163495724013
Au     -2.5496087007927932     -1.7319159130149799      6.8033312510278279
Au     -0.9614197883093453     -0.6025863241672358      4.7646773015568833
Au      0.7059749563662767      0.5186023177739587      2.7136677450288111
Au      2.3363216787559753      1.6669528633883748      0.6641851571081787
Au      3.9447114494531927      2.8497499053548641     -1.4022645976339803
Au      5.5547856803239126      3.9767159166020161     -3.4253432684356326
Au      7.9706015862983293      4.1128551741597112      4.6441209115849951
Au      6.4619394628547111      3.0031654185283734      6.6813258860783868
Au      4.8168967247082843      1.8944578058078059      8.6115133784232434
Au      4.8418690596757159      7.7195145492218522      4.1164639502094253
Au      3.2979224126376057      6.6639420894047916      6.2146128694366851
Au      1.6409367440964324      5.4678507959069593      8.1435973297956217
Au      2.6908619980421298      7.7721925423111120      2.3219102708148469
Au      1.0638285643334868      6.5627650219819635      4.3826029639339978
Au     -0.6037204334448891      5.4554655182678760      6.4665036416890977
Au      0.4889976325337433      7.7384808495019746      0.5503421780584787
Au     -1.1498515991722922      6.5284449251830985      2.6035861621571179
Au     -2.8076848009333562      5.4208730628874360      4.6961733947097706
Au     -1.7157142496393167      7.6346686228326970     -1.1545605529738054
Au     -3.4104390092874231      6.5746942454141433      0.8309573859985626
Au     -4.9251019821873046      5.3777362732496226      2.8797228614503005
Au      2.4220564139906231      8.8548974038125046      4.8218207391636163
Au      0.8511322003786264      7.7503100231841415      6.7982870158368485
Au      0.2448907903146929      8.8784145118590647      3.0953511355397971
Au     -1.3334989234417174      7.7690039816775514      5.0807302271549766
Au     -1.9058402803460235      8.7993001579242964      1.3473290301966934
Au     -3.4792559889939105      7.6936518924773383      3.3256730114810082
Au     -3.9505644984368375      5.1257001697658922     -4.3569042341225739
Au     -5.6381378178226482      4.0720251060730819     -2.3410789324279513
Au     -7.1768390461187836      2.8560539413456123     -0.3065597190877085
Au     -3.9594766660922267      2.7453905104020806     -5.8135031910286017
Au     -5.6588668793190502      1.5687983517475304     -3.7552694324330371
Au     -7.2874423844926275      0.4130044173007734     -1.6461763372461107
Au     -3.9882252687059676      0.2359534103055783     -7.2343981703767621
Au     -5.6857586895131025     -0.9124469586089745     -5.1640393747002893
Au     -7.3177187024187651     -2.0878394194073175     -3.0801751156005999
Au     -4.0209801824465323     -2.2475683310875905     -8.5262020322772560
Au     -6.4056636592040501     -1.0348980952238804     -7.7896878134125025
Au     -7.2465818310507863     -4.4970175787124944     -4.5078913449230971
Au     -6.3586211073329837      3.8993267282521176     -4.9909693324843261
Au     -8.1006308972948293      0.2690430133989272     -4.3031626366213409
Au     -8.6252288749935566      2.5626073639700371     -5.5794531392440945
Au     -7.9787496477793036      2.7671699249893305     -2.9668794921846935
Au     -6.3441787732765276      1.4911985731349104     -6.4892278764263089
Au     -8.6465428542084997      0.1967400229005714     -6.9250166824512220
Au     -0.8325412224634309     -5.7513697012604581     -7.8948238204313910
Au     -3.2833717158831033     -4.6530669370957405     -7.3199784888616062
Au     -4.8919622432140937     -5.7866538432920969     -5.2972730183734242
