         216
Au Au   -791.82903499   nogrup     0
Au     -0.4022006224227774     -9.9844658677259233      4.6773251845895878
Au      0.1595302213441046     -6.3467660791984359      4.6660620135250426
Au      1.4233663902514171     -4.5671163525970728      2.8719510728933138
Au      2.6416059995394066     -2.7602663488200472      1.0678408466149847
Au      3.8506408723273533     -0.9421937689624178     -0.7415687150530417
Au      5.0439324376511117      0.8746746733647655     -2.5433686965217781
Au      6.1776616140064178      2.7261603426863452     -4.3187437823148631
Au      5.8293460445603031      0.7155529058936327     -8.4782710174649161
Au      1.6903281022828121      2.2666736439752411      9.7567626382593140
Au      2.9348625671314461      4.1206650953630355      8.1627798942623500
Au      4.1400934104985012      5.9280159567241366      6.3665093727313895
Au      5.2347556321146733      7.5828774591378840      4.4708608552741183
Au     -6.8170410170074689      0.8176739574293137      2.6283467083839405
Au     -5.7599249207321117      2.6456594561253235      0.8632644136640941
Au     -4.5452390993494713      4.4716206862889134     -0.9502231006341439
Au     -3.2484343567125169      6.1666850661346126     -2.6933124112417275
Au     -4.3810802103052850     -7.7380757552825825     -4.3176000502688350
Au     -7.2299172295930116     -3.3643705615551687     -6.1923279675754230
Au     -4.6700757416134291     -3.8163933833278998     -7.1278682410568592
Au     -0.7874130415903844     -2.3698944375563640     -9.5805061493394152
Au     -0.9858114319291782     -8.0415022939756220      6.4375899089267392
Au      2.8634432575055651     -6.7200158749028054      3.8658733853149272
Au      4.0697250405460554     -4.9293272321046411      2.0402030027436808
Au      5.2728626908522163     -3.1250476398473994      0.2203864862030329
Au      6.4716729728920068     -1.3105538657890881     -1.5878376957229037
Au      8.2804290641390850      3.1130722304940637     -2.5103542725308721
Au      7.3472791411825611      4.4716068207168167     -5.9812055341573132
Au      1.5805298257369791     -8.4408305425675181      5.6244178088366183
Au      0.8882107997504405     -8.4418179620946852      2.9179110238648747
Au      2.0811874175774938     -6.6614812929109339      1.1281767472469575
Au      3.2809018402414742     -4.8769597872263093     -0.6770519436184799
Au      4.4744971319607423     -3.0686735874440147     -2.4888020139897300
Au      5.6638114996376334     -1.2464255831151503     -4.2906583341092279
Au      8.7209302377130342      2.3749954115495706     -5.0834617336366072
Au     -1.9730551200367055     -7.9983273131128376      3.8258187802186399
Au     -0.6901570224622859     -6.3085273963942656      1.9770285532937102
Au      0.5630923883888346     -4.4963954474570214      0.1665747940576239
Au      1.7885612878139914     -2.6800436126137290     -1.6436279640148044
Au      2.9955517056274581     -0.8489686361390563     -3.4575404826985903
Au      4.1776113655699465      0.9974460437119914     -5.2981562296053610
Au      6.8453079428511909      0.6047697000215884     -6.0324344846622751
Au     -2.4947489244655472     -5.8814795971708991      5.5662973228567729
Au     -1.3421344187675834     -4.1312342841209242      3.7484437918723472
Au     -0.0847253316607932     -2.3218635675772115      1.9264376694107419
Au      1.1378964638763533     -0.4966580929587847      0.1092043784456962
Au      2.3484794496088006      1.3372126435160903     -1.7074871782581269
Au      3.5248323928149694      3.1937495549030182     -3.5331163195216888
Au      5.3629556183663833      2.8687666522595059     -7.0016141528775897
Au     -0.3428375374156083     -5.5034032360888050      7.2860150543071782
Au      0.8462062139453379     -3.7357889556895492      5.5378971923835927
Au      2.1152435970209047     -1.9497805875136729      3.7366465632540304
Au      3.3316924092287539     -0.1427410197348937      1.9333993464727648
Au      4.5290855508069559      1.6762524722535508      0.1324738503883047
Au      5.6806660085913574      3.5298109597103400     -1.6714011702142813
Au      4.7560662748119622      4.9810262842446109     -5.2736904720849935
Au     -2.8037118632591520     -7.9292705364945126      1.1178292053112777
Au     -1.5325795535421221     -6.2276074141613877     -0.7180222007409078
Au     -0.2835697951126104     -4.4117824246721851     -2.5401871642263174
Au      0.9317096176687181     -2.5899190589906391     -4.3362349226326593
Au      2.1095935929550813     -0.7253837436585941     -6.1499573984743421
Au      3.2690746465319571      1.0970229870848991     -7.9251475626422163
Au     -3.9624258537360029     -3.6673784914856649      4.5917235904207310
Au     -2.8080377367952352     -1.8971914426796106      2.7933601358971991
Au     -1.5607021411842306     -0.0693642020979501      0.9624684935806407
Au     -0.3433474634230720      1.7617661075252462     -0.8541061660567237
Au      0.8602998649296851      3.6185078776166941     -2.6870506206719078
Au      2.0842897039003527      5.3855320261458255     -4.4473587606145806
Au      0.3390143912223604     -2.9157324523467762      8.1323177146381695
Au      1.5320149779777146     -1.1348003900825470      6.3934193295090758
Au      2.8045191118129238      0.6626775166712573      4.5948357626142879
Au      4.0061267310156961      2.4664528104356487      2.8028383146046068
Au      5.1622574765341867      4.3151000408868949      0.9802377905427875
Au      6.3264871264577458      6.0737641990736542     -0.8033134322604241
Au     -3.6506130030570429     -7.8457005545884089     -1.5838353591817942
Au     -2.3735057246673463     -6.1235112710702593     -3.4279488073956870
Au     -1.1588534047733798     -4.3229847720322825     -5.2553396585034342
Au      0.0337100644004287     -2.4613606507021180     -7.0069766547068220
Au      1.2374734639170586     -0.6694067536993797     -8.7639175843300610
Au     -5.4201850894492392     -1.4330761498730373      3.6214066692622744
Au     -4.2644366584483606      0.3601589938014502      1.8216874468570872
Au     -3.0539429371601488      2.1991393964907084      0.0009472090464904
Au     -1.8253589232131944      4.0274909172654114     -1.8197696823008371
Au     -0.5884429971853162      5.8031462572002965     -3.5900249187200544
Au      1.0238264048256798     -0.3177874946537838      8.9790327621704726
Au      2.2175687625933338      1.4820604681085960      7.2303868409128889
Au      3.4747167159265602      3.2999241506059436      5.4896368314601176
Au      4.6220210122487408      5.0891489424316605      3.6465188029063853
Au      5.8025084661576045      6.8523018782817129      1.8499659461550948
Au     -2.8768096665228855     -9.7367771043425329     -3.2962391896251795
Au     -1.7347184608881601     -8.1351693774847860     -5.1557350737434327
Au     -0.5390373153716626     -6.3613506315907644     -6.9392474402041486
Au      2.6582750201301786     -2.8497998838595864     -7.8272670865380416
Au     -6.3205647152844922     -1.3801838050226314      0.9673327271383094
Au     -5.1120737810350363      0.4498017494208915     -0.8783354072120915
Au     -3.8820407723068748      2.2999366281462050     -2.7138765826684406
Au     -2.6280416218710871      4.1423171572355475     -4.5294624160282542
Au     -0.4889444204514839      1.8779777548096810      8.1458726084940380
Au      0.7647026189401660      3.7205504207636171      6.3568052803124395
Au      1.9973965120897614      5.5688745471628431      4.5189657832976096
Au      3.1870080271677295      7.3895566719781360      2.6621731485071720
Au     -5.7038569738720746     -3.5424328830312168     -0.7911101794583786
Au     -4.4957014474860904     -1.7402827941364771     -2.6268210862224102
Au     -3.2487883327017646      0.1420709226588270     -4.4903688028006261
Au     -2.0047978709990755      1.9819132753571633     -6.2874679356330656
Au     -2.6404510677350865      1.4899888571584174      6.3412296044119181
Au     -1.4167076646503340      3.3037770586349682      4.5348981341455072
Au     -0.1508848127276212      5.2015351059080075      2.6474545808139993
Au      1.0524950570355682      7.0242620527413875      0.8312765235951751
Au      3.6309597857604934     -0.7237997255365967      8.1435076178350130
Au      4.9445750616116406      1.0304399811911518      6.4022306961825635
Au      6.1497700995862097      2.8379229507853969      4.6045027404030563
Au      7.2255350369420199      4.6677805582327903      2.7829468789519183
Au     -5.0906529004433736     -5.6815670670419172     -2.5643076484581258
Au     -3.8574258388998475     -3.8957744340640472     -4.4046540100744540
Au     -2.6415640035833459     -2.0497702086529097     -6.2300957028663095
Au     -1.3945265175016335     -0.1854394825884320     -8.0316267128535870
Au     -4.7907396742474306      1.1394504829887566      4.5159986289197107
Au     -3.5867435361298128      2.9635722058012224      2.6861079714523619
Au     -2.3480816892464329      4.8219051268720250      0.8389190702460994
Au     -1.1116477967008107      6.6513779388283556     -0.9715379723358524
Au     -2.0630002131579772     -9.8551382805266137     -0.6517287980414537
Au     -0.8021749983400728     -8.2758207945321161     -2.4885194380019335
Au      0.3639986559749437     -6.5106376845430480     -4.3017572258983421
Au      1.5607530980431723     -4.7180088706487071     -6.0819918000781907
Au      4.7463295494370161     -1.1630724967521049     -6.9582487773229929
Au     -4.8697621829063449     -3.6051875757978591      1.9191924728927674
Au     -3.6635461053487903     -1.8225690990762002      0.0812707001789761
Au     -2.4124539752345751      0.0212183837061728     -1.7554949610565274
Au     -1.1989660386779701      1.8881411551516374     -3.5963639992117784
Au      0.0375035574591300      3.7112376955038702     -5.3867244344359104
Au     -1.1629453419736122     -0.7273575512127062      7.2933788970960869
Au      0.0273558384747470      1.0935345730590216      5.4836296451002298
Au      1.2954147752326768      2.9283110858119814      3.6560390633274373
Au      2.4921049391708183      4.7916102712398603      1.8079493196737140
Au      3.7198918078976795      6.5971850523003095      0.0033413036498722
Au      2.9462482683636604     -3.3204382138588970      7.2994604942451389
Au      4.2465646811856175     -1.5691736529979794      5.5607372412936336
Au      5.4734158509665818      0.2310980765270809      3.7389453662785321
Au      6.6711508165855324      2.0678674228503269      1.9385720321503008
Au      7.7515661193462151      3.8891790535070694      0.1311928502897146
Au     -4.2574927826444098     -5.7328303083148482      0.1639791513577258
Au     -3.0339780821294693     -3.9808624292216264     -1.6709287640507497
Au     -1.7850173000604466     -2.1407263323611110     -3.5022261116230062
Au     -0.5834781636737936     -0.2684797155360794     -5.3319181602742773
Au      0.6439311058540311      1.5437499828501009     -7.1299923201024047
Au     -3.3291495421002413     -1.0974673970303490      5.4766189688852229
Au     -2.1303465231111005      0.7162464997059335      3.6698085945987025
Au     -0.8728962754221881      2.5582284411322957      1.8289697616206020
Au      0.3413029447156402      4.4263804716419859     -0.0176652495340228
Au      1.5613960532741165      6.2330419793585410     -1.8265242072432422
Au      2.2674420275609335     -5.9090740796342685      6.4561131528675801
Au      3.5660106940217546     -4.1633431352362367      4.7102509719489021
Au      4.7911409396977636     -2.3672421313748986      2.8876698348999064
Au      5.9996714191097062     -0.5542730545998937      1.0759852842207600
Au      7.1915247090173402      1.2806969450349976     -0.7194435747859345
Au      6.8509970435632059      5.2982672153981323     -3.4456833371590214
Au     -1.2271960731011871     -9.9322313432464355      2.0419641533698645
Au      0.0302156789729513     -8.3636553625861829      0.2184348019601110
Au      1.2303790247640749     -6.5789136338411600     -1.5821620045530764
Au      2.4218090482238179     -4.7967727902467177     -3.3832352008974098
Au      3.6033689791920156     -2.9841351067820527     -5.1900029854138463
Au      7.6779167951303915      0.5199712022023917     -3.3671877696340644
Au     -3.4156533604750785     -5.8058047905207735      2.8752654446587478
Au     -2.1870908353232856     -4.0640223630807837      1.0374079143010064
Au     -0.9385315250380426     -2.2382830856029932     -0.7901820992612123
Au      0.2846028165554215     -0.3993786517444935     -2.6116140358912183
Au      1.4843943759402740      1.4609371630732735     -4.4451499432608106
Au      2.7009390327904321      3.2815089407752680     -6.2260297788924195
Au     -1.8493416921587427     -3.3176227342118496      6.4355969300881526
Au     -0.6634615980501635     -1.5141198123641813      4.6208927793938734
Au      0.6006328261201008      0.3042686427316470      2.7947227210591414
Au      1.8213431195665568      2.1379278439029301      0.9734813645299205
Au      3.0085458434017736      4.0011508034421084     -0.8602078766634627
Au      4.2328502473741310      5.8060542811125577     -2.6530602929551144
Au      6.6507718421416993      5.4080688185206141      5.3986367463715048
Au      5.5346226983522904      3.6447835203286902      7.2157174359118592
Au      4.2856584505541200      1.8613301543832490      8.9240847662960618
Au      2.6525171274011039      8.0696852116012838      5.3282295442395764
Au      1.4889489991015314      6.3400708244198025      7.2137217179032262
Au      0.2519462984186451      4.4707875861011921      8.9087404404021342
Au      0.5376822943097008      7.8003066045481910      3.5098407632200512
Au     -0.6650708456970089      5.9075491591049616      5.3342999691505248
Au     -1.9337418819534431      4.0974743153414366      7.1956533950248520
Au     -1.6019739241964741      7.4320568205438402      1.7001137644833264
Au     -2.8162527580522481      5.5368532128131989      3.5171789727064535
Au     -4.0755147433770480      3.7281732386846000      5.3877328748375746
Au     -3.7243934440849320      6.9866184432800189     -0.0534688001791466
Au     -5.0343294609270330      5.2291012043081917      1.7173267544566961
Au     -6.1323384031249439      3.3804732569479246      3.5352616077654169
Au      0.0280533854305918      8.3915460833934592      6.1339818829153465
Au     -1.1501090367906404      6.6259214571049041      7.8917075817923070
Au     -2.1026697678645725      8.0778539281432771      4.3780234600159247
Au     -3.2867909256860615      6.3046395622282319      6.1439681907163504
Au     -4.1804414899362605      7.6769759332631651      2.5864685756650267
Au     -5.3611337520933011      5.9099054702802629      4.3463172407214401
Au     -5.2475049011702968      4.4623739319452129     -3.6377626853903635
Au     -6.5512767535740490      2.7096650566332157     -1.8354760838292989
Au     -7.6691006981681102      0.8389803804837221     -0.0347062602089920
Au     -4.6407455395916033      2.4089086279886418     -5.4242933912903410
Au     -5.9188730082162930      0.5302300971630096     -3.5985977231923947
Au     -7.1366877769960642     -1.3186816589314860     -1.7178574979236281
Au     -4.0186279077050013      0.2223295018342295     -7.1944515181618680
Au     -5.3008383314942735     -1.6318209364443925     -5.3527303505493169
Au     -6.5153787562521384     -3.4957534198832887     -3.4993843001959135
Au     -3.4049122029973278     -1.9623748359475828     -8.8332753859595012
Au     -6.0133378748625068     -1.5596245323436007     -7.9825663329753951
Au     -5.8227638087799249     -5.5612460749937940     -5.2583712816608905
Au     -7.2477354366477922      2.7389334623986334     -4.4970534070889610
Au     -7.9296885158977233     -1.2851130763016636     -4.3841762610814712
Au     -9.0810504820793074      0.9418568278361210     -5.3237696358804421
Au     -8.4633046286816782      0.9282342452115673     -2.6966121057210799
Au     -6.6122266027626431      0.6704859464611674     -6.3280350646676844
Au     -8.4875438024514338     -1.1192302714268125     -6.9989253408789480
Au      0.6210051539021788     -4.5331391061729152     -8.6484248633965315
Au     -2.0217664488460132     -4.2302615334875773     -7.9722274239374791
Au     -3.2227845920891651     -6.0382770104875556     -6.1734272876613403
