         216
Au Au   -791.88310512   nogrup     0
Au     -2.0644659190349275     -7.8731662440794636      7.4629013122021917
Au     -0.6650817705626093     -4.6671769506828973      6.3187666001339906
Au      0.6978523946093598     -3.8488109645597515      3.9832874915690439
Au      2.0222747224342221     -2.9953274078967667      1.6337978783767966
Au      3.3407598292153629     -2.1293877559199874     -0.7233954053188505
Au      4.6487281651285812     -1.2542112729674857     -3.0750200420462477
Au      5.9260299544008452     -0.3355443151075814     -5.4307603137651945
Au      5.6745991575291219     -2.9234725278499738     -6.4582129907616874
Au      3.6204001301863400      4.2497669693572480      8.4571854771958215
Au      5.0116445484256440      5.1961317130372588      6.2897979062118523
Au      6.3231655131010003      6.0554628506227681      3.9471451319131283
Au      7.4769168203746474      6.7771690030204494      1.5643784984843982
Au     -5.9715280001140973      3.2917603440534338      2.7649251351135966
Au     -4.7926753374383031      4.2195365917054595      0.4582795689444410
Au     -3.4709055757871101      5.0911344000679968     -1.9052535441618623
Au     -2.0901448822332633      5.8386237550333098     -4.1696696539499563
Au     -6.7106988504168505     -7.1476259434021046     -1.4673810203839714
Au     -8.6920167095865910     -2.8427374317909386     -4.3422840589546006
Au     -6.4821597936675088     -4.2035937977549409     -5.2922141154297151
Au     -2.7754351060536937     -4.5723166505250319     -8.3533200597162196
Au     -1.8975023578306995     -5.4448788276162770      8.5987373538081435
Au      1.7205638648532544     -5.9597816864392641      5.4648016885817015
Au      3.0261369202227084     -5.1243112029245097      3.1002278179936980
Au      4.3320195732422446     -4.2744607049523431      0.7366573314867502
Au      5.6335924576098941     -3.4129698283684409     -1.6228605889560299
Au      7.2801918825104339      2.1236629481553462     -5.4458459957860761
Au      8.1125603747926682     -1.6765944525941583     -6.3016296111075345
Au      0.3475812411978467     -6.7278558586453787      7.7504845313493114
Au     -0.7265408727923279     -7.2723665056784057      5.2296753956192710
Au      0.5688202205128776     -6.4333412610635499      2.9041503030187812
Au      1.8687574674497345     -5.5971142862445831      0.5626261027805626
Au      3.1652538668280203     -4.7401214780051522     -1.7910303828289358
Au      4.4540196891954000     -3.8696169339640765     -4.1514501699091486
Au      7.1230163799766482      0.4661095733912397     -7.7250162067492703
Au     -3.2311623476457854     -5.8426267959784042      6.1777464954626495
Au     -1.8801996084139918     -5.1282980386622707      3.8160121231293225
Au     -0.5230402459130923     -4.2813244177156715      1.4578450925065169
Au      0.8073930493817854     -3.4230410126030648     -0.8966746769690630
Au      2.1209476071722788     -2.5467794075986578     -3.2498919901362022
Au      3.3988732768066749     -1.6233427518036212     -5.6078026974959698
Au      6.9235470484782589     -2.5491636737099324     -3.9792077758342774
Au     -2.9652640277998406     -3.2755127484132647      7.2369739775785256
Au     -1.7199725008203803     -2.4611286260388887      4.8954456625015439
Au     -0.3606198647312036     -1.6206968421567920      2.5244979746176988
Au      0.9700197601856102     -0.7544250849317473      0.1556568234650975
Au      2.2915762396763468      0.1240538058520535     -2.2147209163970452
Au      3.5894221698899380      1.0341238342437684     -4.5956502311924901
Au      9.3221197381385696      0.6544939556860063     -6.3010308574153946
Au     -0.5497203087666713     -3.0447789981268158      8.5948106176614623
Au      0.7455547151520967     -2.2049246583688387      6.3115992627302901
Au      2.1138537056548268     -1.3836176915611533      3.9658721783455420
Au      3.4369624051191079     -0.5288541616639542      1.6150765188862231
Au      4.7464073060632037      0.3432520421873724     -0.7384792137192839
Au      6.0255854602357841      1.2532138534020518     -3.1081747407480425
Au      4.6777632852335786     -0.7643554840306486     -7.8938767787853248
Au     -4.4231757287140123     -6.2846723475622319      3.6443506401632391
Au     -3.0783821459539276     -5.5522925655891342      1.2925752104114174
Au     -1.7265910824409385     -4.7031706456343496     -1.0776878028671710
Au     -0.4032358117159329     -3.8325453429398753     -3.4200891261122717
Au      0.8890498955717985     -2.9061446684976477     -5.7817757489134358
Au      2.1932586850012203     -2.0378341150592494     -8.0616108624189433
Au     -3.9965899798028759     -1.0955783216510318      5.7579218112000632
Au     -2.7421663925029205     -0.2575877628417320      3.4288685983486964
Au     -1.3897627926279390      0.6006749246111474      1.0447397419465574
Au     -0.0633375318362690      1.4747558403536241     -1.3245931077472655
Au      1.2532927765421251      2.3751242427412675     -3.7148956110441862
Au      2.5726165050711844      3.1963487492164000     -6.0161773968640784
Au      0.8472096991174660     -0.6102426388236664      8.5709643085134459
Au      2.1507511179555219      0.2432668438788683      6.2918808274959090
Au      3.5252572507921722      1.0746112249289004      3.9445208500548112
Au      4.8341436241328948      1.9323038417351102      1.6065054250827515
Au      6.1030493125331340      2.8346458202134319     -0.7719807823536584
Au      7.3596595925836095      3.6679204946858737     -3.0799942068889159
Au     -5.6244988989896072     -6.7069872030737301      1.1122309148140666
Au     -4.2691664984405442     -5.9582790108626931     -1.2543433182244357
Au     -2.9532941890183757     -5.1147121510367235     -3.6245871840932811
Au     -1.6297575539764628     -4.1873811469621494     -5.9386250299455625
Au     -0.2987154560520987     -3.3240488374457922     -8.2348980993288610
Au     -5.0133553155044135      1.1015974419752013      4.2767611244637003
Au     -3.7526776645651414      1.9607642354708501      1.9396684189683846
Au     -2.4320923520570279      2.8426116559187316     -0.4349327003224097
Au     -1.0973558616144206      3.7117630843129508     -2.8073975280457866
Au      0.2399511993428927      4.5414848575300786     -5.1183908253617112
Au      2.2496102011520889      1.8327959165794772      8.5441113574766376
Au      3.5564981342918456      2.7009847824457096      6.2497934887925801
Au      4.9291594980805611      3.5708061793803854      3.9525160062067286
Au      6.1732547168936449      4.4161967751031543      1.5747180832383876
Au      7.4492737318170672      5.2417143426797264     -0.7527511222224916
Au     -5.5843018089674485     -9.1244335150785822     -0.0113132596992394
Au     -4.3896791125548633     -8.4543285419782812     -2.3469265412675924
Au     -3.0898793926917794     -7.6182011064929238     -4.6666526788850291
Au      0.6872709504158141     -5.4660166065804088     -6.8029533816142269
Au     -6.2686831175003483      0.6785845463944602      1.8061942082890141
Au     -4.9566683199132724      1.5458471695446931     -0.5890748183127918
Au     -3.6188954465613810      2.4312147225394747     -2.9817511415573481
Au     -2.2546921273234104      3.3069002103190299     -5.3576490900758511
Au      1.1921608571643081      4.0462596905171306      7.2086165392749777
Au      2.5599323869001060      4.9270069198176500      4.8586682712034843
Au      3.9013217085058480      5.8060391589178790      2.4624447408217378
Au      5.1912435193675455      6.6664080967174346      0.0597208810066050
Au     -6.4566426466428357     -1.9612844404295169      0.7349761423395655
Au     -5.1495325030784382     -1.1169652406674206     -1.6421583885839119
Au     -3.7910726337845819     -0.2147587432367555     -4.0729146528358218
Au     -2.4295300473614367      0.6633634365420038     -6.4299270372734885
Au     -1.2389557654957610      3.7835059755014857      5.7738143088009934
Au      0.0908418662644889      4.6414054153918993      3.4187272985289674
Au      1.4683117865754018      5.5441681970108316      0.9585328790648404
Au      2.7780235150048100      6.4144857971918272     -1.4069181529565995
Au      4.5285188878578291      0.5268538081352885      7.6723585344553946
Au      5.9405671722629334      1.3221478942479843      5.3893924315573081
Au      7.2520262746857975      2.1805720132457371      3.0447135877741829
Au      8.4395467628393153      3.0882383837597516      0.6805331752296979
Au     -6.6424247222340806     -4.5828256110829511     -0.3588758015781437
Au     -5.3139439810040807     -3.7616166076764213     -2.7375039633738503
Au     -3.9852928612928586     -2.8762426298997124     -5.1192127308963489
Au     -2.6143910143593172     -1.9758045814825458     -7.4864763380286750
Au     -3.6635149919828529      3.5494691243547600      4.3083394799106323
Au     -2.3538711283347711      4.4162981452798187      1.9297271158818283
Au     -1.0054926638794632      5.3011152273234332     -0.4777845270866159
Au      0.3385715173041216      6.1703159232949423     -2.8420913060110671
Au     -4.4329179363061195     -8.7404115673204856      2.4789450277242473
Au     -3.1259206561181170     -8.1181405065851386      0.1629082311419978
Au     -1.8634806935735504     -7.2902333084748143     -2.1799417274724142
Au     -0.5579140555473070     -6.4352598334416733     -4.5016994649349122
Au      3.1847404077066548     -4.1879159591523205     -6.6291899889887347
Au     -5.2588573258615545     -1.5136981365902376      3.2674681997368289
Au     -3.9586329240516025     -0.6882309764777563      0.8938446513553657
Au     -2.6012460779094919      0.1836459317929222     -1.4997912335346868
Au     -1.2786292781994524      1.0902395938282226     -3.9007193924304708
Au      0.0671834908231143      1.9573596433978677     -6.2478111749954586
Au     -0.2021902601477284      1.5918479236368297      7.2310560450165013
Au      1.0971090586471008      2.4638588428382593      4.8727531533424049
Au      2.4714501025217750      3.3232563208626260      2.4871908258954996
Au      3.7804219503940888      4.2233423795675984      0.0790626297877814
Au      5.1095259556844894      5.0742366142521647     -2.2738202145718738
Au      3.1270064381046083     -1.9143207077163149      7.7018135254398672
Au      4.5263589505703150     -1.1173796332049761      5.4234975086086727
Au      5.8542349347209752     -0.2778548265419012      3.0568321831771534
Au      7.1651653703901284      0.6066853131300798      0.7008143441089061
Au      8.3538189087757786      1.5097649183233521     -1.6429688869230219
Au     -5.4425336354837279     -4.1192659848029241      2.1895363405078569
Au     -4.1320635641293082     -3.3260214525563150     -0.1728819175702547
Au     -2.7764060647858271     -2.4557873265173509     -2.5597356138346541
Au     -1.4613098297385256     -1.5395141232767857     -4.9511434602514512
Au     -0.1131004310392883     -0.6900104758216461     -7.3040562128182920
Au     -2.6450025627315914      1.3461610391939365      5.7801905700191263
Au     -1.3389529522585355      2.2103663128944495      3.4265970977734668
Au      0.0249969706357125      3.0760803928337577      1.0277589091117925
Au      1.3531940083783067      3.9766467965330961     -1.3806256936591126
Au      2.6744040906302500      4.8299362422564789     -3.7367170681887973
Au      1.7332905053726233     -4.3498235305196680      7.7288907554115802
Au      3.1288081544674125     -3.5592430978604384      5.4459750681884422
Au      4.4541423961311111     -2.7227822202966010      3.0802933397723926
Au      5.7688966660225818     -1.8650216579847552      0.7203693216940117
Au      7.0694342936566450     -0.9858827895632265     -1.6294479778353086
Au      4.8896663013237136      1.8467989976982357     -6.9013686925231994
Au     -3.2423628704138827     -8.3117739009621854      5.0025213372009780
Au     -1.9395806468257948     -7.6956482466868383      2.7027438811147277
Au     -0.6381363919753933     -6.8564536403476239      0.3642374833049971
Au      0.6539355979278294     -6.0168273840545066     -1.9739206152100017
Au      1.9453344465836611     -5.1456867832248641     -4.3318831916895775
Au      8.3093972472091622     -0.1035790385125770     -3.9643007847155385
Au     -4.2398411294212579     -3.6828303334313297      4.7258417225185170
Au     -2.9274408029635262     -2.9019664869697106      2.3627871027021818
Au     -1.5746735076340956     -2.0446483539127609     -0.0162635561892017
Au     -0.2440769713252847     -1.1654835098810983     -2.3908255883336587
Au      1.0592583089786898     -0.2508098301088788     -4.7781951643078227
Au      2.3865438095979372      0.6008693033684542     -7.1262575636268259
Au     -1.6057735781264844     -0.8468141020747231      7.2449795473926493
Au     -0.3154538132057946      0.0089457487849502      4.8877383903479412
Au      1.0518414021558045      0.8547363054481583      2.5088630599798805
Au      2.3822756266963978      1.7278167579815493      0.1329864682504827
Au      3.6882681035904272      2.6330108736009592     -2.2609960638325965
Au      5.0023713230864653      3.4883015662704335     -4.6055322900745370
Au      8.4616999424345885      4.6339716982090264      2.9899564347822398
Au      7.2497569201122616      3.7971840982108382      5.3327449987226245
Au      5.8884829988361158      2.9484030739107805      7.5882989438519282
Au      5.2451698770308548      8.1579390609240541      2.4323087917609172
Au      4.0056227846599484      7.3826887086614548      4.8328808840549442
Au      2.6334602917625549      6.4471229053197190      7.0998405182365509
Au      2.8753365894485712      7.9921743213746144      0.9469016270328581
Au      1.5504402308430076      7.0599140183458040      3.3410506614516002
Au      0.1871594815673380      6.2320645234947527      5.7505323521625940
Au      0.4592306209141824      7.7438343563824450     -0.4982787443739838
Au     -0.8783534018805159      6.8100761084654353      1.8901916318218746
Au     -2.2308521962297228      5.9830131579153338      4.3069592244682653
Au     -1.9499959227648034      7.4344009409044345     -1.8687149270236318
Au     -3.3538158399397573      6.6411629563232930      0.4416925087769350
Au     -4.5690702851113345      5.7192919530777582      2.8076319198931934
Au      2.9256161888326409      9.3835073448606892      3.3039590156225067
Au      1.6438679631052324      8.5443571255593564      5.5946541548972100
Au      0.5392246088895540      9.1975367511293413      1.8926316312339750
Au     -0.7486834824451059      8.3547593133105096      4.1936869485625685
Au     -1.8225127038944273      8.9069229382258541      0.4695298577705884
Au     -3.1064674438271056      8.0669651298623943      2.7625346655408194
Au     -4.5565126926087585      4.5498657340309228     -4.4044589407683006
Au     -5.9493166265164596      3.7666811775132678     -2.0659959988276455
Au     -7.1900374171011388      2.8242462714274006      0.2915218629020409
Au     -4.7276841349744796      2.0044890719967916     -5.5355608791647199
Au     -6.1250342508252071      1.1047895704212358     -3.1383588198496035
Au     -7.4457390942665791      0.2318572525008005     -0.7031756292201194
Au     -4.9121611382855486     -0.6643778847043507     -6.6126677117831072
Au     -6.3064254150551333     -1.5345867050172837     -4.2073414699293519
Au     -7.6335703375623396     -2.4301345988628462     -1.7940438524750668
Au     -5.0838745595550012     -3.2911918502908968     -7.5655946862059800
Au     -7.3654693302108551     -1.9851626391669166     -6.6777048065815379
Au     -7.7212192773887409     -5.0008268646557106     -2.9037392792385219
Au     -7.0114971492575817      3.2631965456998024     -4.5537885714055442
Au     -8.6011077850427284     -0.2436291545488114     -3.1892578139663357
Au     -9.3188627950486698      1.8722468245367345     -4.6631860266550405
Au     -8.3353658102839550      2.4029260518264071     -2.2062705829565061
Au     -7.1646760193465386      0.6848582952363786     -5.7254418132096188
Au     -9.4878348181303807     -0.6447068367094175     -5.6852983659679062
Au     -1.7957637058425164     -6.7002592949393751     -6.9268613417021427
Au     -4.1628386059363764     -5.5278518668341636     -6.1747292164889114
Au     -5.4754335867433088     -6.3897653621920689     -3.8299226895423466
