         216
Au Au   -792.02442846   nogrup     0
Au      2.6620847671978582      2.0008112940462501      9.8787708758079695
Au      2.3151504154214462      0.6711306648751703      7.5120296498682819
Au      2.0121869923219760     -0.8111953603584763      5.1209646559225952
Au      1.6784277321707810     -2.2357274022881883      2.6973441429438987
Au      1.3314288899696107     -3.6405754082966260      0.2545134107436811
Au      0.9732442961449675     -5.0174196614297228     -2.1930615095503483
Au      0.5850394750707312     -6.3333262545893438     -4.6677261796131857
Au      0.2630692104987434     -7.7117431486119719     -7.0099825593792824
Au      8.9318187764080612      4.5575179934536099      0.9813141280561641
Au      8.6863146810841076      3.2636495485948123     -1.4654613672120425
Au      8.3403057605673485      1.8628128462606179     -3.9013176961556604
Au      7.9074352939782413      0.4102431590765139     -6.2302105024294363
Au     -2.0682229169097361      7.0983267836166872      1.0617483653881346
Au     -2.4601393400022116      5.8493615027529176     -1.3562801352490204
Au     -2.8088542919775041      4.4375722971682423     -3.8111809964293113
Au     -3.0882106962290830      2.9688525057960273     -6.1188192264814001
Au     -7.5622943248268362     -1.0840780360679023      6.5687007071915229
Au     -8.0364014362288838     -2.4561405500863192      4.1993662655263169
Au     -8.3824103298695452     -3.8569779564007343      1.7635102848144468
Au     -8.5866772918564731     -5.2313573029162361     -0.6428224715366744
Au      4.5238475949818442      0.2453238955805530      8.9840128498178853
Au      4.2719195233980978     -1.2038864258911735      6.6766575326195703
Au      3.9397909153589725     -2.6364741743215676      4.2596094048727551
Au      3.5972029034519708     -4.0533197941462218      1.8200472506689600
Au      3.2451618755067213     -5.4487270739391134     -0.6305010138253744
Au      2.8858022163791706     -6.8156664700645786     -3.0814354961147270
Au      2.4696964530654202     -8.0710281177875753     -5.4769488586902133
Au      1.9836683965678192     -0.6235105118181477      9.8444988856530617
Au      1.6765259737350666     -2.0916066490419176      7.5558476633350793
Au      1.3498387325253587     -3.5223339927469688      5.1369566379602922
Au      1.0085498293269115     -4.9387351740035870      2.6969544537054340
Au      0.6552085282832795     -6.3345875796747606      0.2468468067804022
Au      0.2904078707674065     -7.7033885331100338     -2.2022440829104184
Au     -0.0704827078288012     -8.9398644612113465     -4.6164618524544245
Au      0.1110834377535961      1.2893491627254945      9.1375425806243218
Au     -0.2465375295782853     -0.1289730052796549      6.7318260465087629
Au     -0.5681265224087677     -1.6002947877115596      4.3073048898094157
Au     -0.9109026282535803     -3.0209839942104004      1.8667294073891414
Au     -1.2634402715126920     -4.4153165208156553     -0.5876166537393619
Au     -1.6392806277750953     -5.7675767590407689     -3.0729024587714004
Au     -1.9698004469530281     -7.1352324158790452     -5.5116061447602993
Au      1.4902681908737043      3.3399581306838986      7.7716749274065968
Au      1.1341118564512995      1.9882406600139710      5.3554605830403990
Au      0.8107743166841569      0.5150703250178474      2.9134956079297201
Au      0.4674069305580383     -0.9125434719565744      0.4584007111066866
Au      0.1115516388088028     -2.3157756386549764     -2.0089421910471041
Au     -0.2664839049985684     -3.6821550248775754     -4.5045514223841083
Au     -0.5925779154557386     -5.0925640651697446     -6.8912833103854316
Au      4.2406154257606010      2.7018007186512212      7.7386633110352001
Au      3.9281375907258309      1.2989194414427592      5.3176542946202687
Au      3.6122774878274604     -0.1704424197613046      2.8911922259831719
Au      3.2726818344800397     -1.5900431586120198      0.4495389164794821
Au      2.9169634103098723     -2.9854632655873532     -2.0037303246075475
Au      2.5353949313719322     -4.3396822189342918     -4.4870762148045991
Au      2.1597307077338850     -5.7227786062181503     -6.9104871197449071
Au     -2.4506332943923983      0.5015106518423578      8.3032608643469299
Au     -2.8111464752615611     -0.9206757669473660      5.9049402541644138
Au     -3.1475760394449703     -2.3922346633394049      3.4736389614089127
Au     -3.4947357848177707     -3.7977329206670269      1.0296782652589922
Au     -3.8576327059904809     -5.1574404461563139     -1.4621878215564155
Au     -4.1842595575113677     -6.5171775268495802     -3.9012357153492596
Au      0.3020821238904686      4.6210430462937131      5.5576327072433784
Au     -0.0480973497166238      3.2606054921897778      3.1502577143321364
Au     -0.3856397635252088      1.8027150248356407      0.6817889746731609
Au     -0.7355234750156429      0.3861898778965717     -1.7813462828114237
Au     -1.1035040962443974     -1.0122720789773756     -4.2796677315147615
Au     -1.4345916263624303     -2.4099816590839858     -6.6683192315211119
Au      5.8170636625635872      3.3293665088899642      5.5025767713703591
Au      5.5126032650329755      1.9263533322404711      3.0852677207403865
Au      5.2024012918538576      0.4637666956380985      0.6450810482191667
Au      4.8552414424924670     -0.9417306905340888     -1.7988798288690897
Au      4.4661169700409662     -2.3104085980658517     -4.2818617616503403
Au      4.0834373196340144     -3.6893164633943938     -6.7019226840591735
Au     -5.0210126920424845     -0.2856115153265300      7.4586370413328993
Au     -5.3951909561965445     -1.7316555191121206      5.0585888349069279
Au     -5.7627294111863820     -3.1791825758411054      2.6469019894009644
Au     -6.0884151579071411     -4.5382175102613260      0.1783796290948603
Au     -6.4050330941724010     -5.8889032506015777     -2.2846840230229262
Au     -0.8886931040897441      5.8899036021486069      3.3236037677305728
Au     -1.2411399948159612      4.5266013421206104      0.9066432975861938
Au     -1.5961875388933553      3.1163206530226288     -1.5654291485108214
Au     -1.9421864069517576      1.6883749686954110     -4.0286275922097365
Au     -2.2734366622065858      0.2836919186327487     -6.4248004722571688
Au      7.3928275896991495      3.9603784066374059      3.2534447117661394
Au      7.1091899636112572      2.5453045954194167      0.8227251732814915
Au      6.8158335928550891      1.1231525542683216     -1.6140913374637238
Au      6.4159655469376604     -0.2612546735018288     -4.0574842535911797
Au      6.0088077145037202     -1.6429080729880690     -6.4898781243914865
Au     -5.6507478340067196     -2.9579314405468544      7.4709032224236172
Au     -5.9357554170097089     -4.5059014188943731      5.0998559830110679
Au     -6.2859890144673365     -5.9238403789746243      2.6342642065224009
Au     -6.6953420986929020     -7.1870300946153298      0.1171071784929181
Au     -3.4762716529087165      5.1687472040971461      2.5350390401465042
Au     -3.8204357465455834      3.7609325168811525      0.0692395519475504
Au     -4.1757239044633110      2.3225288945126135     -2.4319393567072636
Au     -4.5306640720720761      0.8999824007618827     -4.8877347960356445
Au      6.2575008100220533      5.2925765877890374      1.0607391875798626
Au      5.9356282507890672      3.8747142558825081     -1.3932484625551056
Au      5.5826999165029747      2.4458665565048685     -3.8778113838164696
Au      5.2074036768127101      1.0412010795814450     -6.3317998958546404
Au     -4.8612408588343037      3.0933600186082657      3.9411096063346225
Au     -5.2034674297043626      1.6743946767214162      1.5015586857725749
Au     -5.5663085523792368      0.2054120067570495     -1.0527929051932521
Au     -5.9189561508671842     -1.1888614600672616     -3.5050630612465650
Au      3.4818258804024143      5.9469985231158580      1.1148949757346207
Au      3.1414931466911367      4.5286818261413888     -1.3252973708134133
Au      2.7786514468057817      3.0596995944718062     -3.8796484788494316
Au      2.4241103773806238      1.6647788225412525     -6.3312774034768049
Au      9.2764823732718575      2.1477319948383098      2.4142973666561245
Au      9.0097861716150600      0.6060268315027787      0.0370477268454277
Au      8.6595536741971717     -0.8119107248220756     -2.4285443002394853
Au      8.2318902261699129     -2.0813625737843875     -4.9394990785737001
Au     -6.2588187184286124      1.0115324355508095      5.3006452034806397
Au     -6.6203988234227653     -0.4199136108218653      2.8601091226854489
Au     -6.9733261777397395     -1.8487620676131644      0.3755459193653987
Au     -7.3089148597578388     -3.2398461626551374     -2.0918937677325236
Au      0.6919972751348585      6.5944493986262245      1.1230376648649285
Au      0.3322422076777762      5.1813025265724360     -1.3374799653375025
Au     -0.0230465142181450      3.7428995085739585     -3.8386588079509023
Au     -0.3623950541868289      2.3256858729312171     -6.2997360791862267
Au     -3.1115795921588365     -2.1743147685669229      8.2893782895903776
Au     -3.4229566911450591     -3.6841307254783207      5.9504852445039873
Au     -3.7459395564084739     -5.1278146731589445      3.4810594148492537
Au     -4.1265284094261157     -6.5325817624787499      0.9974364282651766
Au     -4.4989229268322655     -7.7910562472262770     -1.4773325781772138
Au     -2.2860531608949026      3.8911017606358307      4.7626266095087555
Au     -2.6426526405611401      2.4795511962462431      2.3251545937069320
Au     -2.9859940940800422      1.0223414807610671     -0.1637843854720371
Au     -3.3525717352149953     -0.3945983158477555     -2.6725809590641560
Au     -3.6899417720160841     -1.7926235736753802     -5.1205614544801783
Au      4.6692601145958292      4.6608349165354124      3.3181137212838419
Au      4.3411816623867985      3.2550605315833181      0.8763740385512335
Au      4.0038606487720294      1.7953673939190016     -1.6012384757960083
Au      3.6335236827921000      0.3900674434669403     -4.1054417860916530
Au      3.2682858094835163     -1.0110889845075399     -6.5445590349541796
Au      7.7077488812045170      1.5262937843890017      4.6243268484145990
Au      7.4539962050760975      0.0361890433326602      2.2659132724552657
Au      7.0989567667545019     -1.4184577582752145     -0.1926534326548826
Au      6.7504253079254264     -2.8122599416260901     -2.6871364182584885
Au      6.3204067424250567     -4.0904432880806105     -5.1423864244884108
Au     -3.6757183455876214      1.8065449339924244      6.1449766733324420
Au     -4.0334046691337200      0.3906417111646460      3.7132667561822075
Au     -4.3751127994783463     -1.0705529982435744      1.2371404073001973
Au     -4.7410622680939039     -2.4743527910510661     -1.2685495774332689
Au     -5.0766928340879351     -3.8653832605121634     -3.7176956982649889
Au      1.8844563591524177      5.3175694525498125      3.3498667622545977
Au      1.5501133280506396      3.9136322043335960      0.9048555324248939
Au      1.2045501935754412      2.4556636272732959     -1.5833307148636524
Au      0.8401939232987804      1.0394839390046353     -4.0928800753318226
Au      0.4805672735960399     -0.3661536070210003     -6.5333217883338932
Au      6.1331605740835320      0.8815250149313777      6.8371730516516838
Au      5.8817105652347896     -0.5954896532407965      4.4844038152038070
Au      5.5393210471873635     -2.0409718344395928      2.0483114138895431
Au      5.1899243599913047     -3.4555270784432750     -0.4114004221967615
Au      4.8349554030106114     -4.8333413603007616     -2.8846217546952184
Au      4.4054732862227075     -6.1131205851907842     -5.3255301141830564
Au     -0.5542528853720533     -1.4058163949359612      9.1025355154303291
Au     -0.8712312597671399     -2.9052448778532316      6.7719643458843901
Au     -1.1948321926601286     -4.3443016369641185      4.3295077390699532
Au     -1.5442293989558555     -5.7588578054914636      1.8697965696693970
Au     -1.9179868408882248     -7.1430985071111586     -0.5970589888535089
Au     -2.2819415674873880     -8.4004658018367433     -3.0601643082783352
Au     -1.0971262309258250      2.6007488092474098      6.9728920963725081
Au     -1.4544469133833662      1.1928677676976154      4.5393121442180853
Au     -1.7882372498686134     -0.2720190482920877      2.0789134068396988
Au     -2.1391154874048550     -1.6925715713269114     -0.3912244858072675
Au     -2.5098852843744353     -3.0801385637159600     -2.8908360227161141
Au     -2.8452937514618184     -4.4768101557855999     -5.3339740493573640
Au      3.0752503347787203      4.0278546737718584      5.5594992372614556
Au      2.7414601702282901      2.6280223803848850      3.1179484467528908
Au      2.4099021530661533      1.1639000951618717      0.6567934326250793
Au      2.0590233152757471     -0.2566518029437810     -1.8133443682515646
Au      1.6860217164971871     -1.6449820025782083     -4.3122001254497535
Au      1.3270825948011256     -3.0497012946750344     -6.7473680396584603
Au     10.0172664903491739     -0.0888522690824156     -4.6039480662657484
Au     10.4038232915369697      1.2631685359698506     -2.2042802727975146
Au     10.6969814100075222      2.6630115068193128      0.1811529831010246
Au      7.0631512943356878      3.1013282393997450     -6.0597749418096223
Au      7.5132392828913934      4.5497063349093159     -3.6837329083249379
Au      7.7514505101725559      5.8879404893613430     -1.2142510083272251
Au      4.3507299885320156      3.7214393728023971     -6.1200252513496256
Au      4.7037325402877901      5.1050484830393117     -3.6040180748239723
Au      5.0577305017638308      6.5837649496902486     -1.1428472500672351
Au      1.5903749244943737      4.3519432725968938     -6.0949763902946037
Au      1.9324174206377607      5.7377637247297777     -3.5742262083546588
Au      2.2983127272525388      7.2180644622057830     -1.1111988452028179
Au     -1.1349145610412441      4.9806153453438808     -5.9803663465489194
Au     -0.8606688510242748      6.4567445285722096     -3.5909520976522198
Au     -0.4456998000925930      7.7709342703742283     -1.1283979267549284
Au      6.1978792614546476      5.7141701764503150     -5.7732537231228696
Au      6.5357692667532978      7.0821315132545193     -3.3945620018555664
Au      3.5059560622398380      6.3652131792391611     -5.7690928621882280
Au      3.8446482805195541      7.7364222096233588     -3.3847544701861634
Au      0.7948041886991165      6.9427024642700195     -5.7102792340196462
Au      1.1322749222827517      8.3089663910492355     -3.3345405849214420
Au     -5.3476391919638262      3.5397063559247570     -4.5533055590471019
Au     -5.0242294155143981      5.0326516311794398     -2.1805455819109589
Au     -4.6584244061381108      6.3300259822760090      0.2986634250266071
Au     -6.7613431426543400      1.4953441309250246     -3.2658307890797258
Au     -6.3578252233150145      2.9021915536759524     -0.7659051262815151
Au     -6.0534055869635353      4.3614660502768956      1.7179471548522374
Au     -8.1466386119927385     -0.5531274575845275     -1.8865395090608192
Au     -7.7513378056938000      0.8449497178951768      0.6151391979823533
Au     -7.4396398633386420      2.3091995528074047      3.0906379335600640
Au     -9.4608907654677239     -2.5505110908291568     -0.4622498349449389
Au     -9.2391008945137774     -1.1802180166464533      1.9911282671408443
Au     -8.7725937070125930      0.2361039583608157      4.3832733222670264
Au     -7.4923690522774313      4.1081799267208234     -2.9029968750569388
Au     -7.1548988331644754      5.4744440960261338     -0.5272581043545079
Au     -8.8949906142112614      2.1236260231637969     -1.5682692376848695
Au     -8.5562995145618039      3.4948360166246175      0.8160681723467462
Au    -10.2147081213693856      0.1004514749780668     -0.2134856423304319
Au     -9.8768197176095427      1.4684148932016949      2.1652052314564401
Au     -8.7309327619841604     -6.5014326355284622      1.7470126659323464
Au     -8.4030073014740374     -5.1694659531611968      4.1665428764549883
Au     -8.0512160136240354     -3.7495667579504550      6.5321142384108963
