         216
Au Au   -792.02442846   nogrup     0
Au      0.0477002114897607      7.5755917860302890      7.1615757169860004
Au     -0.0561390602202074      5.0852395214306307      6.0314283063143606
Au     -0.1761478978769393      2.4589025062732235      4.9853783846882145
Au     -0.2893163468020505     -0.1412570898553911      3.8713848410386955
Au     -0.4000174012763509     -2.7374225221446151      2.7272282320935712
Au     -0.5075945071152219     -5.3142203615817465      1.5596848310606113
Au     -0.6080847259567062     -7.8590317364856901      0.3267588883017094
Au     -0.7176441264778388    -10.3732596611838055     -0.7486608462566977
Au      9.2281140157497443      2.9898785086451953      2.7228464608219731
Au      9.2508096814043981      0.4624955969243496      1.5683328999730133
Au      9.1404248273410307     -2.1262580715837309      0.4274412907986385
Au      8.9013121050212547     -4.6743094061905186     -0.6548437531549709
Au      0.7531810223152400      6.2814938564829612     -3.9707193817702269
Au      0.6589955399794176      3.8241733501939890     -5.2007913713178384
Au      0.5477462800164075      1.2151790743272710     -6.3506012230811084
Au      0.4277798246550750     -1.3497959436699896     -7.3339042179514706
Au     -8.9803582380633564      4.3442150958675345      1.4115024435178256
Au     -9.2100256914945966      1.8356025675749197      0.2388169914956109
Au     -9.3204115608657183     -0.7531519427508222     -0.9020700293033048
Au     -9.3071629000613179     -3.3199757599532722     -1.9661739573573893
Au      1.2197912648098339      5.4504081175179984      8.3691698323874029
Au      1.1312332641897660      2.8970014378192346      7.3894578432718916
Au      1.0141897514838334      0.2948296823502292      6.2850402059176922
Au      0.9014402571367981     -2.3087892804748025      5.1515767551849123
Au      0.7925871445230737     -4.9022299051146341      3.9946432852747940
Au      0.6890317559149137     -7.4735992322787013      2.8190282426594422
Au      0.5644722786226426     -9.9182581090771880      1.5960427592201292
Au     -1.5844094615511031      5.6589836769328690      8.1672170534993320
Au     -1.7339222577846458      3.1101106740978528      7.1831153375562735
Au     -1.8449581310490579      0.5074917669524255      6.0791314645520913
Au     -1.9562726286687768     -2.0962326737766936      4.9457722230199259
Au     -2.0665602900070752     -4.6895665947776930      3.7887366317033884
Au     -2.1761232631756897     -7.2604894174002386      2.6126914647238522
Au     -2.2397289546664574     -9.7096825904777031      1.3940970222503459
Au     -2.2074877736725194      6.8679503409001867      5.7556690442466909
Au     -2.3442380397071840      4.2869247176488203      4.6391550538406783
Au     -2.4655144757182192      1.6494797021017091      3.5548657969771380
Au     -2.5796616562256869     -0.9576647527886273      2.4226011725974832
Au     -2.6873361828842759     -3.5526932761478065      1.2622169057454169
Au     -2.7885560249840022     -6.1332427536229659      0.0468875277665983
Au     -2.8713414828928423     -8.7007195907946659     -1.1055925183750954
Au      0.2294381132443197      7.3623879237562520      4.4178849267202658
Au      0.1240544696939745      4.8245512366906160      3.2601473018343849
Au      0.0059154348690535      2.1746427038128391      2.1637925073116140
Au     -0.1070481826845731     -0.4470373755773522      1.0247128439082740
Au     -0.2171535580120523     -3.0567733297646305     -0.1417454890653271
Au     -0.3227698574853184     -5.6543673205502589     -1.3580174584945350
Au     -0.4350426447946036     -8.2209555010726909     -2.4498491659930686
Au      2.3512575560839593      6.5288731802334325      6.0839811591025956
Au      2.2643438845360158      3.9441405502244682      4.9710557679773473
Au      2.1493907950065543      1.3062257407708389      3.8872203775221763
Au      2.0387543783859270     -1.3011811326983533      2.7552084373694488
Au      1.9275696037082906     -3.8959481172546901      1.5945695261807753
Au      1.8200262868348909     -6.4760259182398432      0.3787810222303243
Au      1.6874053624128882     -9.0397948586818995     -0.7772903198983752
Au     -4.4739571751832807      6.0438958355704111      4.3192995532648197
Au     -4.6170398410842113      3.4650924227005633      3.2085229078274988
Au     -4.7491006476180493      0.8248738874542192      2.1123039812012934
Au     -4.8598525005150668     -1.7724927518203906      0.9676193990515927
Au     -4.9508945476447588     -4.3644681701728985     -0.2420374480309224
Au     -5.0270269778824739     -6.9266747787500709     -1.3969504894581544
Au      0.4067040947964555      7.0382587243170054      1.6217331138790403
Au      0.3002225820859090      4.4988531204323783      0.4776412480978891
Au      0.1841989586596533      1.8450204038906146     -0.6521476645462112
Au      0.0725780213553815     -0.7727242707534874     -1.8058143201525212
Au     -0.0364779239883095     -3.3974445122593346     -3.0023360364557199
Au     -0.1473374098150755     -5.9551097320486015     -4.1045734891893533
Au      4.6530653021454222      5.3650325221803161      4.9766097555275586
Au      4.5718607842536718      2.7816274468988480      3.8702888800015653
Au      4.4687530726265514      0.1392545940593641      2.7761535183878951
Au      4.3580014225124186     -2.4581128923068274      1.6314667152876510
Au      4.2380070387957858     -5.0479329877524179      0.4197205974520148
Au      4.0999974683866238     -7.6055345444214755     -0.7396544848852429
Au     -6.7444012872284977      5.2147352484947032      2.8710691455941362
Au     -6.9083418400403138      2.6184979272625934      1.7647457879403721
Au     -7.0635671051646929      0.0128131360884796      0.6543576063501337
Au     -7.1294986736795822     -2.5680425765938857     -0.5210077046709998
Au     -7.1859398334562199     -5.1401739892532810     -1.6924311041422602
Au      0.5829875316202875      6.6923097336217232     -1.1832773915727337
Au      0.4763588498134377      4.1448198614861296     -2.3336826059961737
Au      0.3655707201325384      1.5266194541547469     -3.4993753884341210
Au      0.2527083725329025     -1.1002355328516424     -4.6452307110369775
Au      0.1412207741971709     -3.6679978949345626     -5.7491672604252395
Au      6.9597042437489058      4.1954310683039306      3.8580153390309881
Au      6.8957133990610586      1.5917583837067935      2.7588891960911948
Au      6.8223802228503052     -1.0200163708645240      1.6543950810526376
Au      6.6745589509565022     -3.5947799999772894      0.4731270264788776
Au      6.5181689218361036     -6.1594745138309417     -0.7055014449391805
Au     -8.3683164105092089      3.2862134875466276      3.9581354899971011
Au     -8.5055176745264554      0.6212299935445427      2.9690307485407015
Au     -8.6172510562052835     -1.9991260776912316      1.8142185206850563
Au     -8.7015677067588939     -4.5291765868305394      0.5138246877213444
Au     -1.6929878565583723      5.9511591325385229     -2.6352024154003395
Au     -1.7953446769300996      3.3375610819006116     -3.7924319240646547
Au     -1.9086903159386690      0.6793837940456249     -4.9639152613348099
Au     -2.0293647038047204     -1.9375405352029604     -6.1118264943812664
Au      7.1965202341333487      3.9172206584114493      1.0762547730023453
Au      7.1056617699677966      1.3010076466120273     -0.0565152734012315
Au      6.9930700280709681     -1.3395105025783671     -1.2202196618524432
Au      6.8615157285830639     -3.9393441595920944     -2.3862171998684527
Au     -4.1573109171098865      5.4647640950642060     -1.2593615166562557
Au     -4.2706057321925330      2.8595132411298363     -2.3915355791227526
Au     -4.3863613721184214      0.1448251656295416     -3.5879222596468416
Au     -4.4947487788035216     -2.4488042573985842     -4.7469422202920821
Au      5.0529133208512711      4.7797149523109512     -0.5960562647127396
Au      4.9417090704285469      2.1743085884085325     -1.7280812889770978
Au      4.8259547878860376     -0.5403786737469698     -2.9244720690963106
Au      4.7154779949812413     -3.1338507576821630     -4.0836470583454405
Au      8.1104172473278027      2.0605327540771450      5.1449044617917394
Au      7.9934312923999240     -0.6059560699474380      4.1572534588646075
Au      7.8816995382063855     -3.2263118826934303      3.0024345632639715
Au      7.7771693119951539     -5.7548582287493453      1.7005780824563779
Au     -6.6207144308314367      4.9449384327112016      0.0811592764967433
Au     -6.7554082739080927      2.3319849381578961     -1.0547648782109071
Au     -6.8680016382529638     -0.3085345753775179     -2.2184648534400022
Au     -6.9557227162025095     -2.9116309127026030     -3.3813001007726093
Au      2.9085207695355506      5.6089037011017382     -2.3038098496680917
Au      2.7889520299084181      2.9965860102468831     -3.4622793696206848
Au      2.6756062183246212      0.3384088054304653     -4.6337649345182363
Au      2.5721443639113040     -2.2797946889716707     -5.7804390424760168
Au     -6.1180890123516845      4.0995833045854120      5.3745537848615363
Au     -6.2725506319125506      1.4873068939357017      4.3750195392507116
Au     -6.3700092277665918     -1.1582007818622522      3.2443644650406700
Au     -6.4970055566803788     -3.7766402640674972      2.0551493116725243
Au     -6.5606839126760503     -6.2801788481765062      0.8000984455990103
Au     -1.8713040081486190      6.2863934332543323      0.1696100676665342
Au     -1.9946297135161295      3.6898045154129058     -0.9720628208299154
Au     -2.1090497377216666      1.0239437200626713     -2.1193401752423533
Au     -2.2211113609391377     -1.6216365759448275     -3.3128656232792739
Au     -2.3191793808762604     -4.2171587724340807     -4.4594053722864286
Au      4.8762948774302659      5.0931090656266740      2.1948180741614376
Au      4.7811810674536250      2.4946687942858485      1.0612418816985816
Au      4.6674454366247646     -0.1664632894881315     -0.0738772548232891
Au      4.5554222101203319     -2.7998536973915620     -1.2721092742974847
Au      4.4293501791323120     -5.3886383530978552     -2.4245968861948377
Au      5.8257774025798419      3.2112051647271844      6.2347278207178505
Au      5.7349298199105849      0.5941963934537240      5.2397732561676236
Au      5.6020828297891905     -2.0486800097303357      4.1065657187609563
Au      5.5104756177443051     -4.6697534793977233      2.9198955172199668
Au      5.3831842657233846     -7.1685587071887298      1.6602566242931971
Au     -4.3360409027062525      5.7783153731594208      1.5313624302074409
Au     -4.4638386883735661      3.1823076619542121      0.3954325471085625
Au     -4.5824181304404901      0.5215359204581511     -0.7400328632303896
Au     -4.6895998629890618     -2.1122162141995675     -1.9379123591075604
Au     -4.7829885011239819     -4.7034345799683202     -3.0880415997324295
Au      2.7326779719533523      5.9439536593360067      0.5011806568289003
Au      2.6339215345040383      3.3455368126601615     -0.6387232338782383
Au      2.5170492580081043      0.6798578030505658     -1.7861784769861675
Au      2.4074410328142499     -1.9659041949907365     -2.9795294038164641
Au      2.2848037859676715     -4.5595971352619973     -4.1278412585904043
Au      3.5258152539700869      4.3468354006477368      7.3357558572966752
Au      3.4404867062786564      1.7430577362828221      6.3390690085491066
Au      3.3152878390392124     -0.8799058924030945      5.2230115152035452
Au      3.2038227729905451     -3.4940122561971911      4.0709478181046457
Au      3.1065487818608788     -6.0885167052992397      2.8876134372867330
Au      2.9746443799600684     -8.5793116940548462      1.6390683817479097
Au     -3.8566747754989246      4.8959400956225370      6.8040839074555635
Au     -4.0143433355889249      2.2975429099824369      5.8021885367857493
Au     -4.1187996909910671     -0.3269623915390882      4.6876263257918147
Au     -4.2302646569938611     -2.9410667844499665      3.5355648156636832
Au     -4.3482815339560501     -5.5340290766288902      2.3507414180784405
Au     -4.4078463547828468     -8.0302061914721605      1.1074105520922064
Au     -2.0505044392439080      6.6010112449418497      2.9683130639027944
Au     -2.1741740345024185      4.0097887219001827      1.8270909787707730
Au     -2.2922811671304633      1.3554556537483564      0.7084179021930535
Au     -2.4042195804900821     -1.2697313938278620     -0.4485283039121697
Au     -2.5108855543712876     -3.8867460148391340     -1.6529884636092707
Au     -2.6082143577180901     -6.4783522580216761     -2.7958876056717106
Au      2.5555393082027149      6.2584160524973074      3.3000317363003067
Au      2.4578451822534624      3.6652626950109646      2.1606798238646032
Au      2.3422023794158235      1.0107455476742246      1.0421832856284308
Au      2.2302640075802938     -1.6144419042602047     -0.1147633826186798
Au      2.1211348261115628     -4.2312718023000020     -1.3194037959323435
Au      1.9978309459999442     -6.8209447833485655     -2.4641765794016965
Au     10.0148630929029103     -4.2526207272100542      1.7797807815362887
Au     10.1516681719960751     -1.7289233701651199      2.9408305250814823
Au     10.2317070535831363      0.8328398626115261      4.0209986180166428
Au      9.2067199200618859     -2.4357623460753901     -2.3517306424843554
Au      9.4444041220320649      0.1375545220270307     -1.2258955648155645
Au      9.4263018028686041      2.7139130672043192     -0.0822130093751401
Au      7.1391057668492328     -1.6807330338466384     -4.0547567592461471
Au      7.2238025931578242      0.9460485255859514     -2.8455725029108940
Au      7.3646537866193871      3.6088603940239814     -1.7235769017506506
Au      5.0080404073787852     -0.8569244850298956     -5.7273660588034785
Au      5.0827241553377274      1.7759115499558940     -4.5214342934441332
Au      5.2338894963907761      4.4396833570113463     -3.3930966978812940
Au      2.8787690523038290      0.0192078732817276     -7.3192700716970238
Au      2.9720551823663217      2.6432734356048386     -6.2853221492164240
Au      3.0986462118675893      5.1757333097723777     -5.0467375874407985
Au      9.4266277520196020     -0.1785172857632062     -3.9373580922635973
Au      9.5344222077324741      2.3494831622208801     -2.8232400186440412
Au      7.3692425322753445      0.6389953418637138     -5.6014390875520421
Au      7.4772938040442112      3.1729970869193385     -4.4846772744619559
Au      5.2487459515758630      1.4387897802783285     -7.1986620257957039
Au      5.3564082679258824      3.9636525154813009     -6.0859286046059600
Au     -1.7718161648246964      0.3651108991454417     -7.6541940212285908
Au     -1.6242550427608800      2.9851411919261337     -6.6163393133929356
Au     -1.5519387424846496      5.5216385624380822     -5.3816643449977439
Au     -4.2117356999260105     -0.1711681766918405     -6.3913524592464892
Au     -4.0691860443387418      2.4566214557851827     -5.1805371940391876
Au     -3.9858858923175307      5.1254420208920450     -4.0570898358121177
Au     -6.6572125430886535     -0.6545770213661539     -5.0483374035812396
Au     -6.5258183636644249      1.9687326542777219     -3.8357950804003389
Au     -6.4316613964966800      4.6350188605943741     -2.7171660352619007
Au     -9.0347960568233141     -1.0789731334509414     -3.6654462564591128
Au     -9.0491352784021259      1.5130906867291238     -2.5577668855946509
Au     -8.8152108927928232      4.0707040602776878     -1.3959382141484813
Au     -3.8997750393852213      2.1192457532395883     -7.8575198346186728
Au     -3.7921139379718758      4.6441102042889995     -6.7447892676141565
Au     -6.3206286012651480      1.6572330075580815     -6.5873572873453625
Au     -6.2125778198573576      4.1912364893511729     -5.4705993617010886
Au     -8.6918462323273573      1.1691173896575293     -5.2422171455896640
Au     -8.5840510380521451      3.6971193612466768     -4.1281043998635818
Au    -10.6819846406888885     -2.7131985215682093      0.2892412345896940
Au    -10.6099068027990846     -0.1846865923363277      1.4456234599674378
Au    -10.4651388671328576      2.3722618785008907      2.5304483883966800
