         216
Au Au   -792.02442846   nogrup     0
Au     -3.7801430878088382      6.6932682156238918      7.0420684198142993
Au     -3.5350364776872514      4.4865720478531035      5.4419791218836444
Au     -3.3953686701189927      2.1586178423438773      3.8396691941904102
Au     -3.1932275755161577     -0.1457230970144181      2.2075625834099135
Au     -2.9654229255043516     -2.4463584702753263      0.5593484137145275
Au     -2.7133034256610076     -4.7296641943278344     -1.0952125543532993
Au     -2.3992195928438385     -6.9842094190355111     -2.7758824253209813
Au     -2.2051897114562440     -9.2124039042741295     -4.3530228723728630
Au      4.0524603083145507     -0.9964408325314693      9.1703888235611508
Au      4.3830461410795083     -3.2863403316798605      7.6315091964515851
Au      4.6101992363143305     -5.5804069731919812      5.9880009528655496
Au      4.7249650239772549     -7.7881875661745150      4.3046678546859791
Au      4.9406322568869392      5.6016515092432630      0.0523067575307614
Au      5.2761358827280631      3.4248242118645460     -1.5936687000253009
Au      5.5050681186113746      1.1128204975185199     -3.2500268669501695
Au      5.6102565681086647     -1.1609429013439039     -4.7925283285285651
Au     -5.4311818988705358      7.4909523786460195     -3.9873852540081742
Au     -5.2320363434199813      5.3186855536702469     -5.7086274602613916
Au     -5.0048809314560252      3.0246188236413376     -7.3521349735771153
Au     -4.7586722369758530      0.6992066110129445     -8.8531067365411573
Au     -4.5001590072333997      4.2384348799203915      7.9386468521356370
Au     -4.3764818406886530      1.9627503007053684      6.4242063148589423
Au     -4.1844920878618446     -0.3422283196197053      4.7948040557632190
Au     -3.9678542884105852     -2.6492539659577643      3.1495130144364865
Au     -3.7284681196575917     -4.9476885363254199      1.4953741101768099
Au     -3.4664970965166049     -7.2273298738320220     -0.1597231367249972
Au     -3.1516110108586037     -9.3807638703012586     -1.8183775567331040
Au     -5.9606892653806884      5.5455376708048334      5.9122813145396655
Au     -5.8687588469734653      3.2982649665820087      4.3537946626829811
Au     -5.6736400602272532      0.9904860168101752      2.7287325398335245
Au     -5.4562548423829575     -1.3172086397751679      1.0844781988662451
Au     -5.2176151837712332     -3.6149742299946128     -0.5706984933718786
Au     -4.9587726717565683     -5.8918159482227042     -2.2301372292151704
Au     -4.6121384149278661     -8.0736613545301061     -3.8447461740956594
Au     -4.1934562036969343      6.9828752165589130      4.3386437079608005
Au     -3.9990114869448696      4.7055056641301967      2.6946297210772379
Au     -3.8330913573145793      2.3691467259437844      1.0635542229441395
Au     -3.6190094091248213      0.0593960505754847     -0.5831039141393255
Au     -3.3766170245565039     -2.2408452691859795     -2.2391228226115452
Au     -3.0846747951398044     -4.5284975045560758     -3.9207671029407836
Au     -2.8273540681783746     -6.8135580024871585     -5.5453553352952794
Au     -1.6021024215163129      6.5181743737139950      5.3592726620870685
Au     -1.3473985341007122      4.2694340526034011      3.7251456954754492
Au     -1.1731330985694619      1.9208002637180059      2.0845602474691152
Au     -0.9563900450543743     -0.4025302598825116      0.4296797008220317
Au     -0.7140938692250742     -2.7151059045850294     -1.2366809857365926
Au     -0.4279075512902430     -5.0166335446896619     -2.9275490144372069
Au     -0.2347144140342330     -7.2912632610328307     -4.5340400252014170
Au     -1.8190937200660224      4.8579379567024237      7.6328754269397656
Au     -1.5986931261667774      2.5573387822249449      6.0248741505673316
Au     -1.4294795666113238      0.2180322662177554      4.3983686445980190
Au     -1.2135693635190297     -2.0933546357749888      2.7542479091909868
Au     -0.9730067606375830     -4.3919594090743841      1.0956925615536441
Au     -0.6843586028252737     -6.6766635969638264     -0.5905209465647872
Au     -0.4529955655597639     -8.9384949972648506     -2.2511203956953620
Au     -4.6163964640456907      7.1711162940319362      1.5701058657732201
Au     -4.4296351618700633      4.8980985139433759     -0.0739846499905994
Au     -4.2615315621902816      2.5638592385202990     -1.7210922918356388
Au     -4.0336201035004500      0.2621597707059653     -3.3700691993543765
Au     -3.7426145405770512     -2.0401948903375748     -5.0446963272317236
Au     -3.4782679822798652     -4.3229655138536041     -6.6644502559544234
Au      0.5885849394484159      6.2448013850067738      3.6039661860009495
Au      0.8317427831715509      3.9945951970885698      1.9772164158798695
Au      1.0321895120619544      1.6426496083471203      0.3156237197687854
Au      1.2618884782782254     -0.6771084699065142     -1.3462896884501152
Au      1.5246182209929540     -3.0028399285391911     -3.0358635183500757
Au      1.7287121555890064     -5.2694868936307229     -4.6450624823004230
Au      0.1372926452249654      2.9167989239164154      8.1654575500948710
Au      0.3562821371778506      0.6149380740636818      6.5660819429279940
Au      0.5394647058565747     -1.7327968566211167      4.9398972144090827
Au      0.7673748819839652     -4.0344959691564659      3.2909205087723326
Au      1.0432993926929202     -6.3233543080399306      1.5953715579547758
Au      1.2754159744209201     -8.5772827498570763     -0.0690958171361213
Au     -5.0336990328208255      7.3566432309054273     -1.2104054447558212
Au     -4.8667145354814227      5.0757199826962278     -2.8719663304288847
Au     -4.6935644621830797      2.7828169851540583     -4.5330693727260742
Au     -4.4116109098265106      0.4795840059990972     -6.1647158637458741
Au     -4.1250865553968747     -1.8195261922326802     -7.7843694330458924
Au      2.7805690698869658      5.9520881065285716      1.8352494103693626
Au      3.0266784600312242      3.6947324904485574      0.2017611541309385
Au      3.2660548902052704      1.3746320735091446     -1.4673479352181094
Au      3.4869168653598566     -0.9532605288154237     -3.1281390570451499
Au      3.6896552726591527     -3.2288697009679366     -4.7421414946826683
Au      2.1039040175697941      0.9688403637800826      8.6924310813706001
Au      2.3229454020607374     -1.3586725439784564      7.1030966833094205
Au      2.5387466536113878     -3.6897469968725582      5.5011703947490549
Au      2.7780457561755179     -5.9548076856341146      3.8103471193671385
Au      3.0125109092104236     -8.2073295415284129      2.1184687841166490
Au     -7.2749659883374989      6.1919925226145578     -2.2866595258990889
Au     -7.1982544104702715      3.8334439945609313     -3.8774646117662508
Au     -6.9683259054661058      1.5113731718737409     -5.5410362513868892
Au     -6.5891886994990365     -0.7337427488464927     -7.2483750229157131
Au      2.3828403450936926      6.2207105936338687     -0.9228502278667410
Au      2.6217304951839111      3.9012154635581089     -2.5791804911400975
Au      2.8549786745497698      1.5456279687089221     -4.2667632620294418
Au      3.0750520115981468     -0.7699902724103858     -5.9311057589075098
Au      4.3292500429099574      0.7135817828671920      7.0029466898063788
Au      4.5554780874293810     -1.6136833990445538      5.3693474802928414
Au      4.7871743381911953     -3.9536216378136642      3.6929759020488415
Au      5.0186362921525465     -6.2486426644381430      2.0150920316988081
Au     -0.2523284608298129      6.7023439644988008     -1.9359233221084180
Au     -0.0373788208038768      4.3939922878290849     -3.5813101259864490
Au      0.2008275245977220      1.9883275311092472     -5.3047686290522575
Au      0.4420645813454396     -0.3103931549156673     -6.9599658098052810
Au      4.5446963931902573      2.4092425344876087      4.7195528905429178
Au      4.7607342589240798      0.0999169317747244      3.0756768269952612
Au      4.9989394297049827     -2.3057469954927905      1.3522181572252769
Au      5.2390865255868828     -4.6034930871399409     -0.3044891070373605
Au      1.3077628974505071     -1.4891276763955101      9.6211732854375747
Au      1.3950009356227797     -3.8570991212741399      8.0449757634355628
Au      1.6249275238253396     -6.1791705431047008      6.3814042779496880
Au      1.9935354958590676     -8.4148645303092309      4.6594583451943343
Au     -2.8672755714548357      7.1541183590928394     -2.9816394486231461
Au     -2.6638772101885086      4.8472851585034480     -4.6469147567356712
Au     -2.4321793120510877      2.5073466148159405     -6.3232857370109787
Au     -2.1778847611616738      0.1918932099910382     -7.9694942097727077
Au      4.7794759509858791      4.0758400065055191      2.4022836941169246
Au      5.0094014466647598      1.7643684975972391      0.7335153536155037
Au      5.2426486522970039     -0.5912187449790460     -0.9540671399677887
Au      5.4716863697314224     -2.9148602862276229     -2.6059709164187304
Au     -6.8486834925692754      6.0010389580982926      0.4543548564069138
Au     -6.7621807315168923      3.6980464036036640     -1.1380211979373804
Au     -6.5481555143587329      1.3464299052745048     -2.7844396702108476
Au     -6.3002849120107918     -0.9666883061000506     -4.4799172487649690
Au     -5.9378904144930456     -3.1971581172936565     -6.1353914070649189
Au      0.1873674214077008      6.5043991436925319      0.8408294072933948
Au      0.4056675833761219      4.2082844297315578     -0.8147994984104283
Au      0.6178381382092883      1.8452530568028749     -2.4902773366418103
Au      0.8717317972291765     -0.4985369710528884     -4.1868457429265256
Au      1.1090234162794697     -2.8034962770518517     -5.8275032172965906
Au      2.3560289541884423      2.6726838920304452      6.4684730300820341
Au      2.5843950735758585      0.3634420968964935      4.8371607474806009
Au      2.7886553596254764     -1.9959279981237215      3.1714173179193317
Au      3.0489721169585460     -4.3283851922499226      1.4758557067140003
Au      3.2757673275933175     -6.6158888360878096     -0.1860165650185550
Au     -0.6278797411988641      0.4337259921915866      9.0852093569575061
Au     -0.5082463062785738     -1.8989183341056961      7.5388017398767566
Au     -0.3126541445103452     -4.2340393046984408      5.8668107737690889
Au     -0.0463530630260278     -6.5636532712223632      4.1969058318275412
Au      0.2829083899489468     -8.7644718851916750      2.4954645737243855
Au     -2.4420956891568277      6.9667691072122189     -0.1885287340016237
Au     -2.2307518789968919      4.6727622380566824     -1.8434595287052709
Au     -2.0290130974299379      2.3156492284550798     -3.5127029367123361
Au     -1.7661724508402870     -0.0190664039985542     -5.2047645148472998
Au     -1.5223528956078578     -2.3218045798132962     -6.8430195258140873
Au      2.5852916514339030      4.3583753688645661      4.1677505288776633
Au      2.8163879779798719      2.0508084626132206      2.5298759507533521
Au      3.0272805056046916     -0.3110793378128474      0.8526263332461568
Au      3.2824505985057426     -2.6560120010089472     -0.8421699693656404
Au      3.5069451568456866     -4.9495193858714002     -2.5005810426039528
Au     -2.5846841369971854      2.3484544401142786      8.5407178204791698
Au     -2.4574308114682353      0.0258305505774956      7.0013841617674366
Au     -2.2660169353247017     -2.2946148962816464      5.3521148225934496
Au     -2.0366381317173641     -4.6111480024541587      3.6925110418987828
Au     -1.7702375109902642     -6.9142477725498539      2.0293942684595958
Au     -1.4504593872599036     -9.1062641980534806      0.3343639000170118
Au     -6.4297550519339985      5.7896040931335353      3.2059975464805621
Au     -6.3401784380169435      3.5006989375067055      1.6143905559515890
Au     -6.1379604017483533      1.1705850902088679     -0.0198906435191866
Au     -5.9085805383573682     -1.1459480467968772     -1.6794949200903897
Au     -5.6529823210131536     -3.4393797210929895     -3.3576011451571910
Au     -5.2955258150984612     -5.6651144353194995     -5.0003597258459402
Au     -2.0085983424772351      6.7697197827707036      2.5933042595191420
Au     -1.7896307255944039      4.4786524198101230      0.9394663078032455
Au     -1.5991168744417736      2.1266962550284410     -0.7166968752120315
Au     -1.3687644234024603     -0.1996568618925982     -2.3833355560306435
Au     -1.0967336334775375     -2.5189924637210863     -4.0737645880702038
Au     -0.8609243058134428     -4.8207732494109790     -5.7103198314532486
Au      0.3903994981362064      4.6227348657305409      5.9217147947153155
Au      0.6228956278176891      2.3195598530339541      4.2866477958205849
Au      0.8146925502918112     -0.0335446620113480      2.6322652405028926
Au      1.0450439169417334     -2.3598974553220060      0.9656267288348666
Au      1.3157907246545784     -4.6780840257853500     -0.7265825569911293
Au      1.5380702627489562     -6.9677569056480584     -2.3819079039899274
Au      3.6015257928221249     -7.9235001254912278      6.7673463872059045
Au      3.3596979595689431     -5.7002737918122497      8.4210015765658319
Au      3.1552956299349053     -3.4169360903845094      9.9959241485328754
Au      6.7252528934004374     -5.7970500726622136      4.1704212087650259
Au      6.5817520614068759     -3.5669821868802307      5.8886062921877951
Au      6.2733878500948528     -1.2335802730447467      7.4397676140833831
Au      6.9850872458888400     -4.2290428684975998      1.8858558990292114
Au      6.6985981014075477     -1.8922151277082211      3.5670570586938215
Au      6.5209434309427632      0.4584172339009376      5.2440315087429763
Au      7.1994172501477358     -2.5738382950194127     -0.4015193862512429
Au      6.9108722961478986     -0.2273839393223858      1.2725672604825249
Au      6.7346557397994644      2.1198373320618273      2.9611089199380203
Au      7.3643825774885485     -0.8740375399967624     -2.6194080080445250
Au      7.2176854456612975      1.4628073653837124     -1.0442545120900135
Au      6.9119117625018012      3.6955029858466286      0.6542872773592183
Au      8.5931440805123636     -3.7586916937764405      4.0529063710045055
Au      8.3713212703867281     -1.5184615344997834      5.6578443194310157
Au      8.8431740244055668     -2.1386872349647117      1.8205536440372061
Au      8.6208234465786244      0.1068608320672517      3.4293014550413190
Au      9.0001032152799887     -0.5122440368291681     -0.4193921616700145
Au      8.7785535972116371      1.7252053230563686      1.1835538711103126
Au      4.9421873925469111      1.2937069904364664     -5.9800050611317612
Au      4.8237577083214163      3.6052533120565755     -4.3656315554902250
Au      4.4897160488527526      5.8632478646074908     -2.7063096250723087
Au      2.3974197338335608      1.7237131615972494     -7.0638969470652402
Au      2.1442207491870611      4.0385341398430450     -5.3407693118924850
Au      1.9326571121370577      6.4173894270200851     -3.7012685126276041
Au     -0.2005396618116411      2.2017423193278356     -8.0836127889575646
Au     -0.4627096952923182      4.5168045380569541     -6.3686689674680892
Au     -0.6646867125490648      6.8892033393097893     -4.7254377517147859
Au     -2.7755950192294314      2.7057457149961146     -9.0112281009673048
Au     -3.0503628070862092      5.0532887447075128     -7.4751617902220566
Au     -3.2274640873459628      7.2692156229503837     -5.7418823186253976
Au      4.2352171739523543      3.7520933955878588     -7.0302798649878024
Au      4.0136676162002294      5.9895428707625706     -5.4273337737082015
Au      1.7129863896413053      4.2424815353982250     -8.0719958972016279
Au      1.4906348894705164      6.4880294850414755     -6.4632473674968249
Au     -0.8436218500203259      4.6867531389069965     -9.0398317907619159
Au     -1.0654464184555517      6.9269831635169883     -7.4348938451534750
Au     -7.1781459284059839      1.7237813060572056     -8.1885705890884886
Au     -7.4536883122500228      3.9771781319790009     -6.5816875924435791
Au     -7.6243798095641715      6.2303445919691924     -4.9599913072252226
