         216
Au Au   -791.84103037   nogrup     0
Au     -3.4951241788216851     -5.6099610392958841      8.1995747518332536
Au     -2.5684234164789093     -5.0409344122264539      5.7521032001996986
Au     -1.6056690623297110     -4.5437508454763407      3.1629498122679358
Au     -0.6342451196700694     -3.9650852532975094      0.5810844815286949
Au      0.3456150942283733     -3.3702211300964393     -2.0123222145345210
Au      1.3288275344002636     -2.7617896994995856     -4.6040306644364275
Au      2.3235284965284380     -2.1262778029536982     -7.1990792114270317
Au      3.2608660869517383     -1.4980381166282424     -9.6892529431276024
Au      7.1594667643406655     -2.6394771698529347      6.8456514278082210
Au      8.2897610674176683     -2.1045219162599107      4.4027836433969547
Au      9.2644187674945133     -1.5099083418067103      1.8254676653827637
Au     10.0303614036587003     -0.8941131458350124     -0.7359316518400014
Au     -0.9357407484500140      4.9823389120389212      5.5619034124996141
Au      0.0125405501695359      5.6957154109182175      3.0735341990138849
Au      0.9927632965087414      6.2884155048873440      0.4692741289086477
Au      1.9441800135530056      6.7326462970217413     -2.0730763402606911
Au     -9.9084586961387728     -0.0324877666613421      1.0126209176741376
Au     -8.7141196465583217      5.1975731743082001     -0.3311227256926870
Au     -8.4998837403926597      3.2266958126127747     -2.2514055615744084
Au     -7.1022611201460197      1.7530996264802674     -6.6330176928188571
Au     -3.1846659191872702     -7.5609522027512774      6.4152929721212786
Au     -2.2551816668517768     -7.1505335314512095      3.8915474156480911
Au     -1.2758850784802331     -6.5755252325755507      1.3022313561963514
Au     -0.2886931704564666     -5.9903045229755669     -1.2824382693241780
Au      0.7065813513277270     -5.3950936291702831     -3.8652004073610566
Au      1.6978052532993488     -4.7937221387012503     -6.4362271092297032
Au      5.1126338395052215     -3.3206851048038271     -9.2186187922044116
Au     -4.8050172025848967     -6.2680269386011958      4.6341902118442952
Au     -3.8899884571443524     -5.7895004124387341      2.0522042671043259
Au     -2.9034839559299694     -5.2215110125462818     -0.5379868727676254
Au     -1.9162160634360479     -4.6396567895081571     -3.1161770186205935
Au     -0.9305848512992516     -4.0426580610578249     -5.6746890271172177
Au      0.0328895017126263     -3.4409828068485080     -8.2249027753269246
Au      2.6200275987892674     -4.1617435187652472     -9.0019625683896241
Au     -5.1283564577983203     -4.2348716842908516      6.4945285271247322
Au     -4.2113532926419683     -3.6520101165876468      3.9460779508006105
Au     -3.2424522105501641     -3.1244225740468821      1.3336583531816082
Au     -2.2686585553976930     -2.5408075809230759     -1.2620030309096961
Au     -1.2892101911796474     -1.9330850760344873     -3.8549933453090741
Au     -0.3030011543239957     -1.2977251286884677     -6.4523691491143875
Au      0.7165673838822335     -0.5950984139324653     -8.9627746046024477
Au     -2.9145051686756700     -3.0022038813941929      7.6838796684073429
Au     -1.9511757109981964     -2.3689705707566429      5.1506743911687316
Au     -0.9695241511656842     -1.8316072040006546      2.5220151128707329
Au      0.0119678687429621     -1.2442454528634173     -0.0896607832534890
Au      0.9965661855785534     -0.6420468276479312     -2.6981680839392475
Au      1.9895171309744684     -0.0120891039701867     -5.3074326493491117
Au      2.9868179546293581      0.5656090945819443     -7.8158535896231509
Au     -0.8698025594220242     -4.8948562599671170      7.9561566229544702
Au      0.1259861308928605     -4.3263225596951180      5.4369618007796490
Au      1.1035508313276681     -3.7996510117041229      2.8296441897527913
Au      2.0776187455903212     -3.2169415628592901      0.2396528336825021
Au      3.0564978969975978     -2.6120237056010804     -2.3485577977940650
Au      4.0407128886081072     -1.9588658794863694     -4.9373474648877504
Au      5.0139181886918411     -1.3297001318414416     -7.4664803684796954
Au     -6.7430468961608874     -2.8326434647206220      4.6694854182982368
Au     -5.8277109549922290     -2.2462047930939342      2.1217673506861452
Au     -4.8658850904269313     -1.7049118071338896     -0.5037959468208868
Au     -3.9011613306306989     -1.1081347066186726     -3.0937656004087977
Au     -2.9116620850773751     -0.4754589427368305     -5.6968512411415109
Au     -1.8855430049240613      0.2109289091279063     -8.2111864144055300
Au     -2.2684600624119624     -0.3324229766741222      7.0064218515216048
Au     -1.3101938347934556      0.2931041934366121      4.4703166166945358
Au     -0.3221174955834920      0.8613259012004519      1.8328555898220422
Au      0.6598774845356401      1.4555560031279473     -0.7784465305346302
Au      1.6537158168041588      2.0775791139530035     -3.4006315386244594
Au      2.6417756859051496      2.6359485556148119     -5.9279397149590345
Au      1.8228216869385077     -4.1558835877198668      7.6055647792717629
Au      2.8157864469598994     -3.5880920736091948      5.0894140489299957
Au      3.8086046140126535     -3.0530310624965544      2.4784110396166383
Au      4.7791264631138732     -2.4615140274643519     -0.0949594746778004
Au      5.7499894163781722     -1.7994379520007087     -2.6832765137925669
Au      6.6898030179623946     -1.2058469491657569     -5.2030041512074909
Au     -8.3609312030487768     -1.4356907455922308      2.8413907316153306
Au     -7.4343966587401553     -0.8265438668039877      0.2786890956592920
Au     -6.5223998529967080     -0.2588453555054553     -2.3315621064268619
Au     -5.5203177578333982      0.3469569283405107     -4.9171814427682055
Au     -4.4879734514463161      1.0353067033757739     -7.4560993501716197
Au     -1.6105316537656087      2.3391031452625874      6.3149841301582725
Au     -0.6543789898941168      2.9718252256994990      3.7616248389633746
Au      0.3301722088467367      3.5756261123836532      1.1476408112651164
Au      1.3140820652850040      4.1605829261624860     -1.4693753383299573
Au      2.2979660109794908      4.7107077544781504     -4.0200004326593071
Au      4.5188572581171602     -3.4115216989698673      7.2483758685884290
Au      5.5138316373211351     -2.8286160878915965      4.7176598786570949
Au      6.5446935112887488     -2.2837787213322578      2.1565181617669573
Au      7.4575073000779852     -1.6432217736638393     -0.4262233842092407
Au      8.3932043831834218     -1.0576840807823693     -2.9757282735666983
Au     -9.5828778626703901     -2.0368698568756596     -0.8313347113207072
Au     -8.6999273547567437     -1.4880461351292542     -3.3893028971909107
Au     -7.7296789774358619     -0.8905241493783951     -5.9323510974799731
Au     -4.0990682738662549     -1.0912343922720176     -9.1132663184273355
Au     -3.2507285417590657      3.7620941020137328      4.5593298578094021
Au     -2.2765666598856473      4.3918524850618432      1.9251632384016872
Au     -1.2857909504191043      4.9915672263618456     -0.7125794203068025
Au     -0.2763567393941471      5.5800260240575135     -3.3274959434911580
Au      5.1783141168475648     -0.7556425674535419      6.6938773839443293
Au      6.2085248598949301     -0.1808587249965896      4.0875583714864199
Au      7.2051589407881966      0.4270648698188140      1.4510879840499165
Au      8.1567583830546635      1.0563417244502702     -1.1682064333135820
Au     -5.5365371605272182      2.4888511479172006      3.4096256396248847
Au     -4.5785943589091538      3.1157566565270871      0.7868260336854647
Au     -3.5733761796868411      3.7244933541921554     -1.8941811900103112
Au     -2.5649101979906987      4.3222761694006060     -4.4812033953585537
Au      3.1128828960925210      1.1582422810396178      6.3706622943099696
Au      4.1016260138172562      1.7457961290622315      3.7716094150571884
Au      5.1246275388472817      2.3694167089561118      1.0641904625087797
Au      6.1036611832057179      2.9797249399348589     -1.5265102246094031
Au      4.8414337123509181     -5.4378167803898343      5.3891341871184579
Au      5.8492478758729396     -4.9743265806063786      2.8212242591271419
Au      6.8260176224493865     -4.3797966676200719      0.2432289555113520
Au      7.7565082818892064     -3.6658005060556587     -2.2982415945066066
Au     -7.8117395483908361      1.2278754210719782      2.2505567789376748
Au     -6.8612118739589647      1.8494074104539262     -0.3971170168773277
Au     -5.8763054157130385      2.4433180697914914     -3.0236828823051454
Au     -4.8615439642111955      3.0714463009330846     -5.6062166691952857
Au      1.0679259365428235      3.0996684368105747      6.0249522871552799
Au      2.0439980734910446      3.7159803506628837      3.4113299533546950
Au      3.0438807401870847      4.3237275112183511      0.7601881573919407
Au      4.0420205121033081      4.9108898459424308     -1.8424882916596133
Au     -8.0359188928220977     -3.4531253199721252      0.9874600132377189
Au     -7.1320162157852494     -2.9731411190546151     -1.6081736253956045
Au     -6.1712733011147565     -2.3811795300160732     -4.1680674401866007
Au     -5.1669239789287982     -1.8088321814327575     -6.7041120864222776
Au     -1.5150304381266992     -1.8992994851768294     -9.8735314881312810
Au     -3.9093449167684229      1.0940290302337736      5.2378902745411544
Au     -2.9478038958755048      1.7157828467799217      2.6340264335104777
Au     -1.9561438777394917      2.2906691769800380     -0.0163005490634340
Au     -0.9636360246081672      2.9134800798288589     -2.6539605878217074
Au      0.0531289411821305      3.5155811257834904     -5.2222691715223934
Au      2.4793040167939928     -1.5140932309708610      7.0453059882197877
Au      3.4637382514178530     -0.8976188666935894      4.4579513330073759
Au      4.4685080038176732     -0.3290903021663318      1.8135312668017711
Au      5.4552804477012984      0.3164684410878511     -0.8178089016363330
Au      6.4398986637748790      0.8947113250057122     -3.4045651772804018
Au      2.1465048919648377     -6.1845296283845350      5.7455294774120702
Au      3.1489408563170169     -5.7151398200022587      3.1908658748759215
Au      4.1213700321293096     -5.1367896145344947      0.5875032456334175
Au      5.1197450328212799     -4.5204315597046971     -1.9983514450731334
Au      6.0555832710388717     -3.8181536273478311     -4.5245936499057713
Au     -6.1861692607676027     -0.1773176647029455      4.0748362288089801
Au     -5.2132326635347237      0.4553984560547271      1.4775635693473639
Au     -4.2315993654008839      1.0205817601123375     -1.1696168710149344
Au     -3.2429256367702335      1.6446405793501313     -3.8006366399555844
Au     -2.2222148249461942      2.2727553484180909     -6.3463413962558377
Au      0.4144359619932958      0.4248146212991379      6.7181210913166680
Au      1.4009355293712455      1.0341138053547052      4.1290936754747847
Au      2.3994891267942622      1.6154867318662767      1.4753699109550524
Au      3.3969450497473144      2.2457320452091158     -1.1647097978581193
Au      4.3773753369480843      2.8338729318842049     -3.7464747895297617
Au     -0.5457220284103057     -6.9281365669773010      6.0953238235330538
Au      0.4480207141325137     -6.4604229030722884      3.5396267788510940
Au      1.4219214885838485     -5.8865092009927693      0.9421057672060442
Au      2.4091250980253331     -5.2905797312026355     -1.6474499873844266
Au      3.4053359427753946     -4.6755751925493350     -4.2255884517130742
Au      4.3644401577252516     -4.0242036752953627     -6.7701571616600162
Au     -6.4195558444235861     -4.8591194828987732      2.8121844041491997
Au     -5.5132110724515702     -4.3761720582149515      0.2281007522949423
Au     -4.5283440829767407     -3.8054430936601644     -2.3597760570439199
Au     -3.5429813346379149     -3.2166816758534811     -4.9141695506476530
Au     -2.5620611523145325     -2.6142642460821417     -7.4720981969550433
Au      1.0094067791141508     -2.6893541227120092    -10.5984467471943464
Au     -4.5607926758100605     -1.5778515017495760      5.9044273313175211
Au     -3.5879173725626474     -0.9585358781411131      3.3154300171721935
Au     -2.6039164503008854     -0.4045511556287806      0.6773287454089889
Au     -1.6214177284594666      0.1917533892523817     -1.9419070595980017
Au     -0.6298387250105271      0.8184447970333810     -4.5588772193647511
Au      0.3928926092325316      1.4557164892834376     -7.0964139845310488
Au     -0.2220598703472236     -2.2504281479405073      7.3926080127838887
Au      0.7592894441936198     -1.6361197880983855      4.8095355100857411
Au      1.7500258748662942     -1.0787117630759546      2.1714063756898021
Au      2.7360295542663726     -0.4800622477150824     -0.4449804149756744
Au      3.7267739593808225      0.1614279692697043     -3.0628814708465377
Au      4.7175587514098360      0.7498158536371129     -5.6267699107916780
Au      9.3948067998052025     -3.4898248641963683     -0.0622816920309681
Au      8.4989470628384893     -4.1330849603621793      2.4759513262168653
Au      7.4798999825282086     -4.6560917240161359      4.9950727975511491
Au      9.7921002727928723      1.1524172068494209      1.1062647940141908
Au      8.9357807927653035      0.5476738421863470      3.7134510508765004
Au      7.8470935611528994     -0.0306790357457878      6.2397226818923990
Au      7.8270203754824870      3.1128211737457701      0.7208298582714683
Au      6.7991538297154621      2.4592034034419550      3.3407542055214527
Au      5.8251808773749820      1.8939985020554815      6.0037223401400297
Au      5.7781805522515377      5.0321045006097336      0.3832543941070305
Au      4.7415047647539081      4.3874465966198661      3.0026000072583301
Au      3.7775992375275069      3.8123914462388626      5.6691797436008038
Au      3.7025587985377921      6.8761014674182093      0.1073271172707386
Au      2.7121142473557436      6.3983234080354894      2.6981704740076111
Au      1.7585104246073822      5.6908808349289295      5.2541827900212468
Au      9.3831154055214867      3.1486462961580308      2.9734483240276148
Au      8.4281736617214342      2.5674776428469697      5.4924144126294792
Au      7.4077219295687495      5.0783785122488903      2.6599107101984032
Au      6.4491143501416612      4.4940982672114655      5.1905571204948515
Au      5.3680198310333687      6.9257832510753037      2.3164559686380422
Au      4.4137383920814051      6.3433062643517495      4.8389103666184354
Au     -0.6442803793863594      7.5456927222478454     -1.3916182910224215
Au     -1.6079663696530702      7.0572022096552836      1.2189966619868784
Au     -2.5916712255911847      6.3533924418093273      3.7813168141364812
Au     -2.8693640430548895      6.3689471783886180     -2.5912652861859300
Au     -3.9044888981157699      5.7759903194502291      0.0565655571920836
Au     -4.8713203361825448      5.1319690855037532      2.7332275400226145
Au     -5.1851309551823288      5.0980142266557156     -3.7463823549469595
Au     -6.1889451424281789      4.5115722111555021     -1.0940581260155966
Au     -7.1779539328974451      3.8547153965548633      1.5667817729446227
Au     -7.4356252102572160      3.7928510961104767     -4.7856029523791541
Au     -7.7523827629018438      5.8050049268546902     -2.9110026684231229
Au     -9.3612558404666828      2.5876732044866344      0.3574025684469575
Au     -3.2044678381248675      8.3207716105284391     -0.6317518329690621
Au     -4.1757986904317708      7.7166066984843731      1.9560083569445226
Au     -5.7367338648475767      8.8992538807676258      0.1029906943100087
Au     -6.4995156858905627      6.4638466426568630      0.9200716960143325
Au     -5.4520485228409186      7.1220041217269969     -1.8778002128144813
Au     -7.9158830384234342      7.6905206130777399     -0.9915554861389637
Au     -6.6299477278105243     -0.2915857233535473     -8.3322885969381915
Au     -8.1676048641394789      1.1684946360691786     -4.1426045076209181
Au     -9.1406855696917333      0.5748238802019454     -1.5614667408136569
