         216
Au Au   -792.02442846   nogrup     0
Au     -5.5581077654042250      5.0092261827684030      7.2591422888785910
Au     -4.4167999583104951      2.9825371165816854      5.8169846790403792
Au     -3.2948631488598239      0.7999184266913395      4.4085421563031471
Au     -2.1402005713878176     -1.3366169343560519      2.9536900929458820
Au     -0.9694524640157831     -3.4599758281518533      1.4764874206101002
Au      0.2104474501474303     -5.5575841692316761     -0.0143178354764526
Au      1.4204531222995596     -7.6043585590648544     -1.5482270182319429
Au      2.5359713831636133     -9.6708267986561580     -2.9536440766648120
Au      5.4450159304201975      3.1235275563245573      7.8807798425768976
Au      6.7125962688985963      1.0844962650561796      6.4819705302745607
Au      7.8800014593001659     -1.0327984033964470      5.0089858697552128
Au      8.9012020750726979     -3.1448736711143810      3.5199046887347638
Au      0.9430223247428802      7.2294654578571755     -1.6237700249663032
Au      2.1335765030132841      5.2653304640063903     -3.1354345124373086
Au      3.3101092961469476      3.1314799538623745     -4.6199349413100688
Au      4.3843727392940472      0.9879681502691118     -5.9659252570491610
Au     -9.2577831543259030      2.5948504819229519     -3.0118985745119993
Au     -8.1939796515788679      0.5484893708305023     -4.5616749645733670
Au     -7.0265749672372184     -1.5688072134979465     -6.0346585528439833
Au     -5.8015995560422251     -3.6735566638920694     -7.3727694923514324
Au     -4.6336253253258679      2.7770923092350475      8.4885310278935489
Au     -3.5383604498574237      0.6472375938785810      7.1650203892248587
Au     -2.3911526904867677     -1.4945601888817657      5.7154121759823138
Au     -1.2254720488441113     -3.6284418393539899      4.2443488691247158
Au     -0.0475232140665387     -5.7451451110524534      2.7583164484385616
Au      1.1382922120167711     -7.8346981546356425      1.2642109205772272
Au      2.2969160682532825     -9.7926735915469401     -0.2561472145815937
Au     -6.8979336572755265      2.6956751811636881      6.8110009716563251
Au     -5.8518867384557698      0.5640506335874136      5.4510271611000665
Au     -4.6998290059594776     -1.5775730229172242      4.0050135504577131
Au     -3.5329902655837784     -3.7114130769399130      2.5348091233451040
Au     -2.3562001942122470     -5.8281585892210899      1.0479187891070278
Au     -1.1752351736890057     -7.9178866995957904     -0.4497808580490563
Au      0.0326070833927954     -9.8740927303403101     -1.9336752332691542
Au     -6.5239418873864583      4.4910763060864092      4.7368629962719968
Au     -5.3925193364372088      2.3705401711714855      3.2705034988007018
Au     -4.2495241954291192      0.1888016508150345      1.8282522796748122
Au     -3.0846607190008375     -1.9489458325299140      0.3567252619614987
Au     -1.9035901407884261     -4.0659656096246160     -1.1317520533611383
Au     -0.6935182765793702     -6.1519328547375718     -2.6585065602144820
Au      0.4967879016598893     -8.2422667999073571     -4.1216125547134119
Au     -3.9773995102996804      5.6573824979075198      5.0940624206056686
Au     -2.8109449168892398      3.5939246946260424      3.6197461864215565
Au     -1.6560141929923184      1.4044188625474747      2.1671035721729286
Au     -0.4829051582024384     -0.7448745883729115      0.6879731236909201
Au      0.7031071551762813     -2.8742653175427759     -0.8095400932859462
Au      1.9145511613330801     -4.9766003887214865     -2.3426941640123484
Au      3.0499492049710191     -7.0879628654194438     -3.7727638318513179
Au     -2.8428904446344094      4.6234368132559931      7.4639975661811224
Au     -1.6712264576809335      2.5043477071390212      6.0274501150350535
Au     -0.5231250359611321      0.3227928021257123      4.5889811299523888
Au      0.6445732271252878     -1.8148528502771284      3.1195540074842061
Au      1.8228091852430415     -3.9319739910434923      1.6289763777718100
Au      3.0277749280810622     -6.0181246039715219      0.0984392415470783
Au      4.1778403305293388     -8.1099050845190739     -1.3944790118117147
Au     -7.4529235804626719      3.8706607161372348      2.1617530332723582
Au     -6.3301823676873941      1.7497289638360147      0.6969579247193405
Au     -5.1893586309372584     -0.4323396417739729     -0.7614629075311630
Au     -4.0180688408052667     -2.5566808036957061     -2.2393475543187886
Au     -2.7994228129811325     -4.6539315419599543     -3.7580111507975431
Au     -1.6038147117628134     -6.7377404945693833     -5.2184174510129413
Au     -2.3446662031535914      6.2159237108767096      2.8631084506273030
Au     -1.1855365567377834      4.1467330827810791      1.3989579436610438
Au     -0.0110727878910906      1.9638599931953777     -0.0803714730637850
Au      1.1694063105746526     -0.1771474850998964     -1.5698516613890643
Au      2.3753197474858063     -2.3115105405547216     -3.0939858821254198
Au      3.5147268267753669     -4.4111238649062532     -4.5300368047016857
Au     -0.0831247888229854      4.1356596429767229      7.6217236980819809
Au      1.0895813390856806      2.0165246320547694      6.1939441415281085
Au      2.2537846475579926     -0.1647029802213122      4.7528424717409887
Au      3.4250742327331158     -2.2890434807040401      3.2749569969712713
Au      4.6203420896001122     -4.3871338970690896      1.7389732392767634
Au      5.7659862872654086     -6.4727384869598126      0.2415501310404515
Au     -8.3778855588897461      3.2485133948874689     -0.4261387230865541
Au     -7.2699325516200322      1.1072238698801913     -1.9021468767754612
Au     -6.1502549106624169     -1.0407152810239171     -3.3784014836707321
Au     -4.9310503502902812     -3.1347552193241062     -4.8532520947661322
Au     -3.7083166131017777     -5.2205844265236774     -6.3180121223565680
Au     -0.7025183491731535      6.7563849825924400      0.6203231134442078
Au      0.4617989066094825      4.6814367182556911     -0.8505483788253194
Au      1.6491084900210258      2.5437266536432137     -2.3494083177792451
Au      2.8270703646385633      0.3915977548001837     -3.8349513921231182
Au      3.9694902589856009     -1.7171277951810997     -5.2746257074919534
Au      2.6877716159270393      3.6464066626414615      7.7719366932372917
Au      3.8764321375663759      1.5080203575632858      6.3557186037924129
Au      5.0622354768037354     -0.6375403456846609      4.9284525400252068
Au      6.2153153575994171     -2.7339564711295341      3.4046113073053892
Au      7.3573436084745172     -4.8226861421063063      1.8800589835312636
Au     -9.7485881804229777      0.9001212925374997     -0.8059276364976480
Au     -8.6590859589165579     -1.3383079463085821     -2.1849555973661587
Au     -7.4774293928586300     -3.4814516818664027     -3.6759201460603830
Au     -6.2242184705252210     -5.4919520128728863     -5.2528314928983413
Au     -1.6535354952513193      6.2179132510502582     -1.9570940609070639
Au     -0.4647406345463732      4.0830237367905085     -3.4435554201825767
Au      0.7339710546667599      1.9089479282499033     -4.9560407333480967
Au      1.9038935522233906     -0.2341140227885083     -6.4457119953476845
Au      4.3501722608085878      4.2512445250782154      5.5942604493874750
Au      5.5368790644701882      2.1078951947615479      4.1335167696512141
Au      6.7276276931179932     -0.0517369622218591      2.6310785292065990
Au      7.8931108281040370     -2.1744999162270244      1.1239235872848869
Au     -4.2438442514574586      5.0444124637260410     -2.2970808070339519
Au     -3.0788269150776499      2.9085330689066766     -3.7677067983905150
Au     -1.8546317555807854      0.6882389511203268     -5.3123456310436286
Au     -0.6752020147446052     -1.4279534836546581     -6.7998472567735071
Au      3.1931371763571699      5.3118301994112205      3.2126642772515961
Au      4.3598431258971519      3.1760125905435315      1.7432880745780341
Au      5.5840382044544494      0.9557181422646046      0.1986481707865391
Au      6.7617803572452164     -1.1605342444826627     -1.2901051629375058
Au      3.5574979766496524      1.3785738716794731      9.0519841506261418
Au      4.6633227782777400     -0.8592661151857537      7.6850462208066102
Au      5.8449797411124136     -3.0024087577056240      6.1940807854923552
Au      7.0818701898653380     -5.0134936173906937      4.6050761394381876
Au     -6.8068333027329810      3.8500646576146615     -2.6714911767416041
Au     -5.6555225229778223      1.7054413481857247     -4.1584567387802167
Au     -4.4647742873758602     -0.4541920381914499     -5.6608936061478996
Au     -3.2638962493619421     -2.5756834800756914     -7.1418242792030497
Au      2.0620447014986958      6.3515180222900023      0.7956237300526947
Au      3.2369416671810822      4.2161291268968917     -0.7011349911290985
Au      4.4356534972321491      2.0420530516486766     -2.2136208392824628
Au      5.6194742310638706     -0.1005087919009129     -3.6929959556059320
Au     -8.8201566302770491      1.5144855492135538      1.7419950828439799
Au     -7.7536335323685464     -0.6730413632766741      0.3548503210147835
Au     -6.5656478872411626     -2.8455323900955434     -1.1133378891314774
Au     -5.3798408006691734     -4.9783347359215462     -2.6403021982461894
Au     -4.1393762003208305     -6.9749431539615117     -4.1640221281312471
Au     -3.2944164768926529      5.6671323794646931      0.2823916839736729
Au     -2.1352027772807056      3.5410949092759365     -1.1998674774610762
Au     -0.9474650383125893      1.3523184543578683     -2.6947554729869054
Au      0.2600051014009113     -0.8030389290965059     -4.2220427188872502
Au      1.4421870246236987     -2.9235371429139110     -5.6940618383386550
Au      1.5664296303747740      4.7448048641555802      5.4376796846943254
Au      2.7453198850692373      2.6179922398416009      3.9772639855114758
Au      3.9262754221999581      0.4301023970569062      2.4935071281103234
Au      5.1328986344184244     -1.7123039472397843      0.9647139481607496
Au      6.2932009746732174     -3.8280300105428986     -0.5263700760120660
Au      0.8241589815450809      1.8612691871306510      8.8870577437570990
Au      1.9420478778281269     -0.3244101878222221      7.5379653000778983
Au      3.1014582441235778     -2.4979279200051239      6.0486060863090234
Au      4.3158411881437919     -4.6297011695276424      4.5428113600199591
Au      5.5049419594304787     -6.6281551718744289      2.9810366718039401
Au     -5.8722567107945451      4.4773280614756956     -0.0733274416780070
Au     -4.7197585495991561      2.3495649905192062     -1.5532946898891176
Au     -3.5427142712540616      0.1615339218500389     -3.0399481350904232
Au     -2.3321802514460548     -1.9807317223432217     -4.5658428415524011
Au     -1.1454871844496366     -4.0955099244097593     -6.0373741188206047
Au      0.4231616508116711      5.8008083000997424      3.0365882472475914
Au      1.6022141449742824      3.6754843327802806      1.5690264002951366
Au      2.7879720324105008      1.4866366146684005      0.0726712303825572
Au      3.9974220627219115     -0.6686492988008119     -1.4531494589565277
Au      5.1597651791917638     -2.7898603984119963     -2.9398657779026536
Au     -1.9234241455008259      2.3245057005666379      8.7199087074754775
Au     -0.8036319631494044      0.1525286048216810      7.3749529394518714
Au      0.3482052885123541     -2.0064057750987856      5.9074806621722136
Au      1.5270442618669033     -4.1444379502357105      4.4200703210500674
Au      2.7280395377285016     -6.2527792670506113      2.9188354791295783
Au      3.9056570118424627     -8.2475641276414073      1.3650100792366686
Au     -7.8845646113286687      2.1101592366344759      4.3035535261484572
Au     -6.8231830037791834     -0.0639181779311793      2.9153246786529561
Au     -5.6545977762829160     -2.2222505263444927      1.4602614563684551
Au     -4.4757592876338315     -4.3602830846310940     -0.0271479750593500
Au     -3.2915129235087366     -6.4692276007287788     -1.5407911737836564
Au     -2.0554845662529444     -8.4619127312144666     -3.0513425290007774
Au     -4.9274961849544425      5.0985918788819644      2.5125577657591762
Au     -3.7702161421323956      2.9774514192548276      1.0314820893146859
Au     -2.6029041423243986      0.7904991014963139     -0.4400783289496495
Au     -1.4190687239329240     -1.3565951560564886     -1.9337928117795098
Au     -0.2092535935493030     -3.4809858305102499     -3.4615962856879943
Au      0.9706747894160950     -5.5987900555208352     -4.9295171416936654
Au     -1.2082534597772852      5.2323259077795043      5.2679868305378559
Au     -0.0299989722670024      3.1119407584369068      3.8024495845180066
Au      1.1393033186048074      0.9250600505880608      2.3323634212026914
Au      2.3231383172349420     -1.2220343468349002      0.8386485195683822
Au      3.5309638764471725     -3.3464961667330955     -0.6906289028231694
Au      4.6899183580233483     -5.4650542602791230     -2.1740889111258657
Au      8.4870773007569387     -3.3457623556148426      6.1907394709595938
Au      7.3485987127097214     -1.2928728835299950      7.6824832865671286
Au      6.1937751627030018      0.8135428154332038      9.0843337205011014
Au      9.4089297904790623     -0.4789873504308204      2.7331004058282016
Au      8.3580332677953049      1.6436692782844982      4.2614660797056150
Au      7.0866697826374150      3.7328400914958668      5.6632337605165670
Au      8.3583968253803338      0.4984405660148905      0.3484799217803296
Au      7.1255297823528565      2.6279832589212275      1.8697829679976543
Au      5.9730412242506477      4.8247042814273291      3.3582256456272557
Au      7.2221079648436621      1.5240515934746077     -2.0336813809681917
Au      5.9810133743271026      3.6590884385365885     -0.5194237731226625
Au      4.8335884214306928      5.8560530350690163      0.9800552837989613
Au      6.0329866511165955      2.5750110982680710     -4.3395523620304708
Au      4.8956968846795696      4.7558944040211575     -2.9561532336721150
Au      3.7076372504223754      6.7924422103151230     -1.4055219614705621
Au      9.7855266789611388      2.1606595126315522      1.9927159191868657
Au      8.6455182591110624      4.2282670351735661      3.4311325772918355
Au      8.7073329280941891      3.1866680471180269     -0.3429071530139893
Au      7.5646180045960651      5.2591831563783433      1.0989242660100089
Au      7.5483569822246821      4.1681041791071438     -2.6625747800183959
Au      6.4097633905708484      6.2331449689388183     -1.2259430023043052
Au      2.2777795134811569      2.4399811554792721     -7.1216268047906972
Au      1.1843146851097279      4.6224396381423452     -5.7057607466631515
Au     -0.0475692358692665      6.6574115981556972     -4.1875978981916919
Au     -0.2225853015812187      1.2563541939855682     -7.5491384583261407
Au     -1.4088805671343914      3.3933620791741541     -5.9942838189308274
Au     -2.6111037924133789      5.5883558274516174     -4.5354040776858984
Au     -2.7817177861407063      0.0978633283833359     -7.9047552841968933
Au     -3.9768795168519362      2.2287627962613472     -6.3555202012499583
Au     -5.1670724658236562      4.4241287807074006     -4.8950124095918817
Au     -5.3205503073369229     -1.0086300465488658     -8.1793411180090914
Au     -6.5749491677179801      1.1067097752311368     -6.8017440659315369
Au     -7.6428090757414751      3.2031998279782492     -5.2492105139124217
Au      0.1612003188003936      3.9024750397469097     -8.1354077354724676
Au     -0.9773929345155423      5.9675160013238022     -6.6987777968599582
Au     -2.3468293324440688      2.7891797699253180     -8.5324676899101028
Au     -3.4895441072896545      4.8616961323973689     -7.0906374592400221
Au     -4.8446014510640936      1.6345890393371005     -8.8461230787477483
Au     -5.9846099479807062      3.7021967330962617     -7.4077071675238049
Au     -8.2250093612932300     -3.9466938776888658     -6.1905280274500285
Au     -9.4157515768098659     -1.8956809826265579     -4.7375069049948344
Au    -10.5183096633652262      0.2126162650443630     -3.2969368106468622
