         216
Au Au   -791.86711185   nogrup     0
Au     -8.0944461463082469     -0.1106179516578170      6.6140645577642054
Au     -6.1683409387741719     -0.9879799100770814      4.8785447023017561
Au     -4.2259239709701628     -2.0207862559817684      3.1005450545351998
Au     -2.2569355895556509     -2.9870283983846964      1.3157677709976987
Au     -0.2736488444464353     -3.9297247339341759     -0.4792920932931821
Au      1.7117963076041647     -4.8431053670763902     -2.2736467989815239
Au      3.7227697129525548     -5.6894256688845513     -4.0738355981327956
Au      5.6242483618303201     -6.6313924721066222     -5.8026363910844481
Au      2.6499422905049252     -0.2878391146491168      9.7008057420779998
Au      4.6870512735059560     -1.1802285787598912      8.0350379462201218
Au      6.6668018865506760     -2.1212427165688812      6.2431792353876752
Au      8.5110794522327478     -3.0737511989683473      4.3959323985477532
Au     -0.8603830121196432      7.0929840234685146      1.9229762095651637
Au      1.0996587513803846      6.3050785957323194      0.1539907682267625
Au      3.0913759345252014      5.3583757405200245     -1.6486987725519207
Au      4.9801448160991875      4.3168626219505413     -3.3632450526751647
Au     -8.8577574921678703      2.1096475826142331     -4.2604650958487600
Au     -5.3592861142323756      5.6560192490814085     -6.6601623796542526
Au     -5.2411605588137871      2.9847265707855302     -7.3582053008683399
Au     -2.9858463159328132     -0.6813988123601202     -9.5750973691113099
Au     -6.8396975283385935     -2.4783988894214293      7.0139538894480857
Au     -4.9539673192588420     -3.5097373647312189      5.3219981476462941
Au     -2.9930617583497701     -4.4841434486808627      3.5342112931303760
Au     -1.0122738788224397     -5.4395910585494374      1.7382449586995783
Au      0.9777988333819541     -6.3715725415670725     -0.0597856861926118
Au      2.9698825022619442     -7.2761006035724876     -1.8498215181582935
Au      4.9052642835974867     -8.0610147725184813     -3.6163308206282085
Au     -8.6110126483426264     -2.1080232473970799      4.8527422644993266
Au     -6.7641702642653314     -3.1278945315551869      3.1090216128996886
Au     -4.8021375786776801     -4.0975113976623643      1.3196968599665944
Au     -2.8263816004806324     -5.0503372671523046     -0.4705071968002628
Au     -0.8425180185779650     -5.9795993497292468     -2.2641279993676022
Au      1.1486748241065845     -6.8890314145897484     -4.0528411999071920
Au      3.1254038481164512     -7.6865819342428239     -5.7698093992293149
Au     -8.3607080827741669      0.4953885632512796      3.9470522230954757
Au     -6.4115551646073285     -0.4512409526083783      2.1469782808175921
Au     -4.4436914973775785     -1.4626996978419768      0.3461527026565356
Au     -2.4603458280481862     -2.4202505062712092     -1.4473114375944647
Au     -0.4715687252948597     -3.3507310183491281     -3.2489907625143211
Au      1.5491236630655394     -4.2351156068659499     -5.0581819654594629
Au      3.5394290882921822     -5.1609922096133438     -6.8236866691807503
Au     -6.3653111230473360      1.7369570211667762      5.5139497700216893
Au     -4.3992494434095573      0.8475453612411048      3.7411659515530822
Au     -2.4159507572065086     -0.1648891664869474      1.9329923287721833
Au     -0.4214415045698299     -1.1274404536844251      0.1264538003235209
Au      1.5809864920423342     -2.0647142420266285     -1.6846093543407434
Au      3.6082955782803303     -2.9586033300705985     -3.5064114930282102
Au      5.5474757332214431     -3.9254331905963866     -5.2682378543541191
Au     -5.4758612507165942     -0.1089142633211146      7.4541952743243201
Au     -3.4975520596506491     -1.0646278922161674      5.6938013136458103
Au     -1.5248993247461424     -2.0782201753808440      3.8994671580046827
Au      0.4598408215259724     -3.0373583390525312      2.1031630903751939
Au      2.4518399644998996     -3.9684430760185361      0.3001470710191256
Au      4.4676734635440871     -4.8506582275663810     -1.5154718766675366
Au      6.4264364458243861     -5.7663145579058099     -3.3184970086597385
Au     -8.5559939676860211      1.0443794422392871      1.2076889993245246
Au     -6.6140242028886398      0.0989252556265718     -0.5952007375691188
Au     -4.6379874505377341     -0.9084868087832536     -2.4135384715184003
Au     -2.6609067263845776     -1.8482345351147984     -4.2029819216437474
Au     -0.6267750753827261     -2.7469388063757272     -6.0142231016757499
Au      1.3656343200546555     -3.6715779604382117     -7.7723154698158865
Au     -4.5487669206387373      3.5464826949735890      4.3332827456796394
Au     -2.5917550726153045      2.6474359843301496      2.5597775004631664
Au     -0.5899091579972806      1.6569523045696659      0.7371319196115316
Au      1.4096449560066651      0.7065239903758673     -1.0726514885028813
Au      3.4391516293973527     -0.2191759483081652     -2.8987562433091973
Au      5.3836494197885258     -1.1745968481856561     -4.6564816109417659
Au     -2.7772654640149326     -0.1667227774471609      8.2240292822229151
Au     -0.8003359062056554     -1.1271669969136138      6.4713078481682729
Au      1.1879556628408587     -2.1375215580050533      4.6789064064225308
Au      3.1740304083908741     -3.0815411942661104      2.8813241052376277
Au      5.1863039902769934     -3.9727344359464531      1.0528407094293115
Au      7.1405060136894338     -4.8808350264479081     -0.7524795633727379
Au     -8.7574899932392150      1.6087973484397713     -1.5341859324411260
Au     -6.7796687712799031      0.6525445884832015     -3.3495173144698036
Au     -4.8702946877409552     -0.3273711945477817     -5.2090622238272672
Au     -2.8110004952914074     -1.2338476904960149     -6.9415345257185201
Au     -0.8033507203903176     -2.1719739852455913     -8.7334298167390347
Au     -2.7158423002011127      5.3472005710277246      3.1427933001171446
Au     -0.7550757002775961      4.4484186094586455      1.3533555697965021
Au      1.2474305151951448      3.5054575155464276     -0.4627009319272943
Au      3.2490011975835138      2.5452005844678380     -2.2707069829148452
Au      5.2073959143248860      1.5811246239284955     -4.0284746811019723
Au     -0.0660691303249201     -0.2211806687694855      8.9895246431779796
Au      1.9285140895720729     -1.2023332838884091      7.2432552258635177
Au      3.9243788928496182     -2.1861085383766046      5.4839467095971166
Au      5.8948403653951669     -3.0876060116652280      3.6533610035770394
Au      7.8525693070620850     -3.9850643679201241      1.8224200438634419
Au     -9.2456050588585619     -0.4340283967580607     -3.2575966165814894
Au     -7.3964536932307645     -1.4658961542595534     -5.0848017162462575
Au     -5.3452718051795127     -2.4408662629686138     -6.9413140123395163
Au     -3.2891246330070332     -3.2652710621288694     -8.6487694122221601
Au     -2.9550895416106608      5.9685502729315099      0.4292532044925359
Au     -0.9526075428690572      5.0279206081068777     -1.4141966767019625
Au      1.0643902654202428      4.0692001444393364     -3.2397685152181044
Au      3.0891238528943474      3.0956103536784374     -5.0413243259207245
Au      1.7533762445132173      1.6059505406040744      7.8820112323500382
Au      3.7558341104327146      0.6407768337934172      6.0945545426361605
Au      5.7751519611379525     -0.3190447998232626      4.2668843034661634
Au      7.7617355774192962     -1.2499406941717179      2.4438879329227561
Au     -4.9960678735606479      4.7080852956508696     -1.1478750657690746
Au     -3.0102415519850889      3.7709526766621266     -2.9858888036070752
Au     -0.9564320422680019      2.7947339614762292     -4.8447791576988646
Au      1.0622309038129769      1.8284477041912144     -6.6312039654572210
Au      0.8368774532879188      3.4767602240991060      5.9340291892153978
Au      2.8188803736351415      2.5199540255040151      4.1353964227733968
Au      4.8938877477288898      1.5336620031101313      2.2573226375473077
Au      6.8869251771892941      0.6010530207168872      0.4581742532016300
Au      1.1368320436107588     -2.6543747490314118      9.4006185688922947
Au      3.0716907083631542     -3.7584859573522102      7.6307569418000440
Au      5.0748671991086276     -4.7106344490713870      5.8176966598577096
Au      7.1119526538294906     -5.4944644169287358      3.9925816181239533
Au     -7.0127077368304978      3.4444971215593796     -2.7279923203243328
Au     -5.0243081901182673      2.4854012666741800     -4.5853045291959500
Au     -3.0141197095057870      1.5299160601912494     -6.4047141471908215
Au     -0.9682237113570555      0.5714244790214353     -8.1988192488983351
Au     -0.0404227593226685      5.3500696234481655      3.9561387066374714
Au      1.9516776986711113      4.4095657598881957      2.1343025266871436
Au      3.9818948277505233      3.4445633920118093      0.2967674218589949
Au      5.9876699661329322      2.4847972199444968     -1.4998452620798730
Au     -9.0930183275221239     -1.0047489095189484     -0.5683927954522225
Au     -7.2056793015916654     -2.0497528457911791     -2.3671254280402074
Au     -5.2238396133330092     -3.0011026642067549     -4.1955374833653902
Au     -3.2069787459761874     -3.9504194744890828     -5.9863232339932679
Au     -1.1707692912459580     -4.7703607720015953     -7.7387699495300470
Au     -4.7798121275817493      4.1583298885565778      1.6072792118045811
Au     -2.8021986807022352      3.2258974456749092     -0.2152470218594438
Au     -0.7907085890932355      2.2350541983185899     -2.0473893955988594
Au      1.2471581185198879      1.3011553056799379     -3.8802940838479447
Au      3.2501095281273744      0.3415423934131683     -5.6605504616455509
Au     -0.9694825542049172      1.6657571970880385      7.1099381309890397
Au      1.0209737058786841      0.7149186574703021      5.3266346555320645
Au      3.0350820880938540     -0.2788634916512089      3.4997864332101543
Au      5.0695731411856819     -1.2094602209812013      1.6622752033645583
Au      7.0460810450148639     -2.1441984025386986     -0.1448937670093606
Au     -1.5341598903321261     -2.5923262140235916      8.6307353032354506
Au      0.3938265258335114     -3.6574191206631355      6.9013788046724045
Au      2.3839350226961558     -4.6392158398894807      5.0702487212209846
Au      4.4171751960706143     -5.5697941853314497      3.2598755628232929
Au      6.4004217976828208     -6.3637865223701802      1.4492026498529818
Au     -6.7984509894591163      2.8913537556331006      0.0309308616915338
Au     -4.8155868647961011      1.9637823435073551     -1.7863957254871110
Au     -2.8193962502169811      0.9644159161493322     -3.6215102985979915
Au     -0.7746000873749548      0.0430170380858099     -5.4438683688251324
Au      1.2213731000309396     -0.9206367854742883     -7.2277628919888990
Au     -1.8674961636853848      3.5435204539060923      5.1481904358621549
Au      0.1224863397109428      2.5995232173753546      3.3564654194039747
Au      2.1423757129362375      1.6122551282604762      1.5203269482727890
Au      4.1819335809697105      0.6699877252746012     -0.3177122764282494
Au      6.1627259466477629     -0.2734041968684950     -2.1199082950475052
Au     -4.2123202774301998     -2.5488973516614930      7.8462161742759555
Au     -2.2874494004893711     -3.6034928752522823      6.1266446289554324
Au     -0.3133321434785661     -4.5837863935970891      4.3180202964618175
Au      1.6843740172903330     -5.5333346241736621      2.5099108936704120
Au      3.6973474838499651     -6.4481833464367870      0.7098482939745345
Au      5.6671214433748389     -7.2447902939842681     -1.0955972628428938
Au     -8.8813106788800713     -1.5693772997867210      2.1610791021472124
Au     -7.0033107815656876     -2.6058896896456449      0.3757099490431379
Au     -5.0222414343405664     -3.5795173478857603     -1.4290092249283006
Au     -3.0395384622875352     -4.5219372289602866     -3.2235403831420264
Au     -1.0332757238977934     -5.4435710875447558     -5.0277296401958758
Au      0.9873647621525954     -6.2601635076768147     -6.7709948511830405
Au     -6.5931644411437684      2.3396367073318816      2.7844135286297771
Au     -4.6158498060085940      1.4047005963339565      0.9754656477394157
Au     -2.6205297696947212      0.4061686717345028     -0.8441463054940357
Au     -0.6161903003427587     -0.5465348173567683     -2.6582614639971851
Au      1.4145153859322062     -1.4616558500333685     -4.4825801286291060
Au      3.4066180236883845     -2.4134661458485347     -6.2663265789032874
Au     -3.6795241292063552      1.7272851146561372      6.3262242476012531
Au     -1.6897325182512022      0.7858474336562153      4.5407560536087921
Au      0.3102815627127067     -0.2138858446146266      2.7228300621253467
Au      2.3174658900157077     -1.1679402252112894      0.9061412910465840
Au      4.3471356620019801     -2.0835960685153339     -0.9231731309901576
Au      6.3212037054665888     -3.0262603587644126     -2.7253687391293226
Au      7.6544514707495388     -4.5884436903556551      6.4735535516657841
Au      5.7168419353462969     -3.7072153883102601      8.2631921365911865
Au      3.7659155563933804     -2.7401475944386977      9.9930382904930468
Au      8.3943901773658496     -0.3135923756815346      4.9900088768452306
Au      6.5114310850716102      0.6241650902301279      6.8664299586406337
Au      4.4562095252070524      1.5583007965109719      8.5544274418162196
Au      7.6003330129314843      1.5044644298432406      3.0380050468678164
Au      5.5463529249049355      2.4231322800856443      4.8554053104127881
Au      3.5560189165895855      3.4268061831430394      6.6984834299823106
Au      6.7120817845413185      3.3503518843693589      1.0835978421028081
Au      4.6507884442379588      4.2756357887128651      2.8930656189171273
Au      2.6645631974715394      5.2742184656679454      4.7469785738804404
Au      5.7537490627537498      5.1739941766967306     -0.8105246017564305
Au      3.8030800910362794      6.2172021640290920      0.9368278841902331
Au      1.8145781398553069      7.0463609320447151      2.7547910306252774
Au      8.1528813890229603      2.3806508233958352      5.5736422583604863
Au      6.2198400688547455      3.2994624812812487      7.3232233183965363
Au      7.3108982698025731      4.2133621866971680      3.6761390250204933
Au      5.3736477733578791      5.1341759549016697      5.4295310399307262
Au      6.4032687352329791      5.9880607536506592      1.7498849501502427
Au      4.4735907800943160      6.9052754187970589      3.4964224655137279
Au      2.8278478339502744      5.7847999920287698     -4.3841714629959281
Au      0.8851269598347369      6.8273614144931898     -2.6075358029945654
Au     -1.1291669418613659      7.6656518489739325     -0.8027031135425418
Au      0.9053760304639149      4.5580473215197923     -6.0067083618997881
Au     -1.1594997581446767      5.5519529994417685     -4.1967624579776004
Au     -3.1779640504828950      6.4989457692271566     -2.3109026408499176
Au     -1.1508299352463887      3.2811266696183408     -7.6042137476287550
Au     -3.1851987088191804      4.2884669720250344     -5.7713361740092157
Au     -5.2308780516930096      5.2204609517867162     -3.9113874293242326
Au     -3.1937638307660534      2.0233792135144073     -9.0631005509088194
Au     -3.3842062368303734      4.7172208785310135     -8.4477951284660158
Au     -7.1518930674358341      3.9047630972718332     -5.4806215956978708
Au      0.6557553436666833      7.2431535036673873     -5.3189254452171717
Au     -1.3265717416100342      8.1853964421639933     -3.5247333574415336
Au     -1.5572900616323753      8.5140568616706549     -6.1918514142325609
Au     -3.4309215691721273      6.9970016052733426     -5.0301729958770363
Au     -1.2755822366490985      5.9725219303890364     -6.9809579610184400
Au     -3.4871918539644571      7.3030239284461951     -7.6881282133624183
Au     -5.0275039053720239      0.2365344607881807     -7.9701673413369640
Au     -7.3964355815917990     -0.9431687167463618     -7.6766942969566152
Au     -7.0555602628454146      1.2005129645954460     -6.1345859462853269
