         216
Au Au   -791.51748242   nogrup     0
Au      2.0595078443279498     -0.1347802204004461     10.2228191642315380
Au      1.7430255869008850     -0.9908975701099879      7.6375039402126701
Au      1.4877648533174277     -1.9752608860571872      4.9849147304305719
Au      1.1893388017640447     -2.9294081981113003      2.3147424691976948
Au      0.8606371967765553     -3.9123241492126284     -0.3424624457119201
Au      0.5679859532432930     -4.8688091071039015     -2.9764202808635125
Au      0.3711339649237285     -5.5859681732840292     -5.6925761371326766
Au     -0.3636078723523558     -7.4208476232003688     -7.4604239534243675
Au      9.1304803242575776      3.3549770847704350      2.3659115902203522
Au      8.9468613150832734      2.5917090012917385     -0.2926712875544313
Au      8.6590340952543077      1.7535426525941809     -2.9657604006888869
Au      8.2831474295506062      0.8805597204812201     -5.5656991914303600
Au     -1.5431381745090493      6.9137987611538838      2.3655974297518680
Au     -1.8537650545766993      6.2005535774760396     -0.2699535266105357
Au     -2.1333124473473850      5.3435006796076117     -2.9653119537907568
Au     -2.3626921617130341      4.4001027577862173     -5.5348666173388068
Au     -8.1706087651110337     -1.5976226468266828      5.6484062800491435
Au     -8.7561551302877625     -2.2550618534165436      2.9832748918394900
Au     -9.1143484144364475     -3.0277028713562113      0.2490023672998065
Au     -9.1971941854831822     -3.6963391427227665     -2.4244249119440191
Au      3.7940471486327363     -1.9208070856760044      9.0869544757402814
Au      3.6022075401388625     -2.8829904786497309      6.5177010391160008
Au      3.3500675626345613     -3.7995379801308728      3.8187159958438430
Au      3.1151789137118922     -4.7081390404334886      1.0787352282547307
Au      2.9132890163740344     -5.5993094472928799     -1.6779108245806751
Au      2.7336889651360634     -6.4292784089640849     -4.4311984886695521
Au      2.3388087375111590     -6.9409530286146426     -7.1602649793228643
Au      1.1540734297244022     -2.6118151681481092      9.7366313295821101
Au      0.9632420114900323     -3.6269774603645959      7.2222767629218962
Au      0.8032550476412897     -4.5878054401466279      4.6166071268014557
Au      0.7196552234308692     -5.5920966806692203      2.0398203930534731
Au      0.7428930682610505     -6.6387839015683259     -0.4939890158559530
Au      0.8136635689103032     -7.6219456221731390     -2.9944369991708748
Au      1.0258275809267832     -8.4689608916507080     -5.4792441178595261
Au     -0.5081222804512763     -0.4546009971915038      9.2149676574840846
Au     -0.8201426417399312     -1.3986194827835119      6.5615794214559786
Au     -1.1007071773630026     -2.3784174428801403      3.8838779462223085
Au     -1.4390935445821766     -3.2939038010070250      1.2125351346669921
Au     -1.7877128236278765     -4.1335757041539809     -1.4622680001483257
Au     -2.0426474041042511     -4.9127951241366521     -4.1658719407342382
Au     -2.2953104126089743     -5.7098642377821927     -6.7555087923907680
Au      1.1382430701588238      1.6470106958438877      8.3473867208960755
Au      0.8302571390555272      0.7839960594428665      5.6986610519577789
Au      0.5463670076890567     -0.1923350208573540      3.0015881918472145
Au      0.2514030441946170     -1.1360291610096898      0.3161397426172137
Au     -0.0298913559785091     -2.0483238858184607     -2.3528058453810421
Au     -0.2997346084865436     -2.8573479798875709     -5.0360051126044780
Au     -0.5861062052806771     -3.7167023726913704     -7.5948214876083187
Au      3.8395264064344472      0.7357141915533060      8.3359993011141889
Au      3.5638174124017956     -0.1631665736375765      5.6760110797762922
Au      3.2823433366755239     -1.1218273688136833      2.9833736279583709
Au      2.9736486997682827     -2.0396392155494931      0.2933551946061552
Au      2.6638366408996266     -2.9275070706781241     -2.3798971172016361
Au      2.3928512128722090     -3.7108685126059426     -5.0713110621653721
Au      2.0597110785788808     -4.3738177807508452     -7.7316945850549423
Au     -3.0749380712516943     -0.8581913464386263      8.0574401360888359
Au     -3.3952713817699749     -1.7916850706807890      5.3942881062546943
Au     -3.7347883867589786     -2.7533954890350603      2.7080503270129617
Au     -4.1172953061635944     -3.5655629186769233      0.0300558776406179
Au     -4.4044661385916966     -4.2897269227142534     -2.7132120216873457
Au     -4.6133648956996121     -5.0307668505060832     -5.3538066353083389
Au      0.2254864590222642      3.4031051070228595      6.3715676721095500
Au     -0.0694061155793840      2.5444880988636736      3.7271848503964202
Au     -0.3539838052737875      1.6001288886034535      1.0145207208184246
Au     -0.6329949452899164      0.7046301942303876     -1.6751299593200275
Au     -0.9126806459060002     -0.1322798532727597     -4.3863500289627000
Au     -1.1884483087195472     -0.9981584053008453     -6.9893037527162880
Au      5.6151334871664025      1.5893818818515655      6.3557159131325980
Au      5.3488271841592887      0.7034362321373786      3.6943308159316688
Au      5.0723877208143815     -0.2269355672397961      0.9968779325907304
Au      4.7732090982138313     -1.0928289906040729     -1.6880890267113839
Au      4.4642224984774330     -1.8865607471754728     -4.3938362115594911
Au      4.1389991028962037     -2.6289908512704461     -7.0588508498117433
Au     -5.6434648804035099     -1.2678173500712000      6.8637211410152572
Au     -6.0265316936275717     -2.1821653901705576      4.1749504479179356
Au     -6.4702774708798447     -2.9867404071742905      1.5102301930126538
Au     -6.7312302940918043     -3.6643365254759872     -1.2209376185483478
Au     -6.9422996677521072     -4.3663422446204940     -3.9096157584253031
Au     -0.6668146745800625      5.1746889121341217      4.3862350521779332
Au     -0.9566918072150660      4.3340166011298509      1.7316386316260157
Au     -1.2421205682345686      3.4561379028455441     -0.9759384183608750
Au     -1.5170079162381704      2.5890471278722083     -3.6773217695887968
Au     -1.7821204183252233      1.7236035446426319     -6.3010785312050777
Au      7.3891564149142210      2.4750575342384722      4.3739812391920205
Au      7.1473585805035151      1.5962294893850126      1.7011175489436807
Au      6.8939628413271308      0.7187607935965116     -0.9805132090898558
Au      6.5665492831379488     -0.0959373003455755     -3.6681235476661387
Au      6.2280104631296744     -0.8753992549693707     -6.3393057019765706
Au     -6.2338801235489054     -3.8528412308596267      6.2815620173644637
Au     -6.1874923852376487     -4.9254661116193086      3.5027904411457795
Au     -6.2328625655508816     -5.6691700468816739      0.6868601730129607
Au     -6.3114408927983305     -6.2654012053900221     -2.0837743648532783
Au     -3.2343764008704960      4.8819615324335990      3.3281919343843134
Au     -3.5168140104492873      4.0355069421134786      0.6162795528105933
Au     -3.8083115736392914      3.1879403316068080     -2.1322783735437119
Au     -4.0905175399859548      2.3495871541920894     -4.8349836606656167
Au      6.5253267984144845      4.3092892365051183      2.4377563766198023
Au      6.2603094875200496      3.4466362462963800     -0.2596976664506219
Au      5.9670224640810847      2.5894560372537532     -2.9847526727893503
Au      5.6490154342230676      1.7644087232237391     -5.6765483904468850
Au     -4.9163970683565950      2.7272374982364611      4.1923013090208956
Au     -5.2123671069364521      1.8868559282328681      1.5033254299791690
Au     -5.5183168925195032      1.0524085017650777     -1.2941736772118499
Au     -5.7866526050866112      0.2846952743133324     -4.0044702914813195
Au      3.8288661588596016      5.2071847878861321      2.4625086269319620
Au      3.5449486610670631      4.3420368546166035     -0.2224963767401649
Au      3.2481387702288638      3.4612234477110873     -3.0127105210272478
Au      2.9525105767461723      2.6329817266245410     -5.6947984532054754
Au      9.1763823651634144      0.6967715744974304      3.2805167640602972
Au      8.9631884584607828     -0.2825536500602192      0.6263232918203725
Au      8.6947011554297795     -1.1151235675101696     -2.0884053487304670
Au      8.3587267052489906     -1.7989043843588535     -4.8210460144046170
Au     -6.6104814163727790      0.5713294686286570      4.9958641376543058
Au     -6.9517419782077559     -0.2365589821427453      2.2994772059872703
Au     -7.2850878097799496     -1.0155451953785626     -0.4498280332008786
Au     -7.5221644283106741     -1.7269470652127361     -3.2043199063247174
Au      1.1319463973280204      6.1198337388290680      2.4546826824280794
Au      0.8316750280464004      5.2615685416263407     -0.2493228969178301
Au      0.5441421831946910      4.3894923862707973     -2.9883407558929025
Au      0.2716034106959154      3.5297980413176280     -5.6829667752247524
Au     -3.8423515073155081     -3.4160419131308921      7.5187298354761021
Au     -3.9289095035046970     -4.4796454510960411      4.8939691802867129
Au     -3.9091906969214367     -5.4525599862527061      2.0687711041780297
Au     -3.9281185224771225     -6.2399939638004076     -0.7566982284186654
Au     -3.9187890407185924     -6.8841320010074192     -3.4963269844440039
Au     -2.3521465875261329      3.0816752275195394      5.3013585576789408
Au     -2.6534129022792485      2.1973590937363543      2.6175147896572062
Au     -2.9414166159061086      1.2965680330074534     -0.1119523290429845
Au     -3.2285142052227784      0.4809695067940126     -2.8537571968546058
Au     -3.4884602877733641     -0.3415418988516595     -5.5377866360836707
Au      4.7316838234181358      3.4054059784147270      4.4195171494764685
Au      4.4513634579415617      2.5344358110837795      1.7338987757350566
Au      4.1630843501299628      1.6299457240356876     -0.9861779957451180
Au      3.8630423357983643      0.7996048738427892     -3.7129976813266801
Au      3.5481345072012607     -0.0143268398028339     -6.3795641043685354
Au      7.3998856957372050     -0.1910954244951146      5.2309217556010141
Au      7.1946047371610211     -1.1491140497438952      2.6047950951046168
Au      6.9143089427409130     -2.0297391502517419     -0.1133110092760354
Au      6.6643289389891915     -2.8398032304613161     -2.8493570426776911
Au      6.3266299200241969     -3.5152594181263424     -5.5523617497247022
Au     -4.0319902740012052      0.9148241832601791      6.1379208503651475
Au     -4.3489802567388374      0.0318071351922822      3.4591068073883120
Au     -4.6641280580521691     -0.8494613564738410      0.7421864394624995
Au     -4.9559849136775194     -1.6043181263594510     -2.0101093967211705
Au     -5.2101000707529899     -2.3875387211530703     -4.7171029465380929
Au      2.0250613302805451      4.3182080201328539      4.4306065147425775
Au      1.7440999218979605      3.4437247208191208      1.7421722835380926
Au      1.4552408343629630      2.5352214294006030     -0.9843272542509069
Au      1.1660893626356210      1.6875363433352588     -3.7140708391032180
Au      0.8605537859431377      0.8477063627189675     -6.3783427750747581
Au      5.6167815323262529     -1.0779783862550296      7.1910645068420704
Au      5.4116276353475152     -2.0403802059222311      4.5711455859487833
Au      5.1387234735943235     -2.9393388072007260      1.8630846914541950
Au      4.8858414642744776     -3.7952100387529888     -0.8621607108983804
Au      4.6565851877261988     -4.5949382125787004     -3.5977349164236867
Au      4.3237506424916843     -5.2411080512196770     -6.3267167145982128
Au     -1.3558401917264646     -3.0137843701184499      8.6822346074253041
Au     -1.5218965457987785     -4.0647559576795089      6.1066914279975544
Au     -1.6123826542551742     -5.0451068862063853      3.4196088308602546
Au     -1.6105294451248438     -5.9852003842101871      0.6702233312362180
Au     -1.5704454808531594     -6.8076445385094786     -2.0802706488134572
Au     -1.4315366299456458     -7.5193768326630481     -4.8127481959340095
Au     -1.4526790421727214      1.3041591138915076      7.2683396569598537
Au     -1.7594823897282323      0.3973095952176892      4.5903971575672271
Au     -2.0584084294651279     -0.5547441058252652      1.8882498351302690
Au     -2.3586294544430828     -1.4220402371733267     -0.8080928166648489
Au     -2.6404347557454284     -2.2115481079229524     -3.5367834544048433
Au     -2.8953882477755761     -3.0437676142512093     -6.2071407397347906
Au      2.9354873807877659      2.5340436824054131      6.3986724004361806
Au      2.6460685401000039      1.6452612327709426      3.7128464777752326
Au      2.3551224589187600      0.7047471762115570      1.0017087763487966
Au      2.0609600284721461     -0.1843470177031737     -1.6938850565173080
Au      1.7698782903113925     -1.0081909812528913     -4.3943115056685986
Au      1.4467020220490148     -1.8110322037562931     -7.0502974004485379
Au     10.2752799863139099     -0.1012048114938102     -3.9875580475746792
Au     10.5955537600841634      0.6759016547661759     -1.3409671344656884
Au     10.8098001752769104      1.5188931988176217      1.2936757955142282
Au      7.6654302132677659      3.5321661615781483     -4.8959572662651434
Au      8.0642419518065029      4.4152933862099308     -2.2623320161620124
Au      8.2340700871163115      5.1983987944259891      0.4284293994485440
Au      5.0360326813028946      4.4197870614258967     -4.9817645407308273
Au      5.3239565723409568      5.2252863781940739     -2.2337994551323490
Au      5.6187888730522415      6.1315101869855493      0.4846683521917692
Au      2.3629263377598821      5.2995551316579839     -4.9829793050006304
Au      2.6329898423156255      6.1140712846802234     -2.2317566986711421
Au      2.9444322758940751      7.0206296686666310      0.4888921445395349
Au     -0.2804457602796899      6.1531781739182492     -4.8919959334031065
Au     -0.0600645053830121      7.0954353961177068     -2.2501728073118192
Au      0.2832726982361536      7.8409303501172714      0.4407329182032100
Au      7.0269337896368649      6.1112862674548198     -4.1400048723812128
Au      7.3055924056586692      6.9299546435910591     -1.5208995605916860
Au      4.4158253551643512      7.0180603306480203     -4.1577312015121226
Au      4.6959601377537279      7.8398213373426735     -1.5326466279139641
Au      1.7756287841255753      7.8389155043481731     -4.1340395352396211
Au      2.0556766986967174      8.6614960281924844     -1.5175569502466280
Au     -4.6667286599862328      4.9604971580634274     -4.0261580369655245
Au     -4.3978373130886466      5.8890680683828664     -1.3803405728170515
Au     -4.1125680697523919      6.6004858825407737      1.3255210972279343
Au     -6.3890528882735929      2.9346884121152623     -3.2662953292866224
Au     -6.0556253709907377      3.7171323661709201     -0.5157328782466619
Au     -5.7989052210861098      4.5658339551738845      2.2269376607402585
Au     -8.0997465480964888      0.9085608442207544     -2.4278698736785049
Au     -7.7699129479893916      1.6373794794846905      0.3346667536448713
Au     -7.4843361107180346      2.4656170434113398      3.0764266728368233
Au     -9.7723374412033532     -1.1096925685833505     -1.6144423425541707
Au     -9.5952503528738582     -0.3976442194610040      1.1137635959521814
Au     -9.1271532643885518      0.3547831641999971      3.8139210505574619
Au     -6.8715113628308675      5.4888375195505228     -2.4229581160079650
Au     -6.6057912117829298      6.2589943783087154      0.2097197054950612
Au     -8.5911865861423617      3.5145225423311772     -1.5871770830907623
Au     -8.3033872900140633      4.2534984568911360      1.0597990169778164
Au    -10.2354040337137100      1.4764364222688493     -0.7673275557507635
Au     -9.9298633555884130      2.1867586617778234      1.8877755937041938
Au     -8.5861308235942531     -5.5911180456479359     -0.6158649314465627
Au     -8.4926562663217560     -4.9006507319492592      2.0932341438137092
Au     -8.4052256995442018     -4.1590874215377873      4.7855041377416159
