         216
Au Au   -792.02442846   nogrup     0
Au     -7.4680319486272477      2.8275449627928300      6.7017562501406189
Au     -5.7799126575316642      1.2655427340679795      5.2184245362198460
Au     -4.0909616436663523     -0.4570909880888283      3.7398300017083805
Au     -2.3697492848768711     -2.1220631385319901      2.2298931237107933
Au     -0.6312130756431031     -3.7680093587780030      0.7035343540897223
Au      1.1143516581423305     -5.3851839168935394     -0.8302075626201688
Au      2.8882873837839238     -6.9410127225266312     -2.3918771605257216
Au      4.5515137253514419     -8.5518720022447745     -3.8508790595193538
Au      3.4213447471097216      2.3232964678279626      9.1873840000823144
Au      5.2266687479490530      0.7579612498864366      7.7690709185532967
Au      6.9602421610821121     -0.8832883936491471      6.2470697515289544
Au      8.5537099829033281     -2.5357388731182269      4.6813916829954181
Au      0.0154255750713319      7.4644661403215311     -0.2694170967124840
Au      1.7531440231082063      5.9825555361540967     -1.8006430421183399
Au      3.5002725224207687      4.3284737387004890     -3.3345447263390824
Au      5.1257642259367522      2.6262914316653228     -4.7560689535936849
Au     -8.8978270120818195      1.8603257692518773     -4.3450196572772768
Au     -7.2632418922713438      0.2885778317034957     -5.9508889427300673
Au     -5.5296670198116278     -1.3526674628752200     -7.4728913141071232
Au     -3.7654565113716210     -2.9986981502644605     -8.8510139534135046
Au     -6.4173493416139298      0.5499919187040001      7.7300072231753774
Au     -4.7775576329126288     -1.1402123203614678      6.3365031844468618
Au     -3.0636324664922485     -2.8122460314200097      4.8293568544317722
Au     -1.3293593984943266     -4.4702303249962307      3.3063149753293306
Au      0.4166043139345619     -6.1071365554778110      1.7738596084945488
Au      2.1671674585873237     -7.7150838639579931      0.2393353537757026
Au      3.8743563498877562     -9.1936107865893693     -1.3056648714618468
Au     -8.3145665491167051      0.4786887744239081      5.6459441380917852
Au     -6.7160145779613103     -1.2130647404638062      4.2071385594186630
Au     -4.9980254345332060     -2.8849442406452699      2.7044561557648237
Au     -3.2627818042060195     -4.5428911778379968      1.1824803592872861
Au     -1.5177884652436200     -6.1798330343226340     -0.3510406807545934
Au      0.2287102226220989     -7.7879317602719471     -1.8900291134171265
Au      1.9771393527561192     -9.2649085623495164     -3.3897279216728844
Au     -7.8870148885381433      2.6553299811845563      3.9891927760783226
Au     -6.1890050391391345      1.0049919708215285      2.4659905890129910
Au     -4.4739159976237985     -0.7078560517660535      0.9589657375558343
Au     -2.7397231445427543     -2.3696290392742174     -0.5652844226207190
Au     -0.9902519319367782     -4.0059872699151100     -2.0995384675564281
Au      0.7889163973805888     -5.6013009532574980     -3.6603190764118168
Au      2.5386301128585509     -7.2150682767601335     -5.1640665853554992
Au     -5.6652587037895152      4.0614905768635241      5.0183930403215342
Au     -3.9411671969433373      2.4728269039525843      3.5032256354080697
Au     -2.2114248088090971      0.7558725035831293      1.9873019453288094
Au     -0.4660266235111390     -0.9146828468751032      0.4555391522353318
Au      1.2918222043647951     -2.5608006408810420     -1.0883945857525887
Au      3.0760993456246082     -4.1707184062323170     -2.6576258247334419
Au      4.7702147472110603     -5.8182160663635187     -4.1434934749554024
Au     -4.8027383895416520      2.7712446629388889      7.3772190397981952
Au     -3.0710111849601569      1.1221729710534014      5.8910558633100365
Au     -1.3516439339023085     -0.5905155405595439      4.3887312683236672
Au      0.3849240955491204     -2.2522012566596086      2.8670904985035648
Au      2.1320201439808524     -3.8886501548564931      1.3302273007293106
Au      3.9069095723611231     -5.4841263930933044     -0.2352535232400115
Au      5.6229049869815872     -7.0991614645773691     -1.7760392699449561
Au     -8.2443967052233251      2.3979389560529412      1.2169839778638440
Au     -6.5550260010532444      0.7457889319641181     -0.3064813766284633
Au     -4.8392061890429350     -0.9647198979226845     -1.8296393699403062
Au     -3.0998647279897105     -2.6114268686530888     -3.3567047067367248
Au     -1.3119174041455466     -4.2180807502783129     -4.9097008680051060
Au      0.4414174715035566     -5.8252837951078744     -6.4087792654319840
Au     -3.7859631165985101      5.2269579058931468      3.2677113131459024
Au     -2.0698037223184169      3.6298906367509143      1.7600513892257652
Au     -0.3175712026455795      1.9268290774124064      0.2231786009348280
Au      1.4354166322907407      0.2672007397360996     -1.3158674131946224
Au      3.2179976657600395     -1.3762961669805989     -2.8824051523255214
Au      4.9151209678246293     -3.0107277730694584     -4.3714563421292425
Au     -2.0693952143971819      2.6300088727363153      8.0001201346065294
Au     -0.3381600359326011      0.9794291829195085      6.5226439037769062
Au      1.3972484742513704     -0.7303460532243002      5.0210046317720263
Au      3.1365895839757267     -2.3770555038304790      3.4939399009357537
Au      4.9049473052036117     -3.9844488675131648      1.9194259167239025
Au      6.6164159347108882     -5.5932269511480026      0.3743587074551726
Au     -8.5953889713396610      2.1417194641188515     -1.5670711967064488
Au     -6.9151279093148723      0.4698312201134467     -3.1074571870106755
Au     -5.2223495639705977     -1.2069509195225361     -4.6467906149529590
Au     -3.4419324122514725     -2.8183858813171518     -6.1567697703625344
Au     -1.6611656127570367     -4.4231954917450258     -7.6550137152603899
Au     -1.8925300684657405      6.3781992623904209      1.5046460303561009
Au     -0.1692342277726753      4.7774269943457277     -0.0093838529655592
Au      1.5914675772007056      3.1236197141371109     -1.5556520104211806
Au      3.3431478315877921      1.4521048844769922     -3.0931010138668746
Au      5.0453099064171711     -0.1901489267408569     -4.5864716163466879
Au      0.6762965877013700      2.4901647862090472      8.6177202710167080
Au      2.4241801878575959      0.8208144912444457      7.1516181915526822
Au      4.1723630406302261     -0.8538892419540260      5.6731478036461205
Au      5.8973735537293486     -2.4674096110484420      4.1023070657453289
Au      7.6105152507129894     -4.0747639476008404      2.5297800877032905
Au     -9.4780114533692075     -0.2575984437132428     -2.5681998886404855
Au     -7.8165242043387497     -2.0442412165256787     -4.0333500912012816
Au     -6.0617875303839348     -3.7055221531169380     -5.5739319024879030
Au     -4.2443891228835158     -5.2124835616676961     -7.1630906722688747
Au     -2.2843016199913775      6.1981782933268459     -1.2615010120053434
Au     -0.5247530667229912      4.5450566421263012     -2.7950375970337067
Au      1.2553108554768859      2.8597949676251746     -4.3578557962261293
Au      2.9984124029729813      1.1968112331489107     -5.8994905279927004
Au      2.5676709519550820      3.6949297801030179      6.9316232860653990
Au      4.3221387979688970      2.0286003097583314      5.4212653004505675
Au      6.0903763705349228      0.3545324996769179      3.8688304491207681
Au      7.8288624205750805     -1.2860709371077583      2.3125269603262950
Au     -4.5503655705918753      4.7761197071542449     -2.2838011410264709
Au     -2.8164818264667835      3.1160228177230267     -3.8068618056001302
Au     -0.9985752171656026      1.3949350444601134     -5.4029034319445080
Au      0.7490013109919285     -0.2410101667754978     -6.9364110070393687
Au      1.6809281778841616      5.0102994274298931      4.5611694286151021
Au      3.4162247737616687      3.3502536108259564      3.0396633613542186
Au      5.2341300671483886      1.6291632145947952      1.4436220730945521
Au      6.9802907231913762     -0.0068380835774646     -0.0914392750269126
Au      1.6708846756076501      0.1613941572082211      9.6786784290123045
Au      3.3460472327360860     -1.6247377867164372      8.2285535449699090
Au      5.1007822470745925     -3.2860233497577775      6.6879726646074360
Au      6.9045020023367254     -4.7935021094062975      5.0837903392161543
Au     -6.7805539174573539      3.3436116300522647     -3.3372439188972809
Au     -5.0557419207389991      1.6761712688329364     -4.8801809813453243
Au     -3.2875029019870130      0.0021066129302223     -6.4326163388924238
Au     -1.5193575468275684     -1.6373787923522347     -7.9563413153081965
Au      0.8289072872653547      6.3151768391336800      2.1583062549230334
Au      2.5768090013195493      4.6616161550793294      0.6119775019945521
Au      4.3568725912069475      2.9763528633925551     -0.9508399547607738
Au      6.1116186778623049      1.3138057943263570     -2.4796825665421913
Au     -9.1154895745226305     -0.0012230896818908      0.1766482536017158
Au     -7.4832376644130640     -1.7398066301044068     -1.2930432029113312
Au     -5.7214868206053424     -3.4330025967573556     -2.8148552501442783
Au     -3.9582053727244073     -5.0771013969791170     -4.3878674451391628
Au     -2.1646240785463595     -6.5818968871715668     -5.9259081602875110
Au     -4.1742494347160575      5.0376496332185390      0.4970276501816500
Au     -2.4456060427646786      3.3884998179704562     -1.0369220120376159
Au     -0.6768344729571174      1.6842651901746253     -2.5871438228440091
Au      1.1112313405647853      0.0210919265730181     -4.1596682359275299
Au      2.8595149680397665     -1.6215110617344262     -5.6783069692585864
Au     -0.1901056868665605      3.8384449901489388      6.3059848941315479
Au      1.5540134075410705      2.1871429137460439      4.7969522564181233
Au      3.3141330740876374      0.4808504098887041      3.2563033647369029
Au      5.0995196429036174     -1.1695422273682545      1.6841534408323646
Au      6.8290540692997705     -2.8068994651033483      0.1434703502866288
Au     -1.0347155678288598      0.3024685471279731      9.0532462362083770
Au      0.6405749548976951     -1.4345012580335068      7.6308337878583927
Au      2.3783828577575745     -3.1286006671002182      6.0827216304962910
Au      4.1656061119621803     -4.7718033479130426      4.5360095917244649
Au      5.9161472577563483     -6.2782193687776928      2.9506910367459263
Au     -6.4228277936753528      3.6042089794475816     -0.5405550499722498
Au     -4.7008206968091315      1.9520783575298879     -2.0738799060006965
Au     -2.9439776524453150      0.2456648185447001     -3.6181290108021749
Au     -1.1553126358860810     -1.4046015697997636     -5.1866793651743883
Au      0.5963364989657980     -3.0411252564573203     -6.7030713452501125
Au     -1.0593674137458242      5.1547123538995061      3.9186730877677149
Au      0.6858978273039473      3.5061859123448578      2.4029838812787467
Au      2.4530102687547304      1.8018875492779385      0.8509399437063117
Au      4.2427341760834043      0.1387750155160115     -0.7197623050957898
Au      5.9743949386775048     -1.5044539528447343     -2.2566607106069778
Au     -3.7505927146265243      0.4231098653428136      8.4198420317807212
Au     -2.0764022066550378     -1.3010089298527057      7.0039258710162358
Au     -0.3521036394772628     -2.9858795851773836      5.4777553551389992
Au      1.3984459654224142     -4.6432014532279338      3.9408487898064841
Au      3.1680515819369250     -6.2661623744255621      2.3995226058898389
Au      4.9054687665813281     -7.7719610524894325      0.8201959990471366
Au     -8.7453094904939466      0.2353964378029663      2.9332270858359699
Au     -7.1200620347002612     -1.4905595700633281      1.4635461536400758
Au     -5.3817300247940203     -3.1749009230318102     -0.0472091367313645
Au     -3.6311803192426977     -4.8322196022631996     -1.5841152005751251
Au     -1.8756077988796518     -6.4557049503946473     -3.1408562786840655
Au     -0.0892470316704408     -7.9596627326236167     -4.6664193593598835
Au     -6.0521129810167853      3.8625371606655419      2.2453343349275983
Au     -4.3263510890628085      2.2176912190382878      0.7129043913268251
Au     -2.5817384811587791      0.5082992902684325     -0.8184909342780884
Au     -0.8237668366985842     -1.1560462084388392     -2.3619125585237271
Au      0.9616083361989651     -2.7886429623885007     -3.9296910444136284
Au      2.7065569914231640     -4.4296641680746962     -5.4443915050478733
Au     -2.9358361628281502      3.9796531500097689      5.6685118725466523
Au     -1.1925005739407437      2.3354666962060433      4.1553876457163739
Au      0.5537791252378654      0.6261360399868539      2.6258242943209744
Au      2.3117505757846959     -1.0382111612181062      1.0824029718500530
Au      4.0954578584861832     -2.6708720752855042     -0.4872073394145495
Au      5.8228315605514407     -4.3125552384060359     -2.0212132695493121
Au      7.7239920243975106     -3.2726539623590813      7.1539886501945702
Au      6.0258036985722594     -1.6937775201093028      8.6899254281618781
Au      4.3184867181994662     -0.0485117164176723     10.1438740929354125
Au      8.7472133656501470      0.2721042078065976      4.4316411227446757
Au      7.1164006126471273      1.9238015103034820      6.0311111291159989
Au      5.2987053713493575      3.5369579137945637      7.4592806988381106
Au      7.9780280829562180      1.5209957651255610      2.0664733206586199
Au      6.1705390528146484      3.1567683211770303      3.6241998510103350
Au      4.4358240037019430      4.8745563966917409      5.1763748078000731
Au      7.1172474001162493      2.8051179857273354     -0.3058261768002613
Au      5.3020825486988592      4.4464460086827815      1.2443016539748637
Au      3.5703450192947290      6.1631246588448914      2.8081989649064720
Au      6.1878605594245002      4.0930924030886251     -2.6108038400208251
Au      4.4885955018112211      5.8165872091512254     -1.1597554491671787
Au      2.7347631899164138      7.3622883933310446      0.4208635306121380
Au      8.8096198691466494      3.0286803509984472      4.1968552568794593
Au      7.1167310557703498      4.6314130054782758      5.6831388539783170
Au      7.9971895478682606      4.3123446772058696      1.8811508356007280
Au      6.3002817047802537      5.9188816734730558      3.3709625030499453
Au      7.1108141315518161      5.5390513792022027     -0.4419555789631460
Au      5.4200257427507506      7.1397938303020867      1.0424825504508934
Au      3.0414520594838010      3.9748501852426044     -6.0670825642086159
Au      1.3789068175209667      5.6997240582363160     -4.5756975539013469
Au     -0.4116474498143514      7.2440432420623511     -3.0354149127855514
Au      0.8794961121294098      2.5707018855108101     -7.1578948778101417
Au     -0.8897549581879396      4.2137532286473141     -5.5573293959622703
Au     -2.6674095056324223      5.9287041963990355     -4.0438687140185081
Au     -1.3560394313437403      1.1702192112039866     -8.1868470205654980
Au     -3.1319380478803014      2.8071755979642630     -6.5944166661262527
Au     -4.8982477292951145      4.5237734613163676     -5.0769441593748033
Au     -3.5943087492528498     -0.1916956418923339     -9.1253183362920360
Au     -5.3956344851201088      1.4535903848728249     -7.7131514529277672
Au     -7.0428209966775785      3.0731510144750986     -6.0976770705410512
Au      0.9212713777211308      5.3064456854130606     -7.2410665953075153
Au     -0.7695187884972086      6.9071866070285584     -5.7566281963667674
Au     -1.2648619287381004      3.9642736001150380     -8.2930585555615703
Au     -2.9617721192717372      5.5708079000442767     -6.8032466826758728
Au     -3.4486590703212734      2.5680089419318697     -9.2686594964878939
Au     -5.1415507623236003      4.1707380309716688     -7.7823749136266436
Au     -6.2787147422189076     -3.7988855910159334     -8.2277607327321842
Au     -8.0206974349822531     -2.2216591584397030     -6.7399282319831988
Au     -9.6842242835327461     -0.5747519433257133     -5.2378728821965428
