         216
Au Au   -791.70678378   nogrup     0
Au     -6.3446321264538588      5.9194503846717845      5.6981017771262525
Au     -5.5160051227842262      3.7070574547633726      4.2909653522777020
Au     -4.7068878732236010      1.3930113460758715      2.9161752883181524
Au     -3.7672972744441111     -0.8691818725568670      1.5552586152439645
Au     -2.7654538427829962     -3.1118852737508176      0.1878596000867709
Au     -1.7083375633813462     -5.3194775588336460     -1.1765007785460835
Au     -0.5195949137483384     -7.4777945237726096     -2.5285628640913655
Au      0.6080116566217733     -9.6445675837552969     -3.7914603175279105
Au      2.5982329027369344      0.5186658684772647      9.6380149595138356
Au      3.6546513804962535     -1.7135179530406228      8.3820898834102060
Au      4.6579632173443635     -3.9594966773870039      7.0126898202266474
Au      5.5744749701226617     -6.1438448057868777      5.5758033142778878
Au      3.4410873926659100      6.5844072231319846      0.2856807690109004
Au      4.5338657639935800      4.4679065397065969     -1.0854641865902614
Au      5.5463809018699948      2.2013202700924244     -2.4674277826408151
Au      6.4099313798212805     -0.0615586534970030     -3.7664414343374748
Au     -5.9170218105182029      6.0502384159078604     -5.6514537972276120
Au     -5.0170818993320738      3.9318720735610428     -7.2012068658737007
Au     -4.0036158127179089      1.6631545353605834     -8.5844688750058289
Au     -2.9332257854157193     -0.6291965025286741     -9.7239806613316464
Au     -6.5640772404718826      3.3759926305172789      6.7937033243561409
Au     -5.6959565250080670      1.0742534658256613      5.5787530546714237
Au     -4.7341026040806051     -1.1935362538862968      4.2497792932979035
Au     -3.7442375818300029     -3.4401284691676457      2.8989469477231697
Au     -2.7369850018450732     -5.6642238117457380      1.5239568580940457
Au     -1.7043608192222575     -7.8612099868430798      0.1307109649432814
Au     -0.6220368266846652     -9.9256723403629685     -1.3164598651004678
Au     -8.1508478675096647      4.2040965767147682      4.7863702830096511
Au     -7.4207061723712124      1.7775598879786370      3.6417265810189523
Au     -6.4860932585390634     -0.6561215646549359      2.3242877147044254
Au     -5.4744270638049199     -3.0155002058561076      0.9348820979355796
Au     -4.4059427341606963     -5.3127028576015976     -0.5148691770220726
Au     -3.2626778637822422     -7.5305193029085418     -2.0334861221589433
Au     -2.0308414545212488     -9.4960247721479689     -3.5667089506668681
Au     -6.3905523087271865      5.9438937041768334      2.9188171805480643
Au     -5.4799319606418786      3.7647426148541516      1.4251984783894116
Au     -4.5319806034934809      1.4899288791363277      0.0351783320068204
Au     -3.5387645667224934     -0.7649591808734995     -1.3380989747126844
Au     -2.5215153862506661     -3.0106398848019618     -2.7088680262928087
Au     -1.4533657607642607     -5.2490111547574907     -4.0705914870131465
Au     -0.3758464451538024     -7.5204539390550993     -5.2905529199588184
Au     -4.0006889350715369      6.1316185788016631      4.3212014847494107
Au     -3.0514276572625061      3.9147983208029502      2.9498447999033619
Au     -2.1376677730067897      1.6114984220518771      1.5828843383480109
Au     -1.1519929945170779     -0.6449256997827071      0.2137312002686755
Au     -0.1296765944612623     -2.8835380638415158     -1.1577884049467357
Au      0.9721805897217308     -5.0923468400109231     -2.5419110286063331
Au      1.9999064245842657     -7.3011558599076656     -3.8689129713628088
Au     -4.1540628010379432      4.6219900421326727      6.6782569687979390
Au     -3.2432319595651045      2.3617295718203519      5.3276634907965725
Au     -2.3183847065981045      0.0802524844809511      3.9527318595470078
Au     -1.3310506327895597     -2.1710545547697402      2.5855730616903045
Au     -0.3135710173974888     -4.4076655908425133      1.2163977330992264
Au      0.7703726820031211     -6.6230095695557152     -0.1504343889292841
Au      1.8442714738228128     -8.8057039144548384     -1.5087662311322774
Au     -6.2561019848161807      5.9996860285160647      0.0266384357772669
Au     -5.3228378684852649      3.8231018408279382     -1.4425959056632003
Au     -4.3645040560959245      1.5415079170507537     -2.8385332577897051
Au     -3.3634963102739661     -0.6993181519934604     -4.2047901142548714
Au     -2.2971829961081145     -2.9500350901937535     -5.5722548889148769
Au     -1.2464662505730875     -5.2147296034932209     -6.8109228479613702
Au     -1.5457299442124199      6.3015910260763590      2.9688117977961692
Au     -0.5520562277069261      4.1035381282659946      1.6198692875961509
Au      0.4181123735532664      1.8105308613236835      0.2423046368041071
Au      1.4253649956574319     -0.4442763030008399     -1.1324764286372755
Au      2.4829670133655828     -2.6905797124375264     -2.5225797992245047
Au      3.4591209547328017     -4.9021278378036603     -3.8622218558073484
Au     -1.9121828968265921      3.2699875702744854      7.6737861281955375
Au     -0.9619785221453325      1.0131097444198831      6.3520986536350410
Au      0.0023743477871507     -1.2746052757232320      4.9896451622368811
Au      1.0068371528372193     -3.5231624932782006      3.6186737168792575
Au      2.0605328474266646     -5.7529863564649739      2.2267313510865030
Au      3.0931168239219424     -7.9347141808270356      0.8421477683277239
Au     -6.1042582654511301      6.0521006008426026     -2.8489053315157475
Au     -5.1508237889084336      3.8490155330469786     -4.3014002687156792
Au     -4.2072008238899974      1.6128503192304713     -5.7277382299397122
Au     -3.1452048714519538     -0.6407017546733247     -7.0388316818845915
Au     -2.1002683988183746     -2.9111056215425313     -8.3138747781655020
Au      0.9503226348303926      6.4741171102936814      1.6331548528206596
Au      1.9719350232768507      4.2775574396154665      0.2759469010389495
Au      2.9838459241682984      2.0094802118290596     -1.1096302788266001
Au      3.9989118390677953     -0.2599741242368561     -2.4906370285019523
Au      4.9562416985029483     -2.4934154859892077     -3.8344506599293506
Au      0.3456707191730688      1.9117927103115200      8.6817973453350739
Au      1.3210231746565257     -0.3639387327370329      7.3723820079201055
Au      2.3122501617479481     -2.6430452894970307      6.0290115898085652
Au      3.3343892357196627     -4.8709909879911644      4.6243793870430263
Au      4.3546799723801843     -7.0626377470023280      3.2099811880426525
Au     -7.6488377961520646      3.8244744454755644     -3.1974652606937992
Au     -6.7597883564235195      1.5101701047601952     -4.5318618452481108
Au     -5.7552368960958971     -0.7385877337962246     -5.9029512329044858
Au     -4.6399706154323432     -2.9110798372721911     -7.3041955782542676
Au      1.0695401899288215      6.5591404848852637     -1.1580918848734321
Au      2.1045362548660784      4.2995500764306378     -2.5406301958078439
Au      3.1338978814815723      1.9952525605323661     -3.9455864957911899
Au      4.1258640792743284     -0.2826529314195732     -5.3296111972764590
Au      2.7998835776096707      2.1047206501869931      7.3707172204438969
Au      3.8057101699104998     -0.1754771081195887      6.0238554732705598
Au      4.8276251278204558     -2.4631010424404955      4.6290640099329803
Au      5.8407037697131958     -4.7023546614298786      3.2203625715205408
Au     -1.3093863714378515      6.4229148725477758     -2.6410209583849440
Au     -0.3113523227396819      4.1679394854276168     -4.0349156903933601
Au      0.7387730575090590      1.8171611808071280     -5.4682122280064638
Au      1.7596269268643168     -0.4472822186464978     -6.8298586203211684
Au      2.9894420527018122      3.6488210900981013      5.0186465913504161
Au      3.9905399966625863      1.3901799039503531      3.6550160442751771
Au      5.0345056795407306     -0.9468071021109754      2.2301277120128873
Au      6.0446674827426943     -3.1905049644970349      0.8486292386994307
Au      0.0719230453265460     -0.6075770843679154      9.7946578983158830
Au      0.9784185416557698     -2.9542925312422179      8.4895435059025921
Au      1.9932470670113498     -5.2260501743171881      7.1044271261839675
Au      3.1037764653833224     -7.3945749958856846      5.6565475074251594
Au     -3.6535420880126841      6.2997671746149653     -4.1617621630444050
Au     -2.6760662593680857      4.0340729177404668     -5.6087363205648462
Au     -1.6470306689316221      1.7305050109020690     -7.0132486388728283
Au     -0.5863442499860190     -0.5663663200390170     -8.3481221077753816
Au      3.2196508893881473      5.1808658201450895      2.6659776604196157
Au      4.2427365621892665      2.9264621379360904      1.2722173839280728
Au      5.2700998289871457      0.6266388254558848     -0.1300115500907353
Au      6.2718928574025004     -1.6517879215685483     -1.4999704941049963
Au     -7.8656259236116925      3.8699624539017785     -0.4959337294205195
Au     -6.9459749417442831      1.5427642777513424     -1.7708599676707060
Au     -5.9385384772873673     -0.7537640430800430     -3.1146921436077140
Au     -4.9184263044969070     -2.9960431656761477     -4.5382124093875911
Au     -3.8392740722851775     -5.1433010928069232     -5.9913989555495029
Au     -1.4430034815833612      6.3794770138509982      0.1796496441851367
Au     -0.4333621235073499      4.1445568078162092     -1.2106616719605992
Au      0.5679655967701189      1.8428986789533548     -2.6064462743341572
Au      1.6135596110073473     -0.4376209580529764     -4.0044673319059205
Au      2.6131080647683840     -2.7004116076289710     -5.3564609808741750
Au      0.5259342528793285      3.4657208002529138      6.3515138643772673
Au      1.5210401772216269      1.2090335141088913      5.0069254946772954
Au      2.5124275975270822     -1.0861609517678650      3.6221974413404823
Au      3.5579311517795746     -3.3506835750009722      2.2268129755810993
Au      4.5648490398195785     -5.5756629445205990      0.8388761020615014
Au     -2.1467023601607451      0.7437029994313606      8.8063208079711934
Au     -1.2422322662361371     -1.5745979057073693      7.5355490307287702
Au     -0.2473151768949688     -3.8557356887749394      6.1426662237908864
Au      0.7903918419566887     -6.1247586551868052      4.7612652819544206
Au      1.8743700223234803     -8.2577280152218719      3.3180466326372926
Au     -3.8177652178856700      6.2493308632937348     -1.3149135948226736
Au     -2.8060627633159339      4.0149148848899827     -2.7304999993996555
Au     -1.8163513242124685      1.7124096389097971     -4.1393338181059898
Au     -0.7570854069659103     -0.5718624265281909     -5.5271107480835404
Au      0.2494019901019739     -2.8553021020457043     -6.8661125204267233
Au      0.7267346876257774      5.0036114360666462      3.9952904510677296
Au      1.7328489664233309      2.7520053641419984      2.6413349583738270
Au      2.7290497873945174      0.4568864430446071      1.2501273259617189
Au      3.7731643729451747     -1.8153818428125570     -0.1434528655290208
Au      4.7722267778667113     -4.0525044424949650     -1.5263273553507233
Au     -4.3758509994557571      2.0748098863931390      7.8165869248124871
Au     -3.4743750751126923     -0.2363464023374915      6.5589732818915465
Au     -2.4913511615896056     -2.5051825895534430      5.1915634167302098
Au     -1.4831827120471068     -4.7620340434328208      3.8155363800562263
Au     -0.4524297601671932     -7.0011713167159249      2.4343866413925195
Au      0.6251575100460007     -9.1202779568160146      0.9908189716148712
Au     -8.1036853788409147      3.9781846153498908      2.1590853574647024
Au     -7.1798590734852832      1.5978921229832603      0.9581905522668972
Au     -6.1593582047945707     -0.7341360572367410     -0.3599596803890019
Au     -5.1371117372605575     -3.0225072261380115     -1.7552000015553348
Au     -4.1154641835329677     -5.2619706295537538     -3.2243258772652785
Au     -3.0349084586122581     -7.3686384990702249     -4.7591668686809303
Au     -3.9501671510874878      6.1920269114420865      1.5222420064883551
Au     -2.9543758276636911      3.9631944619733628      0.1148557392764147
Au     -1.9775089063846121      1.6714814027625886     -1.2744855233758816
Au     -0.9666723249805891     -0.5913477005303038     -2.6541577994895569
Au      0.0892811042449777     -2.8502451204164982     -4.0393749804393071
Au      1.1016181832428902     -5.1167507130033725     -5.3728490064770682
Au     -1.7378116827335948      4.8142636757157691      5.3275360917801056
Au     -0.7626200570555186      2.5610862410233080      3.9761203357291368
Au      0.1999266630361740      0.2751420974093213      2.6005153189035894
Au      1.2071272389701588     -1.9795469131084369      1.2258058130287672
Au      2.2657204624316294     -4.2180679076914638     -0.1572070087542148
Au      3.2878641641405344     -6.4360650970964430     -1.5319194073482159
Au      4.2251335230737794     -6.4304091808309680      7.9192608879841124
Au      3.2219103882298570     -4.2499626028715065      9.3310265327408750
Au      2.2411043079847683     -1.9890355558793269     10.6272180474952762
Au      7.0439686647595972     -3.7592207753936622      5.5622044009461167
Au      6.1205379198046286     -1.5520978993253722      7.0299270206392777
Au      5.0456414520693533      0.7141644203077542      8.2896810470014195
Au      7.3154053727551087     -2.3030123600415608      3.2247874857512109
Au      6.2455625888079629     -0.0297055849693573      4.6246236915229915
Au      5.2657932143303636      2.2851784949520306      6.0222623277809202
Au      7.5290112692344096     -0.7841035619772914      0.8808490404020244
Au      6.4593709365568017      1.5056167130870075      2.2631607031783183
Au      5.4761942800212813      3.8112641744369276      3.6826995134853888
Au      7.6794086584103258      0.7630167278428761     -1.4097531240145269
Au      6.7625484791034154      3.0804766036559892     -0.0976714667157239
Au      5.6739736538893037      5.2523205243735509      1.3274284268218199
Au      8.4135875058619565     -1.3599483251224083      5.5594682696319673
Au      7.4306367872373000      0.8404495217558514      6.9010781212217864
Au      8.6674055623200168      0.1475857300302144      3.2660052461390627
Au      7.6820665387732792      2.3533307416346991      4.6108753415035117
Au      8.8268099336360102      1.6341362923928968      0.9501912641092574
Au      7.8433845096047445      3.8355991596916983      2.2924502789372152
Au      5.5308588225559951      2.1397959582125816     -5.2475015219900474
Au      4.6407749023432885      4.4419481765126374     -3.8851962040419092
Au      3.5235167783770480      6.6333684372565518     -2.5077181997474858
Au      3.2426381040197430      1.9715503529910112     -6.7906999617226722
Au      2.2029733848253139      4.2459799711819297     -5.3498762518796736
Au      1.1858452382528288      6.5758220353461914     -3.9834231180486590
Au      0.8933014228094345      1.8359450781763091     -8.2962940610195641
Au     -0.1677039365873316      4.1122807550587543     -6.8675072920261151
Au     -1.1658223388452464      6.4454353415739689     -5.4858354589202234
Au     -1.4755878028952534      1.7257653535966333     -9.7283788177898742
Au     -2.5348614749268643      4.0332130442791474     -8.4721621429754705
Au     -3.4921348836043906      6.2399471672545568     -6.9760308416724071
Au      4.5987557088760251      4.3549239357499943     -6.6123179958010700
Au      3.6145183523336288      6.5582072669614906     -5.2689500615661640
Au      2.3037122002189965      4.2494071616008684     -8.1288966946117576
Au      1.3166533334769501      6.4590077109535056     -6.7816778449215853
Au     -0.0386842984840259      4.0843552453161722     -9.5713298500969266
Au     -1.0246830252736299      6.2915838107229707     -8.2255576636402683
Au     -5.4212058093512105     -0.6433943457382956     -8.6083895951138025
Au     -6.4672645702549376      1.5593849564216096     -7.2959239023742786
Au     -7.3943835440035537      3.7737038512741785     -5.9152417747423947
