         216
Au Au   -792.02442846   nogrup     0
Au     -3.2553156766492064      6.9639359118158684      7.0417732293947353
Au     -3.0844184097080385      4.6680251680715585      5.5620894483685301
Au     -3.0113029871847372      2.2459594302589472      4.1010915773799557
Au     -2.8813453773464488     -0.1515407774873081      2.6011846752924068
Au     -2.7281736613528080     -2.5451866242060239      1.0818355887453848
Au     -2.5526955130608977     -4.9208030625665948     -0.4479581076899652
Au     -2.3207186637432029     -7.2664985498796710     -2.0132608980973172
Au     -2.1963497759800905     -9.5847742203018456     -3.4623967306143140
Au      5.2082501694414507     -0.1689932213118661      8.6230452513619618
Au      5.4761788368129896     -2.5394445579366289      7.1981758875879152
Au      5.6289120712006513     -4.9262578334963703      5.6831655322358436
Au      5.6604297427448769     -7.2353210754640838      4.1377501389204578
Au      4.5799433624766515      5.8279863257406079     -0.9218195512379914
Au      4.8329880767531144      3.5631501934872496     -2.4602811008690706
Au      4.9869160204347764      1.1576751415961395     -3.9871376462971240
Au      5.0301816393609506     -1.2080108466870518     -5.3878637733187702
Au     -6.3036684046677793      6.9260947697901809     -3.7154161743688281
Au     -6.1952951972492256      4.6539786148247160     -5.3112940697880031
Au     -6.0425622249856135      2.2671658675765269     -6.8263052512778000
Au     -5.8514912493108406     -0.1402330050636644     -8.2007144091947755
Au     -3.7168266534248806      4.5435272194106755      8.1718691073042642
Au     -3.6516544753780167      2.1787487345710743      6.7966827264398084
Au     -3.5313813823865328     -0.2197006960239607      5.3007855801884762
Au     -3.3885431941996140     -2.6200629117555465      3.7861458152826053
Au     -3.2247591675005438     -5.0113507680599074      2.2593216517514509
Au     -3.0397988124071968     -7.3828688210262374      0.7275167960035596
Au     -2.8100897850812068     -9.6262693445185228     -0.8223058562090131
Au     -5.4897239650480669      5.6362062302619673      6.2716802938211771
Au     -5.4630881037539281      3.2951791472664689      4.8551895768523572
Au     -5.3390168529920077      0.8943896518427339      3.3633633284149322
Au     -5.1952715704924168     -1.5065310008519148      1.8496957787171411
Au     -5.0323945231869045     -3.8972587455787497      0.3218991297708627
Au     -4.8512317818560371     -6.2664356955328664     -1.2139758010350619
Au     -4.5829855747165267     -8.5335879250615587     -2.7224934902681523
Au     -4.0164338431115052      7.0479902279651787      4.4004026821145654
Au     -3.8971207361450562      4.6761764799469878      2.8880324984150025
Au     -3.8010832397394143      2.2450636536402713      1.3957288645824200
Au     -3.6607909833545582     -0.1582330172413942     -0.1197716279672001
Au     -3.4941588079995851     -2.5513020135066311     -1.6487293597014876
Au     -3.2823402698124609     -4.9311402774850901     -3.2101411036064977
Au     -3.0978961538161807     -7.3062083976324352     -4.7108181233980444
Au     -1.2962250520692695      6.7817143377014091      5.1091354826476394
Au     -1.1176320070105117      4.4420598994298173      3.5971170083418720
Au     -1.0138028026824664      1.9984766344644842      2.0950892965469965
Au     -0.8711150792079714     -0.4187815584526069      0.5719436841639887
Au     -0.7051531375155990     -2.8248513289624437     -0.9664823180509874
Au     -0.4993845176728966     -5.2194275088394164     -2.5354399752585497
Au     -0.3768219718113137     -7.5860171672027548     -4.0106726511657387
Au     -1.1342630726846075      5.2716374211052743      7.4895085197871367
Au     -0.9834423749500765      2.8804042647088370      6.0109092153868300
Au     -0.8834064014573180      0.4468263615450558      4.5228909073490389
Au     -0.7408950885877870     -1.9578384962701190      3.0097698477098689
Au     -0.5764835725833359     -4.3495402637766603      1.4784336876630348
Au     -0.3686628772307934     -6.7269150660088393     -0.0872629058885810
Au     -0.2157266285859905     -9.0825635027700518     -1.6217106465269673
Au     -4.7893516241795639      7.0261278373981222      1.7020277099673322
Au     -4.6779099441319749      4.6582687372051472      0.1902922711527939
Au     -4.5818188051860362      2.2282817774577630     -1.3182904069666712
Au     -4.4285764483544776     -0.1664716462052187     -2.8383424205613039
Au     -4.2159731384204475     -2.5605282329439047     -4.3917856017980812
Au     -4.0241003584554083     -4.9326401237023809     -5.8887122009757178
Au      0.6720374203166539      6.4972384250413642      3.1091429604372909
Au      0.8401896942172296      4.1560602002916927      1.6059877556301707
Au      0.9675407276525139      1.7090301052832291      0.0800320627639213
Au      1.1219858444176380     -0.7045121374855610     -1.4519456019550976
Au      1.3060645514433538     -3.1242704924297851     -3.0151470942195617
Au      1.4386338452170713     -5.4825551315176462     -4.4949397291521640
Au      0.9810147508398379      3.4697072152202795      7.8866976637694854
Au      1.1315789840462047      1.0777347859936315      6.4168944380793036
Au      1.2459751993278698     -1.3635344564196350      4.9279314222334012
Au      1.3992163236554038     -3.7582884481131114      3.4078805298916599
Au      1.5935141336554590     -6.1410634503757766      1.8348186141707590
Au      1.7462652690749869     -8.4890644330544944      0.2959617447662932
Au     -5.5580126817436932      7.0010232708348914     -1.0087523508360832
Au     -5.4678766352415051      4.6231235989023851     -2.5347773053323728
Au     -5.3708897624376801      2.2336206005622219     -4.0603968513401227
Au     -5.1618767818035218     -0.1588272136808442     -5.5700842955839729
Au     -4.9470844857314793     -2.5461249708173899     -7.0687342941259796
Au      2.6410304693551461      6.1926405974929049      1.0968976327222872
Au      2.8116799961793126      3.8440242097083468     -0.4128656253452867
Au      2.9748386682824237      1.4301250805361372     -1.9531789284437480
Au      3.1211331418953949     -0.9918811240862988     -3.4824195700797649
Au      3.2522780158215947     -3.3594902814124730     -4.9662445258229511
Au      3.1061176492691907      1.6611011263651476      8.2774503177142691
Au      3.2594468219199011     -0.7557457166647197      6.8191563963029793
Au      3.4082086061438090     -3.1771589957458968      5.3490299895621920
Au      3.5654463148598894     -5.5376964467709939      3.7838512440944765
Au      3.7170456164308550     -7.8860485053419520      2.2174734290271250
Au     -7.8449691696856734      5.6571052769855221     -1.7170744678790619
Au     -7.8310444085863571      3.2022439194461279     -3.1567844381711270
Au     -7.6764459523081934      0.7862951862217722     -4.6902907917420418
Au     -7.3838707187030161     -1.5486284632151399     -6.2908615249602757
Au      1.8897756290325887      6.2528246967873038     -1.5992946011387907
Au      2.0540017340545491      3.8403757287579925     -3.1269333300012363
Au      2.2108309934433192      1.3895549897732047     -4.6825734783276198
Au      2.3552007352020854     -1.0205010675816499     -6.2159826505966063
Au      5.1158328000222291      1.4008640370082204      6.3370876707924673
Au      5.2707798505316816     -1.0184001104298011      4.8340430941962733
Au      5.4265674959732459     -3.4529395078006306      3.2887391896266536
Au      5.5793618753087522     -5.8428347725490841      1.7392091453595313
Au     -0.8738706923103328      6.5343384268751068     -2.2960053760115544
Au     -0.7326433328316595      4.1325647343625587     -3.8104441291645283
Au     -0.5724803108888423      1.6296421116144528     -5.3991553551191300
Au     -0.4069790950419003     -0.7619131160279045     -6.9272467017219599
Au      4.9490978319800503      2.9454950288814641      3.9450431489134274
Au      5.0916476491695928      0.5429062288595903      2.4320219325688068
Au      5.2518114945093686     -1.9600160306885996      0.8433124623092461
Au      5.4159897613480865     -4.3507572620523796     -0.6861933360623524
Au      2.5733599768190931     -0.7639757160106644      9.4492781190906356
Au      2.6000667590398931     -3.2267134652561591      8.0232697717363486
Au      2.7546649883061463     -5.6426631155852469      6.4897647635936373
Au      3.0344605349555485     -7.9697099182192801      4.8754959016929682
Au     -3.6198205500243601      6.7848674066526637     -3.0257731763398370
Au     -3.4925885187597068      4.3826849610183940     -4.5585228275510232
Au     -3.3368014527823391      1.9481458858905967     -6.1038280339780657
Au     -3.1562922311467503     -0.4588295383607468     -7.6236564717621667
Au      4.7989823583792290      4.4598064187944590      1.5187875506447490
Au      4.9523255291468660      2.0540651860190819     -0.0205142138283900
Au      5.1091554174956517     -0.3967561457598112     -1.5761536639202962
Au      5.2644064966279407     -2.8135194943296939     -3.0978982724703021
Au     -7.0719966999401516      5.6745507395803250      0.9537949380831012
Au     -7.0517478669593965      3.2754247520173427     -0.4921307678257207
Au     -6.9090850363225877      0.8304236730240477     -2.0048149074520545
Au     -6.7411805812264118     -1.5778972432941885     -3.5727410806709026
Au     -6.4596007998540559     -3.8955134020425923     -5.1207338645521006
Au     -0.0827796348920828      6.5479145699512475      0.4089634810075147
Au      0.0597980948317738      4.1578011744367123     -1.1167933192675648
Au      0.1976751408375468      1.6993535453409589     -2.6573073337415902
Au      0.3731673810097593     -0.7393100783354365     -4.2251981120295250
Au      0.5369199003855085     -3.1362853374301078     -5.7380099769552730
Au      2.9826144014459191      3.2197384310807786      5.9390681009489974
Au      3.1389310639566586      0.8186954474347052      4.4369076542811854
Au      3.2699698306680176     -1.6358300727362778      2.9068141310644595
Au      3.4513020619925756     -4.0628172720384015      1.3384066194889037
Au      3.6010269871694986     -6.4443593927339471     -0.1951411043185374
Au      0.4792605343182501      1.0205227060462621      9.0472221373079122
Au      0.5397271038328615     -1.4033925711691326      7.6444041360331347
Au      0.6600171865310522     -3.8346050701295127      6.1077412112737957
Au      0.8502952138642903     -6.2567170614033660      4.5637954571646429
Au      1.0916554159351279     -8.5495459284992830      2.9726962392789495
Au     -2.8416891583720414      6.8094039093160923     -0.3034120555168869
Au     -2.7060372757440154      4.4210968656486607     -1.8277210921696270
Au     -2.5780605665353447      1.9684599221315899     -3.3610981471137338
Au     -2.3936661939581532     -0.4604148480582699     -4.9262246838850725
Au     -2.2232763416521006     -2.8546924256792199     -6.4376261619581427
Au      2.8279901900272675      4.7539331364091284      3.5287219822056723
Au      2.9861008525812021      2.3542462496859873      2.0196142507594725
Au      3.1224282602232494     -0.1032460225008718      0.4774392638934568
Au      3.2994709990540860     -2.5428655488506644     -1.0887885932321328
Au      3.4476889436690166     -4.9302674738079943     -2.6182484226792360
Au     -1.6363948848993823      2.7953026667065277      8.6399188523559012
Au     -1.5680765482642371      0.3822295251644201      7.2425174168221496
Au     -1.4499503222570009     -2.0330153703514533      5.7279773265310592
Au     -1.2957204760431607     -4.4432022384170828      4.1981302207928959
Au     -1.1060217727948629     -6.8384252856160224      2.6592629425636662
Au     -0.8737655136549058     -9.1225116826969117      1.0751771710792095
Au     -6.3038182034978361      5.6719508783555526      3.6373808881536842
Au     -6.2812349120333311      3.2870663474032482      2.1909596980919588
Au     -6.1499948843057632      0.8637403962825054      0.6904743092136929
Au     -5.9957649577707750     -1.5464454044401048     -0.8393735544933012
Au     -5.8191790183041681     -3.9335850211792884     -2.3922960178288051
Au     -5.5411871323360513     -6.2458590783008940     -3.9273621831255534
Au     -2.0561605980343556      6.8239131112365579      2.4073203426099248
Au     -1.9129883858431294      4.4389846315816257      0.8829413325390298
Au     -1.7948042611519837      1.9918268450819934     -0.6363734031160480
Au     -1.6399201096058400     -0.4285768686268279     -2.1727069179228673
Au     -1.4470998537879263     -2.8415634360210351     -3.7383330140811246
Au     -1.2844901500327088     -5.2351642588401557     -5.2470891931014565
Au      0.8559126544866471      5.0291300234759859      5.5284762052485572
Au      1.0155077002250570      2.6340789375106883      4.0216997696071051
Au      1.1352499536952028      0.1859604503315424      2.5040552076766343
Au      1.2901333567282465     -2.2344435372576328      0.9677226458877559
Au      1.4813957307884071     -4.6464705334883725     -0.5995724762378796
Au      1.6275823664725615     -7.0299499350237742     -2.1259305656611689
Au      4.8605140086247349     -7.2574814113044894      6.7271228581878120
Au      4.6985605086160334     -4.9412873148813716      8.2583994637950049
Au      4.5604778521387086     -2.5687229818335098      9.7032740472988337
Au      7.5112775254074169     -5.1621604026489045      3.6276784275315030
Au      7.4543357205395058     -2.8299235759431145      5.2098861722520784
Au      7.2074513561066027     -0.4141951847345782      6.6414097203303726
Au      7.3956804383592010     -3.7426335043810326      1.2366595305899342
Au      7.1863907339604642     -1.3135545671186870      2.7939165475625511
Au      7.0835997792757688      1.1343355086955693      4.3322743542341531
Au      7.2296616179243030     -2.2386433500304657     -1.1566997123885763
Au      7.0169024237923532      0.1994432435530005      0.3931846073486973
Au      6.9171677968964556      2.6447927869167707      1.9430204144396068
Au      7.0207991617463668     -0.6879007492135685     -3.4777203031991935
Au      6.9368474037321377      1.7408321253519028     -2.0432570937006833
Au      6.7165698175013242      4.0663813735486389     -0.4599785016800073
Au      9.2303370942802445     -3.0473066076383386      3.1481368989792262
Au      9.0811871995354192     -0.7165065733384770      4.6275930169118649
Au      9.1085205834407557     -1.5728894676024483      0.8068597957371040
Au      8.9590172817950346      0.7634428938497138      2.2898275411856090
Au      8.8931648671740824     -0.0971451566121972     -1.5304668757155557
Au      8.7442014374834898      2.2307609903483550     -0.0528472609464199
Au      4.0805663235101477      1.1242398050379565     -6.6290579191953487
Au      4.0309292408749666      3.5318230136018247     -5.1578160764412768
Au      3.7763369086707761      5.8785212355365610     -3.6113140194080691
Au      1.4006535270345353      1.3539225431359458     -7.4042223593490792
Au      1.2308009041228112      3.7655636055130683     -5.8083483594672929
Au      1.0881604680708468      6.2373577233000495     -4.3044992501798083
Au     -1.3267488874787920      1.6332201522536169     -8.1120292561211418
Au     -1.5065168894109169      4.0441033912254971     -6.5231285656202420
Au     -1.6388279435538777      6.5101882165035505     -5.0164105852893766
Au     -4.0215340405413045      1.9458017072753298     -8.7331750264951999
Au     -4.2378134438171093      4.3762426208444154     -7.3217431999785791
Au     -4.3253578300259550      6.6937661981122458     -5.7194401163623807
Au      3.1092071309561318      3.4676541687236471     -7.7297027454021858
Au      2.9602437966173984      5.7955600860057457     -6.2520822128671210
Au      0.4533890983433535      3.7614862219971243     -8.4696961936435375
Au      0.3038866861894820      6.0978182826158802     -6.9867276458401673
Au     -2.2246852142107425      4.0127113584154799     -9.1293393677315287
Au     -2.3738328450090060      6.3435108911390659     -7.6498821983402152
Au     -8.2246273642853254      0.8072226733780035     -7.2975184616154767
Au     -8.4275038800645063      3.1486381843197018     -5.8101008699388537
Au     -8.5246627131266344      5.4959816421468828     -4.3213627287328835
