         216
Au Au   -792.02442846   nogrup     0
Au      1.9560913672388414      9.4557576199631388      3.9296826703451408
Au      0.9398714780603885      6.9299315205229401      3.6515255710909180
Au     -0.1762915468772439      4.3355796732886027      3.4789215544745744
Au     -1.2574375311236103      1.7297875051342819      3.2431410135648910
Au     -2.3272057381990967     -0.8871721236169403      2.9813283980106817
Au     -3.3792610230652063     -3.4998022297738602      2.6950343050243877
Au     -4.3939051459753795     -6.1180172981532577      2.3461501749459437
Au     -5.4398555650792755     -8.6368545050363323      2.1196178693489607
Au      8.5360054258274225      0.5246644430671710      5.3266006572855744
Au      7.6141471385970343     -2.0860850096810752      5.0915661829765124
Au      6.5474330430987111     -4.6955726269485991      4.8305022031245688
Au      5.3779231741093589     -7.2009078745561856      4.5537018799147244
Au      4.6428343097724909      3.1244306716525974     -4.9470316906829801
Au      3.6751265687451991      0.5774144128664567     -5.3166579219931744
Au      2.6000729547605816     -2.0524766022542957     -5.5797629738018149
Au      1.4983101032804762     -4.5679817782737819     -5.7166133055343504
Au     -5.7889747971457064      7.2975305675035269     -3.8399398293602651
Au     -6.9093721212710397      4.7806505364350649     -4.2020213897145213
Au     -7.9760860377975940      2.1711628800362233     -4.4630872686970804
Au     -8.9470555623546950     -0.4280426929813785     -4.6128435620034089
Au      1.6175378951327732      7.8477172627498071      6.0856211477489808
Au      0.5468854310659985      5.3325847273681060      5.9616166065942142
Au     -0.5408309110703029      2.7307855065370656      5.7330235038820216
Au     -1.6185410512085134      0.1132146450697658      5.4817299964160533
Au     -2.6823162409520789     -2.5078998957743748      5.2089218552903898
Au     -3.7263939722262007     -5.1210799963054674      4.9157851747109351
Au     -4.7152282812921262     -7.6440442852836528      4.5357566226443780
Au     -0.5885851646146740      8.8907727664131873      4.6739269951882303
Au     -1.7071910873763896      6.3983126614292845      4.5192367343672402
Au     -2.7901810857662426      3.7942794049803026      4.2936669810573633
Au     -3.8667623534812687      1.1761753564052535      4.0430949325509022
Au     -4.9316658500389430     -1.4444053040956950      3.7695641258904420
Au     -5.9804694437361396     -4.0553509786175086      3.4734032494154388
Au     -6.9213499792591149     -6.6009879584484965      3.1240605984509635
Au      0.0621245723663706      9.0123824709421498      1.9855858971351825
Au     -1.0289602587231834      6.4293068418564445      1.7320959407325329
Au     -2.1422197614372589      3.8089853469644308      1.5294177174886592
Au     -3.2231035673960760      1.1895300761064007      1.2796073426753800
Au     -4.2858111627266968     -1.4348543915086145      1.0047993466548633
Au     -5.3226611911017789     -4.0743193218222133      0.6812642524471713
Au     -6.3530505758519817     -6.6809828656356229      0.4155502140423870
Au      2.6760514438779297      7.9797341766750272      1.7139812089766888
Au      1.6422969362793103      5.4028718585326185      1.4255173802575047
Au      0.5285900991236199      2.7657621562248309      1.2174821493810537
Au     -0.5566676066922067      0.1308518800425063      0.9666119367432504
Au     -1.6270513558296935     -2.5075550665339223      0.6899156609463972
Au     -2.6756140672803728     -5.1599779125483183      0.3687623178136175
Au     -3.7451718227043154     -7.7284242805164540      0.1424672794549551
Au      3.6485849821942944      7.3167018387567744      4.2805557065629767
Au      2.5967067842642275      4.7150893837187624      4.0521547245904301
Au      1.4884218719500049      2.0924157201986420      3.8526610398162919
Au      0.4102997912734572     -0.5283455659536589      3.6046190126196702
Au     -0.6551702279576332     -3.1514242878787977      3.3280443638864536
Au     -1.6969956188509450     -5.7885373758020267      3.0013260325803888
Au     -2.7665924185612001     -8.3766634801141002      2.7105231168418644
Au     -1.8902116337729939      8.4632337682609329      0.0449856694360893
Au     -2.9869449378669346      5.8867521991951222     -0.2068945039209886
Au     -4.1076934187705678      3.2624633212318370     -0.4235180708889077
Au     -5.1779563899002685      0.6442931878112734     -0.6854522815292139
Au     -6.2131685485067587     -2.0055173180595309     -0.9964749293297199
Au     -7.2348213742420411     -4.6112207036235793     -1.2630442602240750
Au      3.3513943848469974      6.3901951088533773     -0.5158672488256002
Au      2.3126220043074244      3.8185752784433813     -0.7926167082008799
Au      1.2069637637977109      1.1624206857136334     -1.0273020328895708
Au      0.1283035700780406     -1.4762908533443513     -1.2912903668570248
Au     -0.9411024084552273     -4.1409674009589379     -1.5889248437916903
Au     -2.0026119183197464     -6.7072429157752511     -1.8261935654544779
Au      5.2902063879584187      5.0683265445446875      4.6397246255394737
Au      4.2421533391928890      2.4688288764674242      4.4189967372837184
Au      3.1441823522523622     -0.1662295331014825      4.2169503498688687
Au      2.0739190393898488     -2.7843998328509345      3.9550175672104366
Au      1.0159283358833706     -5.4234409169088691      3.6294201132868764
Au     -0.0544062615115406     -8.0061275824195803      3.3317000697807035
Au     -3.8454618048738869      7.9058931748772157     -1.9059548767993206
Au     -4.9692475319208365      5.3242166945652292     -2.1576167927550065
Au     -6.0892863834491981      2.7299330844523757     -2.4063223216961944
Au     -7.1063960559540513      0.0961382095293404     -2.6806589961641905
Au     -8.1122708501811154     -2.5319489759291942     -2.9502068009943310
Au      4.0175142562837198      4.7790223270826182     -2.7472892017546169
Au      2.9762496735927422      2.1979445652649403     -3.0271316127224130
Au      1.9010070708695834     -0.4468544923295728     -3.3009579747598732
Au      0.8149882310140031     -3.0891206172728038     -3.5560724146083587
Au     -0.2515204399605624     -5.6642647092554599     -3.7920814241750875
Au      6.9358414990216799      2.8084826744024545      4.9929886179731913
Au      5.8906878375900842      0.1896286607361271      4.7916454775410884
Au      4.8350748932736041     -2.4351155144862764      4.5841679557334061
Au      3.7535386939473030     -5.0384496191783379      4.2686062596283278
Au      2.6690302929884289     -7.6293586051249163      3.9487421918739134
Au     -6.4089137176944364      7.3650239827447672     -1.0848672319517094
Au     -7.5721391633796840      4.7704303184936574     -1.2043967756376022
Au     -8.6518749362415264      2.1290871030323135     -1.4686493925638153
Au     -9.6292986755840353     -0.5129630230143016     -1.8730193129800767
Au      2.1011078886721908      4.2944144704886806     -4.7297127325349626
Au      1.0331107420131371      1.6543321254565111     -4.9940973340612391
Au     -0.0622090119199932     -1.0251349813715906     -5.2621628320026694
Au     -1.1494828873254841     -3.6574671688485720     -5.5252543406848389
Au      7.6799278966698754      1.2428263373848569      2.7869211978574686
Au      6.6143492085399487     -1.3923181875584882      2.5491298285089314
Au      5.5263055095033664     -4.0539848918413712      2.2828454484329477
Au      4.4425758836822045     -6.6766643110960784      1.9946215097397726
Au     -0.5412461738326417      5.3602626563328144     -4.4393150537078832
Au     -1.6205178357628194      2.7421160025936251     -4.6892504115983282
Au     -2.7391231671381835      0.0056861970950974     -4.9630156755023513
Au     -3.8020844079813276     -2.6166855032465479     -5.2373660907204682
Au      6.7046281524171567      1.9344055158617603      0.1973116788124649
Au      5.6270001217333334     -0.6845184063781096     -0.0515703247349428
Au      4.5083944143550205     -3.4209479098827869     -0.3253340927342574
Au      3.4437886744945487     -6.0425417621890309     -0.6007362423054374
Au      6.5552453031769637      1.2355576809769495      7.2108849789543115
Au      5.4079218065245085     -1.3665547332672565      7.1015338542199338
Au      4.3281857217304198     -4.0078980571800971      6.8372824953935449
Au      3.3348587733785244     -6.6424288217978118      6.4227376753403878
Au     -3.1903752519479482      6.3823181830320737     -4.1689748238446604
Au     -4.2904395224157090      3.7634782013751740     -4.4288349851151541
Au     -5.3784833032817065      1.1018113921627188     -4.6951209320655423
Au     -6.4277264661084343     -1.5371732179401212     -4.9612786620279827
Au      5.7212106595978991      2.5828265762559042     -2.4132138481121217
Au      4.6396714055694108     -0.0508537891648455     -2.6862628147902363
Au      3.5443509435297722     -2.7303208899170892     -2.9543272607976103
Au      2.4706184541827070     -5.3690550572066540     -3.2087535250749886
Au     -4.4705203665507405      7.9019404617622335      0.8349480087884000
Au     -5.6201953408538889      5.3519842775079587      0.6836579289877509
Au     -6.7060120694215497      2.6959240011555377      0.4535590103652911
Au     -7.7892419227406835      0.0458740868782126      0.1528086663451091
Au     -8.7475723468233753     -2.5609582964919957     -0.2118109684482246
Au      1.4281430918865430      5.8973684256420134     -2.4961492301897721
Au      0.3469540201807022      3.2855137147743383     -2.7610044952709023
Au     -0.7589032465294778      0.6110081982897917     -3.0064758410275321
Au     -1.8416618676100365     -2.0684683558248560     -3.2966414182208235
Au     -2.8999161693369020     -4.6903096410097804     -3.5553890683414675
Au      6.0259254147278156      3.5124979964555125      2.4260729330268820
Au      4.9655687886167605      0.8930904471104331      2.1805543629429582
Au      3.8596036935851021     -1.7722669062963456      1.9444118145026206
Au      2.7839240963544842     -4.4438374236679392      1.6466255666642695
Au      1.7068484010040983     -7.0532018457917056      1.3690346571896264
Au      4.9259661208718981      3.4592748801066491      6.8477478296954146
Au      3.8263359585283343      0.8856568892415231      6.7284836839836206
Au      2.7126776501483967     -1.7572404425581700      6.4805709840912904
Au      1.6572884824164502     -4.4204536216634631      6.1976377947589274
Au      0.6489116241516220     -7.0036240040066113      5.8009945937510476
Au     -1.2216099187168141      6.9391396120403810     -2.2116155175800403
Au     -2.3076789607413124      4.3318893851397826     -2.4735893306703129
Au     -3.4174542736422566      1.6683333619567833     -2.7121717320699039
Au     -4.4893233079844750     -1.0050387122016771     -3.0075209672510335
Au     -5.5406850408125514     -3.6265605676244013     -3.2686578739398504
Au      5.0501915577769196      4.1848602635961623     -0.1784058802785466
Au      3.9883310781857975      1.5638668893051140     -0.4308917847428724
Au      2.8805439515229265     -1.1097260866590082     -0.6775965207281303
Au      1.7997145633374654     -3.7901146259868712     -0.9665264496101464
Au      0.7221309379314194     -6.4028170330168068     -1.2376429625566558
Au      3.2737947108109120      5.6809144810108929      6.4922394585407037
Au      2.1856279534857332      3.1155197893202708      6.3698965953532980
Au      1.0838420713090655      0.4941395916611322      6.1340315483145709
Au      0.0066810817931247     -2.1409040734251930      5.8704104263664192
Au     -1.0414274746746073     -4.7787809569975854      5.5801165437551017
Au     -2.0525150492091377     -7.3487640814623516      5.1886941736421459
Au     -2.5341633588126662      8.4269200650249498      2.7757364039559747
Au     -3.6792399198279169      5.8884328481002761      2.6169753573810244
Au     -4.7647069963627482      3.2593378598402167      2.3915506642023452
Au     -5.8418676596138583      0.6242943310454523      2.1279280616237788
Au     -6.9062940067716392     -2.0058672220157474      1.8271914890561849
Au     -7.8604704401492098     -4.6027579054501553      1.4721859107809241
Au      0.7459497535993800      7.4808853983054959     -0.2621131396817589
Au     -0.3330411247581209      4.8737733661565130     -0.5283107583470814
Au     -1.4434079526728709      2.2229366479093606     -0.7541826063826234
Au     -2.5251345864220562     -0.4232768324251941     -1.0189219923296386
Au     -3.5868625223412840     -3.0860078401245632     -1.3246443005930146
Au     -4.6434898358744983     -5.7032351021344665     -1.5811130607678807
Au      4.3696201810241053      5.7676111438843662      2.0566676326149427
Au      3.3110643149553463      3.1508371760456821      1.8035474240306044
Au      2.2026355687699253      0.4990839111222174      1.5789172202105295
Au      1.1209088872728330     -2.1471291293340711      1.3141789060874167
Au      0.0572421254380826     -4.8089437927525127      1.0072164350679742
Au     -1.0198213332124939     -7.4165089757356499      0.7376706242929991
Au      5.9228165392330272     -6.1371183829035045      6.9861194550357553
Au      6.9753242866042289     -3.5811943437596492      7.2947837905409649
Au      8.0183160347231546     -1.0109275574699810      7.4989649951794455
Au      7.1324516829636337     -6.2273200469730279      2.5643410343447428
Au      8.3023463748054684     -3.6810302576568601      2.8704606933143104
Au      9.2544113681653339     -1.0363996014417127      3.0836625297335143
Au      6.1765110190120911     -5.6642084308052008      0.0119927801480113
Au      7.2233542824534629     -2.9837629568070350      0.3096636723467405
Au      8.3561247946796318     -0.3322493840818677      0.5454248360801088
Au      5.1931042628106248     -5.0089362298196756     -2.5611864352229166
Au      6.2352564395173129     -2.3215336078338469     -2.2722967219140680
Au      7.3756074174681308      0.3300935292162519     -2.0270472875911150
Au      4.2168035447885188     -4.2747616357440004     -5.0797947975793569
Au      5.3123666065982533     -1.6785708336558711     -4.9281236538187878
Au      6.3415847660502163      0.9230648384259252     -4.5597827457268938
Au      8.7969958262033519     -5.1587841245597650      0.6290749988359678
Au      9.8386763920810196     -2.6105355062383628      0.8840122664374324
Au      7.8703725813731138     -4.5301342907119730     -1.9040052072977209
Au      8.9145250686714057     -1.9758362953879880     -1.6484627684328270
Au      6.8658045263082812     -3.8642555494727580     -4.4009526836165049
Au      7.9061906731463871     -1.3191696895749265     -4.1463319955832967
Au      0.5580942816298853     -2.5449195447596464     -7.4210006575743241
Au      1.6963557989439595      0.0310836419818248     -7.2420064413483693
Au      2.6828741337010937      2.6529073450413563     -6.9009880309239406
Au     -2.0602821128226338     -1.5795275338005590     -7.2026234998720886
Au     -0.9647392317693373      1.0826322977972573     -6.8795684201812781
Au      0.1222198358675226      3.7595028845936409     -6.6684830853172317
Au     -4.6773336134700223     -0.5324977253801908     -6.9333752242290974
Au     -3.5937548508027382      2.1305790485748837     -6.6121958797553484
Au     -2.4977210758194541      4.7994618249773016     -6.3999410001299069
Au     -7.2185211451614135      0.5578370271994473     -6.6188370992279832
Au     -6.2469004158421688      3.1978709030485652     -6.4395907749570123
Au     -5.0965622059945259      5.7487581242980053     -6.0995120300032930
Au     -0.3315246998872552     -0.4613507389042519     -9.0065184249279060
Au      0.7088614472986565      2.0837352224150489     -8.7518970397532776
Au     -2.8997303755212736      0.5619822023438079     -8.7957860976733500
Au     -1.8555783045786951      3.1162805000096174     -8.5402425853771025
Au     -5.4571786253479502      1.5806077918805377     -8.4921612469349022
Au     -4.4154991687643417      4.1288568307608156     -8.2372220878223867
Au    -10.3598149407443962      1.5613264347396303     -3.4331258429065779
Au     -9.3582297397002634      4.1413269066746086     -3.1570449549062314
Au     -8.2643164198431762      6.6875178825051478     -2.9202772254346900
