         216
Au Au   -791.23917402   nogrup     0
Au      2.6803675955414423     -8.8202237530089231      5.3923058977670628
Au      2.9603166085502517     -5.5179399627531751      4.7567020660490051
Au      3.0581906622746757     -3.9869814052485708      2.3889924413877637
Au      3.0859447071353014     -2.4124353557524234      0.0197007594064793
Au      3.0849226515194843     -0.8261027263767851     -2.3614537007328185
Au      3.0695250116044139      0.7707130419131580     -4.7539757204754594
Au      3.1122190586921521      2.4162732892074783     -7.2971972544751296
Au      3.0446649839551059      0.0273634180540689     -8.6391100533198593
Au      5.7586044939559118      3.9604496518258765      7.3685337649894649
Au      5.8478549114104990      5.5685911401512191      5.1534388355233780
Au      5.8212033551628952      7.1072150257358402      2.7970432391211446
Au      5.6802865616373621      8.4849818635291108      0.4304765776860791
Au     -4.8122035121388596      1.1744746734206082      5.6707860135336965
Au     -4.9136232591535549      2.5091322633669360      3.2586138843064241
Au     -5.0102127600156345      3.9630435596036198      0.8466179679947565
Au     -4.9642956109300647      5.3504278941096413     -1.4973302690519610
Au     -5.1934078452719907     -9.6496493730923891     -2.3155884197184289
Au     -9.3509045806468247     -3.6203547371672400     -1.2794142640570918
Au     -6.8535766892353989     -5.3353715645366560     -3.6513088158292000
Au     -4.8546784512401855     -3.8957751271669476     -7.7929502978472396
Au      2.9499836412316478     -6.8184232159904692      7.1101653306307000
Au      5.0778255585645216     -5.8255927231512707      2.8248299701817068
Au      5.0835671145294796     -4.2777542359892387      0.4358014329217497
Au      5.0714998450809139     -2.7217135539820188     -1.9409324642973012
Au      5.0471951212194339     -1.1650327483965084     -4.2947215701901218
Au      3.5868401253284996      5.1602608567714636     -6.8531076877481496
Au      3.1828290781528263      2.3160636521840061    -10.1318338747474392
Au      4.8920434702611235     -7.3066080399411852      5.1924516876042830
Au      3.2207017287483120     -7.8200250643589193      2.9946696590149386
Au      3.1770832906495157     -6.2525034676473918      0.7234862054675553
Au      3.1614140029461493     -4.7017057494842991     -1.6116216817078630
Au      3.1324184858881967     -3.1451350436096739     -3.9667458645647145
Au      3.0852567983271220     -1.5846776947289936     -6.3307421946959188
Au      4.7288239175782589      4.0982789054659605     -8.9600172630760486
Au      0.6723891348739803     -7.0439132173127454      5.3825447834752147
Au      1.0682930684667951     -6.0826346221388530      2.7540388741190682
Au      1.0883555002791838     -4.4197967681549297      0.4043797211843412
Au      1.1006556358519064     -2.8212957911506606     -1.9647771722727718
Au      1.0949613478647491     -1.2245611640746565     -4.3378997481263681
Au      1.0640477230138967      0.4035276865909294     -6.7007522438357725
Au      5.0371762842242553      0.3587179078228013     -6.6066375074728025
Au      1.0357615141098184     -4.8412762489124788      6.9052172746451426
Au      0.9881658013208160     -3.5552617715116863      4.4646398141451655
Au      1.0225439728637022     -2.0355792413581391      2.0493470120533885
Au      1.0342493117610490     -0.4564096034405836     -0.3433276237049334
Au      1.0309475819797438      1.1382394822471342     -2.7414089952308522
Au      1.0189983753935117      2.7427705213970102     -5.1502908356753583
Au      5.3872840801276958      1.5611738162864643     -8.9152207407246866
Au      3.7133738405658931     -4.2041878380860513      7.1732208796486319
Au      3.6993748430687790     -2.7334192471654699      4.8621891126968464
Au      3.7578410572078309     -1.2080176549924886      2.4772066451458556
Au      3.7706561406398507      0.3528057853294495      0.1044107260463569
Au      3.7587204418778719      1.9281862667332028     -2.2733416172098853
Au      3.6977406549972534      3.5167581297265262     -4.6650729226911132
Au      0.8662553701610334      1.9239876903866708     -8.9585536875767531
Au     -1.4182932149057954     -7.1849754050103716      3.3586366529883236
Au     -0.8169466703424624     -6.5005844771729873      0.6972345381747758
Au     -0.8544009278156730     -4.8271165000214360     -1.6273075893240367
Au     -0.8737026687640019     -3.2085834966836604     -3.9609133129182581
Au     -0.9344479499596552     -1.5740201509756861     -6.2923278104621527
Au     -1.0032478423261499     -0.0325438212182565     -8.5568730305736977
Au     -0.9203086464888777     -2.8489450301063162      6.5451484808692264
Au     -0.9812097245064721     -1.5770095392465553      4.1010558457143418
Au     -0.9835285591420269     -0.0644763618673405      1.6715169695219032
Au     -0.9865705973851162      1.5047555522152827     -0.7314139245004263
Au     -1.0072024085028677      3.1155482966288433     -3.1475984248339337
Au     -1.0083243894589005      4.6367266764873598     -5.4747432225952988
Au      4.4379140623860698     -1.4875117211030560      7.2549916208423362
Au      4.4147718326717484      0.0173957885621947      4.9530864259189435
Au      4.4590289015012532      1.5514549294184823      2.5621014096563464
Au      4.4522534477563802      3.1006401239128354      0.2047482851311884
Au      4.3767150608438685      4.6850963429771486     -2.1651098618019642
Au      4.3291480392807022      6.2256068559237585     -4.4439189553886003
Au     -3.4076240473341768     -7.3673759952057267      1.3504280188598550
Au     -2.7726609134561038     -6.8870683607767482     -1.3466346060907135
Au     -2.8274900029199737     -5.2188991975806598     -3.6545979789764296
Au     -2.9012177886732147     -3.5562852098291913     -5.9259291264389411
Au     -2.9429744269910829     -1.9664476605278374     -8.1954523829080905
Au     -2.8846389131709449     -0.8462190913869732      6.1588923087627236
Au     -2.9593384401186142      0.4312732987249905      3.7084340032872447
Au     -2.9947584003537768      1.9261496089288412      1.2716917109462464
Au     -3.0101389415838433      3.4870929806472080     -1.1404473222985843
Au     -3.0154732631897083      5.0041356894122710     -3.4910637104343518
Au      5.1277142013172723      1.2504590585245730      7.3371435175741802
Au      5.0996827247429959      2.7760187096753715      5.0244395696634534
Au      5.1502783353543382      4.3357171279743021      2.6840188445696569
Au      5.0657474058559391      5.8558939635873539      0.3156540618530492
Au      5.0296435740726499      7.3730870333938689     -2.0148083339632450
Au     -3.2469098793473510     -9.4537952163713523     -0.4446851545339250
Au     -2.6631650597204954     -9.0426978806900671     -3.0872210880992306
Au     -2.7391706512144935     -7.4004653116185928     -5.3267329564445394
Au     -0.9194028883973993     -3.8183978065370567     -7.8947398929571655
Au     -5.1110670184663203     -1.1998897142805225      4.4035604635944097
Au     -4.9646663209111832     -0.1140663497344541      1.8268884141699182
Au     -4.9646020850756285      1.4621808509972789     -0.6881573560637655
Au     -5.0190120127395037      3.0576872579892269     -3.0813660710914217
Au      3.1493807231742941      3.2289563010236564      7.0812374499436821
Au      3.1474503769212627      4.7754260530099089      4.6937823895435109
Au      3.1203376913589684      6.3317343230620953      2.2780510978377464
Au      3.0563083570076546      7.8757940335355396     -0.1216133428728163
Au     -5.3689853438575899     -3.3534445124857033      2.7995354859732728
Au     -4.8814219259488798     -2.6302644417104375      0.1537790553893572
Au     -4.9428934048355675     -0.9160568120339008     -2.2946409466065418
Au     -4.9902842979452053      0.7164384287122161     -4.6554738221485223
Au      0.4829855720841301      2.4954480894925108      6.6215222242050622
Au      0.4379805532179621      3.9654543455789493      4.2251462282533936
Au      0.4073436541028765      5.5356425813374734      1.7498437256217088
Au      0.3662185090473422      7.0762644945477451     -0.6300632996179658
Au      7.0300567104740912      0.8151130644577398      5.3981527204038926
Au      7.1423368675840013      2.3300110294315446      3.0451838633741701
Au      7.1340744869315875      3.8880778008833361      0.6855160681057626
Au      6.9890723067541414      5.4585757425230792     -1.6393840023146922
Au     -5.4617073916092780     -5.4244067350548519      1.0601321470205747
Au     -4.8477068986927643     -4.9888788759242644     -1.6258625646035583
Au     -4.9150540632478723     -3.2878353451634883     -3.9640739738220212
Au     -4.9652732580869730     -1.6017288813715185     -6.2914373684672853
Au     -2.1885386306295622      1.8126755832795887      6.1676654398142645
Au     -2.2628708981689760      3.2171059295929942      3.7375914489876259
Au     -2.3142340277082942      4.7290941392512877      1.3005816530037357
Au     -2.3394763457864753      6.2616030599538828     -1.0998570683942752
Au     -1.2597380775216462     -9.1515813590650747      1.4813520794131136
Au     -0.6615751239169583     -8.7046320343524304     -1.1216078689642437
Au     -0.7380603375660868     -7.0890708360385464     -3.3694625154904401
Au     -0.7990405634290478     -5.4837978171686501     -5.6676194484116973
Au      1.0382028761784556     -1.8801887554226786     -8.2329776508211960
Au     -3.1702453308325529     -3.1486940317679011      4.7525099039084644
Au     -2.9633569353476474     -2.1242646574538320      2.1590326089318097
Au     -2.9877957073755876     -0.5252783226501769     -0.2664639489511877
Au     -3.0003565884036671      1.1133236586411757     -2.7113026313649122
Au     -3.0348813963709418      2.7053106959432260     -5.0704329756647848
Au      2.4836139544371121      0.4975800790545923      6.9967085891419636
Au      2.4092123427227037      1.9981762216511427      4.6176277517304278
Au      2.4257899319756646      3.5428820809524866      2.1993382137107673
Au      2.3733009940545644      5.1277225477422039     -0.2055105025574306
Au      2.3554468083083222      6.6874028827813747     -2.5663613319768412
Au      6.3312270034105707     -1.9260452000372510      5.3211439855126059
Au      6.4453137589775160     -0.4075107121728019      2.9793535214783766
Au      6.4552827431169293      1.1462632800287462      0.5911465089575643
Au      6.4388423310617284      2.7375069160142353     -1.7765539126537568
Au      6.2970202291084636      4.3032262501041814     -4.0972078692170175
Au     -3.3983789315917239     -5.2588686122073121      3.0826737298132052
Au     -2.8759048861536636     -4.5735605950249543      0.4366449071237639
Au     -2.9287463185467191     -2.8923081116526159     -1.9287949614335993
Au     -2.9784351878306579     -1.2281754329646359     -4.3098442621582311
Au     -3.0109141817475003      0.3658834869446892     -6.6595839227736295
Au     -0.2070359314645398     -0.2044423143548491      6.5563203047228704
Au     -0.2811278967019100      1.2172890613757081      4.1547402380469549
Au     -0.2821940765277537      2.7411052556066076      1.7230996072616627
Au     -0.3190832642611048      4.3249056647171154     -0.6908690318849864
Au     -0.3590300724120981      5.8776206117569272     -3.0583505446949442
Au      5.6183502516302850     -4.6551762421372356      5.2496564531748611
Au      5.7545688530693173     -3.1368558457113878      2.8981115091483289
Au      5.7757158062607648     -1.5836011631156106      0.5099870221736147
Au      5.7745863542060398     -0.0136402217149536     -1.8651694923609163
Au      5.7591192721315689      1.5777932308649536     -4.2250112253959955
Au      1.0086716019098121      4.2332307111146932     -7.4197548532583468
Au      0.7245015017709691     -8.9116483755355524      3.4352651951035433
Au      1.3096066693248352     -8.2822531722271400      0.8952107235284217
Au      1.2252529867143465     -6.6736137776113367     -1.3342783852385267
Au      1.1838848452958246     -5.0946031136085512     -3.6422654735366393
Au      1.1291639066551311     -3.5190718249894513     -5.9853190441723392
Au      5.6694525309626309      3.1363375176361288     -6.5830401951856565
Au     -1.2400683535293353     -5.0921176211850945      5.0706666031855754
Au     -0.9517311870008245     -4.1027045644267162      2.4750658350601356
Au     -0.9678066295175249     -2.4779595872450368      0.0833423090639620
Au     -0.9686443411005856     -0.8665435783684927     -2.3132991128412215
Au     -0.9960427129045615      0.7653258359639805     -4.7141168584014252
Au     -1.0546911266637073      2.3456127117101366     -7.0490430001730591
Au      1.7782109923959770     -2.2051509182853444      6.9232719379487122
Au      1.7004361211384853     -0.7630919978395783      4.5320514423633540
Au      1.7247531206135613      0.7640198674221530      2.1200416684700798
Au      1.7214170118405796      2.3338939853222782     -0.2748356366774907
Au      1.6791099431753818      3.9366720996369553     -2.6733856765691897
Au      1.6208263445843933      5.5152649981935769     -5.0030278185193833
Au      7.6273709317059817      6.5744900299759257      0.8145798813326408
Au      7.7245637362774566      5.0709977230635026      3.1410734252888126
Au      7.6621232394879168      3.5278424523055936      5.4409992027088201
Au      3.7620398534242234      8.9708638796201594      2.3494128430175714
Au      3.8619883638187860      7.5374920649880517      4.7520961647212090
Au      3.8362546752806481      5.9397749186792668      7.0539313417728202
Au      1.0901504489441021      8.2849133307339020      1.8263292569781768
Au      1.1463589537910397      6.7027266695718497      4.2296584896600358
Au      1.1686941167736467      5.2184593572379594      6.6852129380526613
Au     -1.5871191614150211      7.4986879914593692      1.3235323148366867
Au     -1.5453453102405781      5.9453315800995172      3.7372258638952545
Au     -1.5010670837535851      4.5162840981930978      6.2089799389273672
Au     -4.2155195028008565      6.6468717877639882      0.8887079101799777
Au     -4.2776736550188970      5.2469811054341235      3.2926158918318364
Au     -4.1187513574554533      3.8166134630968749      5.6608897198200978
Au      1.8126683042332687      9.3147485042449158      4.2659126055292269
Au      1.8719889156179024      7.8492832813601456      6.5873538119261461
Au     -0.8381128478819921      8.6220684324451700      3.7922835391898850
Au     -0.7791716263553414      7.1904364497520747      6.1421061617283996
Au     -3.4464973850152534      7.8444000661956297      3.2762452616468529
Au     -3.3928278387626714      6.4535401231666114      5.6303058490178586
Au     -6.9136715146508587      3.3251256600289594     -1.0990252176643871
Au     -6.8592520583540599      1.9093291116144178      1.2925108283071616
Au     -6.9148874525228647      0.8076417232531456      3.8523189949834880
Au     -6.9472328626632356      1.0109006226246002     -2.6270598098645586
Au     -6.8440480000971151     -0.6469975799175458     -0.1881199220050611
Au     -7.3298897525481115     -1.4547354827256189      2.4825213533038202
Au     -6.9031217876515258     -1.2961676479619584     -4.2847739465131074
Au     -6.8043346801108546     -2.9962030505204282     -1.9159557992947640
Au     -7.4773673702538774     -3.5171934686761528      0.7486607172973336
Au     -6.8271415032633529     -3.6197536274664337     -5.8774560277187895
Au     -8.6834851512577167     -3.3128798856092789     -3.8806605405070567
Au     -7.2166576783985468     -7.8411825742952725     -2.5551987072932238
Au     -8.7721244696463749      1.2009255948184681     -0.5735213595084119
Au     -7.4654194545302071     -5.6551453310326210     -0.9792120987530950
Au     -9.0210407660506249      0.5761803939916730      2.0572766627948731
Au     -5.4035428417119533     -7.6103140028157128     -0.5974976050137748
Au     -8.7847702238114351     -1.0629720227817998     -2.2295856546055663
Au     -9.3534905241124733     -1.4848120340231263      0.4075100951109576
Au     -2.8431932737019858     -5.7454635435442540     -7.5126698474788416
Au     -4.8715291373368208     -5.5953079655230002     -5.6604178881576388
Au     -4.7538852029196610     -7.2351041088125747     -3.4073888608257086
