         216
Au Au   -791.90551253   nogrup     0
Au     -8.7136899478127177     -0.9364804209439903      5.7191799090321389
Au     -6.6069346805605607     -1.5927510797172175      4.1014607871513036
Au     -4.4768959480368782     -2.3991303770208550      2.4258320030580123
Au     -2.3220161820433516     -3.1372994989829746      0.7494397464257752
Au     -0.1533930896614156     -3.8501045532737272     -0.9332964413017919
Au      2.0153468965522547     -4.5338301737709905     -2.6131181322843204
Au      4.2085587272078699     -5.1499208343089791     -4.2882440939512669
Au      6.2910691895740598     -5.8705167913978293     -5.9127702459451594
Au      1.6788877171039838     -1.3637848655833498      9.8314672406734083
Au      3.8883990860344557     -2.0413952831762003      8.2880027076825655
Au      6.0537336824512185     -2.7534741168818737      6.6077761357665281
Au      8.0896248951867769     -3.4716119371412475      4.8580222244997593
Au     -1.2007120756413470      6.8230629531738707      2.6233584664136629
Au      0.9401446758663665      6.2611466958640989      0.9811962308526034
Au      3.1174772591954616      5.5426545614041709     -0.7109226332683889
Au      5.1839862794751852      4.7192732854528749     -2.3363240909261123
Au     -8.4324265740428341      2.4887461792592198     -4.8755023487975730
Au     -4.8062659805095986      6.3393243740080099     -6.4669718351175050
Au     -4.5716452402403176      3.7677299363750700     -7.4464031004244990
Au     -2.0268525114462199      0.4142525384125149     -9.8912312729366647
Au     -7.4559484748948002     -3.3218797485998532      5.9767967635591148
Au     -5.3911028335903044     -4.1371887260076363      4.3795103515872356
Au     -3.2425541695377902     -4.8840820460992838      2.7001863787454141
Au     -1.0751561378183188     -5.6100846298900251      1.0150737117164219
Au      1.1004929579264700     -6.3119708775931169     -0.6692204036352365
Au      3.2765551037888527     -6.9871425618244274     -2.3420491314524021
Au      5.3925330596971532     -7.5466351217012324     -3.9825639490370559
Au     -9.0112592424271174     -2.7233165074144274      3.6992883350500705
Au     -6.9811050605601466     -3.5205635464738769      2.0481184469496370
Au     -4.8329579956885542     -4.2643678950882276      0.3733431720404390
Au     -2.6712854776917290     -4.9880215302733486     -1.3060063790388945
Au     -0.5043638639805845     -5.6880676837750048     -2.9849418473793072
Au      1.6705760302810646     -6.3698151233693050     -4.6561093326782537
Au      3.8257135383620531     -6.9515490996524765     -6.2444663731068193
Au     -8.7275220956339048     -0.0335659626095817      3.1231857515118300
Au     -6.5904435587232397     -0.7507116802790321      1.4381703778077544
Au     -4.4320324223649541     -1.5331314642636560     -0.2530822742561583
Au     -2.2621205882050512     -2.2607357918530386     -1.9397143176200906
Au     -0.0909762280935211     -2.9608565713577359     -3.6278045823466218
Au      2.1092779505315424     -3.6140360265955067     -5.3161094956292256
Au      4.2849646779547452     -4.3151663486324985     -6.9644640024564133
Au     -6.9229936174012501      1.0403911655513260      5.0145734019171790
Au     -4.7727139228161830      0.3773710367769487      3.3624657778604572
Au     -2.5990637673572259     -0.4045098889331857      1.6631551231871242
Au     -0.4174002962298949     -1.1363186519384225     -0.0332746303031648
Au      1.7699541675208652     -1.8416929974725207     -1.7318954772010038
Au      3.9809453357427476     -2.5027536086961675     -3.4330832891325436
Au      6.1040955569462652     -3.2438111659027999     -5.0892621052186957
Au     -6.1909885212597251     -1.0054150861076963      6.8151877008408235
Au     -4.0281489135156985     -1.7361007414722209      5.1680115599879315
Au     -1.8668521243732223     -2.5212378886859685      3.4789336359928882
Au      0.3041222861166000     -3.2507204827733904      1.7934907765188939
Au      2.4817601605791895     -3.9509430371141470      0.1039492707318068
Au      4.6828517684875184     -4.6009110562315314     -1.5903731249220066
Au      6.8272958628115958     -5.2856654620025072     -3.2802258118579282
Au     -8.6628429897092705      0.8200040631075485      0.4545556333985772
Au     -6.5305531177945841      0.1049101550332292     -1.2287674533651582
Au     -4.3599219492136694     -0.6698197085259112     -2.9319806235286769
Au     -2.1998012276740955     -1.3788588238445048     -4.6266451184671595
Au      0.0020584985280324     -2.0461713202232037     -6.3135738798798524
Au      2.1838659017451421     -2.7475314593108351     -7.9524987637489453
Au     -5.0362617869798632      2.9895758829025150      4.2348003178729314
Au     -2.8946565181337878      2.3175342633477776      2.5790143382418762
Au     -0.7019399288683053      1.5601724392480572      0.8682076929638747
Au      1.4827179497767713      0.8402152547922039     -0.8311782591263430
Au      3.6965030046675742      0.1472870103584123     -2.5414998612543727
Au      5.8233394535915295     -0.5828860610984892     -4.1925325563840872
Au     -3.5796306080433022     -1.1252249174074258      7.8415547133912860
Au     -1.4193367777210075     -1.8615438857427939      6.1999151459875641
Au      0.7568116620615464     -2.6430324102054339      4.5135597121115083
Au      2.9287915060934284     -3.3572430563738660      2.8278746143211144
Au      5.1283125355612897     -4.0147963595513030      1.1195856766767314
Au      7.2682370127040414     -4.6918928179945087     -0.5726219297271200
Au     -8.6026680095979202      1.6864734687127818     -2.2171059696441375
Au     -6.4266047755413442      0.9747769907058395     -3.8978592756002435
Au     -4.3003219294442907      0.2359985124672930     -5.6311164156807614
Au     -2.1260876913827764     -0.4684104967374543     -7.3175899908020394
Au      0.0838692603489801     -1.1756557434311414     -8.9457989141228893
Au     -3.1316749423241586      4.9315260337030828      3.4458600640252257
Au     -0.9851026379552759      4.2622619671087794      1.7731152050582679
Au      1.2052757659908904      3.5514429431542207      0.0714420235709916
Au      3.3901713810220406      2.8193301966749118     -1.6277902405722635
Au      5.5300695702238558      2.0803737077578424     -3.2794823399392747
Au     -0.9553429818000565     -1.2415344559467965      8.8640831141933418
Au      1.2218629539969612     -1.9989901496887725      7.2273038523070632
Au      3.4012343503496996     -2.7573304396885483      5.5767177824463943
Au      5.5598742955346028     -3.4254956299320192      3.8613084459121083
Au      7.7057904506001265     -4.0892689492193650      2.1451410321175963
Au     -8.8592263822336061     -0.1504579084991429     -4.2157302942943833
Au     -6.7885997086389134     -0.8854788747340843     -5.9173790684845251
Au     -4.6427874868428285     -1.6566312981241875     -7.6315235387462952
Au     -2.3785449582228000     -2.3514420332728392     -9.2743249803487551
Au     -3.1153585604540326      5.8577887279829870      0.8107838922097272
Au     -0.9207677104867993      5.1544732936557232     -0.9169528210425177
Au      1.2828162213611820      4.4249696751242116     -2.6311672216206290
Au      3.4896308330434884      3.6787121999119043     -4.3213340748424489
Au      0.9267779722031642      0.7165060079622645      8.1571288148153549
Au      3.1150449583891575     -0.0202091547165608      6.4812731749206058
Au      5.3235076500986169     -0.7465462406556602      4.7671908800041720
Au      7.4978759214225530     -1.4444526098136485      3.0578004852310698
Au     -4.9665411830742556      4.7668844039007396     -1.0951913242304414
Au     -2.7867727305877770      4.0695448937291960     -2.8158735151117860
Au     -0.5434063324557776      3.3233528633792275     -4.5633781293258497
Au      1.6513344531827081      2.5809630876823402     -6.2381556775662528
Au      0.1676932165756325      2.7885662833322700      6.3506059301489870
Au      2.3365463600831071      2.0611307130773495      4.6623781289873989
Au      4.6060475497187063      1.3145788117171291      2.9004155206897799
Au      6.7838959756639845      0.6122379817780059      1.2147033200501518
Au      0.2507855891582882     -3.6944410078411458      9.1168719728118788
Au      2.3730805509159412     -4.5721033394671586      7.4360458425317262
Au      4.5648771127370935     -5.2925152825441728      5.7364669568757769
Au      6.7877192376158009     -5.8434709783272059      4.0473778844284460
Au     -6.7918321432559496      3.6709389942884276     -3.0046320797773447
Au     -4.6024822388535096      2.9554572948611790     -4.7405727420457175
Au     -2.4087781006944611      2.2246697438441361     -6.4512531570918501
Au     -0.1904632897863611      1.4937355017872127     -8.1287969048893789
Au     -0.5492754868146597      4.8669407987000906      4.5186803889481304
Au      1.6316852296681075      4.1585902776189254      2.8103928112785397
Au      3.8519065738546305      3.4277705622732624      1.0857435710906991
Au      6.0417452253971371      2.6978645453437151     -0.5994624571875988
Au     -8.9741977334327299     -1.0154154178869685     -1.5930975398208709
Au     -6.8972509909427195     -1.8272036928093751     -3.3003761893999126
Au     -4.7390383348910436     -2.5454636777434843     -4.9937148215819196
Au     -2.5445795609873199     -3.2627781152435915     -6.6723933900104910
Au     -0.3071676781757582     -3.8840527487056296     -8.2840431380765160
Au     -5.0104162446322649      3.9060618647322642      1.5861721923098457
Au     -2.8415759834460381      3.2093188094483338     -0.1185463388615311
Au     -0.6385320902771210      2.4531618394893524     -1.8381968508465398
Au      1.5787775245773841      1.7467797862168615     -3.5605303783566882
Au      3.7662906897443595      1.0161322550382401     -5.2280703821749981
Au     -1.7085185031402885      0.8389234760406481      7.1284860229420026
Au      0.4676445428591413      0.1157512284049007      5.4580514527023318
Au      2.6721023187189537     -0.6448322630555028      3.7407557085544170
Au      4.8953578984270498     -1.3406572544281570      2.0210664870127424
Au      7.0576374938088895     -2.0440481649444244      0.3257539296501619
Au     -2.3329866780051933     -3.5694676902531359      8.0958840402507590
Au     -0.2220704679110194     -4.4131825114196115      6.4595873655383542
Au      1.9593815912684791     -5.1617451572699711      4.7373655188640207
Au      4.1800202692045607     -5.8604579751497692      3.0455524037128754
Au      6.3476767366760152     -6.4235060157102044      1.3641942193711216
Au     -6.8383349828180142      2.8061159263299631     -0.3204268267626489
Au     -4.6612270129351465      2.1174378215508494     -2.0116930309059633
Au     -2.4687567427085013      1.3552716711127824     -3.7316239971730703
Au     -0.2610026418385761      0.6514970826292350     -5.4559649446265794
Au      1.9253179530095843     -0.0786256526898157     -7.1234205128550308
Au     -2.4480411325801703      2.9195213503243496      5.3106640304020871
Au     -0.2714895138116836      2.2044564988482982      3.6331425264848995
Au      1.9396627957249162      1.4513202145495665      1.9075608314520522
Au      4.1671917296462047      0.7435404037645830      0.1856895896223811
Au      6.3324071583528942      0.0307911266200156     -1.5054704408939550
Au     -4.9221826067330863     -3.4618830355931109      7.0566067323155721
Au     -2.8151702902370155     -4.2965243615937521      5.4320377299227012
Au     -0.6515662706143679     -5.0466836148724834      3.7314160234216480
Au      1.5338810329396064     -5.7650414571297279      2.0359781403040884
Au      3.7323268469296704     -6.4491655761097206      0.3540446108433919
Au      5.8859527926937432     -7.0153554771096900     -1.3234182427534300
Au     -9.0248968635844875     -1.8845192161553790      1.0688063613380798
Au     -6.9589881452892071     -2.6919257715566829     -0.6214360368208673
Au     -4.7914257535027751     -3.4384884789761276     -2.3058975872616116
Au     -2.6257968908597760     -4.1487630251772316     -3.9907487706325337
Au     -0.4386983608060740     -4.8428562719617467     -5.6743490809930623
Au      1.7684898141022698     -5.4445277222847466     -7.2865958296049058
Au     -6.8932328974235242      1.9475075924520784      2.3608500991961030
Au     -4.7265022843008371      1.2446797470885995      0.6710462947632685
Au     -2.5388224048936676      0.4788596297832761     -1.0349633724364971
Au     -0.3498205670168759     -0.2431146190889182     -2.7421263529271407
Au      1.8609826839582213     -0.9255731430885508     -4.4510704076376388
Au      4.0390727035202323     -1.6493953860011263     -6.1201217575524751
Au     -4.3300274558082705      0.9640752145683003      6.0883754117250213
Au     -2.1539227308686097      0.2508048805533507      4.4185295143848080
Au      0.0364647299013297     -0.5172669610500940      2.7091685927314586
Au      2.2309329878140840     -1.2392092579282110      1.0047173258711162
Au      4.4471859607545863     -1.9209417256326464     -0.7061980740395342
Au      6.6062531576708219     -2.6327698192777902     -2.3973530636818481
Au      7.0644703502930977     -5.2213325151711185      6.6562493592354919
Au      4.9419063291520873     -4.5681983603847609      8.3308863210382960
Au      2.8104576816210556     -3.8230382164081078      9.9550859803471745
Au      7.8583756723569280     -0.7988827582792570      5.7438743285063936
Au      5.7813289587965233     -0.0990014030729158      7.5170131120372794
Au      3.5512490793509102      0.6174999049512282      9.0861801081990983
Au      7.2224711679145974      1.2220662273678391      3.9388740480625124
Au      4.9815565431443689      1.9080700300896920      5.6345660945812774
Au      2.7995736360089367      2.6767182067296513      7.3716196657859854
Au      6.4927233728504348      3.2699510631567126      2.1250266052014730
Au      4.2454002461103713      3.9634411048341343      3.8132367016028397
Au      2.0665823098631613      4.7260470096102845      5.5612970106146769
Au      5.6876127924432867      5.2884006490036732      0.3618130820554484
Au      3.5542535864353111      6.1073734839288250      2.0132091350150496
Au      1.3802403843567097      6.7059405266305978      3.7068618432592935
Au      7.5052072014590259      1.8085675091279656      6.5997716044515720
Au      5.3913283945711701      2.5036260095370366      8.2403332751818077
Au      6.8162899366455934      3.8373276702874972      4.8454982610142459
Au      4.6979978933594104      4.5339928947908472      6.4898511097443361
Au      6.0660940837812181      5.8111617425271893      3.0498847508307776
Au      3.9562085285658908      6.5052256944201643      4.6880758942171745
Au      3.1146838795515124      6.2743575796310704     -3.3948419596298045
Au      0.9882868948573562      7.0923286821577118     -1.7121763474715266
Au     -1.2112967284155927      7.7022326283783311     -0.0323668862064181
Au      1.3848560504610539      5.2237929395515783     -5.3289430918979637
Au     -0.8639329378698579      5.9889697574922112     -3.6312398593471240
Au     -3.0791272693312841      6.6974831037072544     -1.8585691067869945
Au     -0.4795781694882436      4.1209614132422789     -7.2574101437139493
Au     -2.6987416002015125      4.8964500331551832     -5.5320739006409099
Au     -4.9402391752808104      5.5895045615897914     -3.7914276477419921
Au     -2.3567827067279086      3.0287934210960215     -9.0335309098294854
Au     -2.6485992432196652      5.6310997680931880     -8.1475166646020476
Au     -6.6667977141777044      4.4282406709836017     -5.6932369796053823
Au      1.0177351760919500      7.8117275793410474     -4.3694634168439261
Au     -1.1500106042561657      8.5258415003365151     -2.6841122262871018
Au     -1.1249889194324962      9.1549135594449211     -5.3061407950333876
Au     -3.0733267022986159      7.4984113433441451     -4.5149257454661083
Au     -0.7163063509014360      6.7239854140878794     -6.3486016076897105
Au     -2.8760244354963640      8.1096809645831325     -7.1126855182896787
Au     -4.3463419694790053     -0.8228036395074376    -10.1323517038286113
Au     -4.2695971284320624      1.1184242575341505     -8.3130822529584822
Au     -6.4146874154002500      1.8092729049299967     -6.5980419506134780
