         216
Au Au   -792.02442846   nogrup     0
Au      2.7260966005630403     -1.6683836752113959      9.9229504325593396
Au      2.2793085872749250     -2.0942687622736225      7.2567028206697994
Au      1.8616500633319160     -2.6594670423107925      4.5158298659909075
Au      1.4193842111177706     -3.1566520676149592      1.7641341879847987
Au      0.9660969472261305     -3.6277042049485413     -0.9988472467221103
Au      0.5044728616091512     -4.0698332970478770     -3.7567526923461112
Au      0.0192562582158231     -4.4428946123129425     -6.5192986526016563
Au     -0.4077476781437521     -4.9250475640213160     -9.1791988545744285
Au      9.3220545451556429      3.0896133496275198      2.2505430642466395
Au      8.9806628416671259      2.7142205880304067     -0.4814180308933773
Au      8.5286691489145063      2.2445146304460382     -3.2365109136532633
Au      7.9838963044037667      1.6990177187505484     -5.9061048081420804
Au     -1.3771737518261680      6.5037322453024062      3.4052828919192812
Au     -1.8602223385336261      6.1749630394413604      0.7184719418606607
Au     -2.3157503576386773      5.7015840914696634     -2.0581642715428075
Au     -2.7095887195191120      5.1191016961184364     -4.7163562640273353
Au     -7.7103532910973760     -2.4769748016231530      5.9938599826345023
Au     -8.2878084664003300     -2.9295231653513039      3.3137807940847051
Au     -8.7398014916381292     -3.3992311938070143      0.5586877992578350
Au     -9.0485105497503024     -3.8675784328970932     -2.1627877413346601
Au      4.4179837062202854     -3.1961480339460300      8.4560010970993158
Au      4.0533439790210206     -3.7630627588260817      5.8039803303861248
Au      3.6118357657631703     -4.2701498102036330      3.0557670015714056
Au      3.1617264328834702     -4.7539671470276721      0.2917838145192420
Au      2.7044372304771880     -5.2131096235118477     -2.4752275873894467
Au      2.2426531680565285     -5.6447155807943217     -5.2329819226737158
Au      1.7346375360625370     -5.9846566608276293     -7.9001760039037130
Au      1.7949033295126815     -4.0534304477034810      9.0324904992935071
Au      1.3732471770836232     -4.6389794424385524      6.3930010506539237
Au      0.9373576101268399     -5.1442303519958807      3.6435539556554994
Au      0.4885901281451794     -5.6276105271409076      0.8792764053261113
Au      0.0299587396359420     -6.0871928542867959     -1.8874400026538942
Au     -0.4374439401562256     -6.5206357157115376     -4.6439598184133564
Au     -0.8884426752769964     -6.8419424247971525     -7.3236850814177066
Au      0.1268576776480685     -1.8436959175449192      9.0417989304798105
Au     -0.3387609047859947     -2.3387238959681254      6.3095564028540920
Au     -0.7734773994003182     -2.8806691809480265      3.5411949786258363
Au     -1.2241371906701559     -3.3677371528319409      0.7749825832185042
Au     -1.6817700369042947     -3.8245598418220661     -1.9952419223376410
Au     -2.1581081910914315     -4.2293745120461770     -4.7801536233196362
Au     -2.5914102287374501     -4.6684977972213684     -7.5272281829249721
Au      1.7161515876643298      0.4020142473951507      8.4064468110105892
Au      1.2586263062128402     -0.0271820463932886      5.6864213117788758
Au      0.8221982334531563     -0.5648851713981113      2.9010352281631526
Au      0.3704471165146133     -1.0535574159010925      0.1188427828526697
Au     -0.0912014846364997     -1.5140806673165039     -2.6665246115331502
Au     -0.5709808429161805     -1.9284916887129924     -5.4658177860621784
Au     -1.0046806228513496     -2.4254490651790332     -8.1781996524753602
Au      4.3911600945211635     -0.4500249691125819      8.1046075617188151
Au      3.9721576194990984     -0.9298171006751847      5.3621195794162091
Au      3.5433563510095158     -1.4698282526323234      2.5924576107990305
Au      3.0959802220313311     -1.9558211314134664     -0.1744766124812918
Au      2.6350627063282124     -2.4137158836494299     -2.9439794230762688
Au      2.1528093622261455     -2.8204636267445311     -5.7275912944833127
Au      1.6728902470336668     -3.2748219208642793     -8.4644208665495562
Au     -2.4893925109470461     -2.0586381289079885      8.0477424888368230
Au     -2.9583557170260866     -2.5594745906016900      5.3212505996472093
Au     -3.4077826682764627     -3.0979567538148265      2.5467331771775514
Au     -3.8612795267643163     -3.5692272519849801     -0.2175264687687539
Au     -4.3253865320412945     -3.9800818114520498     -3.0113938661509900
Au     -4.7540355708645672     -4.4120382385941994     -5.7562423244307048
Au      0.6855256337393014      2.4551314581123194      6.7701512186909891
Au      0.2329889475957985      2.0142380213347124      4.0554336576644801
Au     -0.2157636920363455      1.5010586006845310      1.2504403655650922
Au     -0.6728195054155163      1.0260914511373780     -1.5355074807726181
Au     -1.1456963431237637      0.5815229518301719     -4.3482397172336178
Au     -1.5831013998221073      0.0975968052613381     -7.0581030377562461
Au      6.0481272835321072      0.7316178994361207      6.1714001346630489
Au      5.6370449692377260      0.2497005505642983      3.4321863388708636
Au      5.2147004552013829     -0.2799279408602833      0.6517167861010940
Au      4.7612029050372184     -0.7511963083952147     -2.1125430569744785
Au      4.2700122801644387     -1.1709010852552690     -4.9004584319973379
Au      3.7834812511972151     -1.6217733247064665     -7.6325865423809418
Au     -5.1140687357851080     -2.2686319715949779      7.0443581605952676
Au     -5.5989419772999565     -2.7899568764943465      4.3085953961937875
Au     -6.0772133680277038     -3.3094369178545131      1.5612246911329413
Au     -6.5045049178410403     -3.7310107510191273     -1.2112014364561130
Au     -6.9220212587669812     -4.1474429201678893     -3.9758972027112907
Au     -0.3486333238634611      4.5036856346133760      5.1110029295247319
Au     -0.8035914592782375      4.0635149419006096      2.3863427172506011
Au     -1.2650680139513395      3.5978775361929403     -0.4058462143447308
Au     -1.7193729356628094      3.1118452999453066     -3.1957344842961497
Au     -2.1575311401048589      2.6238978162255227     -5.9150051692113106
Au      7.7049059183866353      1.9209043144878488      4.2270537209455057
Au      7.3135269239953393      1.4301385071549899      1.4707421574227739
Au      6.9118578192863547      0.9356962828888244     -1.2934637094237602
Au      6.4079627857312742      0.4890892834613075     -4.0490540288243508
Au      5.8969510920237393      0.0421031744233218     -6.7932021954016850
Au     -6.0020692365587482     -4.7188773898842467      6.1807811152408370
Au     -6.4085163249140349     -5.3540405754492566      3.4365756590387369
Au     -6.8660266413069744     -5.8294820931301468      0.6478503444183126
Au     -7.3666250778371127     -6.1369144545994105     -2.1367825507575793
Au     -2.9846518097540682      4.3385589564993747      4.1827745013207078
Au     -3.4351309030598474      3.8720999862265861      1.3970894313807873
Au     -3.8992456961118620      3.3897969084931105     -1.4318886809692133
Au     -4.3620090708172476      2.9072228555384276     -4.2128112685784354
Au      6.7316200236717245      4.0097828929356449      2.6267459048468567
Au      6.3021985014151651      3.5278236262957394     -0.1516181312018556
Au      5.8411665208224965      3.0487256399356193     -2.9618018809664157
Au      5.3598713604116472      2.5842812685909253     -5.7346410360544340
Au     -4.5826050900670188      2.0567775206076733      4.8479151566068985
Au     -5.0325612817091123      1.5709325001246857      2.0832304179824517
Au     -5.5065424614507332      1.0783757234188640     -0.8058878517480315
Au     -5.9643038563940873      0.6209282821339500     -3.5741339355454613
Au      4.0327433208630854      4.8724716767485319      2.9544689075996713
Au      3.5847405615910590      4.3872674641270759      0.1893535411444303
Au      3.1107587758254667      3.8947121473992858     -2.6997656922850726
Au      2.6510419005929062      3.4366271423926724     -5.4675820476993344
Au      9.4123225882956483      0.3189026631138696      2.7930642931002332
Au      9.0247861339845041     -0.3100782100321893      0.0447020457162459
Au      8.5672761153386876     -0.7855163692645297     -2.7440236631139205
Au      8.0477667545369691     -1.0991246989400352     -5.5245003889166489
Au     -6.1931767576179659     -0.2143407071831727      5.4673064086511847
Au     -6.6636010142331656     -0.7097032557017886      2.6979551697986297
Au     -7.1246322777782050     -1.1888033572359513     -0.1122284247554779
Au     -7.5649232365159964     -1.6398488490159793     -2.8940793745068145
Au      1.3196517269674499      5.7453038700105186      3.2367926666801834
Au      0.8530707267382003      5.2735835834831635      0.4546451753264114
Au      0.3889552972228858      4.7912813310876654     -2.3743331409068276
Au     -0.0577074379324201      4.3139701444626812     -5.1587942834583913
Au     -3.4084800905464525     -4.5004652433011350      7.1590097454471984
Au     -3.8378249076024531     -5.1080106238694487      4.4583674755596281
Au     -4.2706884179413303     -5.6089446252810466      1.6568874882827238
Au     -4.7569024401507436     -6.0631098377981054     -1.1438135088068249
Au     -5.2207709002025204     -6.3837857103782429     -3.8876989761155389
Au     -1.9518282265275635      2.2839612971884247      5.8329409136736352
Au     -2.4153875299209111      1.8057616181997691      3.0729875286742043
Au     -2.8695986330637733      1.3005942886274031      0.2490438295093629
Au     -3.3427595914941661      0.8420463812005805     -2.5797388302592008
Au     -3.7857356364728787      0.3781819656210725     -5.3455127813648158
Au      5.0622565894897180      2.8182660116673075      4.5788867563342102
Au      4.6276933028265042      2.3441641991283442      1.8162223359816831
Au      4.1790939951263804      1.8323177877201440     -0.9979963359321733
Au      3.7032744523135008      1.3835210225690826     -3.8184984361157239
Au      3.2321537831408778      0.9164479694745007     -6.5763631643411067
Au      7.7639457573454687     -0.8490606620694292      4.7035763390208949
Au      7.3941060535359933     -1.4371558596264775      1.9898556025914091
Au      6.9281398710498410     -1.9489050126894758     -0.8043497969850177
Au      6.4750279817910785     -2.3922490320549725     -3.6123258249944712
Au      5.9516533670970713     -2.7323703753825006     -6.3431335117309740
Au     -3.5550670114693492      0.0019270627766643      6.4727672932371245
Au     -4.0202022841373175     -0.4821689618846743      3.7168229266361568
Au     -4.4733314358609899     -0.9954976459180236      0.9036004900182810
Au     -4.9446199417621424     -1.4428151401278868     -1.9178967503648034
Au     -5.3851670054726393     -1.8998973168124291     -4.6824805314881326
Au      2.3547892805133799      3.6914625870424125      4.8864504750139393
Au      1.9142111159080069      3.2207751224962360      2.1214456700105773
Au      1.4577054820708015      2.7148589515891430     -0.7019946940827460
Au      0.9868385078513422      2.2570611439578077     -3.5312819589291209
Au      0.5208798484727251      1.7856864348033821     -6.2920052420379733
Au      6.1074279386662669     -2.0392811019826294      6.6091123998111314
Au      5.7410914760253542     -2.6172005650172414      3.9050171131720575
Au      5.2883399676946858     -3.1290536696109310      1.1347791664462159
Au      4.8319208461098944     -3.6033587136812963     -1.6472950075975490
Au      4.3737101562576388     -4.0381669769541082     -4.4297715644053923
Au      3.8505414180841804     -4.3846123739438632     -7.1476002618514061
Au     -0.7982349794050131     -4.2962085396190481      8.1268118123424617
Au     -1.2322380174954644     -4.8962444469661532      5.4375888118433107
Au     -1.6655879504913014     -5.4017584875830078      2.6630877517588738
Au     -2.1220069007600610     -5.8760663336649550     -0.1189859899052479
Au     -2.5996187668573119     -6.3172171933993528     -2.8971989694140046
Au     -3.0551202780402766     -6.6415486846734924     -5.6298987500036048
Au     -0.9213248563468229      0.2233365533579470      7.4625778195352304
Au     -1.3852894736397969     -0.2526483170598142      4.7075295349918047
Au     -1.8310887352131822     -0.7754379726885785      1.9077396131291344
Au     -2.2894435847165502     -1.2517559199228854     -0.8861281434464519
Au     -2.7640153687842757     -1.6854071116074618     -3.6963941032803498
Au     -3.2049650226283481     -2.1498020249083476     -6.4571937685466878
Au      3.3872210668758953      1.6314674760675656      6.5156632228109093
Au      2.9475535449895895      1.1634249798042178      3.7552745110141403
Au      2.5040583855793255      0.6413899457857193      0.9549778194280192
Au      2.0457031518318738      0.1650728961467640     -1.8388903810537625
Au      1.5688263719679274     -0.2693313390181988     -4.6486504714608152
Au      1.1035787229728362     -0.7416671218834898     -7.4041098851305156
Au     10.0151739351867128      0.4865287898773819     -4.5836088473282093
Au     10.5031812338590917      0.9185945249401632     -1.8797302103566400
Au     10.9030870098427535      1.4092365517531604      0.8286159096767349
Au      7.4046782991963775      4.2477470015492562     -4.8326596047529922
Au      7.9656090217034246      4.7719578091272696     -2.1203703877913340
Au      8.3038063551395425      5.1821081547703294      0.6479066508304623
Au      4.7667671854126015      5.1102623126090201     -4.6255614289824027
Au      5.2230740530247521      5.5364483731245002     -1.8007732306923474
Au      5.6903252416951000      6.0700103984975176      1.0039136096522467
Au      2.0811467410922342      5.9587337797606885     -4.3335605561644783
Au      2.5267060471567273      6.3864683284948605     -1.5033314673368405
Au      3.0059301033637027      6.9197546474793779      1.3033802448885057
Au     -0.5708319317758941      6.7722956285269449     -3.9584712182581279
Au     -0.1823374457326563      7.3349907298767398     -1.2206029840377046
Au      0.3294931906083987      7.7079002629033644      1.5293871970284778
Au      6.7955323836894559      6.6864473829438991     -3.6753298340750038
Au      7.2369195772588872      7.1451293675911707     -0.9848928830738313
Au      4.1802695318231597      7.5545597665857001     -3.3976507291060689
Au      4.6227044215794404      8.0143308999468523     -0.7008269605861082
Au      1.5380274528961151      8.3373295389218978     -3.0924873897665797
Au      1.9788665780827299      8.7954423135184410     -0.4053899037107458
Au     -4.9210383049382251      5.3505460585754356     -3.0023999717575753
Au     -4.4817744444119914      5.9298346948545806     -0.2756897808999619
Au     -4.0207153706092731      6.2861525058128054      2.4854577377648530
Au     -6.5431311489184436      3.1401165199599497     -2.4381501801914709
Au     -6.0340906095140365      3.5886002664047689      0.3781271773445463
Au     -5.6183507067533771      4.1011403069571877      3.1987899915379767
Au     -8.1384579266186119      0.8925288769226627     -1.7893008103423562
Au     -7.6384728701911593      1.3329926128007930      1.0258875110077561
Au     -7.2149025829395983      1.8522810359531923      3.8401733680497330
Au     -9.6586341962895119     -1.3289496210167770     -1.0825505945946845
Au     -9.3334515775024602     -0.8817847124849765      1.6815507813331632
Au     -8.7595079754639436     -0.3945838207074202      4.3980154663322626
Au     -7.0195976385635150      5.5404967737986928     -1.2117262987241539
Au     -6.5787600803174353      5.9986115109126734      1.4753707387236386
Au     -8.6253847789899734      3.3693694996209222     -0.5832742519926621
Au     -8.1829517255281026      3.8291430840772245      2.1135494166092545
Au    -10.1526859308967925      1.1473668009424598      0.0494835208514042
Au     -9.7113006544112999      1.6060516264107516      2.7399203271026868
Au     -9.3448866565279705     -5.8407982315271827     -0.3287276257008207
Au     -8.9174263131487805     -5.4285176096752989      2.3884581821343893
Au     -8.4569722782374921     -4.9180835459517924      5.0834971030903127
