         216
Au Au   -791.88310512   nogrup     0
Au     -3.3425058979057205     -7.3250544481061421      6.5082058492338817
Au     -2.2566141385163374     -6.2162223451595491      4.2916136725890119
Au     -1.0511730532394710     -5.1095487938563604      1.9885795024379753
Au      0.1415383850489976     -3.9522657118863158     -0.3006941454074088
Au      1.3355030901600180     -2.7792353050268837     -2.5904705052810826
Au      2.5272352449061541     -1.5971007289415464     -4.8684520690451585
Au      3.7188875454690216     -0.3662772167491060     -7.1245573984961350
Au      4.7880267226166620      0.7834764579668878     -9.3322828273804888
Au      6.6603128617951803     -2.4398432298242163      7.2373487947582547
Au      7.9883054160015954     -1.3290089703707579      5.1086835355365281
Au      9.1751079477854898     -0.1646989219529953      2.8321871832587355
Au     10.1497558041743279      0.9862282850500304      0.5398077806375809
Au     -2.4577224316295170      3.8819886771942445      5.7471232573356588
Au     -1.3321482136917675      5.1410458008185795      3.5748129750397730
Au     -0.1332612661177057      6.3198618135517712      1.2800154344987007
Au      1.0564559892475049      7.3312724637011737     -0.9903224571534075
Au     -9.7348011218388528     -1.6592069357631090     -0.8694381982436035
Au     -9.2779583179035718      3.8512723898706795     -1.2549540112981497
Au     -8.4396059320408661      2.2722350766904036     -3.3624566344765512
Au     -6.1534997341056537      1.7640692283432884     -7.5769110053724802
Au     -2.4152580708016975     -8.9094398715769270      4.4992514874442335
Au     -1.2231550364867687     -7.8688856287588838      2.2198862198752529
Au     -0.0582823067779548     -6.7095105922323643     -0.0806948949256423
Au      1.1153026638741375     -5.5398928749786052     -2.3760708398941190
Au      2.2927848785042206     -4.3614519243977181     -4.6626441999759933
Au      3.4627837756022108     -3.1774967112456967     -6.9412170536262892
Au      6.8787454431429929     -0.7458574276007699     -8.8971825745270756
Au     -5.0545514804722842     -8.5445112549307840      4.8359608894948849
Au     -3.9791278693420824     -7.6392128676346704      2.5639126774477354
Au     -2.8143697524530911     -6.4910291240824254      0.3022736771912236
Au     -1.6500256854495634     -5.3394509708553972     -1.9758901176469408
Au     -0.4783084131429005     -4.1648846769507681     -4.2567954975951352
Au      0.6939800333567928     -2.9734058971111992     -6.5363603814016606
Au      4.5621724272137909     -1.9572413608186565     -9.1482760709378450
Au     -5.0141951803700318     -5.8736725189340486      4.8061491224376702
Au     -3.8825138575750300     -4.8276797344114435      2.4527779319027552
Au     -2.6686641641625322     -3.6860407652563580      0.1411910194510320
Au     -1.4691365643598782     -2.5254766280519902     -2.1533022084711391
Au     -0.2725460579595861     -1.3443027791955586     -4.4345084472951655
Au      0.9220274323234606     -0.1091360847005767     -6.6912629798359529
Au      2.0911985027247750      1.0428970080989952     -8.9060820959891878
Au     -3.1544380365300895     -4.5579498165085219      6.4164002465453045
Au     -2.0465162427837176     -3.3980898477134165      4.1527831379979396
Au     -0.8366587260427618     -2.2563274325973648      1.8272325664963134
Au      0.3654433262862789     -1.0830386154670766     -0.4772817897311654
Au      1.5670841232680284      0.1043140320282223     -2.7758004635086806
Au      2.7663516130479033      1.3312675494540187     -5.0644252803532268
Au      3.9228458528594352      2.4479668225023286     -7.3189589602739495
Au     -0.8759712171049194     -6.1220801093134778      6.7228315266609862
Au      0.2957130315890323     -4.9932802342857006      4.4981698107929162
Au      1.5055748192155447     -3.8819623981289784      2.1850687253401411
Au      2.6977713822159584     -2.7224976145972182     -0.1044274145724238
Au      3.8886144375837852     -1.5424361126489678     -2.3856101564094665
Au      5.0745890101214037     -0.3124242756870785     -4.6572441572876428
Au      6.2229718179592224      0.8837226416686690     -6.9037704527388790
Au     -6.6152756459214377     -4.4666841080752899      2.9376422468973011
Au     -5.4765721709816528     -3.4089859148215655      0.6009069390924076
Au     -4.2676473185240988     -2.2575616881506271     -1.7184080617333066
Au     -3.0647933560968683     -1.0902137800751195     -3.9958074829176944
Au     -1.8575802123470977      0.1424677915523613     -6.2605201377253508
Au     -0.6617696722566666      1.2871051712430237     -8.4769191834522406
Au     -2.9491319112913641     -1.7438079666422350      6.2119622279648823
Au     -1.8183277024519813     -0.5761761119994144      3.9629146266431263
Au     -0.6057663576670870      0.5884437267431828      1.6341723472532905
Au      0.5973946682890988      1.7697723750038925     -0.6667030114307693
Au      1.8046663973639849      2.9853261252663073     -2.9737897456551572
Au      2.9820756051548800      4.0977269418764086     -5.2292706846140646
Au      1.6467853214271491     -4.9059491639163078      6.9116829998724079
Au      2.8336215511188603     -3.7725413268041077      4.6916085325263772
Au      4.0540068643963778     -2.6556845276198970      2.3777822153446344
Au      5.2384655834789209     -1.4936160285880717      0.1058248065003227
Au      6.4104494206377227     -0.2605366534610649     -2.1717845684410371
Au      7.5435247658922151      0.8925794070311905     -4.4049004543794759
Au     -8.2122183753877920     -3.0411876741014385      1.0799863833279737
Au     -7.0579127211026567     -1.9689260164531817     -1.2686307478278138
Au     -5.8809823951373605     -0.8054234043581108     -3.5756380015646698
Au     -4.6408449253423925      0.3912149765422157     -5.8109413322348225
Au     -3.4289385261237233      1.5277160011663042     -8.0536047749806290
Au     -2.7225183948901313      1.0777502490181767      6.0053573089671914
Au     -1.5757026642761498      2.2623436546529927      3.7534619893923491
Au     -0.3735461018927272      3.4546787043152118      1.4527040854331439
Au      0.8329447166454159      4.6300029112239756     -0.8556552609947943
Au      2.0281812935406553      5.7452673865714345     -3.1239392425995121
Au      4.1783755352647720     -3.6844531602634305      7.0984308647490089
Au      5.3740300619791190     -2.5342598112160477      4.8683929321039727
Au      6.6228864743828275     -1.4112461430800689      2.6106357608220634
Au      7.7421802128345574     -0.2102448179641101      0.3256515763633665
Au      8.8833302881186373      0.9374349475491837     -1.9343092208332884
Au     -9.7500719107288720     -4.3521937468583225     -0.6590619277521768
Au     -8.7652195946212252     -3.2810997317380259     -2.9424983123642825
Au     -7.5976867099451235     -2.1398646682853482     -5.2017403748687201
Au     -3.6558990516367200     -1.2148885195928703     -7.8605524069242882
Au     -4.3536649451740255      2.4980401411832229      4.2219235892931231
Au     -3.1699896291421816      3.6930404146910556      1.9020683667412364
Au     -1.9548084613210992      4.8888055163837052     -0.4199757851257147
Au     -0.7214538133807580      6.0573313416035113     -2.7407834411287624
Au      4.4042382633861781     -0.9011771592844990      7.0390470174480164
Au      5.6473741294758515      0.2572594779716759      4.7409159836624362
Au      6.8612456364486505      1.4482870424967285      2.4124247648449639
Au      8.0220831418988681      2.6516347310033241      0.0925926732184301
Au     -6.1948462206441928      1.0977372383659354      2.5483197609708910
Au     -5.0255656853767574      2.2690457509865478      0.2389897253394899
Au     -3.7899401573074760      3.4861897567379403     -2.1189236338167703
Au     -2.5544003520484910      4.6488119050773369     -4.4215644050339336
Au      2.0829278601346428      0.6823062519542269      6.6620349422699618
Au      3.2816351951477007      1.8431403795399302      4.3671818705088619
Au      4.5282811477732565      3.0660403276688841      1.9765045063687232
Au      5.7164705800929845      4.2502668353405477     -0.3156484207683157
Au      5.1158430780096831     -5.2903727858594092      5.0487872433623515
Au      6.3554047687112689     -4.2482621000922354      2.7649741310316251
Au      7.5413218149086481     -3.0836491697994717      0.4864629264944611
Au      8.6533600744169572     -1.8164373216437735     -1.7453425860643250
Au     -8.0271782091365669     -0.2789931888003974      0.8599221032862943
Au     -6.8543541889966972      0.8658888394833539     -1.4662026887129898
Au     -5.6447893876905120      2.0605960162338723     -3.7751780697825268
Au     -4.3904316908525658      3.2406799955452934     -6.0834432639725868
Au     -0.2212579612519422      2.2990325426441407      6.2647705399599118
Au      0.9628330945666824      3.4868895793324839      3.9601489830582395
Au      2.1839097483519359      4.6844645159468801      1.6209368913822217
Au      3.3991613917049022      5.8517335319774970     -0.6839722745219525
Au     -8.2217331013589892     -5.7641283983106426      1.1699155567899311
Au     -7.1714422971260419     -4.7893627728178547     -1.1552128551661518
Au     -6.0421637315979755     -3.6264423511730914     -3.4224769607578516
Au     -4.8594307448734462     -2.4726301553017471     -5.6798890559928878
Au     -0.8889419194201615     -1.4643420578086115     -8.2881148816906780
Au     -4.5860766839395879     -0.3072552482347106      4.4155100117703512
Au     -3.4326683782437666      0.8512783709759493      2.1060687728492518
Au     -2.2097108227670832      2.0284218073621743     -0.2286410724777994
Au     -0.9956810118704795      3.2509937440671797     -2.5453485836058150
Au      0.2224225146758833      4.4077412175514992     -4.8366602289028506
Au      1.8718469928754280     -2.1328174690090247      6.8418066254060079
Au      3.0537702765195931     -0.9459817688326364      4.5604356313540322
Au      4.2843476568882597      0.2102318129423502      2.2222461292626257
Au      5.4825710539236390      1.4374906397039027     -0.0973944832107350
Au      6.6770151214621469      2.5923080313445857     -2.3922350567409687
Au      2.5864425930781958     -6.5120976269904229      4.8645266028443110
Au      3.8174968308031589     -5.4651927420459323      2.5902074475639587
Au      5.0022636204166417     -4.3118739681791052      0.2803696890421712
Au      6.2011029435552834     -3.1219316912457309     -1.9996733460734681
Au      7.3145412744329548     -1.8683604400291500     -4.2156571879278282
Au     -6.4050382468686111     -1.6804206341441805      2.7450450549978385
Au     -5.2603120104701127     -0.5561688110925260      0.4313354306435073
Au     -4.0386442620338903      0.6173034937051316     -1.8973293228975123
Au     -2.8235813292221330      1.8460803087340665     -4.1998489847969758
Au     -1.6146336897907985      2.9911979542668954     -6.5026032605956452
Au     -0.4514495686199295     -0.5235349942568224      6.4607205106620924
Au      0.7320991320610151      0.6521151095015281      4.1783795888623203
Au      1.9559536348766771      1.8240977633733166      1.8346903650883455
Au      3.1698232216267619      3.0431257140394479     -0.4925246090084876
Au      4.3588304807593632      4.2048504743890511     -2.7863252250767587
Au      0.0662006352089378     -7.7319472105628133      4.6769236009501789
Au      1.2897970014727591     -6.6859276364270261      2.3981399562530399
Au      2.4709086332169550     -5.5342368728312188      0.0891953909071539
Au      3.6567360955660115     -4.3643954607269144     -2.2040275728850958
Au      4.8450806931907824     -3.1767573913607574     -4.4763149250268803
Au      5.9890134866257236     -1.9663585702110655     -6.7110116394953767
Au     -6.6310842664050167     -7.1759225300997773      3.0263230225684978
Au     -5.5852194252823892     -6.2115905201497537      0.7150319613215643
Au     -4.4174872429310792     -5.0598864398212307     -1.5601843943187603
Au     -3.2569643854122101     -3.9037728455693532     -3.8313084974220253
Au     -2.0818204556306488     -2.7141745642628177     -6.1095734607422472
Au      1.8635957478593737     -1.7193347397026795     -8.7193573377165805
Au     -4.7981920568198388     -3.0978633510635447      4.6101706746135918
Au     -3.6591716473491358     -1.9835317414851428      2.2913194446968319
Au     -2.4460821557914021     -0.8221969245954615     -0.0334548210542316
Au     -1.2374449700722281      0.3635557160632015     -2.3389165562741745
Au     -0.0321098409572105      1.5945452166545273     -4.6338415744754684
Au      1.1620727621888944      2.7484944309517569     -6.9235524019277239
Au     -0.6601543193001553     -3.3443460491084842      6.6456672055869106
Au      0.5053446376715361     -2.1662136390395244      4.3636828260485494
Au      1.7234430326205690     -1.0202493275759572      2.0298211801978958
Au      2.9282305930139270      0.1616085955729787     -0.2786011606053336
Au      4.1291984320733306      1.3873726895991041     -2.5832318535567893
Au      5.3154461755581597      2.5483560292487963     -4.8636205236461336
Au      9.9201384985608367     -1.7537431569483903      0.7274203819386642
Au      8.8261909374929441     -2.9462354523565768      2.9721733480028192
Au      7.5921911241329569     -4.0387571923700047      5.1958328312968121
Au      9.2927359251160198      2.6290747929203011      2.5909272886935426
Au      8.2211289310342739      1.4681760954444680      4.9156216309987393
Au      6.9300104340518045      0.3096644332956124      7.1265209139670276
Au      7.0687929150842264      4.2819812433923703      2.1761893241897852
Au      5.8370609679334500      3.0442735595982375      4.4799510163304390
Au      4.6372638879251769      1.8955289686175707      6.8443411785010788
Au      4.7662437158342801      5.8744584718567587      1.7887894262863036
Au      3.5226031389741204      4.6440625195437724      4.0921134325299349
Au      2.3330238554249876      3.4875726248961039      6.4588573324741638
Au      2.4454192957939442      7.3822764368819165      1.4445762484338580
Au      1.2178707196621852      6.3249853965300238      3.7496077818970015
Au      0.0756684344205146      5.0587900641132739      5.9893564131393475
Au      8.2762299644881576      4.1927848788841118      4.6314278968094875
Au      7.1169466121937939      3.0548353823375889      6.8575152124050049
Au      6.0387526863151191      5.8028403934954618      4.2811176367109098
Au      4.8740325433229881      4.6600352792257631      6.5174666413811693
Au      3.7587508024479752      7.3282955468611224      3.8785478515581779
Au      2.5975881006975259      6.1896424391089280      6.1072491586798172
Au     -1.7011345291119784      7.5875039061964440     -0.6311132277813520
Au     -2.9097242761685234      6.5195188332503466      1.6970619274290542
Au     -4.0855146150447421      5.2533351686953598      3.9330742080235019
Au     -3.4834804795642862      6.2793059790224994     -2.3339051926908780
Au     -4.7539962008263501      5.0975818326886735      0.0108631561568124
Au     -5.9417621899435096      3.8833275096283382      2.3669592378601365
Au     -5.3395332014155157      4.8583194600494011     -4.0229631185481907
Au     -6.5892821850857723      3.6936131894457338     -1.6632130254768143
Au     -7.7986521149418726      2.4755717363686882      0.6694105680798685
Au     -7.1419247125671550      3.4044555144845638     -5.5962972955926169
Au     -8.0790124259394318      5.0040144030774334     -3.5315916172501751
Au     -9.5253914049389881      1.1002557656545147     -1.0552492945499878
Au     -4.4352295939244097      7.7996588859938845     -0.2016007878871804
Au     -5.6317209755145630      6.6379358221649465      2.0836438018120589
Au     -7.1051234888829189      7.8472437804867443      0.1726274460053041
Au     -7.5255120978959447      5.2260334205184709      0.5148122732094862
Au     -6.2284495988758977      6.4776329868151414     -1.9567874007808044
Au     -8.8524899272731190      6.5078632014295525     -1.4277146513508718
Au     -6.3782614109606577     -0.9624847508501233     -7.3818045044158502
Au     -7.4819885628486640      0.6392652467044382     -5.4428699810001540
Au     -8.6708132831472202     -0.5275220941447287     -3.1648824092141510
