         216
Au Au   -791.59913613   nogrup     0
Au     -2.1500886835700106      9.1755147519942142      4.1192339564999791
Au     -2.2626136609535692      6.5726392382523322      3.6488326119872880
Au     -2.3771698896136675      3.8115072520037923      3.3894539761408797
Au     -2.4553798210288438      1.0498851787008041      3.0501160456274512
Au     -2.5276585284883737     -1.7247814740574086      2.7085748174321225
Au     -2.5895915757144952     -4.4891051128416422      2.3403745466005414
Au     -2.6288177311845411     -7.2392080540533250      1.8428744836985196
Au     -2.9024037273500003     -9.8676034998736970      1.2190521663673124
Au      6.6613585450662054      2.9387992649687238      7.1003726424842100
Au      6.7230093342183448      0.1992288148101879      6.8792769611745737
Au      6.6423890942365560     -2.6097730407969273      6.4891860723434363
Au      6.3826374347314783     -5.3252874933855132      5.9710336319358621
Au      4.6334700964994369      4.4772705904541876     -3.7173831591949984
Au      4.6021909392774445      1.7681576327271995     -4.1908962863207204
Au      4.4697085691666159     -1.0487748353692048     -4.5740033135549023
Au      4.2345573441177899     -3.7753846550404013     -4.8455113197377511
Au     -6.3090161439465895      5.3065262298444340     -5.6961624592657927
Au     -6.5463265747362502      2.5707762273549637     -6.0819272956230073
Au     -6.7076815803293570     -0.2223137807835460     -6.3851008864714975
Au     -6.7995058604885976     -2.9799893267836115     -6.5885920308954038
Au     -3.7773388460569217      7.4762211468034927      5.6760614947902699
Au     -3.8442093664181307      4.7367188766600616      5.5208114266797690
Au     -3.8892354665770190      1.9481095952021725      5.2063639442641829
Au     -3.9375684519178380     -0.8570896488020923      4.8875045134249415
Au     -3.9575295275003661     -3.6715803730818308      4.5519341218969984
Au     -3.8969160605888922     -6.4885358458575926      4.1645212596126129
Au     -3.5986788571388404     -9.1655024764461199      3.6394360881178898
Au     -4.7267896237328948      8.6739145655347016      3.5384101776520733
Au     -4.9991181797191722      5.9807306122330095      3.4534107590485092
Au     -5.0752300072302656      3.2033544085039378      3.1810025426067003
Au     -5.1474376015994192      0.4158293160170023      2.8909543772896917
Au     -5.2096646235914932     -2.3826607734833702      2.5871698797287905
Au     -5.2594348747544810     -5.1828007512567336      2.2542656493165758
Au     -5.2158699097897614     -7.9276948686485191      1.9106321549002843
Au     -3.0102071810319080      8.4787825894558715      1.5244512889488995
Au     -3.3319526937607948      5.7550652286878847      1.1866452967413057
Au     -3.4700744051123698      2.9596509617638151      0.9147854351588567
Au     -3.5838904401609577      0.1735729604280385      0.5950562551660656
Au     -3.6825939707668223     -2.6097931257377409      0.2659056156465347
Au     -3.7563085531132696     -5.3883358529294352     -0.1184230750835482
Au     -3.9488108545194711     -8.1022502868999933     -0.5345209509977593
Au     -0.3804330782899412      8.1830912808442449      2.1757176704943095
Au     -0.5165276902667393      5.4706233052075328      1.7067989154584744
Au     -0.6605314672554705      2.6670526507609713      1.3802274386996967
Au     -0.7643277488946634     -0.1288261067590728      1.0213908422320337
Au     -0.8606175500566051     -2.9231385314034437      0.6475046539760356
Au     -0.9285725978440293     -5.7185616081495549      0.2054250793039607
Au     -1.1129101470799556     -8.4495080339023882     -0.2338958967979075
Au      0.0508048230885536      7.6890511486403863      4.8393708698160527
Au      0.0091592123420616      4.9752334690295443      4.4562963551029018
Au     -0.0920628720980479      2.1787934699763229      4.1386033829670801
Au     -0.1653488419456313     -0.6088217126671642      3.7824713759025741
Au     -0.2278583175372084     -3.3968523219251985      3.4073141946519083
Au     -0.2876166807682372     -6.1928022175134991      2.9709905958279563
Au     -0.5436554763638664     -8.9413270454014846      2.4267028875524446
Au     -4.0797998236760264      7.5027283390266746     -0.9639883837031027
Au     -4.3670749847906043      4.7506593835711373     -1.2471323250339221
Au     -4.5445174974211318      1.9396844868619811     -1.5287799148483003
Au     -4.6763650789685558     -0.8557634276637476     -1.8410392494730834
Au     -4.7692010713185420     -3.6569530371501457     -2.1877683801197048
Au     -4.9012497496887546     -6.3977126389817425     -2.5235708121594937
Au      1.3157082275482164      6.9918349191589648      0.1921878757441942
Au      1.1935789089282340      4.2695131040871592     -0.2399404100131868
Au      1.0522816758334212      1.4459252475124456     -0.5962327209069871
Au      0.9358120552986882     -1.3589957671081301     -0.9721159286113705
Au      0.8364889260182369     -4.1791258760330265     -1.3842448214259999
Au      0.6723674863123397     -6.9161071478039258     -1.7582864766530841
Au      2.2801623651135694      6.1313592517221469      5.5984385746474246
Au      2.2409201035925035      3.4005603460726395      5.2538306862516784
Au      2.1449056458835298      0.5843749135593956      4.9321611103007594
Au      2.0740346280023569     -2.2005205611503555      4.5597769817149452
Au      2.0161107288079885     -5.0170092792211261      4.1164553420595986
Au      1.8373594123528179     -7.7737275881265369      3.6284305773518479
Au     -5.2018486559680106      6.4430641863486331     -3.3588863859021441
Au     -5.4626174217065824      3.6699130189318137     -3.6511677995891754
Au     -5.6564896178637571      0.8664963785918749     -3.9519126237640556
Au     -5.7636329328672105     -1.9366671714291908     -4.2640071398809738
Au     -5.8619719472343395     -4.7083172601928869     -4.5696578062819313
Au      2.9945420956467736      5.7662827054699646     -1.7808772316422647
Au      2.8871689035995360      3.0238139024579671     -2.2004897195692470
Au      2.7653314710864274      0.2041544423799033     -2.5851215989979375
Au      2.6322326448904088     -2.6164136992882527     -2.9656369380498191
Au      2.4649352348566818     -5.3708570564959288     -3.3165060799785815
Au      4.5013681917717951      4.5491022208115997      6.3733291082779040
Au      4.4573494654030004      1.7936949993456923      6.0318019275065158
Au      4.4062392515008142     -1.0059507899333076      5.7312161422502168
Au      4.2970514222076162     -3.7888087723795945      5.2784101325451989
Au      4.1483693083451403     -6.5681907261065042      4.8270236713734818
Au     -7.7054909761616823      5.2147712854711257     -3.3308824261727032
Au     -7.9980457483441771      2.3981381241180566     -3.5409883909691846
Au     -8.1478215654574928     -0.4281760879035756     -3.8312293611284112
Au     -8.1721686353082070     -3.2308900956014792     -4.1954450317932457
Au      1.9282904347218164      4.7876955804488226     -4.2004106932086795
Au      1.7977054023978121      1.9747813304751571     -4.5827600654273697
Au      1.6525967067685985     -0.8852064040084171     -4.9568381992769392
Au      1.4822534855735519     -3.7024270053097244     -5.3210679499034299
Au      6.2173590445464928      3.4420425716938237      4.4595437104020252
Au      6.1458108986791231      0.6080339345752579      4.1241279329187197
Au      6.0439477615475869     -2.2493523501499997      3.7283635032521527
Au      5.9093319047005100     -5.0802174120468155      3.2830689670468196
Au     -0.8241076986514426      4.9866207456525125     -4.6794193395877368
Au     -1.0028675273259973      2.1939398782823187     -5.0274784756015389
Au     -1.1588029236497270     -0.7110670768666463     -5.3895900712577145
Au     -1.3076916075843927     -3.5099331610987612     -5.7389053826655019
Au      5.6821376798872159      3.8410161316450346      1.7341389716012987
Au      5.5770402489928088      1.0364402806126067      1.3580958697566494
Au      5.4618765433245464     -1.8865019519818693      0.9552857506008632
Au      5.3393043698713250     -4.6950392673703654      0.5481323182341526
Au      2.8539685124854044      3.0042281964577962      7.9381794518243396
Au      2.7573940427010051      0.2077038463650354      7.7036707630237764
Au      2.7083818667102180     -2.5974264911138709      7.3437708209236288
Au      2.7346023001590862     -5.3789136086373759      6.8634084926041226
Au     -3.5763121937072189      5.1809774627972773     -5.2088352799352950
Au     -3.7895922965292463      2.3780462582990181     -5.5383686376632486
Au     -3.9503850019529159     -0.4656080786090619     -5.8697903059497820
Au     -4.0796331009073006     -3.2759676884103843     -6.1888997620197141
Au      5.1820671243967382      4.2169859421947429     -1.0080605165823036
Au      5.0650442268948668      1.4039601841527318     -1.4197351502422135
Au      4.9417186769577803     -1.4597091365918073     -1.8132850223569301
Au      4.8047592949497826     -4.2826343301557195     -2.1849092451124932
Au     -6.6244418762890316      6.3271224774753190     -1.0419223018032593
Au     -6.9360111952173540      3.5459705164044300     -1.2423231323569013
Au     -7.0720877918282614      0.7110270691899583     -1.5107186392343745
Au     -7.2009203358389779     -2.1118507695265816     -1.8281497620701330
Au     -7.2104898457953013     -4.8732356882671830     -2.1674799890813299
Au      0.2725606788703026      6.0248995143246136     -2.2576527313732964
Au      0.0993284919799571      3.2441480735851576     -2.6464033319513351
Au     -0.0507501408818061      0.4015125575207215     -2.9973252260559731
Au     -0.1754624506223013     -2.4384882224179689     -3.3855420840476782
Au     -0.3236755875819948     -5.2287886500934011     -3.7401247922346146
Au      4.0036661274317149      5.0379457929197651      3.6931079050581044
Au      3.9321814001204691      2.2447962032792455      3.2933145213659412
Au      3.8237725443428685     -0.6054621025767064      2.9406572023311597
Au      3.7350683506303941     -3.4551010008692735      2.5147945945524395
Au      3.5940681541877391     -6.2675869803559809      2.1089332538942749
Au      0.6476623353462805      4.5773675030140550      7.1580764658616101
Au      0.5772892826474147      1.7930788092593493      6.9230701614506938
Au      0.5103900427482446     -1.0297721647317477      6.5723733765668122
Au      0.5017021093595422     -3.8522426922632000      6.2060167781634199
Au      0.5655747631165542     -6.6217504342342792      5.7592732048504001
Au     -2.4629368645831935      6.2365781140172940     -2.7946163533866182
Au     -2.6763375572077379      3.4611004773049343     -3.1364857522664895
Au     -2.8440167951079047      0.6252205268766602     -3.4563499356481628
Au     -2.9695150650399871     -2.2071725426880340     -3.8202809083006439
Au     -3.1131640444236837     -4.9901876426337441     -4.1505754029809490
Au      3.4982943799748738      5.4393793699578534      0.9513946719379369
Au      3.4007491274689565      2.6525374632315963      0.5500641007640574
Au      3.2736277480803984     -0.1973146285248717      0.1802808365218560
Au      3.1717730403083859     -3.0474305302611047     -0.2284667613700755
Au      3.0221864984253051     -5.8446443469702007     -0.6250346451987738
Au     -1.5744187311863129      6.0924828622266647      6.3852019535353577
Au     -1.6229980359120679      3.3155336178173114      6.1628835760613914
Au     -1.6814683479102284      0.5047724459979177      5.8222962580809341
Au     -1.7202344553440634     -2.3079643682873963      5.4745643191764852
Au     -1.7087323716730527     -5.1183494952762167      5.1208938684099401
Au     -1.5677983394916328     -7.8779087111768469      4.7067003045635012
Au     -5.6017431022537494      7.4650995042861545      1.2538874626564773
Au     -5.9334414037204262      4.7077622115615583      1.0841194560886827
Au     -6.0499882472187085      1.9016698494404385      0.8169456621401388
Au     -6.1516478738592646     -0.9077262359339242      0.5253975182103154
Au     -6.2449157672427003     -3.7081080648468205      0.2048847186828304
Au     -6.2448562814652142     -6.4574767908534376     -0.1221754109967250
Au     -1.3810821402890454      7.2466797401650682     -0.3380677916507446
Au     -1.5960476011763163      4.4843013243120264     -0.7141163417258820
Au     -1.7498872070691567      1.6688073857418972     -1.0395964797057120
Au     -1.8742748335384176     -1.1364715561343974     -1.3917402158523648
Au     -1.9746403627325515     -3.9448460379719545     -1.7831994955194723
Au     -2.1347920957279012     -6.7121851275794953     -2.1491814675603269
Au      1.8003772345584972      6.6249003012907144      2.9196921773564188
Au      1.7152697841358426      3.8511078479323047      2.4987809264961971
Au      1.5954424487270724      1.0248209023510855      2.1510337055018987
Au      1.5007711650467346     -1.7892585978886988      1.7718075729265337
Au      1.4182391487015746     -4.6183773384774440      1.3512374325479932
Au      1.2548671595050782     -7.4150467401089841      0.9320029376465104
Au      4.9078792420275645     -4.1008844678409009      7.9359679958469869
Au      4.9759836933486463     -1.3604054072496394      8.3744671152017744
Au      5.0140555143364134      1.4010064843561381      8.6544548923526854
Au      8.1324666383133355     -3.8175715067096530      4.4622583513622818
Au      8.3366023045570259     -1.0357356708025103      4.9321637346485527
Au      8.3380754952916156      1.7662750961182474      5.2328670115961806
Au      7.6450751934545780     -3.5041766607281559      1.7359705938793688
Au      7.7112296907493851     -0.6418331171267422      2.1534811416269584
Au      7.8704166299291209      2.2168724493170928      2.5274461816544029
Au      7.1036926489661356     -3.1205778062135234     -0.9915952473925742
Au      7.1763218869911345     -0.2575451591837803     -0.5946924174746826
Au      7.3489690456321863      2.5980614080701976     -0.2007828712645576
Au      6.5372221929688727     -2.6672942116260092     -3.6652408777099241
Au      6.7292352619602411      0.1334349953515952     -3.3877164565442071
Au      6.7915364466611718      2.9099193607743721     -2.8965146108827087
Au      9.7664762668332976     -2.2176171597020291      2.9174340304402460
Au      9.8750497483917101      0.5157116203660781      3.2973724263461364
Au      9.2988937554434834     -1.8489219392049847      0.2157668055467159
Au      9.4151237522449271      0.8918033078877610      0.5976551975770548
Au      8.7260613841723895     -1.4717603465156976     -2.4579506085874145
Au      8.8491504974649224      1.2616343391679203     -2.0782430488084183
Au      3.2199080024314073     -2.1057902167605036     -6.8291955242966047
Au      3.4748518178612970      0.6857562421004166     -6.5253878517934885
Au      3.5174180727344071      3.4715846086187829     -6.0903721181800563
Au      0.4943793249723925     -1.9792538875841217     -7.3165432399007022
Au      0.6534398252416596      0.8699245355318643     -6.9073939908941480
Au      0.8147435881052525      3.7279165517882711     -6.5935030892010982
Au     -2.2643373211396538     -1.7885989281478603     -7.7650346828501027
Au     -2.1216970635877859      1.0586844186845079     -7.3810674071668814
Au     -1.9274472013743775      3.9103200029216545     -7.0852057546357043
Au     -4.9872608370761391     -1.5224260091531470     -8.1660015409388489
Au     -4.9009327452283209      1.2740211817981750     -7.9540637635179765
Au     -4.6504428877667676      4.0371014459573544     -7.5356516636278101
Au      2.2292249411094827     -0.3669737371934954     -8.7242650572639651
Au      2.3912301731701198      2.3650637768205898     -8.3701907847962378
Au     -0.4733472257410996     -0.1918073721162497     -9.2288299926474799
Au     -0.3035596904626177      2.5466568996645247     -8.8943589523501352
Au     -3.1906392992433181     -0.0146077749850715     -9.6370509875742982
Au     -3.0181794248673377      2.7187352401556746     -9.3201023159649470
Au     -9.0296855037067409     -1.5087614875548629     -6.0992646707954146
Au     -8.9441759251163706      1.2588714696384753     -5.8228213498571826
Au     -8.7110234515811644      4.0211618635349931     -5.5331109822696654
