         216
Au Au   -792.02442846   nogrup     0
Au      2.3471142831977447      0.4624124052871527     10.1467876701558595
Au      1.9071693072620963     -0.5351598275010188      7.6365746248196524
Au      1.4827035720421251     -1.6879234966277044      5.0876065648460118
Au      1.0412365661705398     -2.7750625406569629      2.5112029407045178
Au      0.5918121049437938     -3.8385147704672038     -0.0827348206249372
Au      0.1370925805602631     -4.8719829805570933     -2.6788463398208435
Au     -0.3336223019828992     -5.8374475459609769     -5.2965891602343680
Au     -0.7600229836014522     -6.8898720639730939     -7.7866605485947762
Au      9.5550166703508044      2.5922303183907589      1.8690423317626328
Au      9.2264631207869954      1.6174526761516841     -0.7122247991697357
Au      8.7783231289144776      0.5570352376435697     -3.2987562231665182
Au      8.2282667547124717     -0.5472091739520801     -5.7885671390773714
Au     -0.7383265836017796      7.2281071353734543      1.7321648221448012
Au     -1.2035681290172544      6.3231430099607051     -0.8222366508528127
Au     -1.6552125130394408      5.2544353580683065     -3.4289928180006211
Au     -2.0593820963453906      4.1021441576050837     -5.8925772068823763
Au     -8.0410032286785533     -0.2111662322461143      6.0670429376896093
Au     -8.6134344143893458     -1.2247985359706428      3.5439598558028100
Au     -9.0615753362478078     -2.2852144348698578      0.9574283872940885
Au     -9.3677575374950504     -3.3506024747728258     -1.5905667068615101
Au      3.8933029954731744     -1.5291449539726631      9.1510549397302619
Au      3.5197057734837074     -2.6678285793119776      6.6910978091283146
Au      3.0778698464922005     -3.7637906008220554      4.1204193385508647
Au      2.6302601906145959     -4.8401347857127082      1.5286226266447063
Au      2.1782032148824673     -5.8926315866100678     -1.0721803252515141
Au      1.7244446929007111     -6.9158776111255023     -3.6706045478766094
Au      1.2328237336565202     -7.8245221042253341     -6.2044231685452962
Au      1.1834230411185911     -1.9608814413011197      9.7975683311395656
Au      0.7509223611531776     -3.1089502888938068      7.3516643924190825
Au      0.3148904078502084     -4.2039873970606090      4.7796012253935141
Au     -0.1313329316867875     -5.2801110829330362      2.1874741052607849
Au     -0.5847765151102099     -6.3328285276529162     -0.4129985258912088
Au     -1.0443399749803386     -7.3569996971708456     -3.0100375235852010
Au     -1.4770571695879011     -8.2562598503755371     -5.5579094955463910
Au     -0.2391194461275228      0.3428811159476262      9.2192574731542614
Au     -0.7039346661086893     -0.7352543498360165      6.6602391717447427
Au     -1.1423639976229931     -1.8703467415703945      4.0784077238277812
Au     -1.5908253859516766     -2.9503041846685214      1.4851795695606027
Au     -2.0429161486649825     -4.0012826723901034     -1.1193009391713771
Au     -2.5077773892345343     -5.0036071031204932     -3.7509845685949976
Au     -2.9342226321050422     -6.0344240940765479     -6.3360498720908431
Au      1.5923504307127141      2.2054069657278217      8.1471310768600702
Au      1.1423801399132341      1.1929864596146973      5.5849813102389740
Au      0.7030195082840213      0.0581400263749576      2.9855475949679464
Au      0.2536002665454906     -1.0270378524135104      0.3771222102501381
Au     -0.2025948045088913     -2.0847749815680192     -2.2413794502644158
Au     -0.6716327371340909     -3.0994332205982404     -4.8849455475153434
Au     -1.1052926413002575     -4.1779091366835051     -7.4228399214666947
Au      4.1662904302073160      1.0447486149088521      8.1682308759099520
Au      3.7496348770572627     -0.0257122191227406      5.5977226756137979
Au      3.3173170126378180     -1.1598306224674553      3.0144328523509047
Au      2.8722485031505860     -2.2392476789065685      0.4203947771238896
Au      2.4167652162255311     -3.2907672843961562     -2.1832760347718949
Au      1.9457931488006919     -4.2940653974965803     -4.8135018289112708
Au      1.4711883660866922     -5.3325548280151978     -7.3870770070862211
Au     -2.8443905402713949      0.1600434462714897      8.1905481384154442
Au     -3.3132575822379002     -0.9220146712703472      5.6383259030693766
Au     -3.7658267630710642     -2.0537534790717880      3.0490709131273297
Au     -4.2154586705493298     -3.1176978772561021      0.4539335323744407
Au     -4.6686385417070770     -4.1291918832248395     -2.1845134980787391
Au     -5.0897352213602485     -5.1530161680389499     -4.7688866775031116
Au      0.8174152146661234      3.9054329424217995      6.0342325168290154
Au      0.3710570000544383      2.8824656521691185      3.4801828177238745
Au     -0.0775727279965200      1.7679118477463804      0.8554506948748228
Au     -0.5307315430384234      0.6956198952584354     -1.7600481042332201
Au     -0.9958759223483599     -0.3520500611938058     -4.4093393188225098
Au     -1.4318750250992736     -1.4169669769167883     -6.9479853780227865
Au      5.9756388949635610      1.5652482325722450      6.0862963223061088
Au      5.5665696768837147      0.4927185541569804      3.5198070723912425
Au      5.1419811255064669     -0.6345630971846974      0.9238765745369379
Au      4.6923497343885741     -1.6985082471742912     -1.6712606548622975
Au      4.2111908960875573     -2.7144602322448179     -4.3030318444721924
Au      3.7302973633174563     -3.7478110701217515     -6.8731390510808135
Au     -5.4573360369538628     -0.0193797162110660      7.1512589619212106
Au     -5.9440337589229406     -1.1218520229143336      4.5941199810037157
Au     -6.4237549611274112     -2.2259402146559557      2.0255593550203423
Au     -6.8418792827234638     -3.2463831274923809     -0.5879662376613863
Au     -7.2498820636031045     -4.2609999628179116     -3.1947584161788058
Au      0.0389062867376293      5.5959968657278916      3.9000434332428524
Au     -0.4095958506444475      4.5716178856428717      1.3360618374457989
Au     -0.8660382240226139      3.5073074577520984     -1.2878661211318727
Au     -1.3175703685736657      2.4231155721147895     -3.9044934756521537
Au     -1.7545712045655475      1.3521624428958332     -6.4513731458052987
Au      7.7858240343529106      2.0905189768952486      3.9917499678575163
Au      7.3957169255075170      1.0034351042729890      1.4115663927265523
Au      6.9951349648080106     -0.0880458670356739     -1.1758740247484756
Au      6.4978733930743955     -1.1210975588151531     -3.7705182609833710
Au      5.9932825549407021     -2.1511032353479140     -6.3542668985715460
Au     -6.5855480660568668     -2.5036290713157303      6.8452255274657334
Au     -7.0062747026442231     -3.7259203432271564      4.3098180110475015
Au     -7.4598867949927881     -4.7992811277390759      1.6917113479807053
Au     -7.9384774374901586     -5.7050012669885852     -0.9634564933113809
Au     -2.5819251080159287      5.4788346364393279      2.9228146358162386
Au     -3.0276440056414442      4.4141748773374063      0.3058719464136379
Au     -3.4878027808779151      3.3253206739279184     -2.3500243794262654
Au     -3.9475419081991783      2.2474302015372154     -4.9591141367692106
Au      7.0710380702690951      3.8279194912978247      1.9079546425257137
Au      6.6444637562346331      2.7479144513408267     -0.6973504278903935
Au      6.1873626279863414      1.6662938092046276     -3.3356013890529703
Au      5.7109855674227727      0.6096781792154390     -5.9418662980573220
Au     -4.4264084240335926      3.5893464148985013      4.0319191990586445
Au     -4.8740684674117247      2.5108619404569454      1.4399200887452004
Au     -5.3440098390468966      1.3988596724314162     -1.2724369147440209
Au     -5.7963312853672226      0.3477566954323967     -3.8748541710962772
Au      4.4740246918265578      5.0073617156580426      1.9084838569534277
Au      4.0283857472747213      3.9291986882562369     -0.6839974955051442
Au      3.5584452459438030      2.8171972462861836     -3.3963541631380156
Au      3.1041050522998743      1.7657722765012402     -5.9982891377035656
Au      9.3389144203059704      0.0334543894267585      3.0460213497631559
Au      8.9377254091615477     -1.1857268104422150      0.5059536105571869
Au      8.4841149401585181     -2.2590887104508606     -2.1121531584801576
Au      7.9859899627552666     -3.1679205741946630     -4.7626612664687622
Au     -6.2814455684398744      1.7006027952345177      5.0935463381971280
Au     -6.7503826312398658      0.6138497356960763      2.4983479325333420
Au     -7.2074847270888647     -0.4677705077029528     -0.1399036701015746
Au     -7.6415023366585055     -1.5176366281926148     -2.7562753716790280
Au      1.8648093124877749      6.1872867453116465      1.8619283919971688
Au      1.4024571050862829      5.1199769438157920     -0.7510463435666326
Au      0.9422989308193349      4.0311235736744830     -3.4069421978205954
Au      0.4991939933839039      2.9558840360858256     -6.0200000254867287
Au     -4.0021397292124306     -2.3189270446687527      7.8567696206826563
Au     -4.4434927566013585     -3.5019513723431102      5.3562535502578603
Au     -4.8750862246751199     -4.6054170008214319      2.7327656803320517
Au     -5.3547392306432551     -5.6581917551441503      0.0968226351517272
Au     -5.7989890147911272     -6.5707294029339582     -2.5140844188504476
Au     -1.8052217044085976      3.7804386828574623      5.0496289297077999
Au     -2.2656769748728487      2.7118138049338421      2.4598557918829815
Au     -2.7185245966657314      1.6010663926303832     -0.1853906427975076
Au     -3.1851436826888633      0.5361181769419637     -2.8470268965577379
Au     -3.6234981137224973     -0.5220720086138038     -5.4449073369227952
Au      5.2479580895193934      3.3035874966332388      4.0100489696330728
Au      4.8168179504059951      2.2353995861734597      1.4179408946424958
Au      4.3686562443532342      1.1199362186408830     -1.2160569897910802
Au      3.9002809046015869      0.0666338259625281     -3.8720368120849971
Au      3.4334582612914026     -0.9899921261660820     -6.4627022312885902
Au      7.5399878321405671     -0.4800376294518576      5.1030884792690285
Au      7.1601100647136384     -1.6532671178799063      2.5879057580529370
Au      6.6943198851080874     -2.7621823580096372     -0.0274234722314093
Au      6.2488661227040874     -3.8095096914817788     -2.6715252179196449
Au      5.7431429886760599     -4.7318409944744086     -5.2677660419540562
Au     -3.6545147033210599      1.8852465028577645      6.1339702859276857
Au     -4.1172410521385885      0.8120267336567809      3.5493981651671698
Au     -4.5700845108086572     -0.3041816883868202      0.9165170917852423
Au     -5.0337798484927667     -1.3567382593480222     -1.7405797080300220
Au     -5.4690181475280122     -2.4083321248144443     -4.3387805884645410
Au      2.6439024858027675      4.4892725216730742      3.9881723791869499
Au      2.2071905593820595      3.4244296716426859      1.3927343243490844
Au      1.7519734864240730      2.3133050428641710     -1.2519465985503064
Au      1.2877245871354068      1.2487344649043157     -3.9141485298889265
Au      0.8256278405337519      0.1867620178029883     -6.5063644976800905
Au      5.7306858222726866     -1.0154138306297620      7.1601590324619666
Au      5.3551971068026401     -2.1768775356473418      4.6521054609677828
Au      4.9020855407010719     -3.2815375197214030      2.0606556507954243
Au      4.4495561054605552     -4.3523390569245537     -0.5512068862446489
Au      3.9994692691774976     -5.3848801836009823     -3.1727475024401319
Au      3.4930333565346752     -6.3102757909026916     -5.7548953594786587
Au     -1.4034899439995399     -2.1520275091263970      8.8622055996025573
Au     -1.8488847611729446     -3.3246307052857773      6.3708305665071743
Au     -2.2819534999762019     -4.4260973823963061      3.7745990197790382
Au     -2.7344830925127206     -5.4968984094339080      1.1627363868071079
Au     -3.2046148571938917     -6.5326327971843039     -1.4540222779049583
Au     -3.6411446515555030     -7.4468913622256565     -4.0528477768463427
Au     -1.0310857036930294      2.0715940787354139      7.1578032338525235
Au     -1.4917989426173746      1.0063095471465313      4.5722610717787360
Au     -1.9386158051388005     -0.1165961732423062      1.9549524665631708
Au     -2.3930636499797298     -1.1919365173396668     -0.6679814181075017
Au     -2.8587738074076747     -2.2283026738232619     -3.3174962312316065
Au     -3.2952633603427599     -3.2860308384327661     -5.9103335509948991
Au      3.4200306037396304      2.7807446966153657      6.0958718932784892
Au      2.9844195416150678      1.7194603491994045      3.5043406781024755
Au      2.5399845773503933      0.5969337384405256      0.8864633141551135
Au      2.0855370863235252     -0.4784070484204861     -1.7364710682500961
Au      1.6174458709621216     -1.5151526092165413     -4.3854175430156470
Au      1.1558545688067769     -2.5768796543664987     -6.9722659179375333
Au     10.0935309265278867     -1.6083117840759953     -4.1332539205724625
Au     10.5744098095489338     -0.5999604567636994     -1.5861425401238289
Au     10.9738757570796039      0.4748175345207911      0.9478410477986978
Au      7.9045017141696396      2.2276094411902019     -5.3650569914489505
Au      8.4675525912767853      3.3197677331314392     -2.8281069532602330
Au      8.7959636085270834      4.3370427269133680     -0.2198023947852201
Au      5.3703241550702101      3.3723132233011874     -5.4790354336053637
Au      5.8168083810043836      4.4067135613456241     -2.8144636922927599
Au      6.2860072390077004      5.5390594166359497     -0.1939827528221150
Au      2.7856372260244346      4.5282525699426168     -5.5093216019067910
Au      3.2215008460760379      5.5665035543732815     -2.8402900483944231
Au      3.7025345448818339      6.6978712334125463     -0.2172605499180555
Au      0.2291190384744471      5.6667491049355290     -5.4492960706873346
Au      0.6243798668527573      6.8192814163823074     -2.9039254739664035
Au      1.1217671598000321      7.7789872508363693     -0.2971948991698081
Au      7.5376781622956246      4.9188825632583288     -4.8356954919259483
Au      7.9753014148422823      5.9544134626951104     -2.3098643437707223
Au      5.0252973861040395      6.0834319036673588     -4.8814320026500733
Au      5.4639595112489046      7.1214208685784719     -2.3496047122651040
Au      2.4764742020835779      7.1746680410867558     -4.8817369057276228
Au      2.9135541247614691      8.2089133117291873     -2.3590406525314283
Au     -4.2650404527236336      4.9507391270566856     -4.3770963697249892
Au     -3.8173299088343007      6.1116292053786960     -1.8442389461744031
Au     -3.3723919345466369      7.0629794859915682      0.7750045188171635
Au     -6.1240271719726369      3.1087652018056611     -3.3836852402471242
Au     -5.6225796640301748      4.1574657234376957     -0.7302998447043434
Au     -5.2071279863382189      5.2783864342654008      1.9083765294077502
Au     -7.9619475494072907      1.2482180039230359     -2.2982662522161315
Au     -7.4703371385222717      2.2898074311982128      0.3555399680354192
Au     -7.0462615046551376      3.4149644234401197      2.9867868412623499
Au     -9.7234512728741951     -0.5808725815345273     -1.1594381844266106
Au     -9.4039478286730880      0.4724825578851464      1.4356176638689471
Au     -8.8319862334664148      1.5285592356366662      3.9858171314825155
Au     -6.3643303875790478      5.7661506424812625     -2.7725297159364404
Au     -5.9272505229906880      6.8003970740768551     -0.2498336870111784
Au     -8.2041078613734850      3.9757243451283935     -1.7252046295512491
Au     -7.7654447281618300      5.0137134770911373      0.8066226622052328
Au     -9.9713720873344514      2.1293432115089916     -0.6584427941593836
Au     -9.5337473531470280      3.1648735772154035      1.8673887203952120
Au     -9.9071684050007853     -4.7948171304616922      0.6384444923102794
Au     -9.4888380360906588     -3.7964331247325118      3.2004795390858360
Au     -9.0268192326622181     -2.7116904608663175      5.7195403750413041
