         216
Au Au   -791.88310512   nogrup     0
Au     -5.4163198958765344     -7.0467780957734734      6.5536263458830852
Au     -3.4309275015713805     -4.0304310104334080      5.8426053921027901
Au     -1.2094006197620470     -3.4963699728450637      4.1808677267931351
Au      0.9849904259167588     -2.9268096640581946      2.4888624900250065
Au      3.1779085239160096     -2.3452823745510454      0.7866426542061191
Au      5.3597515616167559     -1.7535492974811433     -0.9152003661001480
Au      7.5185054074946436     -1.1174575064266241     -2.6357045799906942
Au      7.2908550058729720     -1.7097270034624401     -5.3571705494942190
Au      0.3930513581518122      4.8281165127906664      8.9009359157522425
Au      2.5857871930254888      5.5035405088887810      7.3961275404913316
Au      4.7661483337261270      6.0801669224653194      5.7049474673034730
Au      6.8060762545009155      6.5238328021161935      3.9240952131720448
Au     -6.2913878152164289      3.8154444873243873     -0.0219335160103675
Au     -4.2413377161591370      4.4698403791213313     -1.7366160252450769
Au     -2.0424972583746182      5.0562557544865836     -3.4437369081282210
Au      0.1622135558995146      5.5254786473443822     -5.0286344967385954
Au     -6.1695066426355067     -6.9203279816261807     -3.5101953307422491
Au     -6.5314763151130757     -2.8068170987140730     -7.2075905557925619
Au     -4.2430535357970687     -4.3539789606059296     -7.1228861719247210
Au      0.3170407384155147     -5.1801306754393162     -8.4529771477243685
Au     -5.5078238756032087     -4.5354264878049575      7.5019510407890238
Au     -1.0127026573879521     -5.5093810518680248      6.0798462113395750
Au      1.1687677180365423     -4.9582110894325835      4.3677885932642333
Au      3.3512875909950770     -4.3926636657675440      2.6558290551994652
Au      5.5292138581705252     -3.8149588557223852      0.9451324056189847
Au      9.1587895809719697     -0.8670989443800146     -0.3704143215226239
Au      9.5703022881620434     -0.5882371725037974     -4.3236308863867254
Au     -3.2201530583312135     -5.9975046767103093      7.6886541156782471
Au     -3.2747905724899655     -6.7185308402631234      4.9901658679439471
Au     -1.1175294597637213     -6.1597512423264105      3.3096960188171032
Au      1.0499032353050979     -5.6054440944299193      1.6165254491495595
Au      3.2205369533925134     -5.0314316629001619     -0.0904888996262194
Au      5.3877715749651900     -4.4442264593582079     -1.8076277166942205
Au     11.0542722193873555     -0.3762393498179444     -2.1667418087007064
Au     -5.8277293695963319     -5.0888147947713902      4.7835934140841267
Au     -3.6153801505030518     -4.6600655339798278      3.0998952714320822
Au     -1.3880813519571640     -4.0993531660146525      1.4131996469760786
Au      0.8141632553567428     -3.5257714785465106     -0.2813773472342405
Au      3.0018412588907308     -2.9333752787928384     -1.9825604822254981
Au      5.1623918688650727     -2.2927712447985593     -3.7051228727919234
Au      7.4776705966555124     -3.7735808204965524     -3.5072510091127800
Au     -5.7875686235223425     -2.4511790391074966      5.6913391870402208
Au     -3.6720820785698907     -1.9159664260907423      3.9781575599092598
Au     -1.4383478086669317     -1.3630389645960737      2.2810244581300338
Au      0.7702694377700270     -0.7828351180575890      0.5728642897997389
Au      2.9721174614783727     -0.1901930669071072     -1.1410700476133364
Au      5.1588023862071530      0.4340459652403004     -2.8760604532004113
Au      9.7564894049524113     -2.6365432285614920     -2.4889144433750587
Au     -4.0757851128247564     -2.2135622104141257      7.8696747946943653
Au     -1.9349138876521466     -1.6500751508878020      6.2279378213301158
Au      0.2957435622817142     -1.1142879079019909      4.5587086566645105
Au      2.4895357171889039     -0.5435109587879001      2.8649045380473588
Au      4.6732360186133546      0.0449196911534866      1.1620706386232769
Au      6.8384159604646264      0.6709818649140749     -0.5699296922482944
Au      7.3107676897966769      0.9681979614511516     -4.5347174066134279
Au     -5.9775681108893997     -5.7034006872664635      2.0205823604057329
Au     -3.7732917493737963     -5.2554860410051285      0.3424175240904077
Au     -1.5460701756252819     -4.6934895748506511     -1.3576230745657760
Au      0.6459718565146437     -4.1061798034614414     -3.0446679951839464
Au      2.8214127064100882     -3.4636670776827421     -4.7652543494950930
Au      4.9714654291921896     -2.8719991565255603     -6.4022553606536299
Au     -5.9876011559483526     -0.3689361756798020      3.7867170522082567
Au     -3.8666623791697980      0.1904609550223633      2.0870147668309684
Au     -1.6327793097943641      0.7602476931157840      0.3738912648664723
Au      0.5727831757604955      1.3483765651572677     -1.3368867372693067
Au      2.7795731118569380      1.9612004308208628     -3.0724705975089623
Au      4.9480330577818705      2.5033421304732806     -4.7201315610825638
Au     -2.5881278357698312      0.1383564205463035      8.2361452865103644
Au     -0.4401663384236119      0.7154061536796830      6.6005419730113353
Au      1.7976293111360275      1.2607280584669578      4.9315908930958940
Au      3.9736446786764574      1.8362761537618661      3.2437398578520167
Au      6.1321805102254388      2.4544477645718223      1.5001447426019361
Au      8.2466066020563584      3.0109800866104330     -0.1790859549685955
Au     -6.1348670208270306     -6.2977996971717820     -0.7462037488674333
Au     -3.9138737795668455     -5.8355076493828397     -2.4348833812257098
Au     -1.7200989294100690     -5.2773039615641446     -4.1486342314937659
Au      0.4656795217441452     -4.6310009713710008     -5.8133044682071588
Au      2.6463429659532691     -4.0470846511875314     -7.4545325365176485
Au     -6.1720606043112038      1.7295602317314653      1.8847401381524058
Au     -4.0405667333737734      2.3089801776345658      0.1787259149291458
Au     -1.8377073160922421      2.9046317036628668     -1.5396864590294861
Au      0.3763058624458313      3.4871700324195509     -3.2497544385288357
Au      2.5657255137066235      4.0360052965641344     -4.8998272587865710
Au     -1.0935997976840530      2.4981925200592556      8.6014449450696731
Au      1.0645086682028519      3.0882847744342432      6.9522137252187903
Au      3.2843098047076715      3.6765597185532943      5.3259635578548732
Au      5.4152218515673365      4.2393460511508394      3.5770012548360803
Au      7.5543839195673144      4.7854432572954142      1.8880427759734850
Au     -5.8569568085950001     -8.8072266239944810     -1.6026849383079877
Au     -3.8018733166479413     -8.4125291904305612     -3.3208530727262975
Au     -1.6430112395711465     -7.8563164102006366     -4.9940723068738162
Au      2.8260085994505504     -6.0937005782106253     -5.6134066236003868
Au     -6.4028512160488118      1.1427187292270640     -0.8467155530191235
Au     -4.2010342238253440      1.7223803326042102     -2.5864956652721656
Au     -1.9751081530938297      2.3190468064280245     -4.3149789011036130
Au      0.2678251050594678      2.9063483381001705     -6.0170645591057674
Au     -1.3705039364178844      4.6282125031595012      6.8160860465538597
Au      0.8660679561090403      5.2227576069057182      5.1388754899160638
Au      3.0961798120442410      5.8126240503218112      3.4089701545137991
Au      5.2800354907163962      6.3858134450310011      1.6541348867464798
Au     -6.3726120772531738     -1.5721380675946470     -1.7301118680280574
Au     -4.1841583649853460     -1.0133959001647215     -3.4536723184734370
Au     -1.9231399745089428     -0.4044705457164168     -5.2100811094409121
Au      0.3102354192739372      0.1871151307502847     -6.8960421668821112
Au     -3.0693721012278612      4.3524377478784650      4.5631253028354841
Au     -0.8675248134214206      4.9256160843911303      2.8678013836804155
Au      1.4223925123189753      5.5314786391883111      1.0918021804122517
Au      3.6107979500447236      6.1170269175237930     -0.6217242846859499
Au      1.2323957193516313      1.0094897563650278      8.7813620375824186
Au      3.4768607662165012      1.5230531232733719      7.1885849104112545
Au      5.6578765051446132      2.0985943332910941      5.4955819453725425
Au      7.7365446277989101      2.7272960353073392      3.7328332234545023
Au     -6.3301405147921352     -4.2709473775957294     -2.6346215911946818
Au     -4.1233314780993817     -3.7363565243736554     -4.3496521887196877
Au     -1.9100281453004306     -3.1382375891992789     -6.0716511675548066
Au      0.3377019061561539     -2.5258468060034280     -7.7648084540104776
Au     -4.7480414162401194      4.1020955375647663      2.2827116004436618
Au     -2.5548845955882453      4.6829685346400645      0.5573112948300150
Au     -0.3135203464111085      5.2772162193452408     -1.1805878259552642
Au      1.9059072148925440      5.8601021957123418     -2.8795148276119562
Au     -5.7323995256330358     -8.2523471526933783      1.1086131806528279
Au     -3.5855049260971987     -7.9088479898421751     -0.5443679862660602
Au     -1.4526697604091880     -7.3611313965021479     -2.2529207420273210
Au      0.7137870405686020     -6.7866384604501446     -3.9269775565756770
Au      5.1553427405499006     -4.9269059226191656     -4.5580036829913002
Au     -6.2166761142836195     -0.9524003049427749      1.0339715848802413
Au     -4.0374198609910303     -0.4117553672133960     -0.6878326926692964
Au     -1.7941869618391357      0.1704595933616275     -2.4086159486165180
Au      0.4227142547372933      0.7882117542761122     -4.1520086745570186
Au      2.6369185597389464      1.3705227133137914     -5.8343172879322971
Au     -2.8568406233894938      2.2562713757492370      6.4506409510682765
Au     -0.6806312805323393      2.8446607492407670      4.7394768379125480
Au      1.5740477134507203      3.4143875987086489      3.0335693564177042
Au      3.7806790206908216      4.0256656992660194      1.2786437993773276
Au      5.9804753015138896      4.5921138834402102     -0.4144691755733767
Au     -0.2621745788071490     -1.3482968871709913      8.4186767742048403
Au      1.9689618387734618     -0.8320578729782371      6.8250773263398656
Au      4.1720530157516551     -0.2781225647067904      5.1195831046062601
Au      6.3590673614419959      0.3223777211315015      3.4142578843224278
Au      8.4305132069164230      0.9483336072277844      1.6709685767895195
Au     -6.1771529378458281     -3.6339620670973600      0.1438453351497557
Au     -3.9954057711312858     -3.1248318041114631     -1.5615439573414527
Au     -1.7565176889501901     -2.5435453426256958     -3.2766746557990949
Au      0.4505668593384928     -1.9149303927183139     -5.0149168540545297
Au      2.6678134287972783     -1.3507908824843540     -6.7004689879123003
Au     -4.5588669259415706      1.9965626570290338      4.1772349535572992
Au     -2.3789048810729438      2.5772937199202799      2.4735517625554522
Au     -0.1281251948430893      3.1525861706239775      0.7509730271942701
Au      2.0963032085298234      3.7633913310758578     -0.9966774610526166
Au      4.2902822478122191      4.3323079872543264     -2.6959884357658268
Au     -1.7482089578428506     -3.7010361029927585      8.0564963405748493
Au      0.4806759521403079     -3.1913606737409816      6.4575904719280430
Au      2.6808074077809003     -2.6402601261509888      4.7522026316223354
Au      4.8706993658705366     -2.0669381481208307      3.0465495775714864
Au      7.0453347606351180     -1.4707402031618590      1.3431893743289258
Au      8.9654607169121263      1.2618679772197989     -2.2795973323498693
Au     -5.5811771729264885     -7.6519258706575544      3.8629202915880576
Au     -3.4449402622873198     -7.3128462133353489      2.2236072051646012
Au     -1.2770529143893574     -6.7553831809304699      0.5336025390028922
Au      0.8821247041850804     -6.1970087397611513     -1.1597888709139852
Au      3.0508773361723502     -5.6090735203702229     -2.8736811187802935
Au      7.6954271414778805     -3.2340979648762849     -0.7673651937931893
Au     -6.0190807137023503     -3.0252025017262101      2.9140841162744344
Au     -3.8363070545251272     -2.5285380477628321      1.2096801615556672
Au     -1.6041306106669420     -1.9592424616318995     -0.4985784097283279
Au      0.6076959552281276     -1.3667377523443944     -2.2128495440592530
Au      2.8022857934787284     -0.7387764683753355     -3.9518965281586986
Au      4.9986093193238590     -0.1710201585736764     -5.6413510642796911
Au     -4.3470991355981008     -0.1003403060151342      6.0727272283754914
Au     -2.1808521220841981      0.4724148423055929      4.3600808490638663
Au      0.0636762827179305      1.0295612658605275      2.6584385151913601
Au      2.2753734579540268      1.6159021357149967      0.9432945273713429
Au      4.4742028005194632      2.2337019508542464     -0.8001556316196101
Au      6.6573408404347454      2.8060117454179303     -2.4917847167038794
Au      6.9870020241240631      4.4754669901088047      5.7589872120734356
Au      4.8998643938293016      3.9164763199723516      7.4878785833284063
Au      2.7083598709316323      3.3447517147547914      9.0789354607733586
Au      4.5308821664609500      8.0843350436847174      3.7542627957485308
Au      2.4009601312995708      7.5931811489064911      5.5213043102337949
Au      0.1880791776101713      6.9367123423020924      7.1242473849511967
Au      2.9156729009446911      7.8974298156565617      1.4725542209867335
Au      0.6972449396922953      7.2536361749433631      3.2105181150170026
Au     -1.5540021042842942      6.7169486514127463      4.9406416802142736
Au      1.2357672417324104      7.6343147777228584     -0.7849844233977912
Au     -0.9922376046064595      6.9891227065585841      0.9428902236533432
Au     -3.2363376350289723      6.4533664249842646      2.6838764021188624
Au     -0.4716499308847977      7.3169599480847811     -2.9672386447910029
Au     -2.7190123865228975      6.8075643414548610     -1.3461896877566595
Au     -4.8249754288504958      6.1662337529175542      0.4082254683745532
Au      2.1611456367010033      9.4950448463115436      3.5635760245993566
Au      0.0298624581799887      8.9322914859346767      5.2174429729486071
Au      0.5004339244744387      9.2956362398988155      1.3446640712374069
Au     -1.6408085668376964      8.7305233476213573      3.0058578491752854
Au     -1.1414666895878667      8.9898803572783113     -0.8685137630569137
Au     -3.2757363720182306      8.4266435959067305      0.7866596950828608
Au     -2.1157885664603264      4.3409876523681401     -6.1271240993971539
Au     -4.3630846403449777      3.8436333474642499     -4.4766733881198011
Au     -6.4908301672310484      3.1823058267658140     -2.7386272372341089
Au     -2.0393710404961096      1.7138138031199670     -7.0650729236580290
Au     -4.3229233029788912      1.1061781627452696     -5.3548714988853767
Au     -6.5486257043625988      0.5249565804146226     -3.5815077467211243
Au     -2.0059764507249915     -1.0305913197498766     -7.9506023088719555
Au     -4.2874737528693680     -1.6082988578713033     -6.2336715604827759
Au     -6.5124354136818265     -2.2137136187359747     -4.4814308270226881
Au     -2.0055488910473280     -3.7223961712819511     -8.7199496838962265
Au     -4.3402517077397142     -2.2319982527294639     -8.8861236065904734
Au     -6.3696114411180158     -4.8681299887880547     -5.3653120159054435
Au     -4.4162441865183544      3.1658633784503794     -7.1428768880186784
Au     -6.6857998202810824     -0.1203204808037563     -6.2845383714703082
Au     -6.6049208714628964      1.8835660370312759     -8.0572364401323888
Au     -6.6099056818542063      2.5893458702542511     -5.4520162802645338
Au     -4.3102461065319559      0.5013187555073779     -8.1088113948491660
Au     -6.5663854841797660     -0.7054477688787593     -8.8961919917901113
Au      0.4941546733372360     -7.2129961707238541     -6.6202822172536298
Au     -1.8772390155282961     -5.8638331700116497     -6.9357833048334587
Au     -4.0596290958022472     -6.4427763272603764     -5.2428816005706089
