         216
Au Au   -791.63731043   nogrup     0
Au     -2.9484282937774218     -5.9786749157173382      8.0154413917353473
Au     -1.8273511446569897     -5.3859588578353801      5.5685135626471443
Au     -0.9100997999426439     -4.8422852158034431      2.9545453210832093
Au     -0.0958852903203882     -4.1628286147314792      0.3366388807963112
Au      0.6937067292138430     -3.4341734781882938     -2.2984577954799335
Au      1.4852304718514133     -2.6887335508257646     -4.9270494319754157
Au      2.2860925242702743     -1.8002252179710201     -7.5272632592885582
Au      3.0309026249765227     -0.5798189664535904     -9.9832048937608526
Au      7.5474491911037038     -1.6967048996514471      6.5919402005317700
Au      8.5755055108328300     -0.9819470112877990      4.1053638327330404
Au      9.4030925753851342     -0.2850446376604392      1.4812425690921387
Au     10.0021683212258381      0.4158066820061794     -1.1022933213933044
Au     -1.4481541434841447      4.7762269773819286      5.4934671301385052
Au     -0.6281761348217922      5.6381518132795989      3.0119940156132010
Au      0.2309296550541100      6.3864680691806779      0.4171252647300747
Au      1.0854709640644131      6.9786023555445080     -2.1267006974197713
Au     -9.8443637411302092     -1.0663342790335175      0.9350153272854982
Au     -9.2943372963244784      4.3019443579841807     -0.2312875296972905
Au     -8.8875781450739737      2.4105262937301477     -2.2104152646330419
Au     -7.4020947618155253      1.2893268005346261     -6.6151723571211409
Au     -1.3883416278233529     -7.7837565164288449      6.9659038678206677
Au     -0.7480051379196913     -7.5706539427895976      4.3202461045914227
Au     -0.0459691479511541     -7.0745374455488523      1.6609790973605314
Au      0.6555778547064524     -6.4711104167161864     -0.9398435694537426
Au      1.3434797528462887     -5.8280550993137545     -3.5042821007925795
Au      2.0070832354051289     -5.1887523511467712     -6.0478315384964816
Au      4.1977872069664528     -2.8159146758206717     -9.3761450705597404
Au     -3.6087831306022222     -7.3734835434057047      5.4943812772725806
Au     -2.8828205021964139     -6.7790190617846555      2.8896258927689296
Au     -2.0956765945807736     -6.0792889771452963      0.2735978502451992
Au     -1.3238787282488662     -5.3469515680634068     -2.3276093965494447
Au     -0.5610513903872945     -4.5790309247007670     -4.9121132468301649
Au      0.2210517298775563     -3.7341038898807106     -7.4805366129579731
Au      2.5140078180810193     -4.6658327707548022     -8.6061782205429562
Au     -4.5765369553317363     -4.8878141965212976      6.1823927195153807
Au     -3.6365401964287276     -4.1907250967659699      3.6688886105238865
Au     -2.7832461342808612     -3.5098794631621981      1.0731499666368265
Au     -1.9689674282712528     -2.7658784230728166     -1.5191290773882322
Au     -1.1652882810917582     -1.9857167082375327     -4.1112189684216105
Au     -0.3599010463756336     -1.1190476955051185     -6.6812789359962466
Au      0.4708329936016735     -0.1873653888205311     -9.1665508375964073
Au     -2.4980498600973391     -3.3691666583384308      7.4515789003754413
Au     -1.5633382749957359     -2.6758717306856088      4.9241456520394564
Au     -0.6898465945921370     -2.0393370991392619      2.3015380654930624
Au      0.1440377821488474     -1.3220656432063382     -0.3042389570420916
Au      0.9655851513720627     -0.5782651108313797     -2.9067396594592800
Au      1.7946887078825167      0.2405794044958895     -5.4811300028671663
Au      2.6636630042352145      1.0701661841915815     -7.9395170458257720
Au     -0.3138891853905719     -5.0200617172717408      7.8420980311448574
Au      0.7580546610962922     -4.3165683715686232      5.3329383891313462
Au      1.6210746554348663     -3.6501204065034845      2.7183356636682170
Au      2.4251761864173753     -2.9485530793863060      0.1087424536413302
Au      3.2160702736444691     -2.2279759235217078     -2.5043960683891946
Au      4.0018673385312775     -1.4612508140701426     -5.1253278427211484
Au      4.8029865655828479     -0.7572037087223400     -7.6775855216596582
Au     -6.3257196904802724     -3.6392336728369195      4.4388089115539096
Au     -5.4802343571490510     -2.9012754140495769      1.9066311114806744
Au     -4.6414854644358936     -2.1709664631616299     -0.6946321110282803
Au     -3.8279269817856401     -1.3893810472657311     -3.2699373482557839
Au     -3.0112568420660484     -0.5388607834885786     -5.8513905640167039
Au     -2.1665672104887359      0.3293440044501441     -8.3580833431073476
Au     -2.1315163871035354     -0.6760234742769526      6.8124142878931799
Au     -1.2684835764169571      0.0640127724012736      4.2873569133408580
Au     -0.4045592770856707      0.7629303224560147      1.6666878546942243
Au      0.4399658213971873      1.5009976858291818     -0.9290520324226357
Au      1.2888588392727727      2.2874651130744255     -3.5231955012068390
Au      2.1594102025433930      3.0156683255604744     -6.0265219772988772
Au      2.3711294189472150     -3.8880921094982313      7.4889073567320601
Au      3.3441571695778154     -3.1963544708717713      4.9492671130458703
Au      4.2019171599010221     -2.5341177308990677      2.3097342115579309
Au      5.0028007848043341     -1.8334428402689351     -0.2926999127753902
Au      5.7825783044932439     -1.0769224307609253     -2.9122794909645791
Au      6.5497320738741678     -0.4200372309940317     -5.4582826912981606
Au     -8.1381152304027360     -2.3573302530758902      2.7229209089186845
Au     -7.2945322539525632     -1.5839092467829019      0.1606180963333586
Au     -6.5086935801514434     -0.8145164049864650     -2.4298028187978638
Au     -5.6479052481157579      0.0036053091312400     -4.9841812073795069
Au     -4.8166022528964429      0.8360347005049267     -7.5448325860779200
Au     -1.7950628194750720      2.0552145810244848      6.1806206619936930
Au     -0.9548421942163912      2.8303250024940443      3.6425643974465594
Au     -0.0971592641921653      3.5771911315457592      1.0403688111244591
Au      0.7610200008511545      4.3237242146337422     -1.5598023583907192
Au      1.6311812114499289      5.0180086981553167     -4.1007686952304709
Au      5.0057211648770803     -2.7875200500438915      7.0722958061493273
Au      5.9286013532092836     -2.0865238259178618      4.4954742716635252
Au      6.8161012678733650     -1.4134596910173478      1.9018479973786846
Au      7.5518952336051646     -0.6746325027657214     -0.7140447128024263
Au      8.3160140008657315      0.0036656125636281     -3.2856865461901457
Au     -9.0417965415182202     -3.6320443946888634      0.4741368373289561
Au     -8.3008849635054922     -2.8872296226058562     -2.0965754610889995
Au     -7.4776252680886506     -2.0822055945691123     -4.6867625700289430
Au     -4.0350471902564475     -1.7261072083675639     -8.1108180459236312
Au     -3.6131873605691043      3.3195842418899737      4.4902880985958333
Au     -2.7622992744817250      4.1165720475633805      1.8806887392496421
Au     -1.8964348442128354      4.8879242920940920     -0.7370521727408956
Au     -1.0101817245585178      5.6361927713672948     -3.3411089279768156
Au      5.3262169371143528     -0.0965655543517698      6.4744849241973839
Au      6.2355787589780531      0.6172200210894712      3.8467858284233785
Au      7.0951075713355465      1.3481244480322125      1.1880116182942899
Au      7.8877970793795873      2.0896580683307171     -1.4506560663037895
Au     -5.7443952251220409      1.8347385043950197      3.3419248362867542
Au     -4.9137275355411019      2.6340073823315668      0.7504771038427123
Au     -4.0412794451171274      3.4300469665812630     -1.8987262948783474
Au     -3.1539814986329899      4.1992425565981693     -4.4774462110668303
Au      3.0330159477491287      1.5193950379847756      6.1919131639382279
Au      3.9020917432607267      2.2438162841911344      3.5868688419060142
Au      4.7872959572106204      3.0033984587713718      0.8746056018284989
Au      5.6318675196245609      3.7336911425742043     -1.7258341012995970
Au      5.8062546617419279     -4.6974244230368463      5.2714986749993997
Au      6.5938517616116945     -4.1400070226224877      2.6158816609263944
Au      7.3516623793292508     -3.4452010105149178     -0.0154183445657168
Au      8.0374830402896968     -2.6463577584771922     -2.6108024242407346
Au     -7.8716770480255613      0.3735912009732960      2.1857094710740839
Au     -7.0517817579213835      1.1694633335596887     -0.4258408315769309
Au     -6.2023094299850428      1.9681261716249754     -3.0320943225812407
Au     -5.3108277031235076      2.7764045108547961     -5.6210473265869361
Au      0.7692685986111478      3.1681675219480239      5.8922788617102171
Au      1.6214162881843084      3.9314343978849990      3.2847623353861160
Au      2.4931529742247820      4.6835826549325814      0.6374349461157429
Au      3.3729050536418264      5.4035528262288901     -1.9664051245824119
Au     -7.2939375247989711     -4.9301697575336281      2.1745125642385084
Au     -6.5388705892915544     -4.2609278466315494     -0.4276244050761520
Au     -5.7453546462348886     -3.4673964042994179     -3.0115366656507803
Au     -4.9188570566851082     -2.6685968170945333     -5.5966565127560592
Au     -1.4249866568699106     -2.1989572914873747     -9.0054554506178608
Au     -3.9352375400285471      0.5712715569207987      5.0872561440974522
Au     -3.0899943228868683      1.3449525702926159      2.5122908370148593
Au     -2.2258379603119383      2.0828519385422979     -0.1083905605174813
Au     -1.3727145710497637      2.8789904219967770     -2.7134431796017999
Au     -0.4905957488825758      3.6457040066416795     -5.2711220818385556
Au      2.7222817679524098     -1.2044219207925160      6.8726012618346424
Au      3.6075528037805400     -0.4654502497470787      4.2701035434586245
Au      4.4778474829537274      0.2385525897924268      1.6097366973389988
Au      5.3071126370505279      1.0020189496567653     -1.0355259192065276
Au      6.1492914436602542      1.6796360775408115     -3.6400143392006683
Au      3.3717701606001111     -5.7735720180470551      5.7931713827306055
Au      4.0942659001207984     -5.2215768452028435      3.1384053592526691
Au      4.8225234296563126     -4.5529071520144928      0.4788460486148054
Au      5.5762838825028203     -3.8414652648364918     -2.1561047463186007
Au      6.2090193648081344     -3.0736924241859036     -4.7467269253538014
Au     -6.0471964237500124     -0.9093230949657176      3.9126726672783469
Au     -5.2017209640804589     -0.1193418190805886      1.3529114382902634
Au     -4.3508045006217184      0.6310613739554487     -1.2621030739282126
Au     -3.5069509792748228      1.4517600474728969     -3.8589604229565957
Au     -2.6483989576352345      2.2430649396325153     -6.4164643925168914
Au      0.4413011816924599      0.4256109011171851      6.5464227798876884
Au      1.3170626878192895      1.1718767027001888      3.9631143146695713
Au      2.1833378695861163      1.8954687195108004      1.3137752272402352
Au      3.0398775834461671      2.6626390555206205     -1.3193265362531683
Au      3.9010706543750446      3.3698461517114149     -3.9007740676522893
Au      0.9949545692177284     -6.8563237771318271      6.3451622368821141
Au      1.6331480674839529     -6.3516530379375169      3.6765156815661797
Au      2.3210203529176185     -5.6974234844366300      1.0291797964034579
Au      3.0366967893975465     -5.0077787872992925     -1.5913488118140293
Au      3.7508612459828039     -4.3124402837347127     -4.1935272433604034
Au      4.2923461416465365     -3.6110775574161469     -6.7930681964159625
Au     -5.4682242392958385     -6.1954274415249486      3.8576142230292234
Au     -4.7197047620445307     -5.5338212472439778      1.2721740764594500
Au     -3.9181591758603576     -4.7847398013796436     -1.3255065584459338
Au     -3.1298240257198131     -4.0038306590933743     -3.9122541395203179
Au     -2.3285952508000682     -3.1710529945632970     -6.5105062810391487
Au      1.2579532553033599     -2.6779371924326192     -9.8856519395639673
Au     -4.2523132501265311     -2.1681622841576562      5.6629569908606641
Au     -3.3778027821104439     -1.4230685960781564      3.1089794154354280
Au     -2.5182751786741742     -0.7135318805041351      0.5025454313564772
Au     -1.6830328187943469      0.0453846022061413     -2.0904725591939020
Au     -0.8533700017483974      0.8635565223838437     -4.6747906022336245
Au      0.0106693450890860      1.6891992403905647     -7.2014269912314468
Au      0.1078868691083896     -2.3091549499296899      7.2156976266181516
Au      1.0195234501186612     -1.5721630580161552      4.6368940974568922
Au      1.8806035429483716     -0.8735731914491716      1.9952678422959593
Au      2.7145288442194788     -0.1468514346024907     -0.6263439314714070
Au      3.5446955479681495      0.6215305961466395     -3.2443383137885924
Au      4.4168279136962081      1.3129039051173557     -5.8124619102876522
Au      9.7481991133444836     -2.2248618374289375     -0.4395320195927681
Au      9.0585033540014521     -2.9505042236353578      2.1494741383835709
Au      8.2355594603882700     -3.5847380354500071      4.7239741283409344
Au      9.5636516041642565      2.4072014632537764      0.7806779006943820
Au      8.8503672103543956      1.6969680371584541      3.4109201373646840
Au      7.8830977792729957      0.9712188383769256      5.9720876722137319
Au      7.3718779477293719      4.0925459726763966      0.4779281712604870
Au      6.4885245919774608      3.3076999622892513      3.1116475589666130
Au      5.6371536552345987      2.6110570181495856      5.7883959770509961
Au      5.1124221789035875      5.7374790902182662      0.2225453617787991
Au      4.2064660129754872      4.9562831490114601      2.8480817583007720
Au      3.3657528664025556      4.2407850702188865      5.5176079861812362
Au      2.8374967330463865      7.3133137549718406      0.0136418765696398
Au      1.9499764199376028      6.6960464129183919      2.6112916505776838
Au      1.1285220968480054      5.8417967824615218      5.1646739304341835
Au      8.9639938689393297      4.3246612280939205      2.6922898605271826
Au      8.1333072354814160      3.6166401754461805      5.2294019380523906
Au      6.7661260018734461      5.9853072288034781      2.4599995684628233
Au      5.9272292371084578      5.2713103827482390      5.0001194840961283
Au      4.5134811060320743      7.5602209687456483      2.1917872294799032
Au      3.6730341749383433      6.8422791502424749      4.7204551436211837
Au     -1.5603055161455077      7.5245436303614053     -1.3638732111915886
Au     -2.4176896021065009      6.8762001834360262      1.2418678628875419
Au     -3.2717665492839778      5.9995062514748874      3.7888038835931610
Au     -3.6615721047646828      6.1595010736345159     -2.5397254558118050
Au     -4.5724479666675686      5.3898338426366754      0.0986233063330673
Au     -5.4134664184976673      4.5656960819449397      2.7488814239838995
Au     -5.8310824146033680      4.6942510212346900     -3.6868099156176406
Au     -6.7200667742919782      3.9201407318456667     -1.0431437242672494
Au     -7.5743710724750448      3.0814603444942072      1.5915230938678668
Au     -7.9448011001841854      3.1870644146893925     -4.7327310297431566
Au     -8.4535917284255753      5.0866758070061344     -2.7934794829240595
Au     -9.6151636093351627      1.6080664023959077      0.3698067047694913
Au     -4.1771437012365862      8.0199427805186190     -0.5310217873198191
Au     -5.0275464808848485      7.2453008714133773      2.0486101891427175
Au     -6.7448903826602953      8.3070007755280830      0.2660793750218247
Au     -7.2165674545601588      5.7767367568110988      1.0208695410947151
Au     -6.3011544271886466      6.6213622167196498     -1.7615488104664863
Au     -8.7990491616491724      6.8921798781965879     -0.8239624925472988
Au     -6.5935220306524007     -1.2364572388309725     -7.1995049103103508
Au     -8.3296833339185277      0.4861572717499811     -4.1635673722714941
Au     -9.1553410335989973     -0.3100349486992098     -1.5988685145093129
