         216
Au Au   -791.50475053   nogrup     0
Au     -8.1132257403643173      5.9734260000339914      3.0044226328929469
Au     -6.0016208943384148      4.3545946788186729      2.9456765626251187
Au     -5.0253929096450429      1.8818666285977921      1.9915586782561210
Au     -3.9341343505926956     -0.5377859023344200      1.0442515782135402
Au     -2.8320197143180783     -2.9564740755994539      0.0999315743209959
Au     -1.6850680747409141     -5.3483013878458578     -0.8150480170080101
Au     -0.3919369795830780     -7.6969589852633025     -1.6664877703267322
Au      0.8539958760708262    -10.0718052904510458     -2.2960999255536425
Au      1.1943752167243633      1.8751940717467788      9.7662503478424139
Au      2.2795564006628291     -0.5560972338119399      8.9951236014086273
Au      3.3305906570596289     -3.0092911345982207      8.1057767967155687
Au      4.3077739344806290     -5.4074108680488102      7.1334830097383364
Au      3.6482680213613135      6.5042517587338624     -0.1013038128232235
Au      4.8473113466885502      4.1944321813849097     -0.9832452933616356
Au      5.9618183119148647      1.7360380756367224     -1.8716503035810028
Au      6.9167280067933801     -0.7049246854953193     -2.6970461254273665
Au     -4.7739024046630760      5.3092417760605350     -7.2411363531214024
Au     -3.7676350749780294      2.9951432643011238     -8.3183589754660527
Au     -2.6308577730760589      0.5631496608865696     -9.2395411547793209
Au     -1.4853141389195907     -1.8834771231930016     -9.9175405554167515
Au     -7.3077495293873378      4.8261013287008057      5.3739346270408213
Au     -6.5374843321653087      2.2462676049775423      4.7288488470642118
Au     -5.5120739980828724     -0.1921790571710993      3.7719995616133275
Au     -4.4436526663785143     -2.6191939335154810      2.8061850926493577
Au     -3.3453467237444485     -5.0494733351385985      1.8393732490945318
Au     -2.2112185750208875     -7.4692353246404863      0.8839717988906752
Au     -1.0391126844129297     -9.7732079583624962     -0.1129761264567666
Au     -8.7724191580454196      3.5021531610350785      3.6133807268615907
Au     -7.6974157679877289      1.3612408827145783      2.4700399310067560
Au     -6.6235902777365139     -0.9110479771001936      1.4618809941354289
Au     -5.5337080837092119     -3.2238630270447519      0.4609826688713117
Au     -4.3884940231939540     -5.5471314874711748     -0.5569249003645194
Au     -3.1305954217429868     -7.8371039486429730     -1.6140965711340742
Au     -1.7215370010652524     -9.9101692812903401     -2.7201865866345516
Au     -6.4933148039237354      6.2851317236427313      0.9081218110556470
Au     -5.4034210603025068      3.9337084995754248      0.0749298561997644
Au     -4.3397675145339392      1.5007508473604640     -0.8691415255451496
Au     -3.2351625100063899     -0.9121701789350496     -1.8094570632255387
Au     -2.1119711738990201     -3.3232507868453300     -2.7370898009125133
Au     -0.9357679657392959     -5.7401934700340043     -3.6232331358637921
Au      0.2497915881967903     -8.2004415852553532     -4.2991751548494692
Au     -4.4199624671109277      6.6803209307015798      2.7041003101864121
Au     -3.3053166261312690      4.3345563040868447      1.9118022010311826
Au     -2.2585313129417317      1.8726197621286373      1.0172313652349363
Au     -1.1576084573145589     -0.5602836721179951      0.1034433907023420
Au     -0.0323439604382192     -2.9844979836546441     -0.8066677506362332
Au      1.1771927973215530     -5.3853411439667678     -1.7039293931607160
Au      2.3180853908355186     -7.7942902528373743     -2.5004890423317727
Au     -4.8185080197767274      5.7223212063354829      5.2301848517751210
Au     -3.9087664664635602      3.2314081456455579      4.4545630827171223
Au     -2.9070658018095212      0.7572898162704229      3.5414808525323025
Au     -1.8374063211970415     -1.6817291515136032      2.6237729644924155
Au     -0.7427757989239456     -4.1067559495679280      1.7054376774920517
Au      0.4208127618246784     -6.5129993565738999      0.8140161949930427
Au      1.5710004532771549     -8.9152522986790412      0.0222417629605491
Au     -5.9375417738089906      5.9701560645075658     -1.8004314856603001
Au     -4.8544757151769407      3.6279482663724774     -2.7123210855518582
Au     -3.7852287884049662      1.1830238976467493     -3.6618111296255709
Au     -2.6693917426128992     -1.2258785088300534     -4.5888611391063243
Au     -1.4821361503904380     -3.6558257323658534     -5.4980281629325773
Au     -0.3165198310965267     -6.0911320869891163     -6.2551403235729079
Au     -1.7363151876837035      6.6933670521747759      1.7794660454840514
Au     -0.6075404825905526      4.3185318732643250      0.9463540663283752
Au      0.4769413207391699      1.8413147416882345      0.0522292418267174
Au      1.5912631553355800     -0.6018021595247109     -0.8467773429960044
Au      2.7544173530118625     -3.0429145596658076     -1.7501195822470832
Au      3.8381623390575328     -5.4477854363421514     -2.5934291101802582
Au     -2.8156328988595467      4.4998467535282520      6.7757631746849984
Au     -1.8423892529132280      2.0148885535589054      5.9642927338374587
Au     -0.8261772524801043     -0.4768232568417039      5.0714208355079062
Au      0.2389312608624075     -2.9249466179783443      4.1642194690306109
Au      1.3597681293924984     -5.3549936653496850      3.2488761869606861
Au      2.4525106980168117     -7.7513968405764651      2.3764987072050090
Au     -5.3710963173646933      5.6665364203600959     -4.5435779790588642
Au     -4.2874895653467782      3.3001678084728550     -5.4848195983389623
Au     -3.2276532689645929      0.8844370823937218     -6.4683639202511198
Au     -2.0594935907418623     -1.5375499877042191     -7.3252479345258603
Au     -0.9032055564478161     -3.9824257303613262     -8.1425898164036781
Au      0.9706930076837144      6.6364501558740789      0.8451691610446801
Au      2.1018111245229942      4.2530036693031636     -0.0148247830689012
Au      3.2210462649305445      1.7946617728891465     -0.9107269742991537
Au      4.3381473274285307     -0.6674260234652607     -1.8023991008959426
Au      5.3991414618516558     -3.0909961725859914     -2.6594362102756373
Au     -0.8075857694142510      3.2103488772262221      8.3010871490379454
Au      0.1965933752691105      0.7237126673671570      7.4802065175883410
Au      1.2316032074448739     -1.7583748613825163      6.6124454791847320
Au      2.3126138801064062     -4.1944230018423951      5.6843263459521580
Au      3.3906842553760130     -6.6013811949051391      4.7594995753287463
Au     -6.9056419908779878      3.3925566099073587     -4.5570118465532810
Au     -5.9247421952698245      0.9627451612814792     -5.5624541866228956
Au     -4.8116739045035652     -1.4473915269057080     -6.5470724392078283
Au     -3.5702567239326628     -3.7920838918086908     -7.5371994175958843
Au      1.5184712352987482      6.3283066951854403     -1.8740033918729226
Au      2.6589134815315449      3.8781040117719705     -2.7587649605274294
Au      3.7957208048950060      1.3803467210962572     -3.6676128338051148
Au      4.8980382691568742     -1.0897397376996834     -4.5623389844018947
Au      1.7984332113521686      3.1106820930573420      7.3507758881380862
Au      2.8537910352954028      0.6235520293383319      6.5010859610004008
Au      3.9380852139131761     -1.8720875228283704      5.6013564374416003
Au      5.0172815932193231     -4.3238137712701832      4.6860311010824827
Au     -0.6245107118418720      6.0238546538990558     -3.6692249703161783
Au      0.4830577543524164      3.5821421057939116     -4.5745613181452418
Au      1.6467957585777064      1.0358748993956888     -5.5087878633243141
Au      2.7778592356187515     -1.4151183816760309     -6.3902429895861026
Au      2.3917816110158054      4.2902027644220553      4.8597977024209520
Au      3.4615048194255107      1.8274036525777504      3.9966333353842955
Au      4.5856366212522701     -0.7182724676968455      3.0804447579355685
Au      5.6746464997520292     -3.1676634879902075      2.1949413737092769
Au     -1.3851361472300350      0.8866957223163059      9.7076826822546334
Au     -0.4528808503243966     -1.6648227334240433      8.8696916675638686
Au      0.6044564146074956     -4.1455988257185084      7.9575414903364372
Au      1.7709779258629905     -6.5330792607068418      6.9945241489931345
Au     -2.7338452567979159      5.7254711836698480     -5.4895702071636547
Au     -1.6449373816950739      3.2717388410305244     -6.4515240936188922
Au     -0.5011530836076235      0.7854873011502237     -7.3703175521468935
Au      0.6631302202720482     -1.6912781506619270     -8.2317787959846225
Au      3.0206367348834360      5.4610835405543341      2.3835765936935598
Au      4.1355649692392831      3.0049432185904452      1.4932964076656052
Au      5.2557319459485736      0.5039012522847148      0.5923374493152398
Au      6.3488449090083465     -1.9725357313501979     -0.2794375360995058
Au     -7.4456753426481344      3.6781184560110116     -1.7757285757865366
Au     -6.4643518486824503      1.2821180351138604     -2.8247623680078480
Au     -5.3588790659789423     -1.1469797319488180     -3.8174755988625630
Au     -4.2211813686518163     -3.5475016619291626     -4.8458578399556558
Au     -3.0058419946177715     -5.8615462923854142     -5.8858013091515726
Au     -1.1745546501636581      6.3783699506459683     -0.9306854639161255
Au     -0.0469484804534250      3.9580287331790043     -1.8214259393126788
Au      1.0634162288486582      1.4680108873860331     -2.7316504022148429
Au      2.2190597710975881     -1.0071792405027864     -3.6455539527548666
Au      3.3308596306493090     -3.4594469464080646     -4.5087548896518124
Au     -0.2322257732255615      4.3830613074434490      5.8117815718436940
Au      0.8155036476343109      1.9169733178769164      4.9741334647606088
Au      1.8761192311842256     -0.5810173919634183      4.0775546147345949
Au      2.9972862692240265     -3.0484599416974545      3.1721203827965354
Au      4.0763359696023418     -5.4825083558657504      2.2826785311895819
Au     -3.3502993804219754      2.1927930662571464      8.2529602437491061
Au     -2.4321333232613895     -0.3433609365519628      7.4416036911713679
Au     -1.3917181811230517     -2.8371229876001545      6.5030693386116791
Au     -0.3054795686973391     -5.3055775139734962      5.5898877785730949
Au      0.8333663425460036     -7.6547940564442598      4.6256690922527142
Au     -3.3095044081162257      6.0540253768935379     -2.7384347297595708
Au     -2.1731639263391056      3.6424482687018411     -3.6503639269995478
Au     -1.0726964118003095      1.1584668841579679     -4.5832735549134602
Au      0.0999965865363750     -1.3131395927553955     -5.4971906693862707
Au      1.2238761042472666     -3.7787115267326090     -6.3613480953470134
Au      0.3533007045954550      5.5384276237887917      3.3180020881550032
Au      1.4423193518288002      3.0871615235055030      2.4756567344314941
Au      2.5314286282566858      0.5941853722654082      1.5766990955256599
Au      3.6697508501389020     -1.8777462335152100      0.6758330529294891
Au      4.7609937604647703     -4.3185397615210039     -0.2080348898663527
Au     -5.3371530182390821      3.5116524499378454      6.8275801484227987
Au     -4.4427781643936903      0.9523408138438882      6.0411378134521136
Au     -3.4144654068193452     -1.5252512800580451      5.0981052502434583
Au     -2.3497943795026295     -3.9798026126941419      4.1530124839692153
Au     -1.2533171773270197     -6.4157194309985286      3.2253362436495703
Au     -0.1185195020047223     -8.7577688732691996      2.2594203405339126
Au     -7.9729080635778073      3.8903162119247314      1.0488422563434288
Au     -6.9915030070219037      1.5100992596952958     -0.1094067121092674
Au     -5.9015909941841471     -0.8969146032614796     -1.1171916168312634
Au     -4.7968899510631875     -3.2926437788659157     -2.1275225114673608
Au     -3.6703725476816214     -5.6643230435651564     -3.1801832316280887
Au     -2.4463575342768786     -7.9238239846687595     -4.2914798506480061
Au     -3.8662423224562446      6.3905518227713092      0.0037440267196889
Au     -2.7289770191713911      3.9862471028665607     -0.8758659937894908
Au     -1.6418922560176292      1.5180488265625383     -1.7921868181848790
Au     -0.5188018575537128     -0.9263143372818172     -2.7097105457784405
Au      0.6471555494741694     -3.3767246601436085     -3.6212142086871424
Au      1.7744986308601725     -5.8344785514436541     -4.4546187973524631
Au     -2.2811100628668335      5.6149604365244592      4.2554378387458840
Au     -1.2349179504819987      3.1493941064692015      3.4415556146571422
Au     -0.1836134355672514      0.6710963174695772      2.5463032345575396
Au      0.9131073006589951     -1.7766295885803665      1.6442633887457809
Au      2.0618316560495238     -4.2106152528081910      0.7443954819466434
Au      3.1676060541118329     -6.6368247645203429     -0.1149813367313826
Au      2.6166203985591219     -5.3114374598448517      9.2552298137093114
Au      1.5629409239126140     -2.9173539841625562     10.1978860977182659
Au      0.5530756552844958     -0.4558003478960995     11.0222487094037955
Au      5.9132329847654104     -3.1020800623091977      7.0308783287486225
Au      4.9176041620335127     -0.6757079528959684      8.0241510207663911
Au      3.8062464550944011      1.7858201462969250      8.7831016732547500
Au      6.6127795633140760     -1.9968658502443830      4.5904662548593951
Au      5.4746146274847334      0.4885815944850735      5.4833530747677290
Au      4.4306112295465176      3.0118146680462301      6.3811805359451679
Au      7.2577609588964025     -0.8181220539951939      2.1271301119993424
Au      6.1091010197112432      1.6763949867182286      2.9991485517984842
Au      5.0441520876990200      4.1896507841829074      3.9161249208161468
Au      7.8328336607295963      0.3964606035674878     -0.2998486585966607
Au      6.8349814554440540      2.8986975253681591      0.5217954317820030
Au      5.6470199979333016      5.2793050319687156      1.4455571275817292
Au      7.4053508525696383     -0.7742197629910494      6.9120900786914437
Au      6.3660312633613998      1.6318918093376387      7.7680416949224682
Au      8.0720386936516118      0.3982744857043476      4.5070360293716032
Au      7.0202664626845603      2.8075821726281145      5.3611715703692315
Au      8.6469150929339289      1.5542903679470017      2.0693356544706010
Au      7.5842815670194605      3.9542654400304702      2.9189121789273305
Au      6.3598840236315288      1.2915148598123105     -4.5896155161956464
Au      5.3675270029537643      3.7778866988427118     -3.7069319061066599
Au      4.1474270978908612      6.1617240695136273     -2.8285856434451064
Au      4.3189098802014012      0.9546296711357254     -6.4353769945360852
Au      3.1622165154650039      3.4278857804536225     -5.4884220418510559
Au      2.0466239777971169      5.9448357471452056     -4.6217999991529384
Au      2.2021943648990057      0.6628459605181680     -8.2554813842674601
Au      1.0268311916708877      3.1338172836738960     -7.3147379336603571
Au     -0.0739303191305898      5.6499217248091780     -6.4289055197348324
Au      0.0466980808050215      0.4120573373077976    -10.0008259520715157
Au     -1.1006120539424300      2.8838692095294634     -9.2269575094303171
Au     -2.1758668437562179      5.2785953341612366     -8.2079606674517418
Au      5.7204028100833355      3.3099779295217537     -6.3718737828462917
Au      4.6352781434686161      5.6978488549352138     -5.5081108058202854
Au      3.6625756877115609      3.0425329645948507     -8.1918624321640170
Au      2.5739379693952058      5.4358116482703034     -7.3228814490526837
Au      1.5392288523309661      2.7330644462432261     -9.9361993428001210
Au      0.4541299175765321      5.1193124278525852     -9.0652248745331523
Au     -4.1156523038309567     -1.6830788289931178     -9.1725212581345961
Au     -5.2728296223064781      0.6758834466622901     -8.2697145030265879
Au     -6.3085286191015220      3.0493948248505456     -7.2654165412509872
