         216
Au Au   -792.02442846   nogrup     0
Au     -7.2179100541692378      5.9987378691223068      4.5383898299112371
Au     -5.9805380020866945      3.8094766329695533      3.4586139807653389
Au     -4.8108422113386160      1.4747891991979465      2.3689704773162976
Au     -3.5801147993719846     -0.8227167175290155      1.2638016448813456
Au     -2.3217134012394340     -3.1110363719651266      0.1495983720935286
Au     -1.0430905220813136     -5.3766191780980721     -0.9670399252586428
Au      0.2937485624633927     -7.5999000576475888     -2.0967107640572449
Au      1.4821729057430950     -9.8217876542543650     -3.1647625726817150
Au      1.1995276750940547      1.0138227531878314      9.9521153172116392
Au      2.5170866068475810     -1.2256676840580258      8.9673310600468668
Au      3.7718944144640738     -3.5074543083217842      7.8563091130308749
Au      4.9144746989568713     -5.7415674410022186      6.6628573582717721
Au      3.2059475093935847      6.7328146857893412      0.4268644032769853
Au      4.5334940106911024      4.5929870701947966     -0.6772789010300446
Au      5.7981136200013035      2.2933594733094189     -1.7969866855493386
Au      6.9049510937327758      0.0064217774007904     -2.8482737244026426
Au     -5.5912382036981931      5.2904806677850091     -6.5007859186503030
Au     -4.3677947622030473      3.1102655733946341     -7.7136025245252871
Au     -3.1129836793158092      0.8284808109798476     -8.8246241865360489
Au     -1.8762826619193720     -1.4649043390731640     -9.7900437922602936
Au     -7.5679591199694825      3.5336541590781065      5.6104495772415213
Au     -6.4521027829812523      1.2525872113795726      4.5910563950005301
Au     -5.2314079390293209     -1.0480968978729086      3.4858432407320059
Au     -3.9826708682745933     -3.3453581297657982      2.3725021444173997
Au     -2.7123147534466043     -5.6289027345986637      1.2554081743852876
Au     -1.4253146009841906     -7.8882968477885358      0.1402799378753308
Au     -0.1185320035073203    -10.0126378018494258     -0.9853578025753773
Au     -8.6137716564136149      4.1922848148531280      3.0766165564099808
Au     -7.5206478677702764      1.9255335036445067      2.0021470726054194
Au     -6.2977130843097573     -0.3765625783712450      0.9023611245517760
Au     -5.0484405500203460     -2.6741615814175930     -0.2096838840332236
Au     -3.7786183349598748     -4.9573696801943887     -1.3280749925001913
Au     -2.4938585698361373     -7.2153524452148163     -2.4486307708118380
Au     -1.1643431560962934     -9.3540092168317450     -3.5191917020313399
Au     -6.8496098390640645      5.9127229104961048      1.8143919153237817
Au     -5.6288141706643717      3.6377812696194201      0.6913146759967397
Au     -4.4241785685338630      1.2996988091574346     -0.4171690010176174
Au     -3.1767358852891712     -1.0010037979472992     -1.5320314686823213
Au     -1.9026052018645405     -3.2856156243259429     -2.6497990202505690
Au     -0.5779997076745634     -5.5467913808439642     -3.7807338615815596
Au      0.6967626057985253     -7.8098562684359090     -4.8672515860464607
Au     -4.6568527637880486      6.2811365029227071      3.5547454597232022
Au     -3.3902836400134833      4.0512041456944665      2.4523467383333220
Au     -2.1721388240317592      1.7028254450489317      1.3391482000741384
Au     -0.9165093135781083     -0.6108808312998644      0.2194905699001133
Au      0.3636085190697012     -2.9082650805227948     -0.9060317030472191
Au      1.6890085711197584     -5.1851551412096031     -2.0449161613451023
Au      2.8966325621370448     -7.4543778001384142     -3.1331961444608289
Au     -5.1494486693136263      4.8419992240938656      5.9336058249355936
Au     -3.9100661756741113      2.5553534747383573      4.8555589302426867
Au     -2.7030720207706036      0.2157863655037628      3.7527898391845156
Au     -1.4543204141083597     -2.0857407872592884      2.6411003067561918
Au     -0.1815002534324387     -4.3695279483505010      1.5201608777469140
Au      1.1407465343607970     -6.6292185483853894      0.3835121269704764
Au      2.3969219290772723     -8.8805786536864488     -0.7480366774103047
Au     -6.4462830919178051      5.7211152375042094     -0.9568409197017065
Au     -5.2335919121950587      3.4481957490294519     -2.0827819480134799
Au     -4.0225916504621368      1.1112739157255338     -3.2062470607442757
Au     -2.7636077136367065     -1.1781038162681812     -4.3209656086985930
Au     -1.4384832245507275     -3.4529552747684376     -5.4430134181188548
Au     -0.1592492242663829     -5.7114371218424926     -6.5234505920720594
Au     -2.0387120567113017      6.4663969577260261      2.5222905878114705
Au     -0.7846810968047510      4.2325362019674042      1.4240467000033217
Au      0.4647730809508915      1.8863258283349564      0.2984893923290333
Au      1.7336339683433124     -0.4210146767684622     -0.8249745394432750
Au      3.0427751651923325     -2.7274420860691997     -1.9648260937698554
Au      4.2593726128961666     -4.9862546189731249     -3.0541039787034920
Au     -3.0424040541075956      3.5774321775943330      7.2901990446121872
Au     -1.8066351895594965      1.2899802503376439      6.2201701650038750
Au     -0.5848375689224358     -1.0537417248781020      5.1228676867893359
Au      0.6741449168655896     -3.3431198597214289      4.0081496666374825
Au      1.9884700388568262     -5.6111712641633185      2.8599404758270133
Au      3.2446255717856838     -7.8551204194040087      1.7235911049671024
Au     -6.0334815795438121      5.5273758151603980     -3.7374640073019876
Au     -4.8318591364048018      3.2398039492278214     -4.8839376963583163
Au     -3.6218274815796736      0.9425297008944966     -6.0263052086319941
Au     -2.3178621260947718     -1.3317258467486583     -7.1098568964474547
Au     -1.0142959438360162     -3.5996698959905311     -8.1815034760847460
Au      0.5893021235121052      6.6322897246116161      1.4807268027024829
Au      1.8498030759569910      4.3917911955476736      0.3780881081374954
Au      3.1298531534535980      2.0861478723901534     -0.7495526253627389
Au      4.3921618264999518     -0.2313211090314535     -1.8729447475071188
Au      5.6111018972131674     -2.4995214727573511     -2.9656299094511152
Au     -0.9225983471395703      2.3086660061440512      8.6453597909979649
Au      0.3162994505267115     -0.0023811313459676      7.5892001004219338
Au      1.5568703581996661     -2.3188905522407248      6.5208299227703996
Au      2.8302920812677748     -4.5739126371608849      5.3632815526895303
Au      4.0965794324799134     -6.8183826260636762      4.2013212316941342
Au     -7.4975438614265792      3.6928057779089798     -5.1618541432681884
Au     -6.3821184518842919      1.3124469463483921     -6.2522744024032892
Au     -5.1119901344045253     -0.9971927542456305     -7.3768596995669640
Au     -3.7093004792511914     -3.1958529856039712     -8.5160050184835345
Au      0.9935475816748002      6.5255071797378736     -1.2874211606536257
Au      2.2691349318904370      4.2214823410628046     -2.4031724015248788
Au      3.5575943209330356      1.8785041387399826     -3.5439881088616758
Au      4.8173214563498172     -0.4277711858960549     -4.6730317132628532
Au      1.7032630830759130      2.5269124776358134      7.6815642328974185
Au      2.9621385556112276      0.2140305955604589      6.5852973742157204
Au      4.2420374813486230     -2.1133816177340385      5.4520597112759965
Au      5.5114585605982356     -4.3980427277887530      4.3097431837563374
Au     -1.2459676570172173      6.1618217421860599     -3.0351948830804734
Au      0.0015577353980516      3.8628144671864524     -4.1488546480741899
Au      1.3174090155661546      1.4700282976432546     -5.3139231307405899
Au      2.5898613623893909     -0.8133742254719252     -6.4314774878769967
Au      2.1889442795519267      3.9985971447670732      5.2870250805312136
Au      3.4372479608330813      1.6990995875912587      4.1752530733884150
Au      4.7530979623764305     -0.6936863827305091      3.0101840279820831
Au      6.0247691345039653     -2.9765982271603901      1.8907412660822107
Au     -1.3518773635137391     -0.1775843245401525      9.7280814650195744
Au     -0.2289142761976535     -2.5626913751690603      8.6559270482756112
Au      1.0412116313474884     -4.8723323481764114      7.5313429264505842
Au      2.4363588681360882     -7.0662460532681868      6.3739325536865081
Au     -3.4498124073603798      5.7721938241673652     -4.8034804359313492
Au     -2.2072830475415737      3.4696080245919019     -5.9393557007399336
Au     -0.9273813871263995      1.1421964586426081     -7.0725930555133854
Au      0.3583903899563464     -1.1527588658017835     -8.1753004984643187
Au      2.7096585655783065      5.4447416378993445      2.8704328946292481
Au      3.9788268542127945      3.1447598539856063      1.7391281264216492
Au      5.2672856403428305      0.8017823107783189      0.5983119507171466
Au      6.5334311011202404     -1.5085353487812636     -0.5151779787336839
Au     -7.8888037237925444      3.8802202443859661     -2.4153777294271670
Au     -6.7771271307119330      1.5555635501420801     -3.5140440046889632
Au     -5.5198178011680437     -0.7851699795400284     -4.6216287079540930
Au     -4.2256091525074488     -3.0841998436177134     -5.7731873724699767
Au     -2.8575715347907242     -5.2687370839396737     -6.8700870122448405
Au     -1.6340064998514841      6.3495541645380396     -0.2500466086420090
Au     -0.3832088453071801      4.0622387215640714     -1.3745908172963066
Au      0.8839136510767205      1.7074050015814564     -2.5083100316011802
Au      2.1913287179366878     -0.6193867611273749     -3.6541141356579825
Au      3.4572269502927981     -2.9085156766353322     -4.7578797309149685
Au     -0.4230291197713113      3.8038128757757308      6.3156384040595910
Au      0.8328249448672236      1.5089706116659349      5.2190708392320460
Au      2.0888275350517884     -0.8436624998868094      4.0918498791477180
Au      3.3991599288719758     -3.1577410930975374      2.9468085070141559
Au      4.6576317898294022     -5.4350371578323786      1.8171622202665798
Au     -3.4343957833080054      1.0749406457119837      8.3769196011680336
Au     -2.2989950423887286     -1.2646560631452308      7.3357334824885321
Au     -1.0548851616422521     -3.5970782396050369      6.1961735459257490
Au      0.2525192777685294     -5.9044203350288873      5.0765923742748900
Au      1.5968304340316009     -8.0740175943946113      3.9222131516387240
Au     -3.8587273248212677      5.9675333876807173     -2.0084895545102190
Au     -2.6150621063199346      3.6803673946911606     -3.1345896184363387
Au     -1.3608648422883260      1.3288719150567934     -4.2661872094095168
Au     -0.0487247130660955     -0.9863441978556624     -5.4068520396193378
Au      1.2219385037496546     -3.2713165676644520     -6.5069652699073828
Au      0.0830274970527466      5.2682066817310602      3.9100426386239295
Au      1.3429879570321672      2.9751207976329801      2.8076982424957464
Au      2.6091950926980227      0.6208635572347436      1.6717625626455597
Au      3.9175237208187350     -1.7065040127263718      0.5281746259084237
Au      5.1742584001750158     -3.9898619418119017     -0.5977910659687904
Au     -5.5319166070030521      2.3130401805683838      7.0133736540721188
Au     -4.3940199928201080     -0.0142098895786722      5.9792466491291094
Au     -3.1641482810143766     -2.3316692281640181      4.8576444690564244
Au     -1.8970523764510121     -4.6358020557523369      3.7357425594700580
Au     -0.5979385530925291     -6.9171367102288821      2.6181517609985931
Au      0.7335816627135653     -9.0803585607826314      1.4658294598047874
Au     -8.2851798916308894      4.0469830587684736      0.3426680089060419
Au     -7.1742621730449203      1.7367218058762961     -0.7568229948101308
Au     -5.9366549985033439     -0.5856101580081230     -1.8596841739356460
Au     -4.6695572650351060     -2.8897427322876101     -2.9815872809000812
Au     -3.3781778438648420     -5.1662059789481711     -4.1179206487474183
Au     -2.0196777813146047     -7.3464176964752985     -5.2048785062371428
Au     -4.2542377068675146      6.1548685679367887      0.7796677469984701
Au     -3.0045711850344894      3.8727297930898628     -0.3438513137333956
Au     -1.7659232986598590      1.5242516059642979     -1.4669160048273167
Au     -0.4934548065058727     -0.7896481049612225     -2.5935738976885796
Au      0.8230006770505178     -3.0874560975795537     -3.7328258746792269
Au      2.0855301105590018     -5.3735796630492745     -4.8336333946112315
Au     -2.5364357523958128      5.0730363048536775      4.9416196394557925
Au     -1.2770814410566897      2.7847975951207804      3.8415712654643670
Au     -0.0375150471507762      0.4357406369817971      2.7207331542057158
Au      1.2349527285093478     -1.8781590467869975      1.5940754154423864
Au      2.5504882195283831     -4.1753882064501520      0.4525972308820219
Au      3.8033295754179317     -6.4554107462186172     -0.6716809648463631
Au      3.1643506617078430     -5.9565436858262268      8.7210267753155009
Au      1.9098359564040019     -3.7456435702723558      9.8497022432196317
Au      0.6993513307103371     -1.4741032089730171     10.9035653588542338
Au      6.3255712752310815     -3.2946492711634781      6.7349572540685152
Au      5.1406037106713667     -1.0439951657880959      7.9500150562744345
Au      3.8294462642025113      1.2443920286798873      8.9450567960288403
Au      6.8830256955273725     -1.9328335280047639      4.3727344323789623
Au      5.5518512486244189      0.3768427790299862      5.4964101520758000
Au      4.3190801663811866      2.7295334630836661      6.6428830361872642
Au      7.3785367666166941     -0.5005134338144783      1.9809473763651066
Au      6.0453225790933720      1.8171450563132372      3.0956987730296213
Au      4.8111898007652885      4.1680347734305130      4.2541054572370633
Au      7.7968121000402135      0.9671376884400811     -0.3656681556166692
Au      6.6267337496612502      3.3058825373160152      0.6948327135395527
Au      5.2973646449671179      5.5122156968324347      1.8473704405626972
Au      7.5981730067580555     -0.8377749595125898      6.7795154486656450
Au      6.3728130694781129      1.3904626047167334      7.8644641731901181
Au      8.1183600947567669      0.5758421674723690      4.4554209923992403
Au      6.8900908081732828      2.8093686616855851      5.5429449153142851
Au      8.5534078925635679      1.9690844685007507      2.0981118259933229
Au      7.3295677143612918      4.1945552552086385      3.1817136556178873
Au      6.0623994788399180      2.0594272718260300     -4.5678642546037329
Au      4.9125616370760810      4.3854247230510630     -3.4583221991957274
Au      3.5629514723192197      6.6045070058837387     -2.3548272935529830
Au      3.9400656337135898      1.6649519921362610     -6.3499001660408858
Au      2.6321601833642734      3.9666710190292491     -5.1738271174631487
Au      1.3727167985551083      6.3335013764352581     -4.0767434210790263
Au      1.7377572712661444      1.3075366237775228     -8.0934055764372523
Au      0.4239945487515212      3.6062448097733792     -6.9275374618783481
Au     -0.8261935195027797      5.9699020225949351     -5.8232583736189767
Au     -0.4775104226725247      0.9897746383929373     -9.7477968258099388
Au     -1.7564727361161259      3.2996214552962773     -8.7604662963217308
Au     -2.9736413874954626      5.5288135030363206     -7.5376986580649197
Au      5.1415109718011003      4.1178130450035955     -6.1683512082301561
Au      3.9176698537033832      6.3432842667832006     -5.0847506353272971
Au      3.0127882105422032      3.7912107466530509     -7.9145369311906233
Au      1.7845164352080349      6.0247367620741503     -6.8270135460903765
Au      0.8409764982707061      3.4177513398943788     -9.5920603926369647
Au     -0.3843867855835951      5.6459878915115640     -8.5071124243045499
Au     -4.5544337793779723     -1.0954338981771992     -9.9803308661188623
Au     -5.8330913706821104      1.1306663802963031     -8.9101407631637297
Au     -7.0194386699929519      3.3870018386337732     -7.7977909641827789
