         216
Au Au   -791.86711185   nogrup     0
Au     -9.1358676296298071      2.0582459950785088      4.6451756661388863
Au     -7.1878378957424349      0.7233707846014870      3.2613543760655688
Au     -5.2599886130147038     -0.7611484580221530      1.8189429549478433
Au     -3.2863619429155140     -2.1907045871619397      0.3846718956438782
Au     -1.2900779402318605     -3.6018885004064254     -1.0532950623685124
Au      0.7166446415593311     -4.9860634819989320     -2.4861567608531061
Au      2.7680945308171596     -6.3145327319754676     -3.9101206352840023
Au      4.6727332783046522     -7.7031316000057304     -5.3014585165626666
Au     -0.0238589901879553     -1.7123078926575639      9.9135317762213937
Au      2.0051114070680969     -3.1009633226523130      8.6189783468726127
Au      3.9978356951651022     -4.5096335129008862      7.1835758975110053
Au      5.8756835865330750     -5.8827361439459738      5.6639603551111541
Au      0.8174176606057291      6.8661473886135029      2.6337033228143447
Au      2.8313228216392772      5.6072031636952602      1.2368806872198768
Au      4.8360920438245358      4.1900201194194917     -0.2071982032260316
Au      6.6962205053188768      2.7103888144409569     -1.6009255399093156
Au     -6.5126412996765541      5.0722230953899494     -5.7376088612134648
Au     -1.6484752810938241      7.4647278456357142     -6.8286648033058484
Au     -2.1529304812113486      4.9426471847005509     -7.8394332842480452
Au     -0.6022367841798237      0.8941383676000800     -9.9949928721245165
Au     -8.7714407524114009     -0.6053615153567922      4.9814454052817858
Au     -6.9166864073622421     -2.0757953874726374      3.6102929751692798
Au     -4.9521865397217333     -3.5103242607541061      2.1702710580854578
Au     -2.9617373992195484     -4.9327244803883792      0.7291667932362795
Au     -0.9553059196563582     -6.3357420492757166     -0.7087717982368691
Au      1.0590865861727505     -7.7139159513082545     -2.1348353903414612
Au      3.0504859361313930     -8.9623510374083253     -3.5341516375498365
Au     -9.7668182838328352      0.4409648067580232      2.5607023597781406
Au     -7.9318726840190408     -1.0030735608241326      1.1326785361869156
Au     -5.9645432386193988     -2.4333325144745759     -0.3079410625968428
Au     -3.9793864727211519     -3.8520080017505043     -1.7441968448542742
Au     -1.9789744957547040     -5.2507514035583567     -3.1788344769581585
Au      0.0328295613713085     -6.6333618009403876     -4.6044727351458761
Au      2.0465134732558314     -7.9099402700093355     -5.9487003758915229
Au     -8.5474583099242150      2.8807136634864934      2.0900997141480886
Au     -6.5826206196216202      1.4769593924818034      0.6394252822197544
Au     -4.6193755145272970      0.0059668616024915     -0.8167187030515706
Au     -2.6277953862427665     -1.4193889641109063     -2.2551357746823069
Au     -0.6212195794728537     -2.8203494325825291     -3.6966761116475304
Au      1.4302328777396820     -4.1873660851764596     -5.1324045672169216
Au      3.4306733286576452     -5.5866871850434174     -6.5380036333680884
Au     -6.7250180587426751      3.3251166761069282      4.2018512311039053
Au     -4.7344578760749521      1.9684478324981782      2.7889351060389629
Au     -2.7554375051319564      0.4920815469150019      1.3288657817260798
Au     -0.7518009008463276     -0.9407458973136134     -0.1204765645419599
Au      1.2676938566432616     -2.3518924258879883     -1.5690816708238238
Au      3.3255656377785958     -3.7292278428889860     -3.0168721306494284
Au      5.2658420492113436     -5.1512895961467278     -4.4354209913207416
Au     -6.9235331792204580      1.1763668165561745      6.0201947646645806
Au     -4.9442022119917954     -0.2476928420071518      4.6129341581521288
Au     -2.9787608830309225     -1.7226285710151581      3.1638089372580431
Au     -0.9856631112781598     -3.1497567094260068      1.7227289680467095
Au      1.0240382063095583     -4.5522313817537237      0.2805046767294304
Au      3.0732204075640088     -5.9152577949530594     -1.1621913820398913
Au      5.0567631458075022     -7.2925778579498752     -2.6094742289105906
Au     -7.8924544045265588      3.6311540329334115     -0.5274263906076087
Au     -5.9332122718852709      2.2309678672713407     -1.9822078254976638
Au     -3.9569192173845167      0.7622894633803483     -3.4529901197583364
Au     -1.9668798888437218     -0.6444782500567552     -4.8864573886166891
Au      0.0932804398064038     -2.0291855916807906     -6.3232166060757518
Au      2.0942059915049747     -3.4284592191869754     -7.7210265993413660
Au     -4.2248029645260479      4.5331897698058441      3.6942363049766591
Au     -2.2452565677356686      3.1703235477696436      2.2773768982210569
Au     -0.2390924058900570      1.7097297911218892      0.8102556806051755
Au      1.7735656737253145      0.2869701417908885     -0.6395048850397025
Au      3.8251738041801704     -1.1208979602097067     -2.0952829294253110
Au      5.7727066761297561     -2.5341058748678487     -3.5071819906442734
Au     -4.6375010894377358      0.2170975601811698      7.3363524592423417
Au     -2.6627238673979505     -1.2114744975486671      5.9355775461912827
Au     -0.6823623763459956     -2.6884337612866220      4.4921157426930982
Au      1.3167263031836161     -4.1016027128328085      3.0521281136769289
Au      3.3631452262812433     -5.4712011310978221      1.5950110451949620
Au      5.3452604361000562     -6.8397830181695385      0.1455495165135474
Au     -7.2380332660180962      4.3983189645402554     -3.1466313554671981
Au     -5.2457911681846934      2.9772967205514655     -4.6072100904908044
Au     -3.3128459986259502      1.5583495486463450     -6.1284475914227272
Au     -1.2511081172732839      0.1534400928039457     -7.4846623353056660
Au      0.7682461044920657     -1.2613498074010119     -8.9137187718356508
Au     -1.7096318459714475      5.7283320247851268      3.1794476199695971
Au      0.2773797255007233      4.3655073560585294      1.7480173015344889
Au      2.2965026176045225      2.9492628589345760      0.2938302409945042
Au      4.3076970789627573      1.5164528081995829     -1.1551068746262256
Au      6.2655310072221244      0.0906451162172237     -2.5652331754637512
Au     -2.3377795300597439     -0.7427394120657826      8.6514701510962233
Au     -0.3543730300979311     -2.1969111508883197      7.2579275304397086
Au      1.6326548390850482     -3.6531676013653991      5.8516921849025252
Au      3.6379435353159790     -5.0191073471005039      4.3821738669736980
Au      5.6327463462137475     -6.3771603495839484      2.9101240243050484
Au     -7.8653836354986311      2.7266874044893337     -5.1944636109912530
Au     -6.0112896405341516      1.2757165912932180     -6.7043665865132311
Au     -3.9466616046095657     -0.1837757279655508     -8.1915608206446180
Au     -1.8698581808245764     -1.5115704656573925     -9.5131649260741256
Au     -1.0803147805094158      6.5596110270530916      0.5872393749540610
Au      0.9462126585222705      5.1472714911136421     -0.8931361170950325
Au      2.9764303814471917      3.7121006244835395     -2.3555450052975893
Au      5.0035125919965076      2.2589239378641679     -3.7950708772032034
Au      0.1522931276284973      0.4765555972127329      8.2176157594393082
Au      2.1578038361767864     -0.9624574976649738      6.7880816747818109
Au      4.1903543940056203     -2.3992813854084103      5.3239911568253326
Au      6.2000243386743090     -3.7986272024753776      3.8613020278710763
Au     -2.9478926613419967      6.1124387247970633     -1.5467493388189357
Au     -0.9370559204019910      4.7083641715082303     -3.0249687466011821
Au      1.1302163872113726      3.2470009669385962     -4.5140677608541999
Au      3.1501172721424342      1.8017301786107600     -5.9392720211492112
Au      0.3350632769035968      2.6579742518204772      6.3893544290211786
Au      2.3268911104231851      1.2340650777179034      4.9457495220657712
Au      4.4154958372065387     -0.2423834970204055      3.4412819796342369
Au      6.4247557541031952     -1.6468698391936138      2.0028157031161662
Au     -2.0432293132190411     -3.4524678232509460      8.9786085873039987
Au     -0.1453275885539553     -5.0025602550104962      7.5328111211438724
Au      1.8709737310406795     -6.4278981555335024      6.0804238320854012
Au      3.9710402034892245     -7.7039977888652187      4.6463959511349202
Au     -4.7931727269802948      5.6547641055410738     -3.6788261354116134
Au     -2.7816668478705280      4.2302809445878147     -5.1781268643192053
Au     -0.7583011122730268      2.7999565442345182     -6.6355982458970288
Au      1.2909347032034471      1.3538862365893705     -8.0613323946657740
Au      0.5621286365682643      4.8311528194744238      4.5409150986300908
Au      2.5737846193568030      3.4208939969660563      3.0792351279185617
Au      4.6173052036855342      1.9763158787073509      1.6072424608412170
Au      6.6297230443464068      0.5419327126841242      0.1702946401231529
Au     -8.5538723172030888      1.9723402926646605     -2.6375575158921976
Au     -6.6753750674749774      0.4950545230509560     -4.1134961350059367
Au     -4.6747634722136659     -0.9217979041059632     -5.5852039821439750
Au     -2.6504652400711297     -2.3501699982627171     -7.0127238490904871
Au     -0.5796957495687707     -3.6646357164438408     -8.3815252889161087
Au     -3.5876361989739127      5.3536396077410471      1.0904495821002271
Au     -1.5868153066215553      3.9556651897890815     -0.3739164435474382
Au      0.4304878663492904      2.4922539354115925     -1.8482029080800952
Au      2.4890808500018125      1.0743934337088623     -3.3098699428999812
Au      4.4949137845915805     -0.3599551530919261     -4.7315803699174950
Au     -2.1550097788684699      1.4455650708983905      6.8943543246484147
Au     -0.1573911748532426      0.0236717959763384      5.4681993492425001
Au      1.8601620429814814     -1.4436814795013957      3.9991980347369278
Au      3.9177387113103919     -2.8570643072659001      2.5327945427433818
Au      5.9130793709005918     -4.2578213602002686      1.0827339207782778
Au     -4.3025063175222922     -2.4979469142591979      7.6689033841906671
Au     -2.4094466275686957     -4.0114355366692278      6.2660826956224334
Au     -0.4094847179169250     -5.4595614897494196      4.7894057476986944
Au      1.6402633796105275     -6.8742032261070838      3.3489855686329477
Au      3.6840647472934132     -8.1437084197324019      1.9159970978365521
Au     -5.4366873090006713      4.8931625938988272     -1.0388679429397403
Au     -3.4308654106199894      3.4977995229028269     -2.4964197612712606
Au     -1.4294653125080234      2.0313672238043177     -3.9780165920651314
Au      0.6366087030467242      0.6224843957238813     -5.4263052569535404
Au      2.6357045207219914     -0.8132458272229748     -6.8535781028928628
Au     -1.9497369575079651      3.6285391409247030      5.0576850828654365
Au      0.0515281434590906      2.2137908004697291      3.6242063243958178
Au      2.0786211490270565      0.7513386920114193      2.1483401058180185
Au      4.1375773036238854     -0.6746630871423793      0.6809366501852629
Au      6.1331090396990788     -2.0852741479382511     -0.7645627338294574
Au     -6.5702766790967342     -1.5578674726248734      6.3409859639533934
Au     -4.6794156311886219     -3.0610369075706698      4.9483801588361800
Au     -2.6993178613603384     -4.5040484258473077      3.4902431238353984
Au     -0.6885218744695836     -5.9254929221169474      2.0418213724672931
Au      1.3445958595873995     -7.3194487968604731      0.6091487500958763
Au      3.3739009657186414     -8.5874700745688379     -0.8220277969616951
Au     -9.1958731584348250      1.2024983844875283     -0.0281857692400784
Au     -7.3267941226971587     -0.2646121538468966     -1.4920553895345900
Au     -5.3392727398562325     -1.7037613914235576     -2.9440206655813554
Au     -3.3435753210356740     -3.1145288957836721     -4.3815648321408105
Au     -1.3176313107153090     -4.5125158319471543     -5.8205854566047055
Au      0.7374824095531274     -5.8194354364291394     -7.1833964927237810
Au     -6.0867288063136034      4.1360950353155985      1.5940939570996555
Au     -4.0902601979563755      2.7350085946076867      0.1424608811599857
Au     -2.0932343433095859      1.2686854171005573     -1.3242138613324972
Au     -0.0757585764139370     -0.1574786234023691     -2.7774441859043169
Au      1.9796286012327331     -1.5558263117529512     -4.2298073344393075
Au      3.9785940405038103     -2.9791317993491111     -5.6561694082009204
Au     -4.4471055540512143      2.4128464354264274      5.5628159954551109
Au     -2.4468032157738664      1.0001945249918922      4.1356950542786315
Au     -0.4462121414714062     -0.4688629829798217      2.6714957231325158
Au      1.5741253946765639     -1.8970522116491439      1.2162029361107543
Au      3.6296261189176389     -3.2952707728229393     -0.2412882090939252
Au      5.6191606180186504     -4.7030584846797145     -1.6881320339973716
Au      4.1280426072653826     -7.1720276950777935      7.2850999765509954
Au      2.1572122635337871     -5.8331749456938189      8.7193256950285907
Au      0.2140275955157258     -4.4051827989131231     10.1044524399827225
Au      6.4331791047145117     -3.2706143928646183      6.5864747874642688
Au      4.5080892694258852     -1.9009822672649248      8.1240132197084591
Au      2.4691925573425322     -0.4684442601494734      9.4418216960084642
Au      6.7145191789260812     -1.1777493092729987      4.7734799860443715
Au      4.6403836180576201      0.2317764490025835      6.2146358790482807
Au      2.6437045041075899      1.6999377660698078      7.7057776168751566
Au      6.9176318916221433      0.9715153506201712      2.9417018329866629
Au      4.8406375622839084      2.3901115624916809      4.3745075232445743
Au      2.8435905880690275      3.8514823910648310      5.8763233882187933
Au      7.0346446756332019      3.1182700018044596      1.1501855263499579
Au      5.1097734513527495      4.6171434057004648      2.5625872117184443
Au      3.0696610235038930      5.9211423649303914      4.0062492922560224
Au      6.8585812138396047     -0.6805744410687673      7.4631865867265148
Au      4.9128738447935154      0.6948603797129413      8.8647229408786821
Au      7.0865540237047302      1.4380187506750426      5.6946037820387581
Au      5.1366096174858864      2.8164483016628337      7.0991919700345179
Au      7.2439135041586216      3.5243412031181109      3.8762790950074475
Au      5.3015909889332251      4.8973819192023731      5.2753758888017472
Au      5.3910781166931487      4.8459273112270846     -2.8521688700999039
Au      3.4661502118809802      6.3398543383525388     -1.4098236611866177
Au      1.4081294283896701      7.6614924172819547      0.0168351448366799
Au      3.6540399113810254      4.3958196998822405     -5.0000840688702315
Au      1.5937887391355972      5.8804496780017299     -3.5583153768807438
Au     -0.4560652999707635      7.3012688207222043     -2.0394882163884827
Au      1.7725773289798892      3.9391703935838245     -7.1592748411127483
Au     -0.2611909036607463      5.4254089559268097     -5.6869599087834128
Au     -2.3342171027773739      6.8422769858679926     -4.2010662277893864
Au     -0.1250961724225355      3.4878965602960430     -9.1789396054725767
Au      0.3395523790039978      6.0593849556903683     -8.2606823230213369
Au     -4.1091728811829498      6.3042534188883304     -6.3091281769781240
Au      4.0436315252191806      6.9733677269733025     -4.0256028699761881
Au      2.0483117940488782      8.3838663718309743     -2.5883307779010476
Au      2.5880405679380400      8.9326296226477702     -5.1733483479416797
Au      0.1257539496507483      8.0205938452490848     -4.6568405969897793
Au      2.2952226707553507      6.4869899800497137     -6.2195547306095893
Au      0.8176967830087793      8.4919645961022923     -7.1986049968928834
Au     -2.6129387851126298      2.3121523189829523     -8.7568155671791601
Au     -5.2199046372691686      1.9301826992855551     -9.1408678416697597
Au     -4.6542897769355598      3.7551900904824334     -7.2863892415000100
