         216
Au Au   -792.02442846   nogrup     0
Au      1.7437602123484632      0.8185617983732207     10.2454537912253052
Au      1.4317466119112483     -0.2692196472340260      7.7536172135764749
Au      1.1338091328860891     -1.5139179073402900      5.2300821394853587
Au      0.8221175542573803     -2.6937964396368921      2.6756047217415757
Au      0.5041030570674337     -3.8505461315040694      0.1022367552652375
Au      0.1816490087018895     -4.9773162262032908     -2.4747837441428469
Au     -0.1538476466689889     -6.0366770517741166     -5.0769884547603112
Au     -0.4548630945407082     -7.1787383095540607     -7.5457854002520186
Au      9.4845402446530365      2.4597072202105164      2.3462073967445933
Au      9.2884927707025717      1.3894579280661561     -0.2105898605342302
Au      8.9713855525378321      0.2360105693314847     -2.7766104707594819
Au      8.5457224920915191     -0.9551549728444948     -5.2506787437853282
Au     -0.6686350463419910      7.3059243000172716      1.4026685523531786
Au     -1.0010336091683245      6.3094250721777403     -1.1383704062946176
Au     -1.3206190661324944      5.1469597742181925     -3.7244552688615302
Au     -1.6034199150565418      3.9057221943892309     -6.1616112228824766
Au     -8.3936462397374463      0.2047175400838108      5.5692112313876718
Au     -8.8374794135359060     -0.8967847874460919      3.0570840307180616
Au     -9.1545858293607463     -2.0502313184348893      0.4910625335620820
Au     -9.3324620603558586     -3.2101424153524558     -2.0276761254869866
Au      3.2990849902246038     -1.2440070337588172      9.4237130454273093
Au      3.0468993714476329     -2.4721611041866298      6.9915116631298657
Au      2.7342847356786364     -3.6606155983382349      4.4430646055574465
Au      2.4176449026934517     -4.8301970052493015      1.8724426390765867
Au      2.0976760428242707     -5.9762216038946026     -0.7083574830276529
Au      1.7765627952545224     -7.0928939502756263     -3.2880221031268344
Au      1.4165166314825814     -8.0916802195559452     -5.8099971811590310
Au      0.5457499257557188     -1.5912894331796534      9.9200715407141722
Au      0.2337152223789355     -2.8269920546294189      7.4986598089737138
Au     -0.0730011647859155     -4.0147017224294661      4.9491495927729323
Au     -0.3882319790266774     -5.1841051751626113      2.3782737590456886
Au     -0.7096090247716136     -6.3303068512465472     -0.2022725389548423
Au     -1.0366195206659143     -7.4477228200682939     -2.7808737291308412
Au     -1.3368174112531062     -8.4389603038591918     -5.3136377878487400
Au     -0.7842045428601696      0.7173860140874296      9.1673245283092371
Au     -1.1200249401401368     -0.4522987289231581      6.6284149201660130
Au     -1.4295014282866472     -1.6803627786648876      4.0705660348763848
Au     -1.7469908728119989     -2.8535923114884980      1.4986033836540980
Au     -2.0667356583476248     -3.9982464640395348     -1.0859256131943740
Au     -2.3964311900775677     -5.0951136844783358     -3.7002499868894807
Au     -2.6912701772720791     -6.2193977958007833     -6.2646323797920909
Au      1.1522044004467893      2.4957348672333923      8.1374989291296416
Au      0.8329517615373633      1.3912525675346752      5.5938251412689892
Au      0.5236088472113326      0.1627476894925237      3.0183539914604625
Au      0.2059515719685049     -1.0162860268451277      0.4313775175148935
Au     -0.1172079112424548     -2.1681662569779085     -2.1671246961706663
Au     -0.4506518339598848     -3.2777413920487826     -4.7930777286500668
Au     -0.7566589416623188     -4.4475889336913834     -7.3090061724062387
Au      3.6918494345316275      1.2819563230204829      8.3604015086836050
Au      3.4049612805745215      0.1184435623408373      5.8126702608179963
Au      3.1016939604839533     -1.1088378080251970      3.2537022148069523
Au      2.7876513542805190     -2.2816328201861902      0.6811178134830103
Au      2.4644590914493891     -3.4267225502204068     -1.9027897120950423
Au      2.1285541401838817     -4.5243736615811327     -4.5159948266831718
Au      1.7847833988821376     -5.6548300175352617     -7.0715559433657402
Au     -3.3265978315671760      0.5493214695693547      7.9895713751589801
Au     -3.6669633675626567     -0.6239224211555940      5.4573445778809822
Au     -3.9900240605503594     -1.8486319646893812      2.8910997176915734
Au     -4.3081855849970250     -3.0059164118800759      0.3165411298595204
Au     -4.6260360396142728     -4.1124651187603636     -2.3034618632234549
Au     -4.9154120536298560     -5.2298511896086204     -4.8670986054090779
Au      0.5462980268978195      4.1258748720123295      5.9170326255895338
Au      0.2299120312644726      3.0111036970759617      3.3820663928570864
Au     -0.0866773285485269      1.8020543693041406      0.7800115865436714
Au     -0.4073352663141919      0.6356896805554156     -1.8147465914713643
Au     -0.7373362418677718     -0.5071762943556737     -4.4448940094475269
Au     -1.0453093610057471     -1.6634582771939155     -6.9622404510318301
Au      5.6348684285404884      1.6796403736247689      6.3740372391350766
Au      5.3552594178595818      0.5140593432559843      3.8308574437502907
Au      5.0606262482054660     -0.7070642807187897      1.2594876121897345
Au      4.7424644426210047     -1.8643495298533754     -1.3150709595222700
Au      4.3961854318484361     -2.9744855998016613     -3.9299483143227354
Au      4.0460530488210944     -4.0995351665447144     -6.4826322477150402
Au     -5.8759327888108537      0.3844090523528292      6.8006644400462095
Au     -6.2342825831853883     -0.8090439431065308      4.2632374202015457
Au     -6.5850231860390931     -2.0047199538928995      1.7149069232470220
Au     -6.8696014303496620     -3.1199605667123800     -0.8777559536303920
Au     -7.1443444924601343     -4.2293278533454064     -3.4633122179668083
Au     -0.0621205442205112      5.7457852297611387      3.6754803442028665
Au     -0.3800837143172394      4.6292517159487305      1.1305322652781751
Au     -0.7033206691745357      3.4705932822144296     -1.4731427201801326
Au     -1.0225704232243387      2.2922610182158762     -4.0684667314245866
Au     -1.3311934465100124      1.1296407620205522     -6.5938526480845852
Au      7.5795930993591192      2.0815664802987914      4.3749598176346103
Au      7.3193808271532275      0.9004913164301557      1.8198408924703955
Au      7.0490465637352733     -0.2850434534664514     -0.7429845601874820
Au      6.6840608524901839     -1.4104269637117566     -3.3211517271726247
Au      6.3111797831887042     -2.5321740362392058     -5.8890155328511939
Au     -7.0425865520034616     -2.0853609825700339      6.5228801077777367
Au     -7.3392612253654548     -3.3990526182263370      4.0157911885059425
Au     -7.6602380096251732     -4.5665803539465299      1.4184452805136232
Au     -7.9999226488544366     -5.5675907988645790     -1.2238817832034066
Au     -2.6215691946075941      5.6457253138424992      2.5455809496065749
Au     -2.9345330433275416      4.4867688954638281     -0.0504603052423409
Au     -3.2601431321892376      3.3023897629689469     -2.6852957236704964
Au     -3.5878853017151271      2.1308320742296951     -5.2738463963542248
Au      7.0328516155608938      3.7489196072122715      2.1857396910348470
Au      6.7379256215392109      2.5746898371215634     -0.3969325487331075
Au      6.4144778273154843      1.3981783828006777     -3.0142634499726131
Au      6.0704690425187744      0.2483417810990298     -5.6018348312201303
Au     -4.5738281013210917      3.8422051572511995      3.6125370420017306
Au     -4.8905566010997346      2.6704799659209231      1.0417915837161411
Au     -5.2230892728080676      1.4609225744766150     -1.6490573206013468
Au     -5.5431910267200237      0.3162326415932408     -4.2315382778214978
Au      4.4693302873805125      4.9828267902897831      1.9822763552590130
Au      4.1546532714037241      3.8113606485269020     -0.5888394160497761
Au      3.8221204737046661      2.6018028060693670     -3.2796886026981813
Au      3.4999661568063480      1.4568533070363838     -5.8617991585727394
Au      9.1372399633093853     -0.0445859775439499      3.6060493433832379
Au      8.8604128972175182     -1.3557745172861233      1.0953826755752667
Au      8.5394343013977920     -2.5233028121618606     -1.5019623686127446
Au      8.1799006405715442     -3.5268184367531621     -4.1407096589808177
Au     -6.5337498628920452      2.0377525167819566      4.6314677702248188
Au     -6.8717154408210224      0.8580942622339173      2.0565545917800048
Au     -7.1951629654147560     -0.3184162533533352     -0.5607766195488404
Au     -7.4961312254523031     -1.4628229003577624     -3.1561074196680652
Au      1.8964720031272839      6.2155897796755148      1.7310886537513852
Au      1.5666070944286861      5.0545021848820433     -0.8619061665085006
Au      1.2409967918651854      3.8701232354575019     -3.4967418612930903
Au      0.9301554594167877      2.7006971774905288     -6.0883389331771323
Au     -4.5209342314619843     -1.9156554007674138      7.6821088064536740
Au     -4.8393541094544181     -3.1882773393259045      5.2070417316212430
Au     -5.1387524824133957     -4.3865657610097131      2.6068373791443316
Au     -5.4841546700241235     -5.5336854560692279     -0.0106832959475387
Au     -5.7923904153137196     -6.5404675687708638     -2.6065062620094421
Au     -2.0146956802188498      4.0177341241733844      4.7799711334362760
Au     -2.3440911176448278      2.8562215863233593      2.2102836575334237
Au     -2.6635670503592670      1.6502424642929858     -0.4126363480314756
Au     -2.9947100745212252      0.4896527081889146     -3.0545172135480745
Au     -3.3013156761121527     -0.6622342652778428     -5.6313478584717149
Au      5.0748286492176646      3.3485098028036031      4.1915229449725642
Au      4.7748361708101461      2.1867123475039199      1.6212770218400969
Au      4.4592472027887391      0.9763730106954158     -0.9899558494103902
Au      4.1262887254641134     -0.1723192183501689     -3.6267528806531510
Au      3.7908781553897497     -1.3217456794690923     -6.1981824301937607
Au      7.2062827660237785     -0.4364900592879490      5.5679764470456528
Au      6.9503227632093036     -1.7012345597484979      3.0816489700478380
Au      6.6161766371214688     -2.9039055890858387      0.4877089774250454
Au      6.3055198510811685     -4.0466445242229758     -2.1360741543198674
Au      5.9348235288779119     -5.0613062185793289     -4.7206368007981432
Au     -3.9704032434481107      2.2076260787959714      5.8221576772645927
Au     -4.3024868449004039      1.0417807570692708      3.2576970602095132
Au     -4.6228310234856389     -0.1691582154222933      0.6473215975114934
Au     -4.9510336940946047     -1.3172494386998446     -1.9903331324325055
Au     -5.2543527019600980     -2.4626270295961827     -4.5675484994224558
Au      2.5057738855339422      4.5879053989634544      3.9650406080590708
Au      2.2005015837209849      3.4294356434943998      1.3910041330014469
Au      1.8786175662994173      2.2231528264255958     -1.2314820069978687
Au      1.5498821878727447      1.0628662319789826     -3.8737965444501139
Au      1.2191532939913308     -0.0920638243834315     -6.4462777554913586
Au      5.2644493074842478     -0.8500330269226521      7.5301208943583946
Au      5.0127226032003485     -2.1028326366943961      5.0507161220986090
Au      4.6898959907740387     -3.3005677476521207      2.4812012937654160
Au      4.3696834432287197     -4.4653111675433648     -0.1099488966234752
Au      4.0534009183225796     -5.5922751881323292     -2.7120852185852735
Au      3.6810743343107366     -6.6094167079142467     -5.2825170713490284
Au     -1.9841294554074294     -1.7643050096488719      8.8368632014877626
Au     -2.3068842018252327     -3.0260627778484546      6.3702629971964653
Au     -2.6093444570752089     -4.2212289017223723      3.7970769717756836
Au     -2.9295561542950597     -5.3859713160053433      1.2059264195737880
Au     -3.2662030239253723     -6.5155028504884216     -1.3925389208882706
Au     -3.5675023085244675     -7.5236849980421043     -3.9757750833412677
Au     -1.4095133961319850      2.3786121187914309      6.9960185618117192
Au     -1.7393412547558111      1.2206126247044451      4.4304063424695270
Au     -2.0547660899386595      0.0034786424708506      1.8361891508108039
Au     -2.3763357909177163     -1.1662017017837958     -0.7659457524279674
Au     -2.7066183708512468     -2.2977720093777734     -3.3967881419228498
Au     -3.0116546349911575     -3.4490356690080954     -5.9684921032877760
Au      3.1129802637754946      2.9490393173596390      6.1807235580013264
Au      2.8086572943072432      1.7942567911292053      3.6105129687650530
Au      2.4956511564131763      0.5774276450856953      1.0158596580782939
Au      2.1740817211121173     -0.5922529766308118     -1.5862752879345758
Au      1.8413794741268181     -1.7241294782778354     -4.2166813051910879
Au      1.5108386932139526     -2.8786104019338232     -6.7837875871655307
Au     10.2823862352423010     -1.9887523076694948     -3.4448865825919732
Au     10.6332922296917491     -0.8895995375568322     -0.9141708215512709
Au     10.9053257656240667      0.2771303318231040      1.5959157855391659
Au      8.2632981006344490      1.8407170744142807     -4.9554886774250226
Au      8.6988097114178569      3.0214211538592566     -2.4331436986832959
Au      8.8941030115336464      4.1352106713828203      0.1489657824852690
Au      5.7685319704350491      3.0339824650445291     -5.2679847259120880
Au      6.0786789968644488      4.1646052962936171     -2.6232200365823362
Au      6.4164753836096535      5.3908174892310008     -0.0248403440162166
Au      3.2186037482073804      4.2429128718947622     -5.5005211085836727
Au      3.5179757574588750      5.3777882628313423     -2.8521048420906965
Au      3.8674053927849132      6.6028717960218257     -0.2504234208284899
Au      0.6909452299133839      5.4374356406127458     -5.6405886395521163
Au      0.9599491112544859      6.6823852802796386     -3.1224125464529999
Au      1.3225868911047818      7.7349795966119119     -0.5293418269760464
Au      7.9295580176007814      4.5582979709740261     -4.5541116566658122
Au      8.2392225838757600      5.6846763677537728     -2.0483096593145116
Au      5.4529176889651350      5.7736588686543238     -4.7979840347712335
Au      5.7633169243567535      6.9027104945070779     -2.2862333390196659
Au      2.9354359363753955      6.9183866766432711     -4.9959246648636775
Au      3.2447152775370816      8.0433653899938538     -2.4932325148059640
Au     -3.8752798528755972      4.8614920950919611     -4.8174096152144683
Au     -3.5529854431814472      6.1131643540086289     -2.3088406939676895
Au     -3.2436376863884910      7.1590372673397855      0.2938363669884687
Au     -5.8339307057251331      3.1011081387885238     -3.8685698818254428
Au     -5.4679238379193107      4.2443886741923622     -1.2321661774477226
Au     -5.1851291824397876      5.4610677553137172      1.3815273579969993
Au     -7.7775281015022051      1.3254078119075783     -2.8259597068958682
Au     -7.4215328622740513      2.4618127993630980     -0.1894600951190055
Au     -7.1295851583692382      3.6822417902201519      2.4171846799162715
Au     -9.6473274265712785     -0.4183625753586362     -1.7266376600104283
Au     -9.4592703196623198      0.7311286472759939      0.8403177920427209
Au     -9.0165233698969072      1.8761295109143847      3.3778174894272004
Au     -6.0471357457902428      5.7854061798800194     -3.3765867175596984
Au     -5.7378559776267739      6.9103857295997306     -0.8738948317158144
Au     -7.9886279558297399      4.0782659938995742     -2.3748006800157739
Au     -7.6782285026116757      5.2073174438679795      0.1369497774405799
Au     -9.8602587673553650      2.3144555744963844     -1.3470390493985809
Au     -9.5505942106809147      3.4408328756602504      1.1587629343381618
Au    -10.0390340648476979     -4.5519078699058291      0.2185727443376200
Au     -9.7516828381037257     -3.4607714596101706      2.7607463588031420
Au     -9.4160975782228018     -2.2860267929790323      5.2593765497067784
