         216
Au Au   -792.02442846   nogrup     0
Au     -1.3955586616498508      4.9463160204997028      9.0700848779790171
Au     -0.7559823759465343      2.9971889939530043      7.2585338035897751
Au     -0.0599455089579073      0.9031437568809915      5.4874392587357841
Au      0.6175768366848418     -1.1493437578307890      3.6590865778917125
Au      1.2893505713922384     -3.1902656292091613      1.8030744887887780
Au      1.9513975912785457     -5.2075360396862287     -0.0696052442543227
Au      2.5934289392617185     -7.1786826242135549     -1.9953905696018817
Au      3.2488215115030767     -9.1638020225861379     -3.7616379030418230
Au      7.6770391897033239      5.9769165805067406      2.6174158929804330
Au      8.4392564051099921      4.0562038093441650      0.7597385819825311
Au      9.1091121177027823      2.0211083438829633     -1.0909738590293285
Au      9.6601961478262854     -0.0481275452860159     -2.8617494622093194
Au     -2.6207766373197052      6.7168568722454838     -1.9510057463158210
Au     -2.0066575258441213      4.8239134544934190     -3.8483727314608331
Au     -1.3315637673888610      2.7729051448013298     -5.7135567375431107
Au     -0.6461322901000792      0.7176728715437615     -7.4066548447580782
Au     -9.4415310942011086     -0.4494914012791489      3.4880877780531554
Au     -8.9165725284723418     -2.4592717293962032      1.6424770540827716
Au     -8.2467163865221931     -4.4943666680065473     -0.2082358128340296
Au     -7.4583728911050144     -6.4745349789884026     -1.9910773378318636
Au      0.7405435468628307      3.3253030488736299      9.4674101065709202
Au      1.4503549321975080      1.2929458890566434      7.7782523683660303
Au      2.1272246502629177     -0.7652041973915000      5.9587467491780641
Au      2.8023418037409025     -2.8159890738220366      4.1108360382591629
Au      3.4719954928581793     -4.8507645270358104      2.2433433436118220
Au      4.1338118797704979     -6.8596874322274575      0.3642590323386941
Au      4.7172822568030792     -8.7564563081825959     -1.5197234784541944
Au     -1.8958074133615495      2.3356008330463967      9.6014982905224819
Au     -1.2433029374712339      0.2817308072811369      7.9152547095189290
Au     -0.5607866325044766     -1.7742987002053467      6.0954617711090959
Au      0.1156802175541718     -3.8245775793471850      4.2474830682775435
Au      0.7839853128544272     -5.8598590322045077      2.3800587775502846
Au      1.4401556020614179     -7.8709025139335411      0.5012606389343004
Au      2.0809324399953844     -9.7461583434354875     -1.3856373893089078
Au     -3.4378331475730852      3.6779924248241773      7.7345409223413233
Au     -2.7894400187558595      1.6324976125193658      5.9117585182971846
Au     -2.0983176358734759     -0.4628655528054584      4.1011489157450081
Au     -1.4228208058623086     -2.5176056777774720      2.2534470170717098
Au     -0.7522233141151320     -4.5524468852054252      0.3820901620012194
Au     -0.0931569494613140     -6.5591008717291155     -1.5376699276031154
Au      0.5906586022575275     -8.5609944747686786     -3.3955776016649177
Au     -1.7317736229739276      5.4781148481144006      6.3848525360513522
Au     -1.0808947139077691      3.4934179577975737      4.5329850670000846
Au     -0.3846546180774286      1.3913785843347730      2.7068836558104268
Au      0.2961317966426975     -0.6739089067646111      0.8482324974342665
Au      0.9690063146499990     -2.7211908608494966     -1.0330821209308914
Au      1.6305908093167485     -4.7443676241066832     -2.9584467252587574
Au      2.3005156744640995     -6.7724087944645630     -4.7557584800110853
Au      0.8480397306717695      5.2869349786700344      7.5165557212374052
Au      1.5432865506173161      3.2590288224941313      5.6913905748758724
Au      2.2403544333692724      1.1658961992545094      3.8804793744159403
Au      2.9191517896395016     -0.8876048986186584      2.0326093681026451
Au      3.5864483163355270     -2.9236844884468391      0.1614197617899009
Au      4.2395690215435913     -4.9325700259374674     -1.7580378434600723
Au      4.8765316419306526     -6.9520527415403324     -3.6135617293066518
Au     -5.4512217793520286      2.3105610456858972      6.3361441212926897
Au     -4.8081533414117157      0.2629142139602754      4.5200700279977140
Au     -4.1281391183747527     -1.8367724102657383      2.6983166718083380
Au     -3.4560543368675787     -3.8786388604763662      0.8414468231676686
Au     -2.7822057210131343     -5.8921322234363593     -1.0773191136810691
Au     -2.0950056568607365     -7.8859826415319096     -2.9365771315881757
Au     -2.0398137343955223      5.9236564157903029      3.6169010538757247
Au     -1.3864116674364175      3.9339418058873115      1.7776168957451484
Au     -0.6938398990114170      1.8371856879801416     -0.0815957334615183
Au     -0.0164818854236621     -0.2207003964055194     -1.9530349024963520
Au      0.6568045792661634     -2.2735703154069782     -3.8674862353208654
Au      1.3223016168971122     -4.2908124290665608     -5.6721232991606136
Au      3.1294849389652049      5.5318086273293048      5.8997183558047377
Au      3.8307287314105323      3.5060004017230009      4.0806856925642299
Au      4.5379630013205059      1.4165315031869596      2.2575479450202733
Au      5.2100479299338716     -0.6253350186019426      0.4006779094091693
Au      5.8566760172088568     -2.6490467179833503     -1.5167040145874964
Au      6.4857007976237160     -4.6647361502077489     -3.3730028902834528
Au     -7.4686960907327009      0.9397188150707069      4.9253303633329084
Au     -6.8365588431871291     -1.1331964537754284      3.1101987933248276
Au     -6.1937880468797477     -3.2095981152867106      1.2875509834657892
Au     -5.4945095722778916     -5.2104857483748406     -0.5976814190327353
Au     -4.7892983110906702     -7.2005760275108459     -2.4774412752343471
Au     -2.3420960034120921      6.3518450032105305      0.8340746490990032
Au     -1.6870087246615895      4.3565008376335532     -1.0136181023508390
Au     -1.0112795021310315      2.3013773443303118     -2.8966872522443734
Au     -0.3298177089298573      0.2332074227685741     -4.7633354674437216
Au      0.3386977133386224     -1.7926985020744002     -6.5725613891055312
Au      5.4151246251489491      5.7763796866451056      4.2700429009516183
Au      6.1412300968992577      3.7387392521146943      2.4501324695961832
Au      6.8609915026315029      1.6912394882261235      0.6235692793263743
Au      7.4832793776322735     -0.3385509039259291     -1.2577481074685881
Au      8.0945216947283498     -2.3639170370394709     -3.1327291968753115
Au     -7.9396749189444975     -1.6967474883612181      5.5296760278913757
Au     -7.2318628563562992     -3.8451395472331882      3.8026244644899654
Au     -6.5538282112987165     -5.9050777994144461      1.9293204249034597
Au     -5.9173912945789162     -7.8406547370175170     -0.0575829077291754
Au     -4.3996759105084973      5.0560419447625904     -0.5532685520572391
Au     -3.7163948196879084      3.0066180932881812     -2.4277132515142150
Au     -3.0285746635876039      0.9169464537713957     -4.3280573187613252
Au     -2.3584261597634417     -1.1454967661019142     -6.1929387940482625
Au      5.1455530668949319      6.2843970803138873      1.5239677423976845
Au      5.8453466710608097      4.2320001151444711     -0.3291234345400653
Au      6.5285974270482345      2.1562109700111978     -2.2168428499419948
Au      7.1784888003565666      0.1081190709756443     -4.0927291425375056
Au     -6.1253412225573793      3.2421628628887049      0.8375276922799522
Au     -5.4498008851959501      1.1894211362669778     -1.0096009067152902
Au     -4.7473592117339312     -0.9446738865872721     -2.9503436869017952
Au     -4.0776567657457523     -2.9789235408678101     -4.8199189921202139
Au      2.5335872759293556      6.4927741974992212      0.3971236616216887
Au      3.2110924424451497      4.4407690938810518     -1.4501040048537241
Au      3.9135348680880098      2.3066733323428843     -3.3908475162840954
Au      4.5812721273979342      0.2716855989072973     -5.2603237074076219
Au      7.5526973907573591      4.1191776262977156      4.7417149209786382
Au      8.2795154556368811      1.9779195012252855      3.0136973728173571
Au      8.9575491897939887     -0.0820194006142443      1.1403919640064508
Au      9.5749792374870104     -2.0247312623129101     -0.8455455664098626
Au     -7.8446244796131310      1.4078100527329422      2.1846643236260030
Au     -7.1860425748898269     -0.6600564813206125      0.3336684833809782
Au     -6.5027919914133641     -2.7358449957027728     -1.5540503794448410
Au     -5.8116886785404400     -4.7684662850733837     -3.4320324375063125
Au     -0.0735994536632298      6.6800752920835995     -0.7732984725077952
Au      0.5934991170945976      4.6245756718630471     -2.6469195785429300
Au      1.2813194329477713      2.5349037890755399     -4.5472640648366109
Au      1.9676509236334383      0.4785356032967099     -6.4129689148379700
Au     -5.9408969800540756     -0.3410255087693586      6.9074462925400697
Au     -5.2713426979507751     -2.4486248836130562      5.1879595813193093
Au     -4.5655738172247702     -4.5298701634675220      3.3286850562857593
Au     -3.9092614419204881     -6.5867697553927860      1.4247381319965360
Au     -3.2550664179620425     -8.5008616170046327     -0.5130950153731213
Au     -4.0950722361133280      4.6176929533299980      2.2263388925284682
Au     -3.4339166381028341      2.5703403329679997      0.3737400283188830
Au     -2.7389223427798730      0.4678833922764425     -1.5058382510265069
Au     -2.0595483365244802     -1.6051398582695142     -3.4234351540443586
Au     -1.3772128412315876     -3.6394576820592972     -5.2827016886846154
Au      2.8452807173180563      6.0394012042690504      3.1567781351369826
Au      3.5341508833839921      4.0008099043695129      1.3086624805298310
Au      4.2304925451603337      1.8999361808153770     -0.5580161668715053
Au      4.9041418251629576     -0.1613700577397597     -2.4764173193288626
Au      5.5574988794832638     -2.2006097167796153     -4.3366740388172005
Au      5.2880499627389703      3.8743856435324622      6.3363278264025338
Au      6.0174112467902763      1.7892373028632864      4.6137996414919895
Au      6.6899100119306301     -0.3044981147427352      2.7562164879382172
Au      7.3794915463246706     -2.3489078747332206      0.8505770081195321
Au      7.9738788030483150     -4.2854513592103212     -1.0842144104328915
Au     -5.8156324565641349      2.7880444889469747      3.5972832778496420
Au     -5.1574906143130939      0.7379182597594588      1.7507299738592792
Au     -4.4657027611829676     -1.3646645143412284     -0.1157168375740767
Au     -3.7875000286600682     -3.4242612597364674     -2.0343493399681432
Au     -3.1034141039874839     -5.4519651553903765     -3.8961688552187272
Au      0.2333294897735860      6.2425999891852788      2.0061911225412024
Au      0.9175834778596683      4.2039180869151433      0.1524178560593779
Au      1.6102719779966304      2.1005959723837258     -1.7270432506952220
Au      2.2919521922896453      0.0284377411201053     -3.6447580281515006
Au      2.9511889898425192     -2.0145516926798468     -5.5028505369803007
Au      3.0179281717874020      3.6072422035126603      7.9384907315281987
Au      3.7466988234740763      1.5364067869219564      6.2177772602866996
Au      4.4219126086199694     -0.5406690708624027      4.3817390928766171
Au      5.0983284989349151     -2.5956944932333332      2.5129020942460913
Au      5.7731671429003217     -4.6202228414822422      0.6189469886971128
Au      6.3626492237192220     -6.5543816530856942     -1.3024742270772469
Au     -3.9226711519284190      1.0017001529092915      8.2914984664424196
Au     -3.2619109616856217     -1.0946652349160677      6.5742430624350563
Au     -2.5671976511193644     -3.1644202372464454      4.7372134919447708
Au     -1.8907811750269734     -5.2194454122697929      2.8683773479852244
Au     -1.2354410980701864     -7.2512950332851256      0.9754139575208329
Au     -0.5779482937929932     -9.1599225394916726     -0.9494672454956099
Au     -3.7845075957006187      4.1624406771739375      4.9940330741770937
Au     -3.1256601635442443      2.1195043229670198      3.1435077949288326
Au     -2.4324001581036350      0.0188219896430852      1.2948900437174720
Au     -1.7531164773504186     -2.0449151140042341     -0.5818688221177197
Au     -1.0823828574271643     -4.0881935021683260     -2.5017635282680666
Au     -0.4001400504886425     -6.1196301957166614     -4.3564674131373096
Au      0.5458320223768016      5.7880755689667973      4.7737864301660791
Au      1.2291003573865353      3.7543062934880904      2.9220193877442293
Au      1.9246777112164988      1.6544930580952768      1.0732838200417891
Au      2.6039610340814883     -0.4092431828645118     -0.8034752838384867
Au      3.2723778378846520     -2.4533913476435041     -2.7232527724057931
Au      3.9301993324775033     -4.4939957087274047     -4.5767144950612328
Au     11.0097509392572981      0.2360873638526644     -0.5286963904887605
Au     10.3932439859813819      2.2213617070096712      1.3191131369504294
Au      9.6938559116569500      4.2339178137504687      3.1069245276258330
Au      8.6995543024570541      2.4272149774205678     -3.8280021900171692
Au      8.1465672135881064      4.5076823888116149     -2.0081631143427376
Au      7.3670433544411456      6.4755261285801691     -0.1464743330631686
Au      6.1911079029961114      2.5822402661204582     -5.0234352212068991
Au      5.4978842627542841      4.6233772757405251     -3.0940623851855684
Au      4.8223921357794186      6.7405463027055665     -1.2418785302880027
Au      3.6054198631550936      2.7624737321867272     -6.1633706727310917
Au      2.9001706612025964      4.8052856703801927     -4.2343241422731008
Au      2.2348888755109360      6.9262940116349005     -2.3767993246900114
Au      1.0180350603098789      2.9702371894597244     -7.2111468818593671
Au      0.2963759179809853      5.0535136328195271     -5.4497147979065419
Au     -0.3162487830013685      7.0239358091393065     -3.5247199609094984
Au      7.6786312393904375      4.8557980550262476     -4.6750143708434884
Au      7.0244947120361783      6.8431344617868692     -2.8677342989239554
Au      5.1632141320078082      5.0605769316019877     -5.8156579668844675
Au      4.5075250588417273      7.0526311209696146     -4.0040871727430591
Au      2.6123695127606847      5.2069653799317104     -6.8922533384987936
Au      1.9590449959576035      7.1918350146591097     -5.0872162794185520
Au     -3.3541784438554836      1.3288853751822209     -6.9887703412093209
Au     -4.0248106120477178      3.4313174862562636     -5.2299337530065797
Au     -4.6884613739472734      5.3825837944324197     -3.3023431856543448
Au     -5.0624875416863357     -0.4915048507447126     -5.7225098502327594
Au     -5.7039324578098274      1.5752588639421681     -3.7967093278700719
Au     -6.4330176601367093      3.6723141559065073     -1.9359384429836419
Au     -6.7794028255518537     -2.2869603953209090     -4.3637390139868737
Au     -7.4287260584237771     -0.2293432421947097     -2.4365996730329487
Au     -8.1481178917345822      1.8713440425149923     -0.5821825931812716
Au     -8.4500783620404594     -4.0108523268038452     -2.9557509879785151
Au     -9.2400058672359187     -2.0193340048437527     -1.1238613009381719
Au     -9.7825896051414887      0.0374575446276637      0.7257768518464438
Au     -5.9885467322936830      1.9781362652236756     -6.4548000410740620
Au     -6.6418699973350677      3.9630056913282097     -4.6497621716113668
Au     -7.7072217935244360      0.2289459230769681     -5.1610523118521252
Au     -8.3629104616122714      2.2209998182730240     -3.3494814259892158
Au     -9.3553257661538467     -1.5388426570954710     -3.8086472003597618
Au    -10.0094616053091539      0.4484932316897641     -2.0013665761113115
Au     -8.4482478833522343     -7.0685549794026761      0.4609622399886444
Au     -9.1256101997132024     -5.1061259876027121      2.3118651001909916
Au     -9.7641447387772935     -3.0707255508479854      4.0965817956980031
