         216
Au Au   -791.20208760   nogrup     0
Au     -2.3496983926759167    -10.6508741679417867      1.5389191847331496
Au     -0.5498704159204419     -7.5078667633314558      2.2245767020237466
Au      0.5689190165756104     -5.4901363499758178      0.5885641395256087
Au      1.6570495216952073     -3.4325651567728626     -1.0310167688171532
Au      2.7440789108716186     -1.3546830344689198     -2.6581184827662305
Au      3.8275211354641177      0.7421836818087426     -4.3027146794330626
Au      4.9580219962267673      2.8315316237310797     -6.0399282582842115
Au      3.1967528158797855      4.4131597667097866     -7.5947784729138181
Au      5.6435067781844452     -2.1124433207332904      8.1360037893610375
Au      6.8408434452724496     -0.1048660520480977      6.6987485329121554
Au      7.9158672978096440      1.9476946926651406      5.0942400362787730
Au      8.8081139410175489      3.9259001064661474      3.4176555063133911
Au     -4.7142699941858446      1.2214542545078464      5.4899719034272145
Au     -3.7327352325156027      3.3129238758532673      3.9824837306629597
Au     -2.6539200053467291      5.3813633504598037      2.3608164764667947
Au     -1.5317346356254093      7.2874451501932933      0.7377165994884365
Au     -8.0825476675879369     -4.2547800618831504     -3.7784688874233829
Au     -9.5591897482092527      1.0209802898483895     -2.9476343131800355
Au     -7.8812106078999609      0.4035719930104529     -5.0222637443619682
Au     -4.8443943893821331      1.8113815781048412     -8.4612689503989369
Au     -1.5441912113128795     -9.4637367373610601      3.8102407606414808
Au      1.3791549269418160     -8.1223868949095284      0.2325581581178291
Au      2.4422630994055790     -6.0729777193302015     -1.3980409424724911
Au      3.5123316817701551     -4.0137024455651398     -3.0152453569889488
Au      4.5968562092253169     -1.9516566521915619     -4.6147662666144171
Au      5.7032536465267203      0.0980662817750844     -6.1557603963995895
Au      5.8881697228330658      5.1110653259811913     -7.2010613913338180
Au      0.2529404385533027    -10.0671626893199431      1.8601487527125649
Au     -1.2824296747785953     -8.8688215390257348     -0.1404705834626370
Au     -0.2241212221014197     -6.8409912898461522     -1.7374542477744903
Au      0.8348156884997402     -4.8105556784374501     -3.3466696453595652
Au      1.8902820765306045     -2.7713374565705680     -4.9446642959794787
Au      2.9476876454501579     -0.7663253664996645     -6.5200903303234732
Au      5.1998211557798566      3.2875007019719069     -8.9362668173009929
Au     -3.2836046065317581     -8.1973215697918747      2.0314424894704288
Au     -2.1997141539941900     -6.2458693247251356      0.3172481788628794
Au     -1.0837431670730791     -4.1899085156210552     -1.3184848027174247
Au      0.0139913753849030     -2.1234052315584551     -2.9420193753183490
Au      1.1104766552290442     -0.0304292347758324     -4.5667597231881558
Au      2.2346936952498324      2.0958887259447803     -6.2516109365452301
Au      2.6010913254563124      2.7189353003739622     -9.5621428953300285
Au     -2.3707350977952517     -6.8622300095363657      4.3065053587375033
Au     -1.3653932636913528     -4.8402757405771295      2.6925346186433039
Au     -0.2498847195067015     -2.7838069982544331      1.0418175410799257
Au      0.8473517123260259     -0.7078727067564552     -0.5880923025075226
Au      1.9481828503731262      1.3801040060727878     -2.2215431490020734
Au      3.0337835868604235      3.4820534912004084     -3.8767983178017325
Au      4.0974334848059026      5.5780158696060234     -5.2837325198231113
Au      0.2225885065412374     -7.6615224336975816      4.9095799354390799
Au      1.2898639255524640     -5.6599746359949803      3.3429054248919137
Au      2.4133399251456793     -3.6363849668100015      1.6988842301336362
Au      3.4997354462173962     -1.5819689287154857      0.0777071192742440
Au      4.5744521381170351      0.4860163753545850     -1.5387216925412091
Au      5.5944950017174335      2.5977041338514222     -3.1400488686523929
Au      6.6448786179378381      4.6053892267074428     -4.6596538081384438
Au     -4.9129028813511244     -6.9038747327866838      0.1080682810977009
Au     -3.8264058825469309     -4.9496648111339736     -1.5902526347191994
Au     -2.7128017598328409     -2.8827695838108616     -3.2351790272014007
Au     -1.6101341050174183     -0.8138947213394809     -4.8417454632973289
Au     -0.5203906760671098      1.3121354944734884     -6.4315739549210154
Au      0.5093974706711322      3.3757713926851185     -7.9808301682466585
Au     -3.1787494586830136     -4.1824909237154655      4.7123244423399733
Au     -2.1579505091389581     -2.1514543547724676      3.1207672296748221
Au     -1.0471055499055584     -0.0750177231986537      1.4734026731537497
Au      0.0558346409496120      2.0038787741328665     -0.1548971140820647
Au      1.1438085901017785      4.1078366648793168     -1.7886877704110340
Au      2.2062897404043826      6.1248121136770806     -3.3265976431628133
Au      2.0401806778373106     -5.8234339971303557      6.0024323878472998
Au      3.1190344919960133     -3.8146465595689127      4.4446451544541610
Au      4.2502810059201277     -1.7837564395093866      2.8033623235477592
Au      5.3236686361377288      0.2649433218721393      1.1980766632248283
Au      6.3550431257789040      2.3757573354243475     -0.4032395094722112
Au      7.3876228826670438      4.3845204860491060     -1.9743504894136557
Au     -6.5487981895480605     -5.5819689044905951     -1.7986815044756739
Au     -5.4477203539805643     -3.6167370194116861     -3.5043835215500820
Au     -4.3708444704070910     -1.5544667206369693     -5.1411092731944024
Au     -3.2599179921395676      0.5399705168287268     -6.6766127216380049
Au     -2.1865011098043743      2.5673849314910324     -8.2372082168881740
Au     -3.9698534762911271     -1.4892162921755174      5.1246307578277595
Au     -2.9444182031310260      0.5607394227352245      3.5400522065711009
Au     -1.8441642383157157      2.6527463178824404      1.9150026925764472
Au     -0.7465963277827861      4.7259894153883852      0.2797056272585543
Au      0.3355337044872866      6.7352759693085362     -1.3066999812753259
Au      3.8643033084937444     -3.9773886830868230      7.0963066676954689
Au      4.9466754696844291     -1.9476360227862957      5.5346544193547125
Au      6.0906076272019387      0.0818501292157032      3.9554472115216441
Au      7.0904700434747099      2.1496420574122652      2.3301266436569605
Au      8.1313133422085233      4.1656152998613880      0.7316800109952091
Au     -7.1552578213870071     -6.7730366205999504     -4.1032851375035193
Au     -6.2262149377021379     -4.8747074023917909     -5.7926683486185588
Au     -5.1624611742111828     -2.8524360866931344     -7.3887329373955630
Au     -1.4211341920187786     -0.0607806707562970     -8.6578361148366287
Au     -5.6925574930147240     -0.2163241192771848      3.2994741294617675
Au     -4.5495991862107843      1.8823198890143944      1.6469094689088806
Au     -3.4540691433594373      3.9832813333383132     -0.0128089741459299
Au     -2.3652834821458155      6.0580370031200568     -1.6345855526727640
Au      3.0600139838931715     -1.3574238366027060      7.6341158074025017
Au      4.1948050867618232      0.7134495841569155      6.0242192568962523
Au      5.2950003920720246      2.8133667648128218      4.3850470472446332
Au      6.3425943772286271      4.9051341080694275      2.7495357734668850
Au     -6.4926951854941741     -1.6209757350404743      0.9155145152238475
Au     -5.3782204967434488      0.4339324808172114     -0.7380877935160974
Au     -4.2776404517759818      2.6002149478368741     -2.3852785267510050
Au     -3.1995176570249533      4.6795449454378151     -3.9831795465295166
Au      0.4338527092906386     -0.5332550991039522      6.9568079427019995
Au      1.5279168355310717      1.5251001219780704      5.3385720062484303
Au      2.6578487611340953      3.6811133092502506      3.6567686428321657
Au      3.7296919857807365      5.7583893029840247      2.0537828298912721
Au      5.6891381730996127     -4.5869375313938621      5.1093245559337639
Au      6.8607259858929517     -2.6268628913597043      3.4894197774467699
Au      7.9370782955805446     -0.5721853341019534      1.8832666278386725
Au      8.8950774156650017      1.5427826146768018      0.3158549000121305
Au     -7.3491032189818295     -2.9431394828383288     -1.4286380727436345
Au     -6.2592591366119912     -0.9270424363605780     -3.0920378513283140
Au     -5.1620770608583317      1.1874811912848919     -4.7116576282314178
Au     -4.0548799543242948      3.2902639927520938     -6.2978945666046862
Au     -2.1882843856525200      0.3302660813910805      6.2747717228218534
Au     -1.1122630666675402      2.4099000756002802      4.6470123322888668
Au     -0.0049902650722120      4.5229784500805490      2.9991092732021762
Au      1.0944903246598519      6.5970702661410163      1.3855115927780624
Au     -5.5820130549158655     -8.0921822036823272     -2.2403211453689984
Au     -4.5481491208443909     -6.2509546587135256     -3.9690743703209570
Au     -3.5261245124519744     -4.2193661802608018     -5.5811448575654836
Au     -2.4543673829056760     -2.1807765198946134     -7.1701946215058854
Au      1.2922896766029592      0.6418967534907569     -8.4149926916022864
Au     -4.8627150697713848     -2.8934273066776131      2.8527657826198123
Au     -3.8097789770834587     -0.8456883037544598      1.2168831583320383
Au     -2.6724626427690410      1.2489602842563716     -0.4433177122929308
Au     -1.5761795828575353      3.3685329883958368     -2.0821014485684586
Au     -0.5083417893350650      5.4377430685161929     -3.6627423576819886
Au      1.2413441855392207     -3.2097538590120474      6.5281998128569327
Au      2.3073047603301684     -1.1366656455080646      4.9211081095690474
Au      3.4393583323029877      0.9391184972634177      3.2680443993857509
Au      4.5078533998160033      3.0642040386444638      1.6386134031030188
Au      5.6037147656148036      5.1148438673773393      0.0396578333185289
Au      3.8657070188130587     -6.4340462747780149      4.0177769563451413
Au      5.0259873212707333     -4.4751093595542839      2.4065558786801731
Au      6.1130268687195191     -2.4239986112278311      0.7709588784318697
Au      7.1946610564760434     -0.3391854888200783     -0.8244389062258541
Au      8.1529035342049010      1.7664960495908062     -2.3953491877963096
Au     -5.7040322679371744     -4.2535152376736294      0.5190855876743186
Au     -4.6326684519872945     -2.2479988243930018     -1.1446536931309232
Au     -3.5066382101417966     -0.1494437704333311     -2.8001454435526583
Au     -2.4150885975693739      1.9839753601926429     -4.4074930565500843
Au     -1.3502059598390481      4.0396959694329961     -6.0118498697679765
Au     -1.3957063767892597     -2.3627556005206385      5.8536611498047044
Au     -0.3242686388558202     -0.2986529012558776      4.2440820414577161
Au      0.8012275946313236      1.7901965713385053      2.5859012403782060
Au      1.8895893608027765      3.9153009572812985      0.9513601898257029
Au      2.9670399436050272      5.9750359696331845     -0.6432520427830539
Au      2.0505127292318570     -8.2747973762338631      2.9247750282959899
Au      3.2041900490582065     -6.3172397901055843      1.3077078137801301
Au      4.2874744819940549     -4.2700748109988789     -0.3270210625038246
Au      5.3689292145463821     -2.2101621593188208     -1.9380094462876336
Au      6.4561867705701701     -0.1350864066207320     -3.5255439175488696
Au      7.3911321392124716      1.9639023429769615     -5.0475405898848571
Au     -3.9553715065857622     -9.4004781921370117     -0.3311331366562129
Au     -2.9277554796801266     -7.5664919093126910     -2.0456953916472465
Au     -1.8651502001295557     -5.5302522073682967     -3.6557590170159422
Au     -0.8129043853550493     -3.4961744008765647     -5.2644630585002066
Au      0.2411470595056322     -1.4306718272503334     -6.8685001179092211
Au      4.0788814773866982      1.0625871699767666     -8.1095037518669670
Au     -4.0673392412178488     -5.5503151135794999      2.4402214552408985
Au     -3.0063227609662779     -3.5438731926173217      0.7741928367112259
Au     -1.8936926793790589     -1.4672278427451531     -0.8719618447189532
Au     -0.7821213859261236      0.6214760503604637     -2.5054936633554910
Au      0.3150438588190161      2.7325463515291406     -4.1381276766713952
Au      1.3263087483745246      4.8305564103420107     -5.6638089166137853
Au     -0.5850790011737796     -5.0448439651656249      5.4280988708644919
Au      0.4696417797879366     -2.9840169018229838      3.8145062923316928
Au      1.5934502479299328     -0.9213788116914765      2.1581776131540558
Au      2.6903211979748582      1.1613300431427325      0.5262808012222813
Au      3.7540094442438003      3.2834184315369797     -1.0940427564228585
Au      4.8514929965780862      5.3390969987666637     -2.6450163355829730
Au      9.5689757392984891      1.3127235015886241      3.0033392112542572
Au      8.5952528197409563     -0.7296944780982466      4.6001517173268347
Au      7.4595966288778222     -2.7183385807310829      6.1560176414912142
Au      7.0447310804128449      4.5926320197062136      5.4426085549715246
Au      6.0620508580655237      2.5661312318677938      7.1194514342706476
Au      4.9005719823372260      0.5039808911304577      8.6325459523732064
Au      4.4880465157551885      5.5221914977442559      4.7718894674358410
Au      3.3930390967522324      3.3806270428552074      6.3692699775973018
Au      2.2819577196287413      1.3129209059251954      8.0527577954967526
Au      1.8755440406136255      6.3633098390226266      4.0903148699113387
Au      0.7687766890863617      4.2241326241709043      5.6860899102303541
Au     -0.3305756826996160      2.1516286905908677      7.3738709005821157
Au     -0.7312095297051919      7.1067652934730132      3.4249789185311457
Au     -1.8837472637367261      5.1316704386831713      5.0624348225142768
Au     -2.8778985800305161      3.0088187248173570      6.6238130721708117
Au      5.1654380202463379      5.1409743346810943      7.3956437955509884
Au      4.1129216772219408      3.1336479778277351      8.9605312774369743
Au      2.5992797652750412      6.0079306809832307      6.7710613974700671
Au      1.5425760458254936      3.9911632346050872      8.3430641936693952
Au      0.0358051186831618      6.7990095179574679      6.0674033603202844
Au     -1.0172204874386293      4.7888888089599488      7.6347236632756292
Au     -4.2180396430287415      6.5680834320589723      0.3721337389008532
Au     -5.3308623723605759      4.5997647644610247      2.0313246875956708
Au     -6.3878490961543104      2.5160528950754459      3.6210696800161450
Au     -5.0636421209956897      5.2858889895147376     -1.9639438832000842
Au     -6.1312613858824019      3.1662894427161303     -0.3210051531207583
Au     -7.2268547565368202      1.0636926842522572      1.2714681131824577
Au     -5.9109118101559162      3.9046215348064628     -4.2786996609090231
Au     -6.9779743269998793      1.7698197875981698     -2.6399870060108164
Au     -8.1304985492934705     -0.2959582195019737     -1.0237872149201976
Au     -6.7176721919755344      2.4585844650166226     -6.5361335585056697
Au     -8.4912777895614138      3.0256807850063892     -4.4931870897938850
Au     -8.8722806375465648     -1.6185753305264097     -3.3660869378262355
Au     -6.8364388322377296      5.7480661204493311      0.0556110159841268
Au     -9.7110771876209441      1.8122816726105206      1.8636207800321039
Au     -7.9445484852465924      3.7679777065668492      1.6645375691511539
Au     -8.2601708510353511      0.6596789785494250      3.6957958732393301
Au     -7.7130776441097293      4.4138656857226657     -2.2154227084971190
Au     -8.8446953759314972      2.4136289249379086     -0.6338994500397632
Au     -4.0823010815019618     -0.7956633665917687     -8.8818668889335246
Au     -6.0251788436269216     -0.2147029121032125     -7.0374168479944181
Au     -7.1023087925820683     -2.2759622575773593     -5.4439515343299423
