         216
Au Au   -791.38280466   nogrup     0
Au     -0.2939822997580863     -8.8140598165964814      6.5275331535881236
Au      0.6626930238823661     -5.3699569589510538      5.6502033391416973
Au      1.5800998945490827     -4.1378166486677959      3.2791462437611223
Au      2.4560818844171983     -2.8732262490485860      0.9051086224105731
Au      3.3244035428039771     -1.5963005305288887     -1.4741610976336581
Au      4.1816252191353636     -0.3137397844453158     -3.8469051896062112
Au      4.9948052948910968      0.9984628085984144     -6.2234562723961382
Au      4.8497755279945478     -1.4703140938353547     -7.5485591551396496
Au      4.5257415127708471      3.5875986437134948      8.3633122524436025
Au      5.4886784115397633      4.9266918626197027      6.1708856997172390
Au      6.3525491980921878      6.1939054194957359      3.8057000790781110
Au      7.0653314403135470      7.3146645366231811      1.4044674415697358
Au     -5.7305064336901026      2.4203130968116660      4.0129100974547711
Au     -4.9939295275184410      3.7374280749051572      1.7183983755541057
Au     -4.1247886687387947      5.0206849652907835     -0.6697832441858793
Au     -3.1801757603764509      6.1641071734803887     -2.9838165729494968
Au     -6.3561975493101555     -9.5749495795526922     -2.7974500951335770
Au     -9.0041693048667746     -2.9047027168022792     -3.4111602914788293
Au     -6.9127713260452408     -4.0250379474992535     -4.8343146387498024
Au     -3.7095866972193656     -3.6264464467123538     -8.4078947188512192
Au     -0.1376169902175728     -6.5421012083960370      7.9534423500626019
Au      2.9782482171011218     -6.3089586966126294      4.2925737005612277
Au      3.8346541731646528     -5.0616870797207696      1.9050942513658526
Au      4.6921435346217866     -3.7997002364405859     -0.4792623834094769
Au      5.5471929737059069     -2.5257063704228218     -2.8569202430134588
Au      6.1498803860062949      3.5381418949489225     -6.0369430462085916
Au      5.8433436572066988      2.2801729402367679     -8.4541676398433054
Au      2.0391415721898105     -7.4868597176067446      6.6220764821659870
Au      0.6318857098428741     -7.8133063976257073      4.2306618141700447
Au      1.4836308208387914     -6.5684820501478551      1.8828951644537568
Au      2.3398990114090159     -5.3235169202612056     -0.4812663779343680
Au      3.1916578686377215     -4.0556294996716495     -2.8549885600121172
Au      4.0321347767801674     -2.7759431857729497     -5.2264338324046129
Au      7.2059849772397353      0.0851728616856109     -7.4935009969285691
Au     -1.7962804605922227     -6.7603503915881635      5.7179695203748260
Au     -0.8852917252667003     -5.6314594723242326      3.3077272757085012
Au      0.0214287815040879     -4.3684637374527817      0.9177176168366081
Au      0.9021284994639310     -3.0974795604563932     -1.4618959904618976
Au      1.7675453459191663     -1.8096042855095735     -3.8382922676396305
Au      2.5981551541338188     -0.4863355992042040     -6.2183668973321762
Au      6.4037593651843912     -1.2383024213013254     -5.2179081346732499
Au     -1.5666234971983186     -4.3316782072439857      7.0741067434118783
Au     -0.7645430329106564     -3.1149576492078355      4.7139076347147828
Au      0.1422205084468917     -1.8574792070119148      2.3093963725753675
Au      1.0201143585924040     -0.5777828448652151     -0.0840405450965065
Au      1.8889949210622752      0.7138474161037087     -2.4752029952418084
Au      2.7297451191618052      2.0335181835966112     -4.8722477395879373
Au      5.6938893526009888     -0.0601606038017701     -9.6362698224645325
Au      1.0042141979270265     -4.0398507277274831      8.0881885344086548
Au      1.8620273108137486     -2.8002715426012275      5.7819140535508069
Au      2.7832890194788256     -1.5641979577327652      3.4010801437594402
Au      3.6572589363701802     -0.2990656260235598      1.0268356536280443
Au      4.5157585454750313      0.9806835406573184     -1.3442353971238710
Au      5.3264823482227746      2.2952751706945032     -3.7211010163325611
Au      3.4326797934587372      0.8121111875196201     -8.5466146978557589
Au     -3.3294894417987146     -6.9934173509666220      3.3469143093298932
Au     -2.4218494069468814     -5.8521424508683779      0.9465526067813137
Au     -1.5270018513775481     -4.5893716611905919     -1.4521909018324024
Au     -0.6466995478999731     -3.3083922036626721     -3.8174438730470790
Au      0.1949531746613220     -1.9709691385603110     -6.1915243772430362
Au      1.0468829186269388     -0.7016232560371911     -8.4892960001071298
Au     -2.9791244957628527     -2.0917408114502782      6.0749841382565464
Au     -2.1654111182213160     -0.8537996005864530      3.7301165885810654
Au     -1.2680412111536461      0.4220261535299850      1.3139790732545293
Au     -0.3945414855922202      1.7090621573770219     -1.0792661676292035
Au      0.4658825356463960      3.0251505926383615     -3.4895164750523691
Au      1.3447032408683293      4.2521837071198147     -5.8182958866538073
Au      2.1880328481887261     -1.4960392985199329      8.2011283318332744
Au      3.0539042677421624     -0.2429897954192430      5.8995664870007829
Au      3.9808399548877516      1.0036416207391543      3.5176050529803291
Au      4.8427508814891498      2.2690917557936934      1.1576990130477611
Au      5.6556744785315631      3.5793820840458119     -1.2308289987605505
Au      6.4746376924984128      4.8072901405000970     -3.5634318083648431
Au     -4.8636016124720500     -7.2017862523786711      0.9876385721170564
Au     -3.9715079535316127     -6.0662138586181946     -1.4323886798872074
Au     -3.0958260557746744     -4.8010293640050801     -3.8270387987700438
Au     -2.2148195569290712     -3.4607372205460045     -6.1596903371356415
Au     -1.3398983294629410     -2.1825599715268851     -8.4753955347944459
Au     -4.3824660986222268      0.1649133650708627      5.0656163762020263
Au     -3.5606242125443854      1.4249028869384284      2.7195102006575524
Au     -2.6948015484589920      2.7205694100960929      0.3206035491348054
Au     -1.8115298220633396      4.0042099595778673     -2.0796173612506230
Au     -0.9263355848932415      5.2360100023777427     -4.4227476517089208
Au      3.3759236953758900      1.0566976870179414      8.3113365942311894
Au      4.2418362282588982      2.3262808330749509      5.9960807703945243
Au      5.1721458437575638      3.6044094019899671      3.6684783649056953
Au      5.9652807294482555      4.8557370156869242      1.2764029363770248
Au      6.7988051559800216      6.0836882880522687     -1.0739799608380700
Au     -4.8713359051571539     -9.4653840421508821     -0.5213911291240656
Au     -3.9914368349630358     -8.4126082357137957     -2.8867300943800949
Au     -3.1690297011057815     -7.1298326430925556     -5.2179598687304196
Au      0.0354218173424652     -4.3813500407787558     -7.5247957496836015
Au     -5.9707408883092121     -0.0628409398554464      2.7593439714284393
Au     -5.0976307295659575      1.2101636888943093      0.3646788954276303
Au     -4.2106425159711733      2.5209438442913776     -2.0679387932617672
Au     -3.3299050596157747      3.7988353054341126     -4.4686408108935947
Au      1.9570069853540411      3.3071896532227703      7.4590743263581558
Au      2.8738697973402920      4.6020135918751217      5.0818801981648782
Au      3.7573810727500234      5.8981762324891820      2.6624630025158140
Au      4.5903696910631924      7.1717860584204276      0.2411005437517986
Au     -6.1180250584713356     -2.5389586716168271      1.3918436102592402
Au     -5.2317402641663380     -1.3244559817255883     -0.9998163822556911
Au     -4.3247438550094701      0.0206178753097399     -3.4805098251276725
Au     -3.4541665759986406      1.3191522781713436     -5.8577106862873300
Au     -0.6391494529603652      2.9914238890349063      6.3646043600384132
Au      0.2418580849966778      4.2605647315330710      3.9843467086470845
Au      1.1491600068682302      5.5918351968669491      1.4994567407722066
Au      2.0059252572727830      6.8722170057734600     -0.8879701906139879
Au      5.5864831690897647      0.0953686657650898      6.9512707817538377
Au      6.5635144655546815      1.3023241263743550      4.6222482241587244
Au      7.4273981293972966      2.5696638059605785      2.2554762476428323
Au      8.1616333042754086      3.8757176412863581     -0.1070314253196223
Au     -6.2743348463468704     -4.9596425629917213      0.0023205237785788
Au     -5.3953007678802551     -3.8238576016977657     -2.4275852290319193
Au     -4.5018234590528587     -2.5053310948325045     -4.8423139850128649
Au     -3.6095526533046884     -1.1657627804343598     -7.2158047073423486
Au     -3.2373087205477171      2.7078417996659794      5.2418960546166957
Au     -2.3785191570990012      3.9868457312790953      2.8424753205582789
Au     -1.4908840466838165      5.2912416911038163      0.4101071403345777
Au     -0.6022719148382458      6.5735590988052870     -1.9834279446800807
Au     -3.3374028124845241     -9.2673352857701428      1.8570882852077588
Au     -2.4601440103035204     -8.2457656169165716     -0.5046777856965434
Au     -1.6074907953991635     -7.0024062975148667     -2.8738779649216895
Au     -0.7581888499449045     -5.7469954607106413     -5.2275464726898289
Au      2.4213440779552848     -2.9101717007220049     -7.5256419275086710
Au     -4.5758431009299123     -2.3127294965172460      3.7597131105108907
Au     -3.7150864944221684     -1.0843081822129434      1.3650343371401803
Au     -2.8176333811747432      0.2083016222884533     -1.0639973125046573
Au     -1.9460924422482242      1.5345518015496840     -3.4883144066143430
Au     -1.0644790584254655      2.8138751947207110     -5.8599083530197120
Au      0.7770640875990629      0.7451405908498541      7.3425364081473425
Au      1.6257249811008196      2.0259923894381089      4.9661289870828753
Au      2.5446475321292912      3.3047192026412113      2.5498683785153453
Au      3.3926174328328802      4.6205826618247219      0.1264399012475046
Au      4.2733795121520366      5.8822068894623296     -2.2524279502365587
Au      4.3991658252673806     -2.4560870663648950      6.8432281882062185
Au      5.3640154356220062     -1.2489142943648011      4.5211192343657842
Au      6.2418605833747929      0.0045313373791744      2.1281355550185062
Au      7.1014512846958855      1.3007122051409121     -0.2457563609748448
Au      7.8403168020685134      2.5987841926221567     -2.5955685393448142
Au     -4.7234649065801975     -4.7653965170758124      2.3716206443829684
Au     -3.8483358633472591     -3.5811227725957835     -0.0275545222394733
Au     -2.9584527731701913     -2.2935430176758445     -2.4464640752139921
Au     -2.0886003034159621     -0.9549359228471852     -4.8552175441944367
Au     -1.2038306271668764      0.3167108481187100     -7.2320816496923950
Au     -1.8346435705328952      0.4481323934863592      6.2372001455468471
Au     -0.9759664590158879      1.7208068289164302      3.8633168767802459
Au     -0.0699797254856087      3.0063756284846868      1.4350065196691801
Au      0.7959697009637616      4.3254936988279145     -0.9921558280470890
Au      1.6661346853937828      5.5897466873769464     -3.3745154935947461
Au      3.2181739872049739     -5.0010340149630181      6.7321652857240757
Au      4.1787124978308379     -3.7994633241473430      4.4053972236737273
Au      5.0545283822280167     -2.5493460174103477      2.0139084768762388
Au      5.9200976323020180     -1.2792806604876183     -0.3674610720007401
Au      6.7758061945220724      0.0135052647185985     -2.7359435375688825
Au      3.6096664786112962      3.2686308697369713     -7.1882106459968611
Au     -1.8032123150439017     -9.0522233955804374      4.2230211378723510
Au     -0.9227359654167471     -8.0351558592870624      1.8682551348823679
Au     -0.0647133085495681     -6.7883105793111547     -0.4914915792417283
Au      0.7921224465563783     -5.5368032480586766     -2.8534357647516906
Au      1.6323803295690527     -4.2575786063047101     -5.2303967552458737
Au      7.5221840047672544      1.3245876331958697     -5.0677941330088494
Au     -3.1790796242214672     -4.5413568497630106      4.7417939785343357
Au     -2.3086953981616594     -3.3526528392946808      2.3454050757904490
Au     -1.4121224659082097     -2.0784379655803020     -0.0673750111855007
Au     -0.5358566813435959     -0.7858829196256636     -2.4644719770012280
Au      0.3183702653842979      0.5416510159652965     -4.8688019956713866
Au      1.1891424149661223      1.8118521340574456     -7.2336809972335239
Au     -0.4140788501206198     -1.8013638356644490      7.2213070712752376
Au      0.4272061689375650     -0.5376141174103291      4.8450182052922095
Au      1.3408157404694589      0.7261532884928430      2.4340080011904277
Au      2.2166641744140465      2.0135242061864451      0.0355705426306017
Au      3.0602167476487825      3.3346852232240067     -2.3722281366136428
Au      3.9366921666278385      4.5994958922273907     -4.7412387334034722
Au      8.4209282125185219      5.1163339347059305      2.3663945476149237
Au      7.6533181434267590      3.8808096878036431      4.7207333935915514
Au      6.7259425554814127      2.6295710586307441      7.0086580273449890
Au      4.8944223925839347      8.3544346297149783      2.7639665619667966
Au      4.1039831111930214      7.1703705059345282      5.1874637648309836
Au      3.1745145205316558      5.8313821779191990      7.4766648044203663
Au      2.3435484370291340      8.1460591625052281      1.6226965260029722
Au      1.4804028417462360      6.7993127889016183      4.0312517837325004
Au      0.5729742622601701      5.5501258616673148      6.4741785961209253
Au     -0.2405496270606930      7.8457978375190436      0.5143947880084596
Au     -1.1164315264155207      6.4974209354503678      2.9204480929821415
Au     -2.0129109660099092      5.2490958256623745      5.3695395359124234
Au     -2.8022684773445246      7.4753356191889768     -0.5299770961420478
Au     -3.7661358322677883      6.2692124411800751      1.8284460269727489
Au     -4.5276149076897649      4.9471377103892999      4.1953652112820485
Au      2.6490732623095159      9.2313432838414613      4.1172380044686179
Au      1.8051857423386608      7.9936982299903079      6.4306408998871305
Au      0.0948932037752261      8.9911435029603588      3.0473299575168014
Au     -0.7532819463719436      7.7484047090409875      5.3718304264222390
Au     -2.4286638355821113      8.6507724016437386      1.9473364756506122
Au     -3.2745451108243806      7.4125720065718070      4.2641495283400239
Au     -5.5563134835548924      4.6708965596977752     -3.0405286074806561
Au     -6.4860176164732328      3.4929752163871108     -0.6549172233349054
Au     -7.2824559824758248      2.1453619897818990      1.6855783286399628
Au     -5.7115126544136752      2.2774675720046478     -4.4694142321259012
Au     -6.5500458910648165      0.9635233054461017     -2.0273783292640957
Au     -7.4961554532356347     -0.3098171021541658      0.3796283691972029
Au     -5.8500387898480106     -0.1925058757901761     -5.8405362992707595
Au     -6.6934758555182485     -1.5184968969737698     -3.4095654418939283
Au     -7.6551144054063469     -2.7588806531147156     -1.0110510445572594
Au     -5.9620876317796290     -2.6870619184171112     -7.1192103258720962
Au     -8.1166826935483538     -1.7141731252388395     -5.7059153393303834
Au     -7.8342888907026333     -7.5975541324708757     -3.6167960774368417
Au     -7.8529460351760294      3.1266187435921950     -2.9958223337424990
Au     -7.7848601538371076     -5.1794580410199220     -2.4419708976507550
Au     -8.7044931576106297      1.9025500638116255     -0.6785111631481158
Au     -6.4285430400463559     -7.3655309841749315     -1.3493807319763533
Au     -8.0333369593883539      0.7192873617916193     -4.3640483863537227
Au     -8.9026008767423175     -0.4981787381603136     -2.0442574147475412
Au     -2.3385687306918559     -5.8121604045276687     -7.4778184827626930
Au     -4.6499558747206367     -4.9907572686345674     -6.2176848938385998
Au     -5.5226066697299938     -6.3057637713812014     -3.8558122473753578
