         216
Au Au   -792.02442846   nogrup     0
Au     -0.9225573805110407      9.0380828118370680      5.1129250983881809
Au     -1.4032474735239022      6.4745978774464197      4.2838576879947956
Au     -2.0035677656502271      3.8196904513750267      3.5109716678561353
Au     -2.5477132208733648      1.1651476004907311      2.6912592633642740
Au     -3.0706100800148466     -1.4959315789787553      1.8506280404006601
Au     -3.5691617760921091     -4.1477897287255665      0.9940558592227351
Au     -4.0103691043802705     -6.7933286020799351      0.0925397429978716
Au     -4.5376572448783232     -9.3595567104365145     -0.6988602267747250
Au      5.9610664934838411      0.7451018737769584      8.0883763482661770
Au      5.5648152644517808     -1.8976515384106776      7.3268538063526476
Au      5.0434100379968623     -4.5511335935144324      6.4886229521958372
Au      4.4174112718243048     -7.1107189001462157      5.6067347869118125
Au      5.5811179600460505      4.1943976843669848     -2.6550389982678007
Au      5.1803982190923827      1.6266472092827673     -3.5530679334004849
Au      4.6549168716639677     -1.0475817063173052     -4.3978536503498944
Au      4.0440887466276347     -3.6277021696039284     -5.1260309958368220
Au     -5.0616644781938822      7.0727846772262044     -5.0859197340192814
Au     -5.6106870000706985      4.5177317341417007     -6.0300347509614447
Au     -6.1320914653841170      1.8642507610058634     -6.8682661826235263
Au     -6.6053176337407207     -0.7830339716157093     -7.5675620161852351
Au     -1.7599258141038510      7.1445105140931924      6.8626907864224647
Au     -2.3465066285714906      4.5664137673955008      6.1577763484420389
Au     -2.8998234783313643      1.9142114172100571      5.3426660433073510
Au     -3.4336664780093091     -0.7496334062548513      4.5088634684959148
Au     -3.9465700864915556     -3.4127947658113378      3.6598723532722675
Au     -4.4352626256332552     -6.0634931427706817      2.7998046127599965
Au     -4.8553484609458062     -8.6084322202806121      1.8863612867052479
Au     -3.4574854652972880      8.1190052069091383      4.8337788671303548
Au     -4.0809653102245482      5.5620908459499327      4.0847623558853039
Au     -4.6306453936751497      2.9078016680767815      3.2739990640278700
Au     -5.1636197255048915      0.2434592202017827      2.4412349237940196
Au     -5.6773909427713383     -2.4192030057957172      1.5912062723373905
Au     -6.1697202318249778     -5.0678132615340790      0.7267929254477288
Au     -6.5529067129340168     -7.6339346760232498     -0.1425487277231099
Au     -1.9313941505537668      8.6463018897058355      2.5846921678845112
Au     -2.4818006448552685      6.0153528621490215      1.7467429834443253
Au     -3.0651760984052903      3.3389244152174937      0.9449259099059297
Au     -3.6022061188682288      0.6726998323112312      0.1111966023547470
Au     -4.1129522791319744     -1.9933216694848328     -0.7395236069191498
Au     -4.5805396242232881     -4.6653553753411021     -1.6272763573217155
Au     -5.0670989591757918     -7.3116396486141184     -2.4563961438612498
Au      0.7314962804178347      7.9371653500128172      3.2002289902166536
Au      0.2455098038352435      5.3227896051438375      2.3511494514067168
Au     -0.3339936785538340      2.6304289252148081      1.5428570095047744
Au     -0.8724819504181145     -0.0513677016224934      0.7053206809715373
Au     -1.3876602323287957     -2.7317912497777055     -0.1510614648735533
Au     -1.8650626376216062     -5.4181401647431038     -1.0418952171500226
Au     -2.4071647809935870     -8.0358189546414049     -1.8456132137236292
Au      0.8283017909431600      7.0620789350924591      5.8830615082489013
Au      0.3080636685103206      4.4138110413262819      5.0811700000134392
Au     -0.2714839789369199      1.7351848085303443      4.2839280544488121
Au     -0.8063886238353133     -0.9322600583826413      3.4527386835011216
Au     -1.3192602462617362     -3.5970623251324856      2.5994782406039532
Au     -1.7906751433040435     -6.2668987260098081      1.7071490339322546
Au     -2.3074036029793854     -8.8958650311443908      0.8419715145177227
Au     -2.9803003736662532      8.1435961812112847      0.0300503560884842
Au     -3.5374459560806599      5.5183537400539722     -0.8079309136814485
Au     -4.1223018782370797      2.8389805522384108     -1.6257301257569932
Au     -4.6454411628433983      0.1766708076373273     -2.4667506488928703
Au     -5.1144081822098988     -2.5069719219782813     -3.3431194466033767
Au     -5.5927196143231166     -5.1512814522875718     -4.1697798619862443
Au      2.3654990288093640      6.7213573381729308      1.2491282158254720
Au      1.8700137625277649      4.1101482901006374      0.4095166849920222
Au      1.3100249424359727      1.4032075502606789     -0.4221073957846153
Au      0.7827814148257177     -1.2799905760972168     -1.2697259614537595
Au      0.2796099916769648     -3.9835851712310699     -2.1472832902564436
Au     -0.2515125956784643     -6.5968918228195399     -2.9580880211761889
Au      2.5448604082067541      4.9718372587401163      6.6336846063636079
Au      2.0251731520147631      2.3250911240393388      5.8404738563431033
Au      1.4578437431716489     -0.3643441601936601      5.0436227823711191
Au      0.9347044996209530     -3.0266548937127435      4.2026027308575147
Au      0.4482109143027078     -5.7002364725910883      3.3052847205280989
Au     -0.0675596340627367     -8.3230424941028538      2.4338528167000986
Au     -4.0271092073309687      7.6338057601779212     -2.5359010020157715
Au     -4.6086257571859957      5.0005623711804814     -3.3839263964785666
Au     -5.1858998459669694      2.3549060327474609     -4.2288529167668525
Au     -5.6532530359291728     -0.3156561459113414     -5.0633128543001931
Au     -6.1127034314690176     -2.9800088148673378     -5.8887886226867288
Au      3.9946208269056682      5.4834363105299779     -0.7085102761846782
Au      3.4992694542788758      2.8630255431603882     -1.5526542692689080
Au      2.9795075533325135      0.1754221691466444     -2.4086488264694159
Au      2.4428554270853797     -2.5131756598380459     -3.2509896850816538
Au      1.9079375134828973     -5.1359157096117496     -4.0631497305063622
Au      4.2688479841919218      2.8714494337320011      7.3793700975395327
Au      3.7478362913171379      0.2034720825360798      6.6036614083098657
Au      3.2201359026883005     -2.4706437992160053      5.8179871766942641
Au      2.7032080301942316     -5.1127479312609143      4.9242760170247477
Au      2.1832512730615186     -7.7423666241803009      4.0264828364666299
Au     -6.6097826060169558      6.7268547277759705     -2.7486207430487393
Au     -7.2722135010051572      4.0600638473364103     -3.4893673833580845
Au     -7.7999824495314032      1.3741902853653394     -4.3378308228173701
Au     -8.1838893341242382     -1.2839477066205118     -5.2792206498158931
Au      2.9843508450208152      5.0534508314433850     -3.2837627941478118
Au      2.4673119553652558      2.3700733068417019     -4.1279831900048922
Au      1.9319246626188329     -0.3545675585536845     -4.9886936792396019
Au      1.3954770472309788     -3.0324925918730283     -5.8381018230134520
Au      5.9547282672328761      1.6834418462397283      5.4772322736681103
Au      5.4299092844497467     -0.9981621337775239      4.6589694903038366
Au      4.8980782451663352     -3.7047023455470818      3.8039776231385778
Au      4.3723258107196230     -6.3695654760650378      2.9333000042304915
Au      0.2838005034596680      5.7899748412370222     -3.8895393191886707
Au     -0.2518818161521867      3.1252265648870283     -4.7226948709959249
Au     -0.7986508880558452      0.3426636382353188     -5.6017029988031304
Au     -1.3100813983238897     -2.3214572747971136     -6.4519295477676906
Au      5.8593293855114945      2.5892986345925375      2.7742929077071912
Au      5.3249113950543077     -0.0761757836859225      1.9426501014288666
Au      4.7781420617185892     -2.8587397121951970      1.0636420431185067
Au      4.2654456825061811     -5.5221340382259143      0.2119026925510710
Au      3.3658294993662139      1.0002798579778034      9.1741657425635807
Au      2.7156342307763506     -1.6735365346222020      8.4480446408389511
Au      2.1878648011679385     -4.3594116928018867      7.5995815314056836
Au      1.7917209000255405     -7.0105248976270662      6.6435657289923382
Au     -2.4097119769659647      6.4851145779512258     -4.5198900419786643
Au     -2.9610661480514278      3.8187441845712407     -5.3698695716225480
Au     -3.4928969173596771      1.1122041471101696     -6.2248621806382962
Au     -3.9921130672069287     -1.5678924816991380     -7.0638234483589573
Au      5.7699338225009509      3.4543647705787537      0.0455457821863243
Au      5.2424748984424419      0.7769686713695139     -0.8111282207443091
Au      4.7070870836278829     -1.9476724309683302     -1.6718387930284315
Au      4.1810592977021557     -4.6315794695685817     -2.5087936189621596
Au     -5.5647482359924227      7.2186458931527229     -0.2193156882865326
Au     -6.2099241236413443      4.6013159790007512     -0.9810557510393334
Au     -6.7531670538099275      1.8959799846699763     -1.8012016341556976
Au     -7.2701433465534349     -0.7942494138131373     -2.6855062937492655
Au     -7.6553495144079653     -3.4206469806991322     -3.5802503845250162
Au      1.3493229508587394      6.2822736297765935     -1.3272800762570220
Au      0.8161864243155383      3.6254102156898842     -2.1744784191816446
Au      0.2624230075895144      0.9017063772399734     -3.0176503257948699
Au     -0.2535982860717487     -1.8188351733605295     -3.8943085660767087
Au     -0.7662111190981875     -4.4839035845379804     -4.7283002882386347
Au      4.2242396827255737      3.7935986265707582      4.7222502698537125
Au      3.7047014906372566      1.1290417384138243      3.8999687186761287
Au      3.1462590030488133     -1.5868250257580057      3.0661462089899052
Au      2.6383243751530481     -4.2978623171226911      2.1856177348505588
Au      2.1130958912245235     -6.9502302615589322      1.3282911012442025
Au      1.6656252965667824      3.0679983118225644      8.4223779527785112
Au      1.0589573058611768      0.4285611153420756      7.7066635727637829
Au      0.4942903522914026     -2.2644788550470771      6.8609126581428805
Au     -0.0012624730281368     -4.9670075824478346      6.0022122751968991
Au     -0.4249777074623373     -7.5712985855599051      5.0614409411457908
Au     -1.3525664430624129      6.9950073258850551     -1.9431098416264740
Au     -1.8918898582301447      4.3418087686507096     -2.7890395499114256
Au     -2.4532642044894084      1.6276256068984591     -3.6263667543986253
Au     -2.9582670597620311     -1.0850946416096230     -4.5033909824101634
Au     -3.4637090982336982     -3.7488212646239170     -5.3370692029892659
Au      4.1364031249195170      4.6823279725635967      2.0038187053185466
Au      3.6181396738109455      2.0169268622510397      1.1743965688647595
Au      3.0628912852991026     -0.7059246631027358      0.3294505013280729
Au      2.5483548064009747     -3.4273189346701205     -0.5454334935194893
Au      2.0208682040954713     -6.0838491350265453     -1.3972020135560976
Au     -0.0581426605687989      5.1302949911501834      7.6691850906728485
Au     -0.6543020566591551      2.5005648614710130      6.9554363687772485
Au     -1.2152853719929029     -0.1715177156803982      6.1268998803035197
Au     -1.7417963118225952     -2.8509866379811459      5.2804592070914298
Au     -2.2316697397517338     -5.5268290530012791      4.4195939161006086
Au     -2.6616151781834025     -8.1190560620518255      3.4837355560143477
Au     -4.5272289606708895      7.6958044823711020      2.3277637114880365
Au     -5.1671789616964423      5.0912134841985992      1.5616758574107843
Au     -5.7156054569867711      2.4119242396449958      0.7481474784632667
Au     -6.2421156011921370     -0.2675436454667013     -0.0982923718682684
Au     -6.7445459345626686     -2.9361766410222856     -0.9741636857835143
Au     -7.1306999319506117     -5.5535419597763216     -1.8576818783885933
Au     -0.2916219370391597      7.4908915031534065      0.6247370164478392
Au     -0.8229349248692053      4.8391074695675931     -0.2225301771696460
Au     -1.3911319362218793      2.1358056457119021     -1.0472591325901650
Au     -1.9198742294793165     -0.5550198993894826     -1.8972878228635386
Au     -2.4133864230694728     -3.2548682967863449     -2.7794059722015487
Au     -2.9259537862216449     -5.9155011261921100     -3.6103228537996723
Au      2.4967051608055222      5.8902309650370590      3.9573266881562636
Au      1.9811173250835319      3.2294195271106898      3.1288544535816714
Au      1.4144118066618261      0.5252616123875713      2.3059080578729665
Au      0.8856692224670151     -2.1655649368593659      1.4558797130220649
Au      0.3906659215068018     -4.8645568158371173      0.5719781184684907
Au     -0.1376262255291936     -7.5161628937227540     -0.2777334285278910
Au      3.9174616797375057     -6.3105560920268733      8.1474045691773256
Au      4.4167398262660820     -3.7174050962091201      9.0203800007945567
Au      4.9417308270616802     -1.0979400960458214      9.7940614319376458
Au      6.5982215927390468     -5.7148688128162970      4.4755991554031054
Au      7.2084322704413406     -3.1185401342820498      5.3881080661262137
Au      7.6354253870034716     -0.4364332024709547      6.1430487743731836
Au      6.5261373479185281     -4.9383933949354510      1.8040293576017659
Au      7.0061468885963984     -2.2216235064483048      2.6746779938222724
Au      7.5915233724678908      0.4834584454479680      3.5167842835773007
Au      6.4226928329630217     -4.0712748627950042     -0.8895050981216963
Au      6.9004359537458502     -1.3470290994643408     -0.0281561353265536
Au      7.4894914201931551      1.3577671094631110      0.8255223035049797
Au      6.2953936239894901     -3.1324535789101038     -3.5235080761273636
Au      6.8837117886117838     -0.4752630319064934     -2.7773896281744790
Au      7.3339775742201105      2.1530040837276632     -1.8538387975372581
Au      8.6631696898996999     -4.2416543202078287      3.3695437434762878
Au      9.1723382922502026     -1.6504443063202325      4.1881035036778611
Au      8.6020680398854221     -3.3998716081509670      0.7317428744781056
Au      9.1124461484955077     -0.8025108278676196      1.5522455771147810
Au      8.4508236133126999     -2.5341254439954062     -1.8978780359918543
Au      8.9593601524221818      0.0538681602211390     -1.0803341645547997
Au      3.4801034335881025     -1.5163124373904147     -6.8883237756403606
Au      4.1012773986924076      1.1220163271809476     -6.1029355807131349
Au      4.5186870410562978      3.7691447362604080     -5.2186539871447284
Au      0.8413845774523767     -0.8672782603755378     -7.5602471296224625
Au      1.3602108425075854      1.8333826286960706     -6.6497957248104731
Au      1.9081814737758698      4.5617630944569845     -5.8452194640960329
Au     -1.8256375699825478     -0.1439882176633231     -8.1779579468677923
Au     -1.3173608581633465      2.5565542050939665     -7.2735244491185629
Au     -0.7602534131194529      5.2778631838708288     -6.4652025967880551
Au     -4.4445095776884465      0.6242998239424953     -8.7226044325717922
Au     -3.9868657769143603      3.3082105419802406     -7.9924417164852688
Au     -3.4073070297615731      5.9027345179575219     -7.0551539630656919
Au      2.9126508237907416      0.6451093172339597     -8.5170652989470437
Au      3.4211872693629890      3.2331026912697904     -7.6995203971728783
Au      0.3147315146896332      1.3575434349955913     -9.1732282079355709
Au      0.8251088764520587      3.9549044748577549     -8.3527247767631216
Au     -2.3050776157482566      2.0547577124321923     -9.7396359949593947
Au     -1.7959090767161126      4.6459680259963907     -8.9210760192374252
Au     -8.6116349043673708      0.8818700171999332     -6.8272929959133597
Au     -8.1515403410562755      3.4975137863624290     -6.0011494317003127
Au     -7.5873662659152172      6.0944843216600866     -5.1806366420894019
