         216
Au Au   -791.70678377   nogrup     0
Au     -7.4302723929978711      5.3129981891371934      4.9320819513024379
Au     -6.1154287091614332      3.1129278364087130      3.9360303457195283
Au     -4.8516264769940065      0.8290800959024827      2.8937648252237214
Au     -3.5180687422230235     -1.3639174341643256      1.7691282177795777
Au     -2.1412934816354450     -3.5229281769202858      0.6088034554117652
Au     -0.7308906145919556     -5.6329073298485968     -0.5791405456023870
Au      0.7508463258583462     -7.6545196302866794     -1.8507938424384855
Au      2.1243189337231994     -9.6702106697530539     -3.1204191378652233
Au      2.0497809622329854      1.4590150619186031      9.8602870737102464
Au      3.5336134834680593     -0.6878851734221856      8.9178792726308131
Au      4.9263417711088158     -2.8719517091809426      7.7441021942782164
Au      6.1501665833551229     -4.9712107051241103      6.4045202802467518
Au      2.6082600836898799      6.9582057146049188      0.2396883107324896
Au      4.0566802439252774      4.9369186524655122     -0.9308889262048119
Au      5.4481071401628753      2.7549060260934080     -2.1035631749730799
Au      6.6881345255374782      0.5602232353324013     -3.1987666638163716
Au     -6.2853285290364482      4.7396427699224430     -6.1596772471129499
Au     -4.9667381052841026      2.6469758406401387     -7.4079064348270354
Au     -3.5879588691621191      0.4848024231642976     -8.5699222561725517
Au     -2.1952925705674908     -1.6742682083075993     -9.6066999776877893
Au     -7.9458336149107129      2.9173474270265878      5.9475600201029604
Au     -6.9289378629073024      0.5933141867673513      4.8090547144288607
Au     -5.6566185202214339     -1.7364204888589105      3.5902528787418966
Au     -4.2721070346101904     -4.0030253989922064      2.3793880739062345
Au     -2.7979516396507242     -6.2192131843232099      1.1810676013662249
Au     -1.2147182951405391     -8.3673701125517574     -0.0066863733942988
Au      0.4646481737633956    -10.2714695107101761     -1.1405008074979097
Au     -8.7878150186525197      3.4029457022384264      3.4399473850296687
Au     -7.6187206733245496      1.2058481026924293      2.2850863354186899
Au     -6.2992368516837729     -0.9736841266081377      1.1263014100898570
Au     -4.9432429022078601     -3.1338299481900593     -0.0342170170920646
Au     -3.5547235074027177     -5.2775497803981724     -1.1867121450619766
Au     -2.1333210015056525     -7.3961907328308358     -2.3378838718803721
Au     -0.6220470126700253     -9.4023747425313502     -3.4419808564826146
Au     -7.1586147090239347      5.2004394296032599      2.2198348679373616
Au     -5.8495157619302525      3.0040014302897431      1.1133254865912772
Au     -4.5155477004659481      0.7844157364451441     -0.0024128272456672
Au     -3.1483695292324332     -1.3865572117721872     -1.1556845535733444
Au     -1.7604658587438258     -3.5360360598843998     -2.3243602813837896
Au     -0.3338867557488845     -5.6454694460543786     -3.5351830499371060
Au      1.0844895594452901     -7.7262007156650165     -4.7273606420425249
Au     -4.9532706561801447      5.7245572701292211      3.8690417611022685
Au     -3.5996359319858562      3.5706939962468667      2.7624715333883429
Au     -2.2813728204256107      1.3313701641716631      1.6416173275869159
Au     -0.9142031696336397     -0.8453368449623815      0.4881979395856924
Au      0.4780827567295995     -2.9959332520814721     -0.6840084604301726
Au      1.9297572292471021     -5.1003419049366263     -1.8976190298803672
Au      3.2929698164208872     -7.2069608887924952     -3.0807695913446764
Au     -5.1952555542544232      4.3161677922982946      6.2504633864589785
Au     -3.7591501841272330      2.1393667123587865      5.2465198652499758
Au     -2.3989284634625911     -0.0726925382605721      4.1230789330462567
Au     -1.0239324668397156     -2.2472210196864584      2.9664910228280998
Au      0.3639058661292038     -4.4053353725020115      1.7945945243550270
Au      1.7742588954104110     -6.5380604335541461      0.5830080140616829
Au      3.0703200778308739     -8.6457813131747301     -0.7156816888371669
Au     -6.8776978890511788      5.0612239487006798     -0.5634663735906820
Au     -5.5692834887503224      2.8903348864518215     -1.7117323740659725
Au     -4.2238795934670126      0.6819372665087959     -2.8661851951301562
Au     -2.8435168287993773     -1.4827187030514475     -4.0295361297060088
Au     -1.4156576545709694     -3.6232926522815285     -5.2123547662766017
Au      0.0007317370654638     -5.7253894956315294     -6.3605219623180069
Au     -2.4388734720108265      6.1420347366840851      2.6908009545118237
Au     -1.0757156881358965      4.0264659362618351      1.5486036048861198
Au      0.2845522202867996      1.8097448591925742      0.3942207343177255
Au      1.6687516748001874     -0.3609262892404708     -0.7723615791923706
Au      3.0951147451234404     -2.5141338059741516     -1.9665073931294845
Au      4.4389635429459542     -4.6436217787990648     -3.1057328538296298
Au     -2.7619883745270877      3.3616967723310358      7.4970778455442506
Au     -1.3325078743336332      1.2029288446451112      6.4658459148041878
Au      0.0374959145590870     -1.0140433016097683      5.3341089334017084
Au      1.4131033293575643     -3.1712619706656424      4.1747613361957896
Au      2.8254119368162405     -5.3174972692571219      2.9615927117954435
Au      4.1223579149538283     -7.4342999588092598      1.6950071142018679
Au     -6.5986947266319618      4.9259786527539946     -3.3674948241878688
Au     -5.2885214105318230      2.7506794840078408     -4.5491651285148844
Au     -3.9422107426669011      0.5650323619697808     -5.7289521447965264
Au     -2.5216958718832179     -1.5881998608477943     -6.8810073642755274
Au     -1.0894003514707760     -3.7135867704152821     -8.0106529319997541
Au      0.0855906578393566      6.5804581417139847      1.4746879644489113
Au      1.4715155089151004      4.4718215838749682      0.3156224508153649
Au      2.8653362086321095      2.2870060417217268     -0.8556154283936319
Au      4.2570492893281795      0.1036026454292296     -2.0319830942322099
Au      5.5906504680534717     -2.0524618196314650     -3.1648892992104667
Au     -0.3328376944100926      2.4156004875842592      8.7212574821132556
Au      1.0909159207549373      0.2457737195231608      7.6549000029129246
Au      2.4833970085181902     -1.9467382213348685      6.5689995158038936
Au      3.8470784622842538     -4.0764300248333898      5.3320353152630933
Au      5.1695243693329171     -6.2131854892827088      4.0839196480462281
Au     -7.9978043418278997      3.0265787630540610     -4.8150499524234682
Au     -6.7397620606760285      0.7691425656433228     -5.9784264972333450
Au     -5.3451568085311880     -1.4178498849211687     -7.1537760787782263
Au     -3.8313459043227280     -3.5071781830726048     -8.3264720350070967
Au      0.3597093575547332      6.5148659782926801     -1.3198797899385140
Au      1.7683619396471708      4.3425698361598135     -2.4896791203377644
Au      3.1801952945423251      2.1285621441606644     -3.6795517237911390
Au      4.5541923746821897     -0.0628368074172938     -4.8549266785267973
Au      2.1575091636048915      2.9144007279971555      7.5635430660166598
Au      3.5819784869146742      0.6988770213441420      6.4477947178497246
Au      4.9961002317510523     -1.5187421157361944      5.2559869229876046
Au      6.3725144894955523     -3.6955545285545908      4.0111846426696705
Au     -1.8887028985092704      5.9457520897303375     -2.9186161164480868
Au     -0.5175734358364363      3.7738375500976256     -4.0873473162218970
Au      0.9170743966943249      1.5240523062622371     -5.2964478688963963
Au      2.3098767008254542     -0.6383748244264602     -6.4571190155603233
Au      2.2687374640234288      4.2946506895667333      5.1334368892730051
Au      3.6632010225146523      2.1140766964034388      3.9825725205268796
Au      5.1063067245621614     -0.1489899320795196      2.7663403214281193
Au      6.4862457541141900     -2.3192101990337681      1.5789752702263673
Au     -1.2264866208666656     -0.1467270224641881      9.0459330389091370
Au      0.0498215584061406     -2.3916010668226511      7.9240633345320255
Au      1.4303070517792196     -4.5564573323819682      6.7606263677255996
Au      2.9083968339130646     -6.6309741018777570      5.5611771589136314
Au     -4.1151896313111056      5.3783375104680147     -4.5536124534962132
Au     -2.7579069911073550      3.1949679647586784     -5.7434458994155211
Au     -1.3535623933648235      0.9927032772741518     -6.9270081071741902
Au      0.0635922811787144     -1.1747429391881523     -8.0754314259899314
Au      2.4321690120314732      5.6834650675979290      2.7000452285636793
Au      3.8377601468310103      3.5143269267523527      1.5136544046354548
Au      5.2523350899804022      1.2960078008190399      0.3214704849004217
Au      6.6322508373316538     -0.9030448690577444     -0.8397226136837315
Au     -8.2714680982270430      3.1749406400587259     -2.0531399274761961
Au     -7.0386418610729393      0.9542948007891043     -3.2177520044152086
Au     -5.6502883836558571     -1.2498952245888644     -4.3786123402789761
Au     -4.2453504025576674     -3.4260878158602255     -5.5718892588387243
Au     -2.7455939783488952     -5.4906231865103559     -6.7102531387971300
Au     -2.1584576348174029      6.0709622455253669     -0.1054129158809065
Au     -0.7913923626418318      3.9102822377404944     -1.2792002939769311
Au      0.5944429507363187      1.6947933238187458     -2.4481789914614813
Au      2.0124725679081541     -0.4866778813666350     -3.6422563146883364
Au      3.4009855479982778     -2.6472349040175791     -4.7908295916354717
Au     -0.2550961508249787      3.8480598139524864      6.3628469306035935
Au      1.1675142786273813      1.6819522551469834      5.2208348159639986
Au      2.5629793588732523     -0.5484118069189430      4.0615201172415833
Au      3.9832645127544666     -2.7336870071661350      2.8477543023111984
Au      5.3340967721467827     -4.9168694378648850      1.6523433665489264
Au     -3.5379400604825419      0.8026333664484833      7.9955474368008055
Au     -2.2943115926920226     -1.4226676514681511      6.8172236472210503
Au     -0.9407688125454334     -3.6188247475688344      5.6173613048667796
Au      0.4920183076647195     -5.7921282689293330      4.4689946275410417
Au      1.9952237278241198     -7.8743347350499553      3.3323945533978474
Au     -4.3938571374523114      5.5070499195269633     -1.7308962765947911
Au     -3.0413342973903510      3.3418894614932393     -2.9028794728423053
Au     -1.6635047414352941      1.1271912935590387     -4.0711834838005228
Au     -0.2421781538268402     -1.0476875775509491     -5.2619692324226239
Au      1.1565395684421746     -3.1969673234818350     -6.4086942705021031
Au     -0.1043019811638364      5.2344402145106654      3.9245409070449817
Au      1.2965449827124242      3.0763906690981555      2.7723037322216246
Au      2.6881192501237816      0.8550696047435746      1.5985303743956969
Au      4.1094785523059079     -1.3348154755636186      0.4016019723585664
Au      5.4697174411634144     -3.5066560027892715     -0.7731615136029877
Au     -5.8152308715007752      1.7838133177820894      7.0112741876372375
Au     -4.6365183278717073     -0.4601607748071022      5.7716886435499344
Au     -3.3012046854537735     -2.6742455477988836      4.5339341817107766
Au     -1.8963913248255984     -4.8772316340757991      3.3500076970088326
Au     -0.4252961336144474     -7.0640603566805362      2.2226287009963510
Au      1.1505217024185266     -9.1396046674715130      1.1408066004521356
Au     -8.5526896185414234      3.3017976598217231      0.7082555559701760
Au     -7.3312872344425273      1.0912720666225075     -0.4568383278571169
Au     -5.9687144261218741     -1.0965511396619396     -1.6146744467839476
Au     -4.5832581262033774     -3.2691933059897265     -2.7823107232204753
Au     -3.1784355692708890     -5.4211357233488693     -3.9567829925836557
Au     -1.6801503820040655     -7.4755668368398789     -5.0837938330326597
Au     -4.6645385112314859      5.6262118500286951      1.0805434086058234
Au     -3.3172951749976884      3.4555407815877528     -0.0715108589975273
Au     -1.9619915241290395      1.2433946199376900     -1.2177571296067287
Au     -0.5778636241173394     -0.9271624660121480     -2.3842803254473912
Au      0.8443502323305043     -3.0706531823582663     -3.5788868707913197
Au      2.2419088636967857     -5.2043173578923012     -4.7401161450102078
Au     -2.6427095109487033      4.7819693166857640      5.1391678639916307
Au     -1.2350292516046539      2.6188427235509804      4.0080893621393194
Au      0.1387728248895783      0.4010640303247452      2.8545733351241491
Au      1.5278919697371300     -1.7773339526548622      1.6838426824474979
Au      2.9476461202700315     -3.9403721652945256      0.4829872693380342
Au      4.2995963169788016     -6.1048469333429667     -0.7117154420842571
Au      3.8304157178286156     -5.3472987680776791      7.7873098466962496
Au      2.4678032550117264     -3.2568820545098882      8.9883449076093989
Au      1.1188162127842565     -1.0950062074573950     10.0725811664459073
Au      7.2983566269038729     -2.4511450093109266      6.3657532697332275
Au      5.9880704273749856     -0.2930095785545923      7.6502986034070979
Au      4.5271799865207605      1.8946120179253727      8.7012726219643532
Au      7.4938964086025361     -1.1067180271409969      3.9514356537200079
Au      6.0382435761029818      1.0858574687167266      5.1441434572284539
Au      4.6642072386536366      3.3307899234940059      6.3362666768644527
Au      7.6220550281833379      0.2806271062133794      1.5299809949968761
Au      6.1684711636035940      2.4824481673640659      2.7000140399901777
Au      4.7955617457643722      4.7131064480394578      3.9121114055599566
Au      7.6893899886992934      1.6914500654150735     -0.8471549312058038
Au      6.3881946702148600      3.9353904267538464      0.2572185563925782
Au      4.9308481338330044      6.0173577120900106      1.4777026156104860
Au      8.3041201408651748      0.1240605363667742      6.2705687099984253
Au      6.9491418905380957      2.2489387179615203      7.4125308681684317
Au      8.4836193976476011      1.5123558296022721      3.8967335643858281
Au      7.1271814990369755      3.6395162858048398      5.0399219682710648
Au      8.5679895557601728      2.8604601916620171      1.4980110879410820
Au      7.2154252158406873      4.9815370460017734      2.6379302380877068
Au      5.6051416961183769      2.5286377201286041     -4.8714762665933486
Au      4.3316146825273067      4.7596484697696777     -3.7166926409051593
Au      2.8492134356267096      6.8504304765946138     -2.5488211488277743
Au      3.4503974885035271      1.9484239248235533     -6.5096139994417257
Au      2.0293964698995532      4.1333177943215675     -5.2829406130283996
Au      0.6293577614779926      6.3723231958909334     -4.1320820987385662
Au      1.2202685299941116      1.3928311731274050     -8.1110523996618991
Au     -0.2172969089122621      3.5695497977857298     -6.8997196526588667
Au     -1.5963663407687605      5.8098216226295953     -5.7372322129173057
Au     -1.0289153446759745      0.8722387017420283     -9.6367962300075352
Au     -2.4474845390589857      3.0603612159063229     -8.5984790307360424
Au     -3.7750730467705176      5.1787065384385054     -7.3223732583406109
Au      4.4565203370414110      4.5015683211969542     -6.4312614217484949
Au      3.1050686789670703      6.6208887966637420     -5.2922781826514580
Au      2.2843538556110965      3.9809939107608501     -8.0464804642482886
Au      0.9302725928085844      6.1044361650907462     -6.9052807342412219
Au      0.0739495795008627      3.4047814101872791     -9.5889281194019880
Au     -1.2768494707121416      5.5230755348278278     -8.4504943555290861
Au     -4.9032095666610935     -1.4955203135649144     -9.7794946581725437
Au     -6.3251924961713080      0.6243190284451003     -8.6667830924527696
Au     -7.6297159914976280      2.7801332964789029     -7.4816401643978914
