         216
Au Au   -791.70678378   nogrup     0
Au      1.0994039928778672      9.5991279134583003      3.7961353660878334
Au      0.4847367344585094      6.9189347957759315      3.8045199664954161
Au     -0.1064942370161432      4.1727256979118703      3.8956857560409084
Au     -0.6202615992582974      1.4181316838570197      3.8692390035205282
Au     -1.1078326019738700     -1.3492154348972569      3.7840709127858876
Au     -1.5658191667908143     -4.1100388361466109      3.6407777284566265
Au     -1.9469091096721893     -6.8824270303688166      3.3797712237703923
Au     -2.2842954105772257     -9.6058273131080103      3.2050737922178865
Au      9.5001251048910298      2.5119183622550034      1.8300243635854727
Au      9.1351111236546636     -0.2331978257137060      1.7456626796865855
Au      8.6468274668727609     -3.0045894999225800      1.6603618356226768
Au      8.0516730225088224     -5.7091887344758749      1.5769882395686050
Au      1.6483508228261199      4.1246006142125680     -5.9621930382869603
Au      1.1977722552165972      1.4224381423265973     -6.1837201456423312
Au      0.7050097482400339     -1.3743812132536668     -6.2698017995760997
Au      0.2034979758063948     -4.0760873815978691     -6.2145968373965133
Au     -8.2909233542421479      5.7538130309477129     -1.3075552335673617
Au     -8.9945198893461455      3.0741947421404703     -1.4615214891599635
Au     -9.4877448298512856      0.2747481098754943     -1.5476835266928592
Au     -9.7430504129386470     -2.4881712212381171     -1.5612372987464340
Au      2.0702173391940075      7.9262542535357756      5.7902976456468114
Au      1.6447169187422004      5.2179235486486064      5.8981871675430817
Au      1.1701078536048000      2.4596164966247338      5.8717979299123204
Au      0.6904753257119527     -0.3003053082520148      5.8043746728749905
Au      0.1981745542618008     -3.0569188801097686      5.7020147900824298
Au     -0.2978661306828743     -5.8078526787971700      5.5588450921992258
Au     -0.8215865414686476     -8.4871305376072730      5.2851366163133129
Au     -0.5197318347601492      8.6401008758505817      5.6655662581854251
Au     -0.9508310972093970      5.9102288432404766      5.9710876506211559
Au     -1.4196836326155315      3.0285056566199149      6.0592800731593606
Au     -1.9133817121456795      0.1518136821201734      6.0210088570130029
Au     -2.4320257808098509     -2.7173950343971844      5.8824578195480868
Au     -2.9744111857871767     -5.5752985750295370      5.6176440225545967
Au     -3.4981457456966716     -8.2649148634746741      5.1453470825632817
Au     -1.2792496470681884      8.7163060607154534      2.6604607504380660
Au     -1.9258740287693517      5.9997705021369896      2.5549795264054893
Au     -2.4590690684009324      3.2213137974018871      2.5171599663161324
Au     -2.9554109700945830      0.4455343957354354      2.4424466084720304
Au     -3.4375047508112848     -2.3320930896244398      2.3462338574952550
Au     -3.8854995656341975     -5.1226115102992473      2.2126473804603535
Au     -4.2064566939852028     -7.8978097412123951      2.1491055333999487
Au      1.1594485511554691      8.3054302611246733      1.3966187572500655
Au      0.6391110237800888      5.5812134395895860      1.3341792306185827
Au      0.1091478297547503      2.8013353848871461      1.3463565752287678
Au     -0.3875930674632651      0.0289007358541147      1.2797006760115703
Au     -0.8680877660393600     -2.7452448317150129      1.1756480868991837
Au     -1.3190760393708496     -5.5330111522379699      0.9921180273730865
Au     -1.7608935424254542     -8.2697256674727324      0.8864857098422796
Au      3.1683360949910577      7.8894583986231606      3.3069972228303595
Au      2.6479834565010920      5.1523567210863961      3.3048004318974105
Au      2.1157652276854551      2.3833237488594685      3.2937409949700065
Au      1.6212686137121972     -0.3848777856686389      3.2239306318737970
Au      1.1400753425481742     -3.1544743846068606      3.1233006420003537
Au      0.6946639673881618     -5.9342243486515720      2.9635821356430885
Au      0.2490932925464819     -8.6794359763722007      2.7970405060663044
Au     -3.6601008950279024      7.7442173861490975      1.3291131666841416
Au     -4.2742723795426460      5.0281320149667454      1.2158489513231068
Au     -4.8065644816591835      2.2375355047757610      1.1716596851580263
Au     -5.2937252762706226     -0.5274974153718093      1.0865546023341484
Au     -5.7467720016869990     -3.3294768798418550      0.9586087870332634
Au     -6.0981571742364142     -6.0936418820595293      0.9031940111121894
Au      1.3015649933345124      6.9364744019400630     -1.0509182077767516
Au      0.8225034358401815      4.2162156823739529     -1.1466399866880366
Au      0.3127351989704397      1.4170351412368047     -1.1856473927826947
Au     -0.1774659258251390     -1.3652496564061973     -1.2712801505457545
Au     -0.6545600723978700     -4.1672811562625682     -1.4046649114263534
Au     -1.1341635349013259     -6.8881793128274911     -1.4764068235079844
Au      5.2808188849375579      6.1169784567587016      2.8163353653987393
Au      4.8055374395924941      3.3752777693056726      2.7955727536264057
Au      4.3051557197750601      0.5880689510024379      2.7642318662026799
Au      3.8163116999643840     -2.1865057497164750      2.6788355150039305
Au      3.3345637332037921     -4.9736463379372005      2.5386070158562912
Au      2.8448730884565165     -7.7088952496597827      2.3907952287542926
Au     -6.0174627092090773      6.7672947788593483     -0.0061821103762245
Au     -6.6051416178543150      4.0258303815967409     -0.1128571601410098
Au     -7.1737909625908571      1.2695762135703879     -0.1835642266676150
Au     -7.5812177172259769     -1.5141870965624076     -0.2833725673458609
Au     -7.9660920345730108     -4.2927179647295759     -0.3465979097440268
Au      1.4794092709621975      5.5574365712710154     -3.5228909622030509
Au      1.0080252783056012      2.8235954168608997     -3.6432642500436154
Au      0.5119763251380642      0.0245873516954704     -3.7295993117947770
Au      0.0215518410364086     -2.7754215582632744     -3.8155919369441564
Au     -0.4701609645555775     -5.5079112302129971     -3.8634608931098677
Au      7.4127003854138867      4.3365448007917253      2.3225536714662383
Au      6.9622808605104876      1.5722378020697958      2.2987455751943369
Au      6.4917198348841776     -1.2130452657570263      2.2510501001995085
Au      5.9824320745959296     -3.9891732672479172      2.1275733611161023
Au      5.4616271455167240     -6.7373225292454570      1.9817150718517347
Au     -6.9894580200634131      5.4527798858204140      2.1839807123925699
Au     -7.5042264950005553      2.6851841366713902      2.2337139128471932
Au     -7.9931057571555630     -0.0896383446509255      2.1483107505943497
Au     -8.4537636654534634     -2.8584593658627151      1.9281816125045594
Au     -0.8258781455353885      4.6499626444847468     -4.8169701935642442
Au     -1.3076827777022091      1.8490896165218791     -4.9235003832667283
Au     -1.8086439700740211     -0.9942627831727382     -5.0110158132644580
Au     -2.3133039302945804     -3.7923628719362554     -5.0768144608591665
Au      7.5879540152399905      3.0008722966118135     -0.1196938042635693
Au      7.1222227051771334      0.2071984362738792     -0.1789129720090923
Au      6.6248850004427133     -2.6155810715906203     -0.2657938544206058
Au      6.1080725813971268     -5.3986175466880315     -0.3782178239408918
Au     -3.3302078299940527      5.0725151325758135     -3.6225192526065122
Au     -3.8414530008869150      2.2877300390492428     -3.7092785615808550
Au     -4.3525185422928399     -0.6129762865900537     -3.7985595540005015
Au     -4.8238073784002307     -3.4048586828330318     -3.8834441651095695
Au      5.6002549630581031      3.4317365366803849     -2.0731052454024281
Au      5.1164785489915108      0.6526053955039215     -2.1475272354884991
Au      4.6084098789308729     -2.2310846186714564     -2.2362830599830170
Au      4.1133626907093870     -5.0075477217245670     -2.3328543376355517
Au      8.3679075060668904      2.7130851646880618      4.3505039445549283
Au      7.8891802835972094     -0.0794938054604497      4.4172369255238451
Au      7.3952936216645302     -2.8826967554007945      4.3309578143678618
Au      6.8923959678835836     -5.6616321057909680      4.0927398430531969
Au     -5.8489883640503564      5.4784232825833650     -2.4762753167102236
Au     -6.4153639767450183      2.6759183786573839     -2.5642885722728073
Au     -6.9161658363640015     -0.1665336246675988     -2.6517758715622781
Au     -7.3417040018745414     -2.9939362017500741     -2.7370469242647877
Au      3.6342926841511858      3.8347097710921894     -4.0499228023295304
Au      3.1363659215128425      1.0396088172512084     -4.1552311617335835
Au      2.6363774664587325     -1.7982225009162871     -4.2425753692603489
Au      2.1488518247073904     -4.5963387378248726     -4.3094168010132128
Au     -4.8198676063803845      6.4820578160078632      3.4412836267194518
Au     -5.2673104731545219      3.7101703336964884      3.5003890459285376
Au     -5.7285997582379231      0.9031163370515594      3.4501012025813740
Au     -6.2540415792710533     -1.8904243411817276      3.3280158680442486
Au     -6.7793357819669122     -4.6397251670210462      3.0989842360711677
Au     -1.0102269328357378      6.0308466560200014     -2.3282197062986754
Au     -1.5135601668991887      3.2590380992698371     -2.4328320027742505
Au     -2.0217399853865681      0.4330737016416690     -2.4974879184598375
Au     -2.5097380133556664     -2.3950698120108731     -2.6068583572996209
Au     -2.9842221536194069     -5.1731435841380176     -2.6730634620595550
Au      5.4379143887736516      4.7869036959910378      0.3796678224659296
Au      4.9669682865409595      2.0183282322156981      0.3164835226310068
Au      4.4624883655777756     -0.7942453634806892      0.2601862487499425
Au      3.9756702663172852     -3.6080664256029022      0.1433122500654154
Au      3.4722854415714290     -6.3695759707761219      0.0362881415785825
Au      6.2738508426194297      4.4772858484392533      4.8275642800265057
Au      5.8213458017620940      1.7208051080617492      4.8946646049405977
Au      5.3109478885448276     -1.0842234104098640      4.8247803066817436
Au      4.8321298856619572     -3.8937997378282994      4.7218549045899252
Au      4.3169167282813312     -6.6298989763514129      4.4857001985253540
Au     -3.5225850927312115      6.4528278144526743     -1.1449446428036119
Au     -4.0462573999320233      3.6721546786995156     -1.2618469800748287
Au     -4.5715708830029467      0.8461723260003664     -1.3229873187930146
Au     -5.0434348536769456     -1.9876285738892836     -1.4360497046167620
Au     -5.5019599571952664     -4.7816950718438598     -1.4907328863937792
Au      3.4530314309846042      5.2063207812004464     -1.5803176513560651
Au      2.9796560568296178      2.4341293584526928     -1.6581910280617578
Au      2.4722306915228769     -0.3826161924119935     -1.7207403370761547
Au      1.9866912941181356     -3.2017289451863320     -1.8316523925325461
Au      1.4841997924104415     -5.9683352730233405     -1.9242526341775186
Au      4.1743122290846522      6.2286680135622516      5.3226611890548128
Au      3.7309163426844609      3.4838417301760671      5.3935478999525746
Au      3.2350258186670686      0.7027312106623747      5.3362799788608619
Au      2.7443819980150268     -2.0820771036484835      5.2505690596790870
Au      2.2602300539549427     -4.8635113264789673      5.1366317046338619
Au      1.7404763405530908     -7.5853417910261047      4.8974887017446420
Au     -2.7048267357514844      7.5576648537187401      4.6607878854001950
Au     -3.0840649049878373      4.7640641882019485      4.7764003900881686
Au     -3.5144860205064372      1.9301372697842081      4.7464894569514300
Au     -4.0119739580246678     -0.8935610182485245      4.6595841751225553
Au     -4.5753862527107323     -3.7005519477665452      4.5158878922940620
Au     -5.1716067604851510     -6.4435590165473613      4.2298895775855865
Au     -1.1871378163358708      7.4044887675891315      0.1628379503101733
Au     -1.7126286914121982      4.6381032460577512      0.0579409708077527
Au     -2.2289066139577551      1.8331975236326525      0.0084418025062760
Au     -2.7208509068930296     -0.9589857710473355     -0.0774981209739050
Au     -3.1938902019365605     -3.7692368529352587     -0.2008260946570157
Au     -3.6457051978477200     -6.5498040356186049     -0.2666533048510971
Au      3.2900074685700131      6.5564948264230107      0.8763410742015108
Au      2.8025347636587488      3.7972096392332766      0.8229594062324246
Au      2.2899543011070245      1.0078974623749284      0.7865071036840554
Au      1.7997776938425019     -1.7742424374611012      0.7008791552847597
Au      1.3287222593502324     -4.5678250697453713      0.5655017570631209
Au      0.8441423952141029     -7.3256764753116688      0.4490759922217240
Au      9.3402773703420401     -4.5871270931847903      3.6924349881898024
Au      9.8685752907015782     -1.8566251071323032      3.8308026852903563
Au     10.3058438176265508      0.8932412975425814      3.8611152701787645
Au      8.6675557100580658     -4.3508957524396727     -0.7940353169970500
Au      9.2837328762985489     -1.6139737006617372     -0.7051253386113210
Au      9.6400846137973843      1.1689704556995779     -0.6241399960268090
Au      6.7410459204985749     -4.0242582759370897     -2.7535252504801964
Au      7.2182162133874508     -1.1910650807356946     -2.6217844463076627
Au      7.7385342572877125      1.6372728143999380     -2.5792713499142383
Au      4.7745223600505744     -3.6222091142469912     -4.7074691171950089
Au      5.2359353669868955     -0.7811687644896583     -4.5920583212862072
Au      5.7735698679005463      2.0481750637982130     -4.5329417357532380
Au      2.8179719369281937     -3.1514513968139939     -6.6083523238976092
Au      3.2989498579140308     -0.3765930725966156     -6.6487635523288420
Au      3.7939605033114807      2.3880571771745815     -6.4378535945171969
Au      9.2389258069791822     -2.9335075633951924     -3.0955376646194912
Au      9.7172996402171776     -0.2183586081372422     -3.0119681585369689
Au      7.3370994766936359     -2.5416274483485459     -5.0516907657524159
Au      7.8166360871304743      0.1801193779313861     -4.9679189080389827
Au      5.3677603505741072     -2.1339045286098077     -6.9368181736031094
Au      5.8463656689196304      0.5825580701080924     -6.8532084426029209
Au     -1.6528599033189879     -2.3426710941515587     -7.3814214547787147
Au     -1.1142523796463664      0.4244549877067620     -7.4122038868199880
Au     -0.6759450791332720      3.2021038469599032     -7.2107604653862714
Au     -4.1582605879127392     -2.0062206838787731     -6.2609340987455049
Au     -3.6305108811882905      0.8284703792080790     -6.1347914867769120
Au     -3.1572789001440738      3.6751489515929894     -6.0860669390060149
Au     -6.6661750628509502     -1.6034789264237093     -5.0978563312648060
Au     -6.1600155530613439      1.2380436579116418     -4.9621664985227429
Au     -5.6640597068316314      4.0843294380852910     -4.9227904116435379
Au     -9.1237865988775972     -1.1465522300188731     -3.9037020049033444
Au     -8.7647527297516366      1.6629746110342847     -3.8579101646786187
Au     -8.1423927086033583      4.4236506677415894     -3.7322555312983070
Au     -3.4397034856056274     -0.5361534312629690     -8.4686291196195072
Au     -2.9607048106207028      2.1825545028600191     -8.3849505539396141
Au     -5.9301037585204135     -0.1353335211813382     -7.3660769639946917
Au     -5.4497309278469395      2.5911687654542011     -7.2821573074514383
Au     -8.3790359353045538      0.2607041995419235     -6.1658423831766864
Au     -7.8991786665633299      2.9842790622326838     -6.0820123986875512
Au    -10.1128386950400238     -1.0530331530664752      0.7275244702466459
Au     -9.6926486158696132      1.6817386750698176      0.8437742311295047
Au     -9.1525597916442472      4.3973790958104395      0.8952756371145885
