         216
Au Au   -791.76199170   nogrup     0
Au     -4.0047357625854811     -8.0770238005354411      6.3683051641454789
Au     -1.5089374058780463     -5.5581827458145572      5.3759429723808623
Au     -0.4263276088377270     -4.7447626175505437      2.8955276254650038
Au      0.6372413809386464     -3.8795793722975311      0.4188899852451868
Au      1.7014651860083423     -2.9958510590541820     -2.0657712764726774
Au      2.7725498567413296     -2.1020957517492818     -4.5639817844816655
Au      3.9171015440033794     -1.2363977879432664     -7.2048141627408562
Au      3.8747849982340878     -1.7003124818368178    -10.0086124233128828
Au      6.8445147568765119     -0.2470353914238341      7.4789218241859388
Au      8.0452002727305079      0.6170476031931251      5.1681111247069076
Au      9.0996507741803700      1.4888081040521062      2.7059743582390716
Au      9.9487030413898534      2.3225810313387285      0.2380899795441351
Au     -2.9669150676808265      4.5315221432447590      4.9850660563157838
Au     -1.9828989451070809      5.5045737803891210      2.6059408018579759
Au     -0.9154673363102048      6.3848188682519265      0.1206143425085138
Au      0.1608385607550638      7.1088733829082127     -2.3076177656204067
Au     -9.4394889387267273     -2.9665328462752303     -0.4276308541429685
Au     -9.6632695027634075      2.3997229236811384     -1.8031915990245864
Au     -8.6161231952126816      0.5811728650895027     -3.6020054583075378
Au     -6.2505621444448014     -0.3919130912079005     -7.6806531066144430
Au     -2.4726639899711471     -6.3731196806072123      7.7699361320882012
Au     -0.2599782356139162     -7.4174791329925132      3.6252189571410831
Au      0.7751598877243340     -6.5573856668161365      1.1402677085178858
Au      1.8156526820968044     -5.6852366760329538     -1.3366182744735262
Au      2.8531481521835942     -4.8095682082139000     -3.7907816543255812
Au      3.8844797925361561     -3.9685966064067895     -6.2029153918314375
Au      6.2210128810483241     -1.3100747323409507     -8.8672456615438584
Au     -1.3372165667380251     -8.1682984693907148      6.0695105332123660
Au     -3.0268310468838115     -7.4714904221956591      3.9568545938267974
Au     -1.9904548796640129     -6.6160471823969100      1.5106739881061451
Au     -0.9560614715442808     -5.7600107489005357     -0.9522073255919388
Au      0.0803470667525992     -4.8817386374048333     -3.4230322749421838
Au      1.1154583017655955     -3.9915502836399011     -5.9005638549754025
Au      4.9680533611621094     -3.5939397503923534     -8.5597931824763798
Au     -4.2928341724979298     -5.4715555085729388      5.8540122096674736
Au     -3.2747842233073077     -4.7363190689125414      3.3362455261114654
Au     -2.1876320264326661     -3.8900029334545021      0.8401040726486819
Au     -1.1152735669161415     -3.0237363840414879     -1.6446431444330045
Au     -0.0408753066893595     -2.1370678439859283     -4.1266267739293596
Au      1.0421787576096109     -1.2104211135890690     -6.6021049460077030
Au      1.9488569939362050     -0.2420986344301781     -8.9871996515417401
Au     -2.6257880736276853     -3.6668038157415257      7.1765827437032250
Au     -1.6458153419618826     -2.8078413189508549      4.7266863916271298
Au     -0.5625884352796671     -1.9640779903899368      2.2170626554942636
Au      0.5096422361878035     -1.0871691025636068     -0.2790316742661147
Au      1.5836019258622849     -0.2008144237110265     -2.7778393934061398
Au      2.6603991211373272      0.6885793314648492     -5.2874915598143932
Au      3.6830292309063926      1.4980549413987525     -7.6573249921660196
Au     -0.1752133160578437     -4.8574202742571959      7.7329667838788403
Au      0.8714836004921245     -4.0143698752360990      5.3261652187065529
Au      1.9582734849605141     -3.1983411065033156      2.8343932378433472
Au      3.0216453577937208     -2.3339575633195917      0.3548833723584615
Au      4.0806884674558201     -1.4519027234357758     -2.1281810090745452
Au      5.1172569274621544     -0.5341864671868919     -4.6248760456121598
Au      6.1750220316791644      0.4609147866173764     -6.9335544806861229
Au     -6.0360635881969378     -4.6345771939334313      3.7821859707863759
Au     -5.0125642981877316     -3.8839934811430901      1.2784589854698787
Au     -3.9305744260785689     -3.0309526436070708     -1.2267408685130547
Au     -2.8542002681601479     -2.1562853206617199     -3.6934975945476651
Au     -1.7803731489690251     -1.2145113930455089     -6.1545575703532194
Au     -0.7616009790904963     -0.3392412418874660     -8.5488564317176188
Au     -2.7663618606649698     -0.9330894175782429      6.4643627399459298
Au     -1.7648670687146972     -0.0611313274693188      4.0267286566305636
Au     -0.6811976190020685      0.8036222838890925      1.5089948827570154
Au      0.3924256135443871      1.6855505076721400     -0.9865837467006848
Au      1.4692842798738632      2.5901142398918724     -3.4988021684187451
Au      2.5212165751727995      3.4095009915284296     -5.9238830127594753
Au      2.1769120815977794     -3.3272849757048739      7.6672494868510022
Au      3.2379002075474861     -2.4770508099405237      5.2634796562743382
Au      4.3340390829463580     -1.6553819266167960      2.7691592990108838
Au      5.3869356958224603     -0.7879572966959696      0.3062571576773045
Au      6.4132200719190173      0.1455740201789322     -2.1736138385414385
Au      7.4366294800993806      1.0255445517675561     -4.5580830515730177
Au     -7.7776312877158986     -3.7762532472974826      1.7183733405406940
Au     -6.7404794115961657     -3.0116832962732492     -0.7995097272317970
Au     -5.6915869618185919     -2.1479657791858688     -3.2925078252756954
Au     -4.5860039804159012     -1.2294821253725097     -5.7197794759250051
Au     -3.5186100031459193     -0.3728620151404769     -8.1416003485022426
Au     -2.8867841792249953      1.8099637403172357      5.7487606063258276
Au     -1.8715709237341407      2.6996283904496243      3.3046658320121303
Au     -0.8014552572092235      3.5930512702119790      0.8092362827915096
Au      0.2756440231592707      4.4661789703715673     -1.6911154568492428
Au      1.3432101079291532      5.2920591547414242     -4.1327018364075965
Au      4.5369098886265444     -1.7914845114068392      7.5981861840239446
Au      5.6039060082603136     -0.9247300217039562      5.1814345453420856
Au      6.7251830565540374     -0.0831141247416056      2.7414126288606582
Au      7.7069800618651101      0.8150825727210300      0.2637237973275219
Au      8.7250912461949426      1.6739453248474891     -2.1664403936364458
Au     -9.1265376204628730     -5.5586093313850444      0.2649522432650535
Au     -8.2579899109276109     -4.8042221979244353     -2.1864405442390087
Au     -7.2164702987873870     -3.9538608269277127     -4.6291328164448355
Au     -3.3873576603218147     -3.0425115062713086     -7.4607920109974692
Au     -4.6612098445821912      2.6717496904444271      3.7579436443407594
Au     -3.6099914741357182      3.5637395418436943      1.2446118529040042
Au     -2.5284146743235030      4.4595218635102478     -1.2709757017669823
Au     -1.4313640549723672      5.3368518658291055     -3.7736634997823053
Au      4.4179481278109538      0.9409436530829947      7.0331194147598879
Au      5.5309997639450081      1.8102161107031964      4.5480511679232549
Au      6.6105860361420028      2.7026119660367298      2.0296596617841622
Au      7.6366312651179395      3.6064127559559447     -0.4753803887320558
Au     -6.2982015326879068      0.7763704944535146      2.3882766513863132
Au     -5.2589228237570413      1.6461164269132595     -0.1097073247956040
Au     -4.1606772680770003      2.5605247405093143     -2.6623416825049375
Au     -3.0633382015090382      3.4371107238075229     -5.1461149363924239
Au      1.9236174418207344      2.1327026089630632      6.4038876234598874
Au      2.9929734225473452      2.9987401731246779      3.9215149483597216
Au      4.1020832712709616      3.9142148570333788      1.3358906916198627
Au      5.1561717408977543      4.8084124253970080     -1.1393570163626023
Au      5.6866899098485266     -3.6126600946255572      5.8612904982351033
Au      6.8110214605375230     -2.8557276944012422      3.4107446725325907
Au      7.8661780912782433     -1.9836571818797637      0.9427701397094133
Au      8.8291757426033257     -1.0103431468218229     -1.5000498561719162
Au     -7.9306782860445448     -1.0974421070539666      1.0012488827688308
Au     -6.8851306302781321     -0.2556463333873804     -1.5076536458616587
Au     -5.8106919564479265      0.6434608545138261     -4.0076993251388462
Au     -4.6972869882119070      1.5369783836526896     -6.5011739507962627
Au     -0.5576415377382091      3.3551852459194480      5.7504065865640541
Au      0.4943991464515594      4.2431395815689505      3.2533051379281446
Au      1.5818897247905261      5.1386494035673431      0.7209266940980754
Au      2.6636045127529635      6.0154546197719032     -1.7663146388961906
Au     -7.4544175666890382     -6.4181244987770949      2.2997713487002649
Au     -6.5090100334932792     -5.7573231594035050     -0.1762000796174483
Au     -5.5090042025540056     -4.8932829972206626     -2.6309975809222834
Au     -4.4537451141358346     -4.0282094683578364     -5.0750613092172134
Au     -0.6017949632835367     -3.0234175955970262     -7.8742461693247314
Au     -4.5485715839265355     -0.0584996849155601      4.4578604757538827
Au     -3.5224979365329538      0.7962816023766877      1.9616004171071104
Au     -2.4293642940462994      1.6722064496921050     -0.5647581443526839
Au     -1.3502091649229364      2.5923276658163372     -3.0802767582535751
Au     -0.2716243409211314      3.4701349429132495     -5.5452344472470241
Au      2.0594965930720410     -0.6069799336216963      7.0929549280549615
Au      3.1091968016152527      0.2839330672862452      4.6187738322502767
Au      4.2105418472233485      1.1406265984378532      2.0935251793240894
Au      5.2685497315916123      2.0665171304014054     -0.4237849749138114
Au      6.3332017971626140      2.9376097208415946     -2.8876929753297027
Au      3.3282958213219902     -5.1488211474761805      5.9334905645842255
Au      4.4440502347295965     -4.3868569664712727      3.4922418757859397
Au      5.5022271837097207     -3.5329557164914132      0.9973276940227507
Au      6.5703779234852160     -2.6353582543584881     -1.4783623656888416
Au      7.5298650873496822     -1.6728274202686535     -3.9146450894950782
Au     -6.1675062100394946     -1.9247387983778594      3.0862111811878670
Au     -5.1460702922177184     -1.1047322701169033      0.5925709019902037
Au     -4.0540344060995235     -0.2304628426678637     -1.9257516271534527
Au     -2.9761367586675140      0.7025606558326913     -4.4251461701117272
Au     -1.9102297246141302      1.5635044545647894     -6.9011905297896607
Au     -0.4402624109681301      0.6089496124124416      6.4562256067887631
Au      0.6127239161742568      1.4887631324786543      3.9828554233614391
Au      1.7068225042083012      2.3583284731890712      1.4486045885566234
Au      2.7838951712303737      3.2739443205659722     -1.0769912594846787
Au      3.8372230918430765      4.1520869352060261     -3.5448761712479495
Au      0.9787353914311794     -6.6824229724861599      6.0009900270827536
Au      2.0868967148695501     -5.9226250866980781      3.5560927341862083
Au      3.1407568351493036     -5.0697553464485665      1.0642596728033915
Au      4.1995468339455488     -4.1952174283652095     -1.4141718690919980
Au      5.2684525766275350     -3.3012026548269588     -3.8801574653031938
Au      6.2616454911657193     -2.3856644416848436     -6.3495458744354103
Au     -5.7203242483606527     -7.2638583061359423      4.3610465816453967
Au     -4.7784551658516179     -6.6113130517546264      1.9006935969512426
Au     -3.7394157124619936     -5.7551773296542006     -0.5601883569495634
Au     -2.7086484584659107     -4.8952364478282622     -3.0184494377894850
Au     -1.6649985657560316     -4.0021839000794248     -5.4924154751874124
Au      2.1966250221413666     -3.0602696071215174     -8.3255651089458613
Au     -4.4179022456482464     -2.7719946966364652      5.1563874368799283
Au     -3.4008604472709272     -1.9633436366288048      2.6595807517985328
Au     -2.3158319234149061     -1.1011559446013823      0.1460242388944977
Au     -1.2360036448021410     -0.2144738661894046     -2.3548943329423366
Au     -0.1615922564241301      0.7108794227893114     -4.8540851069079061
Au      0.8814463636896641      1.6103844657832340     -7.2999492775720913
Au     -0.3020094061958511     -2.1348986707097932      7.1512811833997034
Au      0.7329860307496650     -1.2548687084134933      4.6785161973646296
Au      1.8242875270721721     -0.4086350957488154      2.1587501070277639
Au      2.8982052020195943      0.4731593110298924     -0.3448769932963778
Au      3.9610743689954693      1.3937359031998735     -2.8539965760172983
Au      5.0074007644080645      2.2956276184116495     -5.2940717384576352
Au     10.0558224924682253     -0.3472940906766411      0.9077349027604846
Au      9.0984479336971535     -1.2425001581437094      3.3466946566785793
Au      7.9880490977561092     -2.0598890203878408      5.7475405169027667
Au      8.8754166032945392      4.1900486001128758      1.9692964724481676
Au      7.9320496090864232      3.3419513775256551      4.4732730600436845
Au      6.7725054798249591      2.4493703008086092      6.8707518725539174
Au      6.4695074162791908      5.4548818321943537      1.2893749445135398
Au      5.3777004916122024      4.5078067764172687      3.7884848946407850
Au      4.3049853989738942      3.6635751533725740      6.3341543893864269
Au      3.9927599955955091      6.6541757064940192      0.6463301464036491
Au      2.8886338892882431      5.7134296821405917      3.1446617548875082
Au      1.8273183888959852      4.8641426223107302      5.6948064059441421
Au      1.5071702532683999      7.7743113223390781      0.0622788406135797
Au      0.3984350513133705      7.0058534986629173      2.5325378519499111
Au     -0.6011269519785496      6.0345488004766814      4.9777282165104815
Au      7.6534522748156046      5.9590286658846860      3.7059266715684416
Au      6.6210569697661548      5.1038524430647376      6.1115856766891774
Au      5.2383898743770914      7.1912429263471882      3.0963009815501508
Au      4.2017032032470780      6.3327662052827423      5.5134176209613699
Au      2.7921616805092246      8.3253104876437085      2.4504533583216634
Au      1.7592690863746694      7.4709950046514315      4.8601206349881636
Au     -2.6126264059737214      7.0892793414127038     -1.9627938433612435
Au     -3.6997853014930300      6.3166863629795387      0.5311968813838135
Au     -4.7317587151170244      5.3408256455336671      2.9736590219379337
Au     -4.2058436458463868      5.2889494537639363     -3.3770925574210047
Au     -5.3376875388953131      4.3996721955676490     -0.8458021899144441
Au     -6.3887869142843279      3.4929076775033581      1.7043485992373455
Au     -5.8572924797459009      3.3697930216829679     -4.7560709617328172
Au     -6.9708720435857501      2.5018724362428797     -2.2135477337533587
Au     -8.0413091018376051      1.5850050489026106      0.3145064363152947
Au     -7.4518673601567169      1.4445511123636319     -6.0167068058178721
Au     -8.5986562812590694      3.2629495686376035     -4.2634688620585077
Au     -9.5694283557485083     -0.2808128024887555     -1.1096082735421184
Au     -5.3578538347527793      7.0395617709829796     -1.5424667106195251
Au     -6.4199223095567035      6.1690181735823133      0.9273561881118653
Au     -8.0173823164645732      6.8259448493575530     -1.1465887679607718
Au     -8.1095694068631055      4.2760832115222804     -0.3362366458602999
Au     -6.9589918146353664      5.2126054288321013     -3.0047658852992889
Au     -9.5718787444114550      5.0149226309854393     -2.4554507247324935
Au     -6.1276372185389061     -3.0453282163368325     -7.0001426913332061
Au     -7.4427570701986436     -1.2709810599850258     -5.3648174404528302
Au     -8.5001383139340714     -2.1453594296943521     -2.9018527000394947
