         216
Au Au   -791.86711185   nogrup     0
Au     -7.7105695443836737     -1.6963646578002161      6.8518316176517828
Au     -5.7823638235233350     -2.1700724366823083      4.9678735877894198
Au     -3.8225850704390147     -2.7913688590260408      3.0251408119265548
Au     -1.8441950799106575     -3.3431257777767636      1.0815605355573297
Au      0.1452700284715345     -3.8689448649231393     -0.8703327815441995
Au      2.1336329221570152     -4.3656068841454170     -2.8185910478978435
Au      4.1395604519644511     -4.7924522789915054     -4.7666702435065407
Au      6.0508629677917645     -5.3335310112298080     -6.6497096101755595
Au      3.1196853011867978     -0.9274523060532553      9.5193534778188464
Au      5.1630412498805338     -1.4099720999213110      7.6992354262059024
Au      7.1489589759155132     -1.9348543512159369      5.7508230529236570
Au      8.9990791266134700     -2.4813886727267205      3.7509944243422773
Au     -1.5566493485052681      6.7225315443699456      2.6707601099439593
Au      0.3936583486541488      6.3444562756318241      0.7615124250580081
Au      2.3915792056221754      5.8164008266347587     -1.1986772660174019
Au      4.3020703443278387      5.1740584206627886     -3.0773168873444980
Au     -9.2289926651134166      1.4749650066036155     -3.7030071145594299
Au     -6.2660732637792256      5.6211732545436810     -5.8488460152412678
Au     -5.8829688751139466      3.0629469290913862     -6.8213334738851650
Au     -3.3387878738769317     -0.0818357392546663     -9.4819767401949449
Au     -6.1814491064323551     -3.9302997168772977      6.9614559016288773
Au     -4.2740471358408456     -4.5651509133302648      5.1064276102258646
Au     -2.3029090066634179     -5.1256203281245325      3.1593048660766740
Au     -0.3145419489205441     -5.6642440258597935      1.2052894417231741
Au      1.6803199370600552     -6.1783945349989855     -0.7486996298935154
Au      3.6744856466877742     -6.6659600783088520     -2.6919928280639560
Au      5.6001015830589047     -7.0441800178924607     -4.5975917146447447
Au     -8.0829371501625218     -3.5579818191101085      4.9141918172952153
Au     -6.2178572788847060     -4.1809391596280170      3.0102683019401653
Au     -4.2462078370950103     -4.7363936296958213      1.0620690018984860
Au     -2.2628561284267388     -5.2735739431493949     -0.8857687704213788
Au     -0.2742529358622430     -5.7861889725111721     -2.8348723416418942
Au      1.7196394241232018     -6.2788333223165678     -4.7773221141002029
Au      3.6900426032994922     -6.6695996342070876     -6.6364463691780990
Au     -8.1683157138262459     -0.8669891504667211      4.2723559610856157
Au     -6.2125284699747194     -1.4001636547694813      2.3162910547670528
Au     -4.2309545249362772     -1.9951716069260739      0.3521535113893641
Au     -2.2396948584475407     -2.5358227588338105     -1.5996809393411340
Au     -0.2464573100804428     -3.0482823532904684     -3.5570947999818987
Au      1.7729504505600238     -3.5107414281483242     -5.5183792462874504
Au      3.7688936585985777     -4.0220154137778765     -7.4394157982636742
Au     -6.2526794561020163      0.4381657754224824      5.8864125546536314
Au     -4.2852211691245952     -0.0391662817364029      3.9627504218005072
Au     -2.2885634598387163     -0.6326278094286080      1.9906585975219429
Au     -0.2862797425324080     -1.1756451869021527      0.0249161720249234
Au      1.7208244348299591     -1.6923160681833993     -1.9430109966651337
Au      3.7472684064940731     -2.1621668540710788     -3.9180433889435271
Au      5.6972185221365548     -2.7202112301182284     -5.8378079503546925
Au     -5.0719395709863155     -1.4731979282005634      7.5938817703092845
Au     -3.0843253095647230     -2.0158559725723224      5.6752903727346045
Au     -1.0974527933214213     -2.6130529073514657      3.7172161108168353
Au      0.8952344064096146     -3.1548339914336845      1.7623460125586163
Au      2.8916737815964160     -3.6673863237605877     -0.1965741633986191
Au      4.9057127291528966     -4.1276355691390938     -2.1638520043832479
Au      6.8674369092485499     -4.6287921143943001     -4.1200130063293319
Au     -8.5526439450101837     -0.0786463312813366      1.6125741473295925
Au     -6.6042515046614962     -0.6112175011362062     -0.3459135239320190
Au     -4.6158423700839490     -1.1995632485165180     -2.3273355531112436
Au     -2.6326023065795470     -1.7237387387593666     -4.2731214675013742
Au     -0.5983503269563999     -2.1985923652049850     -6.2383924061000542
Au      1.3998925972116272     -2.7091253769377532     -8.1520079864525474
Au     -4.7075659489091874      2.5531198668009809      4.8338974633801683
Au     -2.7480481091166977      2.0652856078641149      2.9088503134377071
Au     -0.7361177427700807      1.4970887302864035      0.9239657051411854
Au      1.2696646726120484      0.9669565790342292     -1.0439375933327781
Au      3.3016441669304735      0.4663402398391296     -3.0265932877549595
Au      5.2557896145145930     -0.0802129158992972     -4.9412990196228677
Au     -2.3505471305384527     -1.2926838424944931      8.2570904741465725
Au     -0.3634116953993138     -1.8409305505501345      6.3456887980043355
Au      1.6387131231504592     -2.4333036640910146      4.3893114129465474
Au      3.6309735629940798     -2.9598618134035464      2.4346751778739772
Au      5.6418760129458114     -3.4281390103801241      0.4538135388351314
Au      7.5981197691841453     -3.9221333166434666     -1.5036900293556528
Au     -8.9449809300407033      0.7244670864446947     -1.0479004191579691
Au     -6.9603797241655210      0.1866003441292481     -3.0211420595982972
Au     -5.0431573928804196     -0.3782653187731855     -5.0383284959879653
Au     -2.9793479069246134     -0.8655989902060091     -6.9269928430977412
Au     -0.9660619694463595     -1.3843843810515120     -8.8761382272002010
Au     -3.1456718737361209      4.6622310450131748      3.7701290775938894
Au     -1.1832081244559001      4.1766540027126862      1.8291364864107074
Au      0.8243729204617724      3.6548587710411744     -0.1443414240724401
Au      2.8333403869453893      3.1150715056093157     -2.1115597359775578
Au      4.8022458642597847      2.5615799588196140     -4.0276917618555910
Au      0.3827744979206189     -1.1069733429346007      8.9158806890620852
Au      2.3900526431003328     -1.6742730753185198      7.0081371287960970
Au      4.3982814363184195     -2.2427396432487194      5.0871159521279523
Au      6.3687330832821782     -2.7258465715335456      3.1045957119803838
Au      8.3260784017403910     -3.2064040757020438      1.1225900230282875
Au     -9.2822409026015826     -1.1824592688943225     -2.9535314471953669
Au     -7.4174616479472135     -1.8088290227219828     -4.9417583044493298
Au     -5.3598893353928236     -2.3526519073287320     -6.9604732275388574
Au     -3.3072037350160253     -2.7616806831617930     -8.8157277049166325
Au     -3.5805137366959592      5.5144627495833021      1.1450141054369176
Au     -1.5745088496424551      4.9976532929971800     -0.8554554115467354
Au      0.4487717785750022      4.4628942996037431     -2.8405268191927959
Au      2.4825269013738600      3.9119851802933736     -4.8035270911944821
Au      1.9322465258229942      1.0185506974497578      7.9377897116020506
Au      3.9436127967123760      0.4719923579318728      5.9904629567786749
Au      5.9692208461184562     -0.0633802148955356      4.0031092302900042
Au      7.9593211598101936     -0.5744179578311579      2.0245387225078417
Au     -5.5397651741674476      4.1863430822188361     -0.4795298046749714
Au     -3.5504266188697757      3.6705258815911814     -2.4736426694347315
Au     -1.4902194089473471      3.1260067235783549     -4.4949442257171306
Au      0.5374057780984676      2.5801293942790027     -6.4419362532704021
Au      0.7215041740790389      2.9521843963831280      6.2261535742575980
Au      2.7111037642304097      2.4126182320749763      4.2693050240694888
Au      4.7925747015300741      1.8624812240441333      2.2271436139253531
Au      6.7903962693761395      1.3481629734097247      0.2718746881194036
Au      1.8682721986649140     -3.4126767059684910      9.0317729635037090
Au      3.8289053285224162     -4.1061275697846318      7.0900730633250184
Au      5.8383209089975336     -4.6372203854684040      5.1186061718249860
Au      7.8620029362761823     -4.9968315297892980      3.1512366483174148
Au     -7.4746477545783669      2.8582523025081326     -2.1082336514118758
Au     -5.4812073132453438      2.3229151519039579     -4.1238775704620760
Au     -3.4647569029793139      1.7899608470092767     -6.1022484924093874
Au     -1.4113336025569232      1.2556995978692855     -8.0570450124475386
Au     -0.4520194630388443      4.8957659769293080      4.4836468578300490
Au      1.5446863498386394      4.3757578914975017      2.5050461598347269
Au      3.5812269277558579      3.8374958192033772      0.5069662635559986
Au      5.5948490242142137      3.2975655104357360     -1.4490251651938024
Au     -8.9402299757980153     -1.9923157358311743     -0.3443210265629091
Au     -7.0347342767871526     -2.6300282567638904     -2.3069543449541783
Au     -5.0473088215484090     -3.1613022035098135     -4.2928389795140074
Au     -3.0235756710619244     -3.6901887740052564     -6.2423600190252255
Au     -0.9932992564939118     -4.0927108890913848     -8.1411695335308103
Au     -5.1337896687359796      3.3981324771032759      2.1951250600644521
Au     -3.1523997219359252      2.8844917226548352      0.2171840736465107
Au     -1.1313040915098018      2.3179879700491313     -1.7775219666191511
Au      0.9095698358115710      1.8109030168961988     -3.7680765367603932
Au      2.9211439824702188      1.2691950595733816     -5.7076924041180064
Au     -0.8135596871852302      0.8374184987679607      7.2734254616432423
Au      1.1844863340683505      0.3032313202566916      5.3321285178963898
Au      3.2087604281771771     -0.2663924620851370      3.3422899541867501
Au      5.2456966178502187     -0.7701549983863094      1.3476151772406837
Au      7.2269721692877882     -1.2877091028164491     -0.6152573443278335
Au     -0.8261967747414332     -3.5857895433791596      8.3679680723365983
Au      1.1251608523477636     -4.2454391466290398      6.4707871973666293
Au      3.1240690908034630     -4.8055819432587787      4.4787776271176227
Au      5.1610402596108589     -5.3121296599034684      2.5111261301061063
Au      7.1330987849252834     -5.6894460210670408      0.5589874875749707
Au     -7.0701021114489597      2.0660935229626656      0.5698919521959347
Au     -5.0837974701052602      1.5573561887506369     -1.4025675643183213
Au     -3.0770742252009420      0.9809445423509437     -3.4005586178608418
Au     -1.0302228640705315      0.4859850756727697     -5.3795917846021268
Au      0.9747051538729391     -0.0601697182038281     -7.3229906022028270
Au     -2.0073796113254936      2.7814179230959812      5.5481621421588194
Au     -0.0109663719872843      2.2547629869266093      3.5992117232639025
Au      2.0178789758737103      1.6931583666136580      1.6006012460197283
Au      4.0611250334328757      1.1785008065741041     -0.3959777826876092
Au      6.0478553566134323      0.6524037981411182     -2.3549480438431125
Au     -3.5263879418981539     -3.7767064694202981      7.6879564030225573
Au     -1.5788353352453421     -4.4272992651149670      5.8016919344531246
Au      0.4050927127451149     -4.9900148492875802      3.8327797977282216
Au      2.4090210839798889     -5.5196568650334212      1.8666958812719976
Au      4.4246020871823220     -6.0140182079459743     -0.0883688059823982
Au      6.3838281102754797     -6.3959912386830604     -2.0350993182153800
Au     -8.5383182855500532     -2.7932391414626609      2.3034367175258232
Au     -6.6424127298629552     -3.4249502241943253      0.3552926761027919
Au     -4.6521446033182166     -3.9806535960226332     -1.6092999836571700
Au     -2.6632641804347443     -4.5063191337036850     -3.5606184570441375
Au     -0.6537779724384041     -5.0077597209024267     -5.5202419260433278
Au      1.3611024065706778     -5.4096769585469806     -7.4090266283718851
Au     -6.6748750991770098      1.2748341862387802      3.2430741119629900
Au     -4.6928612901068600      0.7573539605630195      1.2783851028574240
Au     -2.6863651339281889      0.1801479130580876     -0.7040777537088836
Au     -0.6757821875477175     -0.3512536607006016     -2.6766907268716515
Au      1.3562889911877689     -0.8414496951800157     -4.6565269735651427
Au      3.3560579986632222     -1.3763617214241455     -6.5984245576018346
Au     -3.5473839383998840      0.6606138889493200      6.5972097046251506
Au     -1.5511507620765836      0.1358546696834164      4.6547493713151695
Au      0.4602192846463868     -0.4421597144407547      2.6736722646663154
Au      2.4736550852144377     -0.9743149508866145      0.6982602637202184
Au      4.5045218295180280     -1.4646706640241858     -1.2865596744052503
Au      6.4844967703487901     -1.9908286120910992     -3.2452149418178173
Au      8.4160807967165852     -4.2814385178446406      5.6912387090330228
Au      6.4785747064183887     -3.8105423269081387      7.6298025981055666
Au      4.5154333675242686     -3.2504893997017303      9.5182205149130361
Au      8.6025669216331213      0.1750258374325595      4.6292068814461267
Au      6.7170747124976486      0.6996340734217643      6.6578989372092110
Au      4.6521190189806685      1.2191379190514189      8.5050483061170681
Au      7.5190710604627533      2.0711183625254135      2.9037931159824879
Au      5.4631756985894970      2.5627989639747364      4.8779449008711673
Au      3.4621596266384929      3.1433688070661892      6.8840866954462889
Au      6.3388503040851578      3.9840261036120790      1.1822046025672321
Au      4.2745820722556553      4.4821736755038390      3.1494107143148362
Au      2.2787242527584683      5.0571266686100973      5.1656529378539489
Au      5.0943939401859417      5.8609092753965051     -0.4792456736759370
Au      3.1238174157686887      6.4945327328982234      1.4343847858536627
Au      1.1429538000051935      6.9052840659554917      3.3975697806175837
Au      8.0890363578352993      2.7528320626587330      5.4947136932248242
Au      6.1499741591615376      3.2653300912048948      7.3971551825237754
Au      6.9588971874156584      4.6525096613601420      3.8266906640153309
Au      5.0156124410712088      5.1661241482332052      5.7332752932971403
Au      5.7687286310837029      6.4900472784365419      2.1264662748436365
Au      3.8330406776122166      7.0016543688596640      4.0255976318349980
Au      1.9534026991588125      6.4752990311724847     -3.8647509253261703
Au     -0.0078329462669723      7.1063361368015228     -1.9223609386306038
Au     -2.0159378661462197      7.5244074522280915      0.0296290683759288
Au      0.1058735437746774      5.1986979134437190     -5.5351926573037264
Au     -1.9696036699979851      5.7642095591137394     -3.5603363590589137
Au     -3.9901870431130924      6.2812998146166290     -1.5164847840963986
Au     -1.8676114758186395      3.8545427892484665     -7.1811422684806114
Au     -3.9132279566273906      4.4346260971021429     -5.1831952504931511
Au     -5.9603698756543491      4.9362717555766711     -3.1656729032549968
Au     -3.8235330646218193      2.5172971602828698     -8.6877964805539829
Au     -4.2848397455012748      5.0975270344917689     -7.7926652266944583
Au     -7.7939933124816712      3.5667025766986300     -4.7923166587112913
Au     -0.4097811238910185      7.7563274489759184     -4.5668035712704409
Au     -2.3982831985178157      8.2818953120343775     -2.6158532153705387
Au     -2.7897381517770103      8.8412694013242437     -5.2251887145821847
Au     -4.4251188154297338      7.0106345971163195     -4.1594723752809202
Au     -2.2630634824635054      6.4391962113827317     -6.2806992681650868
Au     -4.6404502559304150      7.5669734702778557     -6.7682388708292525
Au     -5.3923827911873774      0.4313618677026589     -7.7195505620780498
Au     -7.5980429317505944     -1.0382395076579956     -7.4646005374841735
Au     -7.4267575004008286      0.9690538812561531     -5.7235946784819340
