         216
Au Au   -791.90594695   nogrup     0
Au     -5.4030676399600148     -3.3948788391821996      8.3055864076664356
Au     -4.0681302744628605     -3.3975888391161320      5.9175891921466750
Au     -2.7127706120915036     -3.5354377561745309      3.4407937896464560
Au     -1.3457058868234193     -3.6033015076796016      0.9667603539851797
Au      0.0248310641097378     -3.6450874337345862     -1.5181898472474593
Au      1.3882209890918031     -3.6800428192278041     -4.0019858945446511
Au      2.7562623444165650     -3.6705906266365336     -6.4791945592881106
Au      4.0785092135173855     -3.6407394824307442     -8.8635630193894226
Au      5.6935097497221641     -2.0214842131176134      8.0074856499610298
Au      7.1537040432897818     -2.0312505330339636      5.6431467798639936
Au      8.5233604838798804     -2.0674124773615290      3.1661455412279800
Au      9.7524015047467749     -2.1266753839974353      0.6757718034063487
Au     -1.0966595735033087      6.0960994151409160      4.1108319305510577
Au      0.2435963472528802      6.1950409230509997      1.7041911000404397
Au      1.6200252747214805      6.1551139330312923     -0.7899312238928964
Au      2.9388543091703863      5.9807276060472461     -3.2012783021057665
Au    -10.0070866275688601      1.1693669422651443     -0.7568840294006947
Au     -7.9885283558391231      5.8591440215729698     -2.8422617568340023
Au     -7.7836813638099214      3.5195755932607646     -4.3074370753080657
Au     -5.9972153695706423      1.0730299247595410     -8.0299205703803143
Au     -3.8004181261817473     -5.4660505190640816      7.6136084284213048
Au     -2.4701942567410784     -5.6347536635662898      5.2307391390631182
Au     -1.1088740864330022     -5.7107237578706851      2.7557123603877756
Au      0.2631646460174948     -5.7628684594644035      0.2728433505775882
Au      1.6378362746303832     -5.7903439460338824     -2.1988739808147990
Au      3.0473537918706461     -5.8347564196448918     -4.6607537142080560
Au      4.4318293497008963     -5.7130932275842703     -7.1228655487320509
Au     -6.2233996572738244     -4.9669149308532301      6.2518449531534408
Au     -4.9511503895326712     -5.1181868268508257      3.8356063369953652
Au     -3.5912763620196708     -5.1906126620073874      1.3647402405277056
Au     -2.2261847043454113     -5.2428526550626469     -1.1096302049822278
Au     -0.8738820544416561     -5.2657075241911340     -3.5823992098689654
Au      0.4536660369958212     -5.2976510398155146     -6.0868579614535161
Au      2.2321894873946020     -7.1330052741093741     -6.8347220468518124
Au     -6.6155465179460302     -2.2332135560320854      6.1293943369927675
Au     -5.2720275656368809     -2.2807126302986216      3.6579894029450131
Au     -3.9007049072680715     -2.3873725149950005      1.1621955586877704
Au     -2.5238853434614734     -2.4415762037050524     -1.3231061582815364
Au     -1.1536637241364440     -2.4684920578910923     -3.8140087300355461
Au      0.2289970902772653     -2.4423116760195054     -6.3045946389059662
Au      1.5974571803622637     -2.4396522856279912     -8.7484272361206799
Au     -4.3826391493306094     -1.0127807599201706      7.3595751691428895
Au     -3.0217410200888120     -1.0089455824721991      4.9221059067447506
Au     -1.6403139082854996     -1.1110371265748800      2.4112406223207010
Au     -0.2576788365814813     -1.1658065147611953     -0.0910649138677115
Au      1.1217566305053743     -1.2024988893514976     -2.5978588934070892
Au      2.5056196128122807     -1.2018887529568296     -5.1053240653066769
Au      3.8350510520285770     -1.2602830360096160     -7.5328922710254407
Au     -2.6743992862830517     -3.0394514238951160      8.3281593785655446
Au     -1.2894668807902683     -3.0991820471178766      5.8779205324423387
Au      0.0855490524325198     -3.2079620942046763      3.3798976750238623
Au      1.4613897587947500     -3.2626989139894622      0.8900983869986483
Au      2.8334497838465680     -3.2892121897079836     -1.6039252965855475
Au      4.2123605013949605     -3.2605696873221905     -4.1006557170503175
Au      5.5517462634989254     -3.2516075293050051     -6.5616183610180077
Au     -7.7802856455716123     -1.0942369331279380      3.8482566185324956
Au     -6.4405879717908006     -1.1401710905348441      1.3815690021703730
Au     -5.0628079518134808     -1.2347730057592905     -1.1245063100753114
Au     -3.6953920578524126     -1.2723034442580037     -3.6025675427972406
Au     -2.3097412066811396     -1.2507223380438557     -6.1039691855245426
Au     -0.9428499565878163     -1.2653918837871281     -8.5484024984603888
Au     -3.3021765035347883      1.3712817929936323      6.3038602364043470
Au     -1.9492752848806303      1.3649286618232432      3.8642383544719721
Au     -0.5591908388919671      1.2918239217026812      1.3396974907835393
Au      0.8225032828873873      1.2479754125237168     -1.1647513163314045
Au      2.2154246248141733      1.2325375789629689     -3.6849544070832394
Au      3.5526984632213843      1.1661524351358690     -6.1175606124820714
Au      0.1132739740652520     -2.7062637117634445      8.2441921068888533
Au      1.4989533750992745     -2.7723657573236942      5.7985926409990114
Au      2.8871801886853121     -2.8740553940694635      3.2971664905335309
Au      4.2605552881876392     -2.9121452726850894      0.8091270144946385
Au      5.6392595006326731     -2.8850838964709506     -1.6978631647125688
Au      6.9748882925454962     -2.8832798745956261     -4.1640766568680636
Au     -8.9525787975106965      0.0572138069927810      1.5679966787907453
Au     -7.5730572095079607      0.0252795878509406     -0.9101113317460587
Au     -6.2464160850106838     -0.0288869529699554     -3.4093589822061716
Au     -4.8409680664271910     -0.0449124868254618     -5.8649236924445471
Au     -3.4846599426943161     -0.0799296475327811     -8.3511220816356122
Au     -2.2081588236789234      3.7532043887568118      5.2321540083744580
Au     -0.8583990748121217      3.7527159059570030      2.7756082161048035
Au      0.5255072751026244      3.7230103756412349      0.2688170872235354
Au      1.9076990641676002      3.6693594991213887     -2.2367361266426720
Au      3.2632358824651275      3.5936703669549903     -4.6817092724223279
Au      2.9098628052401021     -2.3654884789374648      8.1529847578336749
Au      4.3155695472334354     -2.4482372008486628      5.7014145786479737
Au      5.7166655111789311     -2.5294687024264331      3.2351866369189040
Au      7.0604243633575692     -2.5205691161099057      0.7362325256133992
Au      8.3916038079085116     -2.5069688398784695     -1.7534212723293692
Au     -9.7197058536643901     -1.5549218801066065     -0.4948619527880460
Au     -8.4395004648881624     -1.6235220590965014     -2.9685296500347391
Au     -7.0724536289226227     -1.6553427061821449     -5.4588505807179715
Au     -3.1918110070928938     -2.8416008450314223     -8.1187406642794535
Au     -3.4124075960321081      4.9487527825968396      3.0144540956329671
Au     -2.0366456936586248      4.9340724470205144      0.4841449487810472
Au     -0.6429377570176191      4.8954229283987383     -2.0409343539184874
Au      0.7623645905089080      4.8355603773148532     -4.5493224850735885
Au      4.0135842295926514      0.0188665795456071      7.1653824904429548
Au      5.4103000950315998     -0.0373171019139757      4.6779454511504639
Au      6.8073310663007973     -0.0742684723968079      2.1504564233209571
Au      8.1716320647629566     -0.0896568163072988     -0.3525200979656482
Au     -5.6911290247346198      3.7045160144738496      1.7864709504686935
Au     -4.3263074090559686      3.6939400204728532     -0.7289074552579073
Au     -2.9065980061780534      3.6563635798608560     -3.3011992978175684
Au     -1.5080062992694847      3.5960081237811510     -5.7930360370473331
Au      2.2754042503014298      2.0643768327969081      6.2058961617624568
Au      3.6479704575107936      2.0140387869291940      3.7160822999731487
Au      5.0835084918476658      1.9753763178036445      1.1185612530745317
Au      6.4604730634338168      1.9534465598103230     -1.3656040583663156
Au      4.4765913247998554     -4.5115782620817289      7.4639953752665633
Au      5.8364699634447792     -4.7157937657889324      4.9728873046249262
Au      7.2282595740010489     -4.7504980117764166      2.4700822535618840
Au      8.6247533127546454     -4.6171767339423457     -0.0053958400753018
Au     -7.9489060725573220      2.4617124496216052      0.5450362713716679
Au     -6.5783634698405224      2.4401081827449431     -1.9880630898534939
Au     -5.1903565166728711      2.4046242834730398     -4.5036008540263772
Au     -3.7797366571193800      2.3563989663215690     -7.0110957357591328
Au      0.5637313526081191      4.1283714033422116      5.2103823263493609
Au      1.9356941271429760      4.1011798801059278      2.7013234499789256
Au      3.3398131268478957      4.0619002832441682      0.1587967358883766
Au      4.7310651100294523      4.0139856944214918     -2.3354534990256326
Au     -8.6183988512888448     -2.7115119468835971      1.7636258898519088
Au     -7.3257664467977834     -2.8575872976613343     -0.7247017987568043
Au     -5.9768579542113018     -2.8907771966831906     -3.2159860113256791
Au     -4.6013587583155369     -2.9229418156838118     -5.6907588153787927
Au     -0.6734470336403353     -4.0170986746076185     -8.3179343925975626
Au     -4.5020251587578617      2.5603232255555994      4.0678109317001692
Au     -3.1405211860937978      2.5422950618971347      1.5690649780338646
Au     -1.7435051995012412      2.4764455274170496     -0.9658358486697480
Au     -0.3437017102574913      2.4624487063399121     -3.4975671567323730
Au      1.0416729186257250      2.4097012951289587     -5.9748267759960605
Au      1.2040132290115020     -0.3180765443135254      7.2566279287817395
Au      2.5899369788507860     -0.3648141745118014      4.7808010668741758
Au      3.9873962556310962     -0.4368230888191480      2.2442685160609983
Au      5.3898379282848712     -0.4411615403155853     -0.2884274695054607
Au      6.7482710781091697     -0.4640256996803931     -2.7734104846350771
Au      1.7147704649696773     -4.8360006373230480      7.5425466010835756
Au      3.0761833563611494     -5.0167413169279982      5.1013749969233331
Au      4.4520099643317703     -5.0799000815553796      2.5749930634812372
Au      5.8709290196660717     -5.0894783131444594      0.0743334047654010
Au      7.2255301477914946     -4.9778836199652474     -2.3767275025249948
Au     -6.7591074956409960      1.3119173275500753      2.8282769966414207
Au     -5.3856187227182257      1.3030611234172902      0.3413029383738788
Au     -3.9932630945719021      1.2328048938785408     -2.1875786223764315
Au     -2.5961007597687136      1.2277324375283438     -4.7124027288984180
Au     -1.2280455863550848      1.1694195309331548     -7.1954511534733960
Au     -0.5228590184078059      1.7418472054447296      6.2820735611741725
Au      0.8591031922007666      1.7035342917443010      3.8011100952923940
Au      2.2585663037809778      1.6400279582888446      1.2562684473493668
Au      3.6658285023723050      1.6231624444201032     -1.2825713420307956
Au      5.0275397931997698      1.5895814399203658     -3.7673188650357705
Au     -1.0571223037617989     -5.1753762569022363      7.6040831371320543
Au      0.3035449426341947     -5.3504320740872267      5.1767934490005594
Au      1.6711607527295049     -5.4230255778213419      2.6755992111792288
Au      3.0567585646211723     -5.4612211119361369      0.1785123035563494
Au      4.4647121252081323     -5.4599832273361510     -2.2958671815957779
Au      5.8165919504755408     -5.3487551080515292     -4.7425374517352186
Au     -7.4409912226909958     -3.8630237929149089      4.0317551637033588
Au     -6.1517857331785484     -4.0113333217855693      1.5643815768003400
Au     -4.7795976894448478     -4.0787978094396493     -0.9233144991760867
Au     -3.4193893211840063     -4.1140329760962793     -3.4005391620649235
Au     -2.0659007174310053     -4.1094911425966014     -5.8942159456560397
Au      1.8409145588149824     -5.1773557061397373     -8.5507362255996355
Au     -5.5800073340237839      0.1685881533738183      5.1153922929430777
Au     -4.2135377510316694      0.1420356332447117      2.6301903146911734
Au     -2.8233677110538311      0.0600252248549893      0.1118971742059607
Au     -1.4374228356442691      0.0188441089689633     -2.3986205083304775
Au     -0.0479304686793482      0.0203768789564034     -4.9157051606769055
Au      1.3203698957711385     -0.0160497396456378     -7.3868091660687671
Au     -1.5988483518966388     -0.6470696845320525      7.3334576264143152
Au     -0.2141479964908313     -0.6845928904841543      4.8603483665360692
Au      1.1759395657040024     -0.7686714314528764      2.3353048404191021
Au      2.5633366737689012     -0.8098643380805512     -0.1799657337834368
Au      3.9577422272899305     -0.8066165513620032     -2.7009535059421008
Au      5.3123418987443705     -0.8346681225126567     -5.1779824948476776
Au      9.8429242305676237     -4.2433082369165209      2.3699547190641042
Au      8.5146981084119862     -4.2565427489548782      4.8137532015971765
Au      7.1425065391960967     -4.1753058911048502      7.2310351276136657
Au      9.4953131668604946      0.3155532212205507      2.0664092309881994
Au      8.2439730929198269      0.3480047651704083      4.5911355780475454
Au      6.7693449042223159      0.3869671093598708      6.9931156000206691
Au      7.8761152006303154      2.3385475313038180      1.0512651279033847
Au      6.4482082603461581      2.3306124582059224      3.5656745254267648
Au      5.0771162228317941      2.4118533177573118      6.1113620840009268
Au      6.1643121759947865      4.3670465527410194      0.0690978837591771
Au      4.7268102413066062      4.3666008148309530      2.5810318055015244
Au      3.3645625981247989      4.4415907837563617      5.1347426561023823
Au      4.4093148694914284      6.3447843517006035     -0.8430686114686665
Au      3.0405064612623569      6.4955702644065667      1.6166518744159823
Au      1.6858164528934363      6.4192430380548329      4.0887691529324250
Au      9.1281619485489962      2.6734013819243119      3.4655036679329996
Au      7.7902263779517327      2.7080642854146797      5.8838002808214007
Au      7.4806648789248547      4.6868534374878452      2.5179773025823984
Au      6.1405198929873812      4.7218123457555787      4.9420726618908439
Au      5.7690683237862697      6.6377135899046529      1.5463842571122797
Au      4.4348532852088844      6.6730866121418266      3.9617234763696310
Au      0.4084382592696190      7.1708008558478875     -3.0784893797489286
Au     -0.9415866369333465      7.3168742177933215     -0.5938682653099399
Au     -2.3262549784001880      7.2441731850884610      1.8770937424632166
Au     -1.7781956952012603      5.9993271928288046     -4.3709412283922813
Au     -3.2249005303693687      6.0654402538738790     -1.8342030712580240
Au     -4.6005917107855678      6.0719496138119542      0.7447617230657997
Au     -4.0788458246423556      4.7417766241975317     -5.6175686751831257
Au     -5.4866609340688610      4.8240126838125565     -3.0616313676297136
Au     -6.8990161327996153      4.8128145072896951     -0.5054412699687241
Au     -6.3371043727894287      3.4558868671214782     -6.7192191392575946
Au     -6.6259244608698156      5.8253225522665293     -5.3145044319426518
Au     -9.0522512332778113      3.5219530094253688     -1.7964406065428768
Au     -2.1129061318314051      8.3212564303738539     -2.8734369999542171
Au     -3.4830023931679719      8.3564166909374276     -0.3887001008299542
Au     -4.6317423369547477      9.2610291139383509     -2.6540356616289689
Au     -5.8085212071171544      7.1488266891282777     -1.5069848702429347
Au     -4.3159488752209931      7.1112295118112678     -4.2145621872669565
Au     -6.7854880853178630      8.0651202039703289     -3.8226982277098926
Au     -5.6703909686834324     -1.6501039836089078     -7.8664364454394615
Au     -7.4253676292271065      1.1058940088456364     -5.6874974237194316
Au     -8.7883711600254593      1.1387835143920757     -3.2156278169197723
