         216
Au Au   -792.02442846   nogrup     0
Au      0.1165490542350556      7.6494848255198633      7.0817949008579344
Au     -0.0176284092384797      5.1491331790269843      5.9772101711765746
Au     -0.1705519479220081      2.5139527425301456      4.9580413614067762
Au     -0.3158151294230942     -0.0958760410711306      3.8707036298871067
Au     -0.4583601302366418     -2.7020691319926420      2.7531808789646863
Au     -0.5973410512829753     -5.2891928238244947      1.6120912077774001
Au     -0.7283406275780866     -7.8451348989559939      0.4053337734425053
Au     -0.8689403190950147    -10.3686946388836070     -0.6443088801460171
Au      9.2547150299167491      2.8799683725882996      2.7508906933330461
Au      9.2466491801277684      0.3404372945082179      1.6231520461595004
Au      9.1045128429474431     -2.2583163478451751      0.5088191921459888
Au      8.8339083530529940     -4.8138245133079014     -0.5481703108423854
Au      0.8726502275938279      6.2270749028809638     -4.0315086783513809
Au      0.7492505597545933      3.7585442857518010     -5.2362922690249007
Au      0.6060026623034416      1.1394719014401029     -6.3593378752625496
Au      0.4536513812101459     -1.4336936353281708     -7.3164075217986975
Au     -8.9226809022198292      4.4929895034474177      1.3077257896295293
Au     -9.1826792656402390      1.9758141855729370      0.1599852278448815
Au     -9.3248173533706051     -0.6229399444620367     -0.9543459781672308
Au     -9.3434898904791837     -3.2008048901074146     -1.9913318238959015
Au      1.2488876592311229      5.5198946426570163      8.3191871655183700
Au      1.1280903259201054      2.9578645036215248      7.3657885248924426
Au      0.9788624761418130      0.3461826493427322      6.2880226834043587
Au      0.8340891856526484     -2.2673170931094089      5.1812571495268767
Au      0.6935138255026660     -4.8709479560243345      4.0509430592089366
Au      0.5586857816395767     -7.4527901051051693      2.9017523103155920
Au      0.4050643795969506     -9.9081309514146305      1.7037280842361398
Au     -1.5505277645184536      5.7683060966111572      8.0969340570768491
Au     -1.7321766590024579      3.2116760852284161      7.1387035620909582
Au     -1.8754075640275802      0.5994629292559388      6.0614134246080891
Au     -2.0187481775043041     -2.0141631444273540      4.9547620849594249
Au     -2.1607558860896328     -4.6176672971760642      3.8243343066074935
Au     -2.3015805061562089     -7.1989772005579518      2.6746672899888182
Au     -2.3943522238657140     -9.6597178402730339      1.4814748027521460
Au     -2.1401229165603661      6.9608529036798377      5.6688478637058157
Au     -2.3086584993949604      4.3704803863418107      4.5786351560255039
Au     -2.4627767303085957      1.7238091119186278      3.5213374510120907
Au     -2.6090081787410755     -0.8931836527676027      2.4157975087075716
Au     -2.7484060418959917     -3.4984572929611235      1.2820548739990887
Au     -2.8807840758486396     -6.0899336126294195      0.0932612823687400
Au     -2.9949281009530964     -8.6679500829142047     -1.0327042785160092
Au      0.3123545584922187      7.4045228331143402      4.3417252378731686
Au      0.1760919194113963      4.8564247283579896      3.2100417632868279
Au      0.0249999229995606      2.1971153804916219      2.1408315656202568
Au     -0.1202233806395530     -0.4345003261662401      1.0286373987542046
Au     -0.2622352918281372     -3.0545075013542582     -0.1110387645876934
Au     -0.3992599490155078     -5.6629701791080098     -1.3006227183653341
Au     -0.5432561539826599     -8.2390141730502879     -2.3661441459066062
Au      2.4108421098395771      6.5570137443527123      6.0301616123649087
Au      2.2920586365266211      3.9622263101553017      4.9438997727149232
Au      2.1442536794281790      1.3149935230352021      3.8871038366458244
Au      2.0015269925548194     -1.3023109484598909      2.7818423862400241
Au      1.8586239779929286     -3.9072732818762019      1.6478212733837054
Au      1.7199321700062757     -6.4981889341374117      0.4585257839260422
Au      1.5560369813799770     -9.0717908403717615     -0.6713904515033153
Au     -4.4096345688815806      6.1556747096594950      4.2265884404066032
Au     -4.5845069230943611      3.5676811765752463      3.1420488133160127
Au     -4.7493739343989425      0.9182705739366321      2.0727825511018665
Au     -4.8919842069267290     -1.6891289092510946      0.9547417143131458
Au     -5.0143940074187530     -4.2921210837503274     -0.2281952898441109
Au     -5.1217914540460736     -6.8649931294944047     -1.3566087870655181
Au      0.5023501365729688      7.0481633574833857      1.5503342304833421
Au      0.3648783780417615      4.4986574715918390      0.4323056368875413
Au      0.2160535169709421      1.8350386139356334     -0.6702811212059405
Au      0.0723247332139865     -0.7928179690204167     -1.7970932664613208
Au     -0.0686723045815496     -3.4281412596473504     -2.9666669170007349
Au     -0.2110572201966789     -5.9953946627454631     -4.0426782910783352
Au      4.7018108908142491      5.3471501383987254      4.9499728321089638
Au      4.5887129936840525      2.7536736748106110      3.8703390783173965
Au      4.4527496122171417      0.1016965908025846      2.8033679806001892
Au      4.3101393393141132     -2.5057031075579137      1.6853272614607633
Au      4.1588252470834597     -5.1061292249413910      0.5000942524108751
Au      3.9896538430690764     -7.6735183162955973     -0.6332249422628813
Au     -6.6831244461630543      5.3453271745942477      2.7724967010635257
Au     -6.8791421800912005      2.7402599147523286      1.6924592802315459
Au     -7.0665614117295750      0.1255748171256927      0.6085119209443945
Au     -7.1639131017279567     -2.4663127185066460     -0.5400917573557660
Au     -7.2516680944308671     -5.0495776904183121     -1.6847841475065053
Au      0.6910885745833122      6.6699081607763722     -1.2496919626134506
Au      0.5533875145214582      4.1122548886620454     -2.3739489365841173
Au      0.4105605650434017      1.4838026858716185     -3.5127764428410480
Au      0.2654060096119473     -1.1530610754695148     -4.6316905810890168
Au      0.1222514663189527     -3.7304186269027446     -5.7092997998171704
Au      6.9975936416941682      4.1313333974301685      3.8586532908531641
Au      6.9013556533699614      1.5174116589385163      2.7865378205982694
Au      6.7956887824858807     -1.1045284208742383      1.7090797682751013
Au      6.6165857489274771     -3.6891610736993603      0.5539845158186569
Au      6.4290507632588980     -6.2635702929659463     -0.5986309855279082
Au     -8.3427032359561775      3.4529806037429007      3.8692326857502355
Au     -8.5137583789303370      0.7800188041075975      2.9073009882352725
Au     -8.6576309974906920     -1.8504584901909156      1.7793656573709118
Au     -8.7718129580754667     -4.3925987340890895      0.5050894904561805
Au     -1.5865839216784643      5.9475972152760370     -2.7084365951307152
Au     -1.7209649424797187      3.3237107352713142     -3.8387955819042201
Au     -1.8669130623766366      0.6552658791680877     -4.9830111363858185
Au     -2.0197161700056121     -1.9715736209837780     -6.1041357475486731
Au      7.2477302286678835      3.8201454849620990      1.0815557421343893
Au      7.1246519562879627      1.1937308483707585     -0.0242427747055167
Au      6.9796731328998813     -1.4569874493243167     -1.1608578942767735
Au      6.8163619499364749     -4.0667683912229009     -2.3003151773664605
Au     -4.0665721646990622      5.5127861035299244     -1.3435216723831509
Au     -4.2119227070038452      2.8976746614123101     -2.4489859398059970
Au     -4.3609742257138411      0.1725013281722712     -3.6175256312929811
Au     -4.5010713304639580     -2.4313486344996567     -4.7499244304835235
Au      5.1279330920062192      4.6968889445015911     -0.6135394297477603
Au      4.9846695442592068      2.0815919287405014     -1.7188385547997687
Au      4.8356189785879637     -0.6435816009600086     -2.8873801624979034
Au      4.6934360744687149     -3.2472454674802740     -4.0199457936720124
Au      8.1079100855827484      1.9931912364901536      5.1753001495018136
Au      7.9570356529227055     -0.6815605546115013      4.2149685327234625
Au      7.8131640549419341     -3.3120379161207922      3.0870324541819443
Au      7.6788019219063131     -5.8523872319051868      1.8111540181501127
Au     -6.5459220790156110      5.0441614453495518     -0.0135685659118945
Au     -6.7127614571191963      2.4216301420905211     -1.1228403415276773
Au     -6.8577412956199773     -0.2290885056977277     -2.2594539313326010
Au     -6.9772932686862994     -2.8427538660085925     -3.3954353385574354
Au      3.0070712650958376      5.5399684455978750     -2.3437306420852639
Au      2.8555075737437452      2.9176064004583133     -3.4754540023959226
Au      2.7095594948507316      0.2491616419911886     -4.6196707700262820
Au      2.5739397623236844     -2.3792020244348264     -5.7394323713486379
Au     -6.0894655418569119      4.2475062165459567      5.2915496095013967
Au     -6.2769200393497773      1.6273936170133276      4.3185224056918390
Au     -6.4070512025308073     -1.0281891107091234      3.2151002691844877
Au     -6.5659398268630209     -3.6568873183211763      2.0526492657188875
Au     -6.6593722628457801     -6.1723484079595590      0.8235683117797024
Au     -1.7775137876536347      6.3151676107347061      0.0914911115622647
Au     -1.9327043126731596      3.7087663349210978     -1.0236268791140120
Au     -2.0799961478481563      1.0329118362472345     -2.1435642856753052
Au     -2.2243316590836431     -1.6231908452186654     -3.3099438649766064
Au     -2.3542176670705945     -4.2289560940831645     -4.4297757478096482
Au      4.9384575722231707      5.0424504467611708      2.1726909204275984
Au      4.8113980543494250      2.4338612437750324      1.0658714404534688
Au      4.6647845744748402     -0.2371469215887818     -0.0419522801394265
Au      4.5206991714281157     -2.8811124650075350     -1.2131636672133315
Au      4.3629515989745240     -5.4797855386554719     -2.3391921376456892
Au      5.8340202119549769      3.1894472411627710      6.2381915374924848
Au      5.7100718842774754      0.5636976399162474      5.2702067024493555
Au      5.5446122725482834     -2.0887512016603949      4.1639799243284017
Au      5.4210519465755720     -4.7205841537645465      3.0043326137659729
Au      5.2641131543889710     -7.2304086017647471      1.7702086268571726
Au     -4.2581548923179948      5.8585338622099679      1.4425429662133062
Au     -4.4178440888966044      3.2528413411709103      0.3331325380883055
Au     -4.5692931167139825      0.5822628592694525     -0.7750744031495120
Au     -4.7085437826782268     -2.0621327938762755     -1.9459013341372771
Au     -4.8336628273057070     -4.6637028001934215     -3.0693385228663672
Au      2.8186098389893730      5.9073202607485946      0.4563919023077876
Au      2.6879479343027399      3.2987416866077628     -0.6567785241924362
Au      2.5382077790317870      0.6231035126501934     -1.7769109696779744
Au      2.3963210658273026     -2.0332160946057871     -2.9430967766395302
Au      2.2419078189753168     -4.6368034175645096     -4.0648763164287569
Au      3.5445127533287222      4.3710100012445778      7.3123450085073483
Au      3.4262930135977552      1.7583882864906526      6.3425242661941130
Au      3.2686716090895080     -0.8740833597819129      5.2532857696961539
Au      3.1251425970612248     -3.4982855073211332      4.1280402426587468
Au      2.9962949299543995     -6.1034337054363039      2.9714137639264298
Au      2.8347955410037580     -8.6050634695609727      1.7482697991196776
Au     -3.8253799530705344      5.0249926575451642      6.7272280181872386
Au     -4.0158173040392224      2.4187807326105015      5.7516726823506854
Au     -4.1527320158963850     -0.2155261699101323      4.6640777343410225
Au     -4.2962606610100433     -2.8397278647397237      3.5388323654005820
Au     -4.4458141228509707     -5.4430398094573480      2.3805626457671973
Au     -4.5350970742719330     -7.9510789015562935      1.1631527679591649
Au     -1.9696016508356031      6.6620725089687909      2.8855205622668674
Au     -2.1250575248272598      4.0610475007827711      1.7707939686889773
Au     -2.2760434554216946      1.3970772220334569      0.6793136244268219
Au     -2.4201812917526651     -1.2382498572693801     -0.4507024473170294
Au     -2.5586222824531575     -3.8659884542745488     -1.6282806395079330
Au     -2.6877317610419373     -6.4678112859577794     -2.7445078473675260
Au      2.6285802295121790      6.2540431569212274      3.2505837408044282
Au      2.4990566132850676      3.6507163908957807      2.1379166609790676
Au      2.3505313323972628      0.9865269220980117      1.0466314820449458
Au      2.2063932588644986     -1.6488006470048986     -0.0833842434729650
Au      2.0654921394053569     -4.2763202879020028     -1.2611580999032839
Au      1.9104509575054616     -6.8758410378169952     -2.3794448112793543
Au      9.9383075916325652     -4.3830909589750906      1.8890382327291295
Au     10.1057550729268470     -1.8495649686629476      3.0243806708723220
Au     10.2175271733735418      0.7220132852859762      4.0780820899658288
Au      9.1836644116660295     -2.5982113767741954     -2.2664624155963828
Au      9.4529460099806286     -0.0169587093769445     -1.1662004858174555
Au      9.4664090693660903      2.5713562961062415     -0.0497768019124774
Au      7.1384270051572187     -1.8303775662654096     -3.9906524704258999
Au      7.2550203146782968      0.8075061498030243     -2.8085969909725002
Au      7.4288530736255858      3.4796488124658205     -1.7137388597192178
Au      5.0305896377311319     -0.9925035679162071     -5.6855601302565431
Au      5.1372820777373009      1.6515493064297209     -4.5068844401648107
Au      5.3214010708547672      4.3245641595420601     -3.4056273381386895
Au      2.9248242122130019     -0.1014872623927006     -7.3003066088859558
Au      3.0510684316104402      2.5316954816653103     -6.2933888100893327
Au      3.2079446318514195      5.0749573659059388     -5.0806726700575338
Au      9.4475117463002647     -0.3614439438971337     -3.8742523924307166
Au      9.5863121525323329      2.1763219521414019     -2.7860700505670462
Au      7.4131959580898377      0.4691231411836729     -5.5600889184780637
Au      7.5523257510972694      3.0129137566228845     -4.4693239216218830
Au      5.3150885518263538      1.2836273639972551     -7.1792950031458096
Au      5.4537167677862932      3.8182434363374207     -6.0924640297653685
Au     -1.7178229549995017      0.3104879982715132     -7.6689010533543174
Au     -1.5373962176155871      2.9388636137291879     -6.6576828224863664
Au     -1.4347014532962454      5.4869335300986037     -5.4492685794733422
Au     -4.1734505045652313     -0.1757617414824986     -6.4162971913623634
Au     -3.9990082406729996      2.4622798488282611     -5.2322447862334753
Au     -3.8826382392648231      5.1413064191229969     -4.1363674839349427
Au     -6.6343442490441547     -0.6082167920547232     -5.0841157298854185
Au     -6.4711342384642663      2.0255312571917568     -3.8983614895397407
Au     -6.3439158268763123      4.7018106155616728     -2.8072057834044060
Au     -9.0267175301122347     -0.9822650333645000     -3.7122440452945806
Au     -9.0090298007550889      1.6213138619712262     -2.6319585456649737
Au     -8.7439706162715005      4.1873029788267839     -1.4955610492902540
Au     -3.8178174932378965      2.0940563683885105     -7.9043866996678851
Au     -3.6791888684573433      4.6286733377490483     -6.8175568053691196
Au     -6.2533101978349084      1.6818522153896320     -6.6451182788861214
Au     -6.1141800579387429      4.2256440039318477     -5.5543551915226219
Au     -8.6400386460666123      1.2436009940519703     -5.3102836138817393
Au     -8.5012376985241040      3.7813676866274717     -4.2221027777985931
Au    -10.7232192024074919     -2.5496340928190624      0.2486538509903493
Au    -10.6203878956311186     -0.0103735712744748      1.3788646925920247
Au    -10.4439972570851562      2.5554708343896619      2.4376947349921920
