         216
Au Au   -792.02442846   nogrup     0
Au      1.9469744795237296     -2.7123683382732033      9.8758499273677813
Au      1.8565742885412888     -2.7910628007180742      7.1417128097986815
Au      1.8267077033488288     -2.9896360421298818      4.3193111227519241
Au      1.7619496059305875     -3.1241062544982423      1.4922372458933766
Au      1.6829790442600201     -3.2331040445004451     -1.3438356981514528
Au      1.5902632143159585     -3.3159843403816023     -4.1721134812004088
Au      1.4628324824378214     -3.3345189396198425     -6.9987175738277285
Au      1.4010015747154361     -3.4659397043034605     -9.7316236068672719
Au      8.3578593676232433      4.1461295277912305      3.8035689619377351
Au      8.3685520642217490      4.1434215651907156      1.0249078799400402
Au      8.2898070431349833      4.0347345686066651     -1.8030683331138260
Au      8.1247296749049305      3.8243556442196667     -4.5688539049367201
Au     -2.8348252121741879      5.6057265564915593      4.0411204919523893
Au     -2.9756257206668941      5.6191671997864265      1.2951469186053712
Au     -3.0549881531615743      5.5096310001218223     -1.5549398101385359
Au     -3.0669587816232231      5.2853313825621377     -4.2953633342038335
Au     -7.7296989728627219     -4.5533336467069532      4.5858728507325601
Au     -7.9419760088905740     -4.6766147910118470      1.8180544352663053
Au     -8.0207210072122361     -4.7853026701875985     -1.0099213325196175
Au     -7.9628297923615490     -4.8751116814812541     -3.7865488391604081
Au      4.0210717007665790     -3.7105403069755054      8.4439779032671574
Au      4.0343400809297822     -3.9159720221922480      5.7153908788125340
Au      3.9716996876307231     -4.0605145878476163      2.8905145031350181
Au      3.8981773233364958     -4.1813099028110194      0.0521543389812006
Au      3.8136148907966607     -4.2787080736762988     -2.7867975633013709
Au      3.7188854014117778     -4.3513729615435599     -5.6135423168064662
Au      3.5535841614308907     -4.3557831427503269     -8.3448826409386658
Au      1.5435039960614212     -5.0503041162216133      8.5644566373735138
Au      1.5029187129792074     -5.2848572862743879      5.8384882128074009
Au      1.4455853150853817     -5.4265301103298400      3.0133539464504984
Au      1.3733304090863139     -5.5466400321065494      0.1749330920099637
Au      1.2875000629858095     -5.6447242769798933     -2.6639560002209004
Au      1.1874630622955928     -5.7202591126737508     -5.4904424321436069
Au      1.0760157610823402     -5.6955473689050313     -8.2244015769679315
Au     -0.4775593420479535     -3.1603256341647494      8.6575833946238490
Au     -0.5675527896846941     -3.2993629658058339      5.8469654886423834
Au     -0.6153818380832792     -3.4737532011264545      2.9984905973661347
Au     -0.6886464635554272     -3.5974642779187764      0.1574368646680384
Au     -0.7736226403156735     -3.6921625197343744     -2.6844055278387446
Au     -0.8845158013227941     -3.7368462599181349     -5.5361091514830703
Au     -0.9511311786640466     -3.8139657254418387     -8.3497570964534447
Au      0.7507325038640790     -0.6208916155534745      8.5338172439830515
Au      0.6558958805333289     -0.6962971940294007      5.7450184006325449
Au      0.6073893096432658     -0.8642187398448447      2.8801589629410302
Au      0.5349709999425792     -0.9872255157878769      0.0230450711718563
Au      0.4482587784544861     -1.0838553769004982     -2.8346840208857356
Au      0.3371455198604171     -1.1362471317857477     -5.7022399020761023
Au      0.2767144537464344     -1.2751483033546176     -8.4895562877189441
Au      3.5501850141345663     -0.9822916211501744      8.4617227660960079
Au      3.5042228387106897     -1.0975194415547582      5.6489638238613598
Au      3.4619813659433509     -1.2688883130497342      2.8002167538693108
Au      3.3918186699825332     -1.3909217374530898     -0.0409887955158563
Au      3.3037401998983613     -1.4872964870927605     -2.8826816710543399
Au      3.1872598737973830     -1.5350017108284981     -5.7341143442696278
Au      3.0766137154251680     -1.6359316570863092     -8.5456212175109734
Au     -2.9002731844251723     -3.6323779359296724      7.3208956754763532
Au     -2.9931135813884215     -3.7784891253813466      4.5147317876766246
Au     -3.0553249721203120     -3.9508896547020207      1.6588082456073394
Au     -3.1343322848198802     -4.0599385466436377     -1.1785757732267892
Au     -3.2312747186794821     -4.1072079896534106     -4.0383412511365213
Au     -3.2948154160546812     -4.1769387455145415     -6.8482561927132535
Au     -0.4504882929170354      1.4687628330214850      7.0691117662453768
Au     -0.5389348741983142      1.3819251634070475      4.2845998948441268
Au     -0.6017978455911639      1.2389713201369865      1.4021824371852429
Au     -0.6814256464911718      1.1290674458724346     -1.4574639170535464
Au     -0.7791276699462029      1.0504050042400672     -4.3413813881164751
Au     -0.8457247637841364      0.9232442349890724     -7.1249514368634435
Au      5.1636368851035810      0.7282427616311919      6.9287652741120134
Au      5.1254684292079729      0.6116942500354217      4.1199425464546922
Au      5.0888381112945194      0.4531269030456802      1.2627739750466618
Au      5.0098306755292370      0.3440790132854831     -1.5746117231728913
Au      4.8873069952892623      0.2829772101747395     -4.4331350706245383
Au      4.7690955674918678      0.1836832390489630     -7.2403918391814637
Au     -5.3311509623097670     -4.0995095832608905      5.9746339062979477
Au     -5.4350385815946085     -4.2667101022759981      3.1546103773660192
Au     -5.5315971486853890     -4.4292913018501103      0.3242591732291927
Au     -5.5928037398082271     -4.4844639199572303     -2.5112045086883170
Au     -5.6461288434034511     -4.5342546347391099     -5.3371477795891762
Au     -1.6520320212890243      3.5569001543069843      5.5808862024525423
Au     -1.7419607263897290      3.4719033742866254      2.7863922641020382
Au     -1.8269126661184005      3.3713540428372557     -0.0787023054555824
Au     -1.9015079205616487      3.2516940607719382     -2.9433500746475638
Au     -1.9671774185260027      3.1219283837285650     -5.7367984365574110
Au      6.7767069919991352      2.4479034167361213      5.3858546267622378
Au      6.7611288830244476      2.3284561034442177      2.5615364618019067
Au      6.7369241082982629      2.2050014731139429     -0.2723342973320013
Au      6.6033636709983057      2.1107040878198782     -3.1042808795293939
Au      6.4617301150885469      2.0131612387103597     -5.9259311724466714
Au     -5.6836647033455163     -6.4983133245266531      4.6864247933078280
Au     -5.6899686488603516     -6.7628518275814615      1.8528272169493838
Au     -5.7696751893174349     -6.8728660785725539     -1.0096701664043968
Au     -5.9213954018359534     -6.8264386529940033     -3.8511693855260578
Au     -4.1095506887797848      3.1202501802184388      4.3130550430772328
Au     -4.1842550450692801      3.0196471591280409      1.4556343085823054
Au     -4.2651134712860177      2.9080459039005984     -1.4481798590963439
Au     -4.3495142000743270      2.7890487521544869     -4.3046232748129913
Au      5.6216990630576245      4.5760199248561264      3.9685482496149946
Au      5.5695817005477739      4.4625105806141123      1.1189182959747956
Au      5.4892619917473704      4.3516503713666914     -1.7656056610194883
Au      5.3827173356586560      4.2461678553798174     -4.6140292042063358
Au     -5.3430581916455626      0.5397055043441715      4.4601935744145074
Au     -5.4160052532150909      0.4170655678366161      1.6208934399269399
Au     -5.4985820309914564      0.3030913111315701     -1.3446523650434941
Au     -5.5837766816051539      0.2074599501949038     -4.1846489389081576
Au      2.7943631396474569      4.9400760293742945      4.0644863746325015
Au      2.7232635979256972      4.8184339875635995      1.2250959538881800
Au      2.6406879625629145      4.7044596911336383     -1.7404506801138688
Au      2.5536468304269189      4.6078300201324573     -4.5803587471932987
Au      8.8756333949687942      1.3747330051509186      3.9784367622017847
Au      8.8871897858296496      1.1198527996672316      1.1439697415503649
Au      8.8074836671328853      1.0098400858809427     -1.7185288355973602
Au      8.6379040779620375      1.0466118864761422     -4.5591608899282114
Au     -6.5861108132439634     -2.0254419361352221      4.5621887734685460
Au     -6.6769583476219143     -2.1598944281874326      1.7144424090614057
Au     -6.7572784141710223     -2.2707550759082880     -1.1700808203930606
Au     -6.8250938371257988     -2.3552956935608500     -4.0203863907619262
Au     -0.0440241053922297      5.3187143007825863      4.1153545597077450
Au     -0.1339358440279581      5.2098868261141176      1.2586734178753676
Au     -0.2147933483658919      5.0982854317496109     -1.6451411370333255
Au     -0.2839860778064693      4.9875118258627538     -4.5023247437468559
Au     -3.2821299525252443     -6.0240479775672737      6.0051513311727742
Au     -3.3201433882766258     -6.2719290889377213      3.2151646934535179
Au     -3.3699494632066416     -6.4009583414198747      0.3398448107643782
Au     -3.4802634202876632     -6.4929326152470610     -2.5352146020788759
Au     -3.5978644192157163     -6.4598359365764964     -5.3337835794742627
Au     -2.9073378539458843      1.0273794358190562      5.7914747041331216
Au     -2.9954267604365823      0.9093189852789758      2.9561252574343571
Au     -3.0631001416884778      0.7762130673009927      0.0554600108778748
Au     -3.1569927352289628      0.6863224873306832     -2.8461356826442796
Au     -3.2268395153766112      0.5863944687434016     -5.6826894775573304
Au      3.9958985660765380      2.8509997393411544      5.5172310872136174
Au      3.9357661862647539      2.7419409882909083      2.6834310708914133
Au      3.8737639839283871      2.6017209618349622     -0.2078572006074505
Au      3.7747161996566563      2.5196546971254516     -3.1003495562240868
Au      3.6770626185811279      2.4109313716094674     -5.9331180173845253
Au      7.2705189618841448     -0.3176242297277847      5.4919992199882151
Au      7.2887098515198989     -0.5351137832499537      2.6992787063271435
Au      7.2076374143293780     -0.6810494557517568     -0.1745229187136941
Au      7.1285898758635806     -0.7561146692718956     -3.0511046954909369
Au      6.9547856073350145     -0.7534091299319734     -5.8469418133790914
Au     -4.1433883675679342     -1.5503799469255979      5.9130277743211428
Au     -4.2323986803441302     -1.6750539294729427      3.0806320898940718
Au     -4.2986800873188971     -1.8175882350982864      0.1895527679330525
Au     -4.3934488716179949     -1.8973407694492694     -2.7031459397027313
Au     -4.4622250550288616     -1.9904493658281419     -5.5373173859117326
Au      1.1603736954633801      3.2270249354658187      5.5936697193441489
Au      1.0939929803672137      3.1207026123983663      2.7572643921117641
Au      1.0241527977272638      2.9864252902740773     -0.1432962536670056
Au      0.9324274635370996      2.8977062246294079     -3.0449981599443676
Au      0.8408730857070902      2.7860403732907848     -5.8804967874964857
Au      5.6618369950192244     -2.0322237482663428      6.9966688135017217
Au      5.6806936887797352     -2.2407019674894979      4.2152112320988069
Au      5.6101294024216823     -2.3883089748669719      1.3666266821624191
Au      5.5306128638473249     -2.4980593500394974     -1.4890453975282556
Au      5.4424712581121195     -2.5695026273307353     -4.3400675625003577
Au      5.2686468664822588     -2.5749178954298637     -7.1239640074931536
Au     -0.8607419852870984     -5.5593585614147356      7.3138470470514436
Au     -0.9057985543305793     -5.8023968185027250      4.5354978087686266
Au     -0.9580375514988394     -5.9400944802173825      1.6860233257630224
Au     -1.0375540227809468     -6.0498458310258716     -1.1696466150943934
Au     -1.1440212828309022     -6.1312000795525918     -4.0197763098647599
Au     -1.2539332708429201     -6.1020540857466532     -6.8067801528471827
Au     -1.7042435126583948     -1.0686008573114472      7.2486169890083074
Au     -1.7936179231699407     -1.1853143994042314      4.4183330332663280
Au     -1.8524386597788176     -1.3379699871426554      1.5401210769113303
Au     -1.9322924897277236     -1.4481865175064947     -1.3276544953539393
Au     -2.0338166524355232     -1.5168445179137007     -4.2079048951717528
Au     -2.1020951659378078     -1.6177290299159370     -7.0393843159089826
Au      2.3652898128009019      1.1320302092988244      7.0507241077562348
Au      2.2988661318049952      1.0277267403801524      4.2193242913685358
Au      2.2422219180401641      0.8762482863942922      1.3410058663160647
Au      2.1623682277810778      0.7660323776377281     -1.5267708201236863
Au      2.0586669492409650      0.6961973737707450     -4.4069168501183276
Au      1.9674385341599208      0.5829022508881614     -7.2372802088773351
Au     10.1908158044506134      2.7611397494302889     -3.1738367045532980
Au     10.3166498985464443      2.8466403238514610     -0.3966711201666555
Au     10.3455052455512373      2.9746475333784312      2.3815611104364702
Au      7.0017849713197089      6.0548051116707526     -3.2467775045492817
Au      7.1820440678775999      6.2404534434572323     -0.4398218818082542
Au      7.1584279304811176      6.2710103726194140      2.3787711173022048
Au      4.2465124293918803      6.4467821702264239     -3.2617189708650924
Au      4.3299704379638255      6.5030482973500998     -0.3704995771307446
Au      4.4074112329765001      6.6688625384188898      2.5166766473367805
Au      1.4382977990282475      6.8045284962692296     -3.2011150395950283
Au      1.5104045815685554      6.8597724923626018     -0.3057008381378108
Au      1.5994107761645835      7.0269043323177929      2.5849422608572636
Au     -1.3393598006978442      7.1208503181825842     -3.0592432808772294
Au     -1.3373060427841830      7.3128245045571374     -0.2438188693199029
Au     -1.1825066076131581      7.3373446824032982      2.5737877300413228
Au      5.8602114963498124      8.1603642022616167     -1.8607183738955699
Au      5.9371083414368293      8.2665005889485048      0.9008909264884087
Au      3.1189218800443967      8.5506014946453028     -1.8026730265961173
Au      3.1960011928116421      8.6569906372410141      0.9654919897962732
Au      0.3633366712406502      8.8491151474841061     -1.7324150502975417
Au      0.4401382715316883      8.9551209692881848      1.0257662855393623
Au     -5.4482470153712583      4.8989410328861318     -2.8594327895598184
Au     -5.3982403174858273      5.1168452852904993     -0.0463406040279900
Au     -5.2913914817066106      5.1154341682222757      2.7735980632157102
Au     -6.7075642486086400      2.3995971851091786     -2.8049943921771376
Au     -6.5754957082196279      2.4872642381379655      0.0875036240908520
Au     -6.5464483167458480      2.6219714275612214      2.9810626385732468
Au     -7.9428169387438707     -0.1446847904945872     -2.6689753446611761
Au     -7.8181016619671855     -0.0661090577126882      0.2202373710784440
Au     -7.7819159541453038      0.0773957540447465      3.1094195498574653
Au     -9.1149669068143879     -2.6604465058652722     -2.4630532968621144
Au     -9.1573772498446377     -2.5952072264064450      0.3547298567041132
Au     -8.9583230363177400     -2.4442392845396275      3.1624946765905109
Au     -7.7195706293016917      4.4782264125031670     -1.3393539356530262
Au     -7.6427668587704973      4.5842312260085603      1.4188272359792462
Au     -8.9763612469068939      2.0099911180989527     -1.2145000204513172
Au     -8.8992802909890560      2.1163798539001855      1.5536644771075134
Au    -10.1478316277591016     -0.4961015025147675     -1.0822804824237662
Au    -10.0709342850455155     -0.3899643653616527      1.6793289033249872
Au     -8.0952710414003839     -7.1271963707587327     -2.2846215368112404
Au     -8.0266238527075853     -7.0726182536991216      0.4953245997203194
Au     -7.9405800002313640     -6.9136849927161821      3.2707759192978183
