         216
Au Au   -791.38909170   nogrup     0
Au     -1.2275183550863875     -7.4689509060499812      8.0202629544578521
Au     -0.0176960254320549     -4.3023760104064390      6.5906346873526864
Au      1.1340295980602937     -3.5868004332061929      4.1111458965386731
Au      2.2431638352220054     -2.8377922413079375      1.6182607822709727
Au      3.3433678806964711     -2.0767422177409394     -0.8830622385937907
Au      4.4312926482367478     -1.3077449719342695     -3.3800215260459368
Au      5.4773391750611351     -0.5085116325808148     -5.8901685509375330
Au      5.2818035462732196     -3.1744164835158521     -6.7389783908203693
Au      4.1697198855523885      4.8167358647091181      7.8791898290684870
Au      5.3576272820311859      5.6710483905323050      5.5566010320037336
Au      6.4549036458876268      6.4262919781184973      3.0705276426916086
Au      7.3941871573915048      7.0376301666401577      0.5643738907762916
Au     -5.8004135272620649      3.3084403098501114      3.0845826189243724
Au     -4.8333883880076804      4.1347307885307245      0.6180973680163930
Au     -3.7031997601602540      4.9153860747612930     -1.9225744175470574
Au     -2.5569512400287353      5.5423633656701092     -4.3371045798612045
Au     -6.5498219200366643     -7.4245448316518097     -0.5204127490526282
Au     -8.8238905383886621     -3.4605215589449827     -3.5034648271192967
Au     -6.6913810668839915     -4.7236856560846245     -4.5426937857319682
Au     -3.2777808071518604     -5.0994489057634418     -7.8505665549006665
Au     -1.0464060274053779     -4.9766531566720822      9.0013377139788666
Au      2.3321242349049944     -5.5818456637518779      5.6222168032118667
Au      3.4234094797252967     -4.8521171337457538      3.1157847046770151
Au      4.5131413518064543     -4.1069841887155558      0.6094013426393161
Au      5.5983964637787178     -3.3482101397211395     -1.8921667636576416
Au      6.7626141295492177      1.9655449247286088     -6.0938799427175212
Au      6.3433621541913610     -2.2266091050755739     -8.9824991840547117
Au      1.1646600122450890     -6.2493720373336430      8.0508195277890060
Au     -0.0850444358157719     -6.9651048772525872      5.6573631148647650
Au      0.9995838034273524     -6.2293122219675308      3.1909228215666552
Au      2.0853454544206418     -5.4967424347276754      0.7078235568048648
Au      3.1644936168029645     -4.7437847443731833     -1.7877338672802416
Au      4.2355686296670374     -3.9765858633270650     -4.2839557764173719
Au      6.5457464333752116      0.2869506397078752     -8.2500550057052067
Au     -2.5519200051211981     -5.5463629682134989      6.7187804867455014
Au     -1.4104352101008997     -4.9351648779135839      4.2216195629962243
Au     -0.2689803431216770     -4.1918722924077692      1.7187682239024120
Au      0.8438000528200947     -3.4375036445841438     -0.7796335263325354
Au      1.9394459641729831     -2.6647468461454196     -3.2792658076875654
Au      3.0037911416172753     -1.8573682473759607     -5.7926657126573229
Au      6.6852226988069834     -2.5719299816473900     -4.3794129899433170
Au     -2.2815700087395965     -2.9190240393488764      7.6079110694342162
Au     -1.2472930766846015     -2.2111787487431673      5.1335328501927258
Au     -0.1040662586276380     -1.4749918827529491      2.6193169455993761
Au      1.0076242424472062     -0.7138125223199649      0.1082308889813817
Au      2.1094270045794672      0.0592960927711008     -2.4049261078435791
Au      3.1861273174948086      0.8595915257480362     -4.9331218983302989
Au      7.7133166401849520     -1.7414465695236148     -6.7942342318422551
Au      0.2265655605657390     -2.5503536465362249      8.7563750130621294
Au      1.3151478189337586     -1.8124160915691894      6.3332492382161050
Au      2.4704650046338212     -1.0943908045020345      3.8427724373499395
Au      3.5775282239056119     -0.3443306067292031      1.3490900879673511
Au      4.6684885014370998      0.4217886682650454     -1.1455886569837439
Au      5.7141919813403135      1.2230483292135279     -3.6565320872976805
Au      4.0673834791929648     -1.0648398213975945     -8.2516419777022829
Au     -3.9228573094906563     -6.1644403977108659      4.3162178431344280
Au     -2.7910558246957438     -5.5312690417900274      1.8292207909601466
Au     -1.6592516339574830     -4.7855728795490613     -0.6849186411437849
Au     -0.5527622883660365     -4.0186210534679638     -3.1696793226765578
Au      0.5235631545873431     -3.1999872957295796     -5.6779843013747016
Au      1.6017269975524353     -2.4304651990484132     -8.1000875868405888
Au     -3.4911991004604119     -0.8594610375467635      6.0935879960006396
Au     -2.4482699868145819     -0.1250527443062772      3.6305638739947987
Au     -1.3164534205444296      0.6308092630963476      1.1061681581218146
Au     -0.2108248109513511      1.3980898403108446     -1.4035804176218249
Au      0.8891492480315448      2.1889183983330383     -3.9397074944194390
Au      1.9969313174226364      2.9113601865112364     -6.3819707254499782
Au      1.5481183404842347     -0.0905991390219913      8.4855423799000995
Au      2.6448369826450513      0.6618412906205338      6.0646806117509513
Au      3.8054952204668058      1.3901930786099284      3.5708018228673204
Au      4.8995256680351265      2.1442809703063497      1.0899722266582010
Au      5.9491716702379023      2.9392657387353496     -1.4312621139557500
Au      6.9940627937571787      3.6642640163617122     -3.8825573735960308
Au     -5.2949310191190939     -6.7812851344884510      1.9249438198525866
Au     -4.1541337242829064     -6.1310474758974820     -0.5821558554682049
Au     -3.0565700734615087     -5.3881713323782190     -3.1000782443220061
Au     -1.9462558613105698     -4.5588239146564451     -5.5648944588968838
Au     -0.8479074671058082     -3.7810845987987047     -8.0030230938323630
Au     -4.6841791728714552      1.2149176120991561      4.5771663639289315
Au     -3.6472442928079345      1.9750231106185931      2.1031223196355135
Au     -2.5494358028814630      2.7531343432776705     -0.4107699708180874
Au     -1.4211063796820531      3.5139325516144670     -2.9261581796008684
Au     -0.2960828206531333      4.2396087567229479     -5.3797944370157555
Au      2.8766243875284592      2.3778582588237103      8.2102777573352164
Au      3.9743910805911673      3.1443995495290245      5.7727813591503612
Au      5.1356720458695344      3.9141239452853385      3.3266852262883333
Au      6.1627646163393175      4.6517049421543808      0.8117325172970844
Au      7.2239886892483991      5.3728645727491893     -1.6557621156339586
Au     -5.2534016187881702     -9.2712379109644534      0.9500056645974411
Au     -4.2620675290425964     -8.7013182338191868     -1.5119163920317220
Au     -3.1770112328931903     -7.9576771004437639     -3.9865080857870616
Au      0.3307276844664058     -5.8173832345852841     -6.5476957236317368
Au     -6.1323091927163924      0.6089965063128249      2.2308655622366942
Au     -5.0699780408828277      1.3874318109561541     -0.2905250984717114
Au     -3.9235246327777222      2.1533102307476160     -2.8266079680469574
Au     -2.7749868241019748      2.9215081658648274     -5.3427497407273901
Au      1.6562832546246711      4.4832642786803980      6.8436381875149159
Au      2.8079021643232105      5.2604044710675355      4.3453419071438191
Au      3.9300514736979024      6.0330056928591977      1.8036286674450821
Au      4.9991243632310631      6.7852661784358705     -0.7408067690292057
Au     -6.3391345546604647     -2.0526705848228124      1.3222541585440943
Au     -5.2644209429954802     -1.3119178568424266     -1.1556869356651376
Au     -4.1037929498987262     -0.5281217431260830     -3.7276910298692751
Au     -2.9691191200567539      0.2340938387908009     -6.2338551327265268
Au     -0.8715539112203267      4.0783390916688731      5.6261089183448512
Au      0.2410703641475060      4.8318296234666738      3.1272090625507580
Au      1.3935695458565365      5.6252579372514901      0.5192015209137537
Au      2.4839000074255089      6.3887405604591141     -1.9910312432838211
Au      5.1172500649781476      1.0818769192544524      7.2311802417180822
Au      6.3215396535918398      1.7780551265770983      4.7995077890929743
Au      7.4181811094815702      2.5324149207778377      2.3112233611819804
Au      8.3871675977962550      3.3323532402763671     -0.1900015124951260
Au     -6.4947489629920092     -4.7753763061175007      0.4301497511330759
Au     -5.3808767864612586     -4.0667780055371807     -2.0915154977577224
Au     -4.2575116032714933     -3.2726174951122609     -4.6365334524209150
Au     -3.1436117956900169     -2.4524120162203076     -7.1368879242382413
Au     -3.3896215443568445      3.7011033014882249      4.3793270471451713
Au     -2.3040697869219020      4.4616210862331878      1.8563781423433952
Au     -1.1739662729086968      5.2415082058931812     -0.6963993244581665
Au     -0.0540909082771434      6.0012873202901753     -3.2099028201010746
Au     -3.9397383900300067     -8.6945755324798188      3.3098630061907173
Au     -2.8350793527707672     -8.1669983528931720      0.8616738946652660
Au     -1.7872643696567392     -7.4404816489543215     -1.6250284941121045
Au     -0.6967523770106631     -6.6859967337808843     -4.0960629769689785
Au      2.7803715673605307     -4.4733090417096459     -6.6377672783209611
Au     -4.9394579498058855     -1.4529288258699715      3.7329266566116281
Au     -3.8562785435306166     -0.7281469884460092      1.2301121666552213
Au     -2.7266729340211504      0.0388231576662017     -1.2952511370074973
Au     -1.6128325898074487      0.8310007118918170     -3.8431739955196296
Au     -0.4891434135613708      1.5945227425820372     -6.3373427947065881
Au      0.3347589837453724      2.0019406397045683      7.1135656884920380
Au      1.4195268874939349      2.7678969474840871      4.6133343878963267
Au      2.5748680379485194      3.5224893397923078      2.0806638848916101
Au      3.6632144126120827      4.3145484331380182     -0.4714572859368253
Au      4.7754357064331963      5.0618557959543988     -2.9686504802481544
Au      3.7910885977860946     -1.3840473372724711      7.5101336480073293
Au      4.9835092071533822     -0.6864899224987111      5.0841766185854880
Au      6.0956303452423262      0.0480998996604631      2.5732089275168946
Au      7.1893954053025091      0.8295755528284845      0.0716527746464486
Au      8.1609246615807276      1.6236547224500413     -2.4154824294210293
Au     -5.1271593462466321     -4.1107166245561153      2.8224729573650045
Au     -4.0375092793816485     -3.4188042471855020      0.3304912594456297
Au     -2.9056564809387657     -2.6549631387854582     -2.1943977582888401
Au     -1.7994651511828326     -1.8492470225847049     -4.7303016301167524
Au     -0.6750405940788325     -1.0995993513614994     -7.2267356485051053
Au     -2.2094088977443458      1.6099313884440853      5.8775338314739010
Au     -1.1189175666620210      2.3699443679980905      3.3817959065721617
Au      0.0233223298993839      3.1310626760920841      0.8376653955745326
Au      1.1315352829348793      3.9235098246280504     -1.7146907157399944
Au      2.2358405936396055      4.6726852794164060     -4.2151334369414712
Au      2.4741928337932610     -3.8446199850847531      7.7852253509524516
Au      3.6630671997266626     -3.1540513164703636      5.3559451476863451
Au      4.7732528604998246     -2.4228536074726943      2.8468730893473300
Au      5.8716229703505567     -1.6691620639916316      0.3429731246426506
Au      6.9594668704606555     -0.8898941666478493     -2.1529224713252262
Au      4.2910180044910371      1.5923029834828606     -7.3649053504866497
Au     -2.5792016549401646     -8.0793425066772091      5.6922627987913579
Au     -1.4765877168770480     -7.5608007464091109      3.2644215955222613
Au     -0.3889059751464078     -6.8238882083829093      0.7828278174184931
Au      0.6871045802304228     -6.0877375755767780     -1.6970567934730880
Au      1.7611749984921201     -5.3220497878215394     -4.1975068586387927
Au      7.9368109021968456     -0.0799800289868973     -4.6244231901359409
Au     -3.7383580826648934     -3.5029792597939746      5.2294964474482164
Au     -2.6397715424422841     -2.8263371596286166      2.7327322602172082
Au     -1.5069574645816051     -2.0734574936897632      0.2127668621837771
Au     -0.3978964890307216     -1.3000781032672242     -2.3017936389052025
Au      0.6930729628702420     -0.4969143762138470     -4.8357263515002149
Au      1.7969213041524725      0.2606679597373347     -7.3228157816220794
Au     -0.9960447465132309     -0.4635163571636207      7.3739583465968295
Au      0.0806666799493236      0.2862647120283022      4.8773282606000592
Au      1.2303619014820424      1.0276377210532681      2.3531648833739354
Au      2.3413994272929979      1.7951727926517429     -0.1664504903298898
Au      3.4239957666661689      2.5948833735587922     -2.7048552297171931
Au      4.5313315340119091      3.3468234942422859     -5.1934160893620298
Au      8.5501105978175147      5.0054596462589647      2.0228099722780080
Au      7.5519077873066092      4.2752963009408917      4.4996280185095792
Au      6.3985221930571017      3.5247115478380282      6.9022439820900807
Au      5.2007998125173964      8.4107511962767632      1.5344211217032502
Au      4.1781880790680495      7.7443134641278792      4.0672653931022609
Au      3.0169282972008324      6.9075629911103622      6.4864660999435877
Au      2.7264878547629374      8.1025633660466987      0.2581142175671047
Au      1.6221114381944173      7.2778334831069342      2.7995959056291575
Au      0.4790243354491841      6.5570127263354543      5.3530390879158389
Au      0.2148689948149345      7.7151538687898116     -0.9703716016464590
Au     -0.9051757114987662      6.8883474964305531      1.5664417639264308
Au     -2.0349100259627186      6.1701053358127798      4.1264645283726153
Au     -2.2742338100204389      7.2833588853998457     -2.1278575175719148
Au     -3.4750155773274494      6.5830677038089824      0.3345078141414497
Au     -4.4715953851833854      5.7715062342295500      2.8452310804090040
Au      2.9246445477984744      9.6279720812476874      2.5233118583632006
Au      1.8532790691853585      8.8912379529705223      4.9531574369923845
Au      0.4411752277939563      9.3061649490789673      1.3229395826887895
Au     -0.6354754220750839      8.5670123885508520      3.7635332911589821
Au     -2.0138049079283080      8.8820186819284999      0.1133200887742767
Au     -3.0881484511626880      8.1455830232643827      2.5458504546867751
Au     -4.9928078622460408      4.1809279857642112     -4.3047855476647694
Au     -6.0915394978803956      3.5730263398021873     -1.8071380694541936
Au     -7.1873522368779392      2.6888656441965764      0.8042126863583086
Au     -5.2610322731004704      1.5389026288984091     -5.2253201983789772
Au     -6.4809194316304906      0.7910784441543504     -2.6734622287734346
Au     -7.6258032111019212      0.0501119972805633     -0.2059384089141005
Au     -5.4299928426884883     -1.1495318960770371     -6.1381498501061760
Au     -6.4963192018373821     -1.9736833042262427     -3.5963164398108241
Au     -7.6720517024111619     -2.7595710082612044     -1.0483616302651484
Au     -5.5601128111363716     -3.8371617136141598     -6.9474196351388731
Au     -7.7629951826248043     -2.5630570074160257     -5.8855792865528986
Au     -7.7328511739319348     -5.4197732568422623     -1.9873578519824235
Au     -7.4265216380468617      2.8464011162290297     -4.1588602443143419
Au    -10.2128688814800945      0.5975092592868236     -1.0572093908639317
Au     -9.6675369047475925      1.4195395074364550     -3.6694457994487895
Au     -8.4866900502176374      2.4441546553104456     -1.5487742509621611
Au     -7.6861509154676169      0.1344954522948880     -5.0703845711687752
Au     -8.8175067633558211     -0.8699245735245356     -2.6751075259107253
Au     -2.1014530934214268     -7.1284698048463095     -6.4032097743984338
Au     -4.4294588481459467     -5.9966033661263722     -5.5272882497543101
Au     -5.5216256810625168     -6.7727207409179133     -3.0235329939585647
