         216
Au Au   -792.02442846   nogrup     0
Au      1.9188912940782341      1.4833609074125094     10.1389131347224293
Au      1.5789306506633622      0.2374485236182844      7.7260307839856246
Au      1.2550500874479149     -1.1668187403150054      5.2909935832268609
Au      0.9157772294922251     -2.5085425442812159      2.8213190728001507
Au      0.5694527082760678     -3.8284616006534069      0.3314797251571209
Au      0.2181267186125254     -5.1187594696147798     -2.1637807593714307
Au     -0.1478168178876257     -6.3435594333948391     -4.6881073772777881
Au     -0.4754606897939034     -7.6420289648012396     -7.0748410683965304
Au      9.4843130451241464      2.7466024457425675      2.0038249174365799
Au      9.2587976501449969      1.5159078856761368     -0.4772260944096667
Au      8.9134632026267280      0.1997547729342699     -2.9599556189523959
Au      8.4619260540517480     -1.1499614399506628     -5.3464715613714731
Au     -0.7632329329751054      7.3681342726706527      0.9587111894041271
Au     -1.1259873630172952      6.2099311469313561     -1.5085444803025077
Au     -1.4740237067372250      4.8834886767899706     -4.0106858841311812
Au     -1.7812359168300063      3.4883007333200249     -6.3600353171082986
Au     -8.2916107923239135      0.4232964455256756      5.7080090809632189
Au     -8.7634991268527980     -0.8395945904923878      3.2782961464883726
Au     -9.1088357927888044     -2.1557449568224278      0.7955654903910867
Au     -9.3140037582105126     -3.4732589960201734     -1.6422902293568908
Au      3.4926392167118601     -0.6023960013450074      9.4168189271777152
Au      3.2159097824913352     -1.9837482345138397      7.0710032326560075
Au      2.8759673121181621     -3.3336678384148257      4.6078963105306876
Au      2.5312799874166987     -4.6661999497741977      2.1215675578645179
Au      2.1826868520653733     -5.9759102962713726     -0.3763170379028402
Au      1.8324861661911491     -7.2562751582585872     -2.8748705959148859
Au      1.4424816550938857     -8.4159919881647554     -5.3224247573286068
Au      0.7550536379970679     -0.9601965215031085      9.9872823712744356
Au      0.4188179098622054     -2.3493267751022984      7.6538667750432339
Au      0.0847394098297956     -3.6984802751539485      5.1895382728615083
Au     -0.2585475059623793     -5.0308285394013259      2.7029173861615892
Au     -0.6085408105267988     -6.3407215062014419      0.2053247720287743
Au     -0.9646057162002869     -7.6218531764483117     -2.2920060313725568
Au     -1.2951042813108038     -8.7737932946782600     -4.7519590879279079
Au     -0.6265343952306014      1.2762988267763296      9.1185514183921779
Au     -0.9898100626146616     -0.0546516683723675      6.6642487743841894
Au     -1.3261343568915493     -1.4446384174828673      4.1941613128860826
Au     -1.6716362266092775     -2.7809072381663080      1.7067379858464946
Au     -2.0200968392708383     -4.0894797177612459     -0.7949561084581340
Au     -2.3798452332585924     -5.3523774673136808     -3.3291580865892523
Au     -2.7033732294283164     -6.6389816970171740     -5.8124987026737767
Au      1.2608825614522270      3.0163641150584168      7.9427232219243109
Au      0.9130038540606452      1.7504378992322973      5.4792922926128149
Au      0.5764949230329759      0.3589131721437122      2.9916449666899148
Au      0.2306444127377887     -0.9840878570895342      0.4896044503861789
Au     -0.1213680207131124     -2.3007962682646470     -2.0255175933637224
Au     -0.4848687100606636     -3.5771583354481091     -4.5704608760604568
Au     -0.8179139016713018     -4.9063766446855048     -7.0024022918704221
Au      3.8239165146411946      1.8579704730434019      8.1911575828071932
Au      3.5092932938945927      0.5333795048635344      5.7267161387638996
Au      3.1791427069366747     -0.8558003753704178      3.2553425730558594
Au      2.8370688633030228     -2.1916223766233145      0.7672057714005556
Au      2.4851810536807832     -3.5006435118467767     -1.7337742260179017
Au      2.1192590481082894     -4.7643478995884223     -4.2666903381199131
Au      1.7470793209047586     -6.0573094156404732     -6.7398941639637826
Au     -3.1871185644782636      0.9960425232463139      8.0032153629733109
Au     -3.5547555456800732     -0.3381115936265062      5.5558904950898125
Au     -3.9048707005190271     -1.7254825500528597      3.0774808998629073
Au     -4.2513559008789121     -3.0460120361324607      0.5864902095605444
Au     -4.5992075750317420     -4.3187440076687755     -1.9530071424844122
Au     -4.9173743668538288     -5.5983341381457326     -4.4361383955402900
Au      0.5872261772400467      4.4951865017484636      5.6374627048457544
Au      0.2425450639572919      3.2195809354202236      3.1833044599727724
Au     -0.1020202207232285      1.8457006444442092      0.6680624827354507
Au     -0.4512235647836332      0.5148099344894248     -1.8424717690958348
Au     -0.8108092435425821     -0.7949834555977748     -4.3895980931538219
Au     -1.1460702873789481     -2.1107837967133962     -6.8237586507345132
Au      5.7230874153457725      2.1606041655750947      6.1464879936681367
Au      5.4158601309198833      0.8343456754986784      3.6865748609473350
Au      5.0940117700636627     -0.5493326583007101      1.2022757846121186
Au      4.7475277544458905     -1.8698642167355048     -1.2887143469311395
Au      4.3714110201944338     -3.1462922609022641     -3.8223210224359803
Au      3.9928363367911919     -4.4337772306132557     -6.2928652366409148
Au     -5.7548998932301219      0.7181294363556219      6.8766886999103303
Au     -6.1402781241516813     -0.6367925462565465      4.4257804540004546
Au     -6.5182146005929864     -1.9944961596315629      1.9639825379924556
Au     -6.8321551301235726     -3.2736836698073999     -0.5483401697406967
Au     -7.1362302171851884     -4.5464156454314768     -3.0541278996385799
Au     -0.0891606871005203      5.9624456411830948      3.3118450536961195
Au     -0.4355730460042672      4.6844339374274764      0.8478664225497354
Au     -0.7876468221205709      3.3606369363773365     -1.6719938096180922
Au     -1.1352560927211162      2.0177891114100976     -4.1823756088577646
Au     -1.4712100341287471      0.6951511125406300     -6.6241517519637112
Au      7.6236598021171185      2.4667038587896739      4.0888361323750697
Au      7.3358601379808848      1.1245339757706996      1.6175949776734964
Au      7.0378733279120684     -0.2227230587808195     -0.8608624609209308
Au      6.6439861910805922     -1.5123629956727682     -3.3565243843514607
Au      6.2423356247287121     -2.7978503137551085     -5.8419782756316962
Au     -6.8855200595656143     -1.7817713280287655      6.7756662856811367
Au     -7.2066948946400942     -3.2538430458845680      4.3613032835333581
Au     -7.5562464104969624     -4.5860604052597349      1.8482644162199904
Au     -7.9280822749882383     -5.7551998620677898     -0.7196428964469144
Au     -2.6670340422833898      5.7527817165898734      2.2403668802984402
Au     -3.0086920382949698      4.4293208798879462     -0.2720574611240201
Au     -3.3632897519716276      3.0778742307226103     -2.8213672735608633
Au     -3.7193759880042321      1.7420797186258352     -5.3252459879204448
Au      7.0091142752496705      3.9855207988410823      1.8112912370748013
Au      6.6859907478484084      2.6479285417053444     -0.6871945100858925
Au      6.3337509286323526      1.3054579269283251     -3.2195683610411998
Au      5.9610642794538391     -0.0088493976354855     -5.7235031777990972
Au     -4.5691943927612364      3.9896713017106533      3.4551212627590946
Au     -4.9139383926294116      2.6549902139044832      0.9688051375657514
Au     -5.2760747499150114      1.2748138550738037     -1.6346998516852915
Au     -5.6248550313631549     -0.0336717279392955     -4.1343407261589373
Au      4.4222369739049245      5.1648479754773771      1.5814669966291124
Au      4.0795358592045678      3.8304323429041522     -0.9052738754372198
Au      3.7174017212030908      2.4502538606049411     -3.5087789969181920
Au      3.3665822371840948      1.1414995175282427     -6.0079937748570886
Au      9.2017575429929099      0.3208316039413561      3.4233675541164157
Au      8.9003184170262362     -1.1486618055815701      1.0048924954063700
Au      8.5507681744971755     -2.4808822705241287     -1.5081446433141279
Au      8.1591990495365323     -3.6526051751347355     -4.0719384357982804
Au     -6.4798866345363164      2.2225129920328848      4.6221585132623524
Au     -6.8458071157800768      0.8793301995448231      2.1325898836434245
Au     -7.1980491524472967     -0.4631376065579000     -0.3997841869554790
Au     -7.5279433811058762     -1.7718487229332052     -2.9126376081161602
Au      1.8251640522301384      6.3399100284130672      1.3042730330578181
Au      1.4667032196121292      5.0142526679534285     -1.2046495945027349
Au      1.1121066558651276      3.6628049785472285     -3.7539594515570709
Au      0.7728247937188284      2.3292058034802077     -6.2613394339751860
Au     -4.3460401114441769     -1.5013524759198056      7.8728188373085981
Au     -4.6890404179180400     -2.9307729571532395      5.4882801778150174
Au     -5.0165643922390304     -4.2935351829402553      2.9738804273830066
Au     -5.3912435654661239     -5.6070214482616390      0.4399172413800576
Au     -5.7306859620428288     -6.7785356332061220     -2.0818376530106528
Au     -1.9921907669315542      4.2769869919647050      4.5593696277567926
Au     -2.3497465777687552      2.9523701027384912      2.0737215640375819
Au     -2.6976339458479397      1.5802060179051685     -0.4624757768406678
Au     -3.0582860527823659      0.2519749760952228     -3.0201870442950600
Au     -3.3933499356912002     -1.0631331559883126     -5.5140043840241661
Au      5.0953456726589215      3.6811500752006037      3.8757995001524606
Au      4.7671799444312546      2.3566638592958222      1.3890396616491492
Au      4.4234681928088184      0.9809367416925108     -1.1352998308733948
Au      4.0609005065933799     -0.3351328254411809     -3.6886421764173347
Au      3.6970998232066470     -1.6478900722771725     -6.1766630860758029
Au      7.3140955184608893      0.0226245321498713      5.4430564909874413
Au      7.0331991316751514     -1.3986796090298617      3.0455773055945130
Au      6.6711282457200411     -2.7659591499608673      0.5383773975402981
Au      6.3309978401557911     -4.0749329349829457     -2.0027836871239959
Au      5.9294534086777286     -5.2545654510780002     -4.5115983153985466
Au     -3.8981467578531572      2.5057026808139482      5.7498828601758643
Au     -4.2582223522545606      1.1770471068416244      3.2697719204625333
Au     -4.6066643255160402     -0.1992965872808221      0.7464174455859984
Au     -4.9645048039921482     -1.5147456729518338     -1.8079112081568471
Au     -5.2963984935502610     -2.8233310157913056     -4.3025814213578144
Au      2.5024213140505616      4.8644318564403211      3.6227727013010504
Au      2.1688520638148612      3.5429488098271005      1.1321265502628144
Au      1.8185713982026948      2.1704713009210699     -1.4035715793047636
Au      1.4603148125163221      0.8425522854972840     -3.9617813530712245
Au      1.1012651630122450     -0.4756912433354201     -6.4506005577434591
Au      5.4159241160849145     -0.2973299362683295      7.4645200102691831
Au      5.1391885678298488     -1.7062166333628226      5.0731232468645242
Au      4.7888028465353267     -3.0668704281627175      2.5897693929618928
Au      4.4400849872383548     -4.3959115310998200      0.0827250602049574
Au      4.0944687920936920     -5.6878764285586758     -2.4377064814016474
Au      3.6915960430726322     -6.8691250024077526     -4.9322352957183417
Au     -1.7911915918395929     -1.2392975560805688      8.9663529769471069
Au     -2.1385485640301294     -2.6574143165072455      6.5896724273539284
Au     -2.4686860966157158     -4.0154208609497521      4.1020985538289878
Au     -2.8174039984119532     -5.3444608166369099      1.5950538751757337
Au     -3.1832691801363509     -6.6390713647887587     -0.9211577257493690
Au     -3.5155214938175416     -7.8110903697601266     -3.4304008139316928
Au     -1.3191920857383539      2.7889144283324980      6.8607930901786212
Au     -1.6771632804118255      1.4680499222068171      4.3790014598870730
Au     -2.0202867552784523      0.0866095097805537      1.8720600891365748
Au     -2.3704830145229643     -1.2480647661353155     -0.6456119927091324
Au     -2.7305499227395775     -2.5466340845775264     -3.1941286955981654
Au     -3.0639614687087335     -3.8607759868558915     -5.6829001705310525
Au      3.1774321640472412      3.3766218723824206      5.9237770052190211
Au      2.8448207048725656      2.0590722739956049      3.4367009996808751
Au      2.5041038636743713      0.6779449616600952      0.9292585835234988
Au      2.1539083690884522     -0.6567298784690703     -1.5884127440847573
Au      1.7914362427201740     -1.9556143377379520     -4.1364281426657623
Au      1.4326662290745102     -3.2730699491557989     -6.6199159658865243
Au     10.2484773372409421     -2.0420239556533337     -3.5140768700559195
Au     10.6278458554218975     -0.7817389010627149     -1.0638609353609176
Au     10.9268679068440928      0.5434850156929425      1.3631050153446180
Au      8.1388478768651051      1.6542249949895584     -5.2201479124714059
Au      8.6012937532881555      2.9966672305798903     -2.7849994834563936
Au      8.8258039407045068      4.2723807444277870     -0.2813805150345043
Au      5.6193617446791011      2.7872408154165766     -5.5575855504433003
Au      5.9595700150088122      4.0854270025487889     -2.9947263669663786
Au      6.3249827410871040      5.4765323890312754     -0.4846311491978295
Au      3.0459474244005760      3.9400351027909615     -5.8151334174361438
Au      3.3753823016114199      5.2425283381105050     -3.2486848263415489
Au      3.7525050837628271      6.6328926429396864     -0.7354517010312440
Au      0.4967424212847583      5.0845689790588189     -5.9799460303963778
Au      0.7915955437887834      6.4883101945109845     -3.5497108983019690
Au      1.1846141498012412      7.7062062744999045     -1.0346090429789436
Au      7.7677225903739453      4.3861258825267093     -4.9819991865027742
Au      8.1049525894028189      5.6713914560619889     -2.5575336868080334
Au      5.2672587396348156      5.5457537775270964     -5.2526852812925338
Au      5.6052896162061607      6.8340707360320927     -2.8224646946230028
Au      2.7279819765361952      6.6371368892395637     -5.4723528675825985
Au      3.0647940202243884      7.9208070171600085     -3.0508974254155707
Au     -4.0433679722300679      4.4911808561354025     -5.0338684760925734
Au     -3.6955279037113811      5.9018461396581134     -2.6146746801753502
Au     -3.3554932139620273      7.1128164629593700     -0.0885317035294406
Au     -5.9548128308499537      2.7636448608225197     -3.9395364332047800
Au     -5.5591225069340355      4.0747955518335051     -1.3868940259111460
Au     -5.2482506302609568      5.4564986957590138      1.1401453508238886
Au     -7.8492234986049265      1.0269109307396007     -2.7509735855125999
Au     -7.4634265365836647      2.3310520776281187     -0.1976132787499871
Au     -7.1435960654085573      3.7161971130370053      2.3219816919682277
Au     -9.6693386675779998     -0.6732878249345751     -1.5092420658219172
Au     -9.4529290269275723      0.6369945992242267      0.9771770199135208
Au     -8.9823769535855291      1.9448624883047338      3.4295261518035201
Au     -6.2032154412622891      5.4698376668573143     -3.6112513712967882
Au     -5.8664009358467188      6.7535061610081000     -1.1897955138752856
Au     -8.0974085905252071      3.7990055922638457     -2.4677264120749691
Au     -7.7593743952630092      5.0873195862876353     -0.0375056384337213
Au     -9.9203454647954850      2.0743123288442074     -1.2961212796990331
Au     -9.5831114849939620      3.3595753967069415      1.1283446204918279
Au     -9.9567114670158556     -4.6828266302747199      0.6963168803163473
Au     -9.6405313119932696     -3.4308036502497234      3.1597008505607818
Au     -9.2783184674102657     -2.0973241544811536      5.5735001683966132
