         216
Au Au   -791.82903499   nogrup     0
Au     -2.8833953482939654    -10.6027204568918663      0.9985041091479658
Au     -0.7603320166577449     -7.6670019565673009      1.6486369116764408
Au      0.2347804735195902     -5.5746318203671006      0.0315395233745654
Au      1.2033361356597434     -3.4441459825286902     -1.5579748628532997
Au      2.1677444018332581     -1.2995341333356087     -3.1428006375501596
Au      3.1229704994416663      0.8438871044778296     -4.7127432889247540
Au      4.0607041738019261      3.0168962170082159     -6.2173971135703514
Au      2.3079462007045697      4.6417632527190689     -7.6903273221019894
Au      6.7041852735429064     -3.2797505254841592      6.8910498547222971
Au      7.8086275060408514     -1.2190127780592146      5.4556045967165510
Au      8.7709873587421843      0.9109861134191579      3.8799595790767469
Au      9.5333610782754672      2.9867826174221950      2.2550937072973127
Au     -3.6477375922984825      0.9385009599427132      6.3136417154020883
Au     -2.7748597784110145      3.1040554986732953      4.8565906031435446
Au     -1.8042725906098427      5.2560251184238487      3.2674632749684207
Au     -0.8007352020836287      7.2447197402234220      1.6453303438746865
Au     -8.8859073903782093     -3.3860947830880050     -2.6996951891298515
Au     -9.8538567911583748      1.8582133633922497     -1.1765129813868818
Au     -8.5288844182934636      1.3586351436428368     -3.5486884206814935
Au     -5.9845966850169905      2.9016369792229586     -7.3340033803481575
Au     -1.6354187471947770     -9.7037409817261207      3.2004639397825692
Au      0.7718165140217950     -8.1996306354277557     -0.6879410733081883
Au      1.7140710312111340     -6.0694071669690537     -2.2907685173450467
Au      2.6628878888143861     -3.9299305786400485     -3.8835885485228605
Au      3.6183497781259151     -1.7865945852815237     -5.4623241657186643
Au      4.5998615652742849      0.3543205616826572     -7.0195784136197563
Au      5.0266943549179519      5.0370758281139425     -7.6884854345979541
Au     -0.2262472223700651    -10.2207227616426195      0.9302686561860725
Au     -1.9632283312307315     -8.7326482220412025     -0.6737943344400747
Au     -1.0199243762751751     -6.6257971514942433     -2.2445551920330296
Au     -0.0764389218776531     -4.5093300532878438     -3.8298246107288545
Au      0.8705690089396543     -2.3682931297766050     -5.4097429798812016
Au      1.8252479675745319     -0.2194209141350161     -6.9758452212591671
Au      5.4963937379351142      2.5217735623737960     -8.4242000416649780
Au     -3.5345756837431601     -8.1583386762165055      1.8577803946417717
Au     -2.5912972768395575     -6.1188963319584424      0.1636220332548746
Au     -1.5963853349122128     -3.9887828492193673     -1.4503674156189774
Au     -0.6205920048812502     -1.8489504833265595     -3.0462020538242847
Au      0.3463195422040635      0.3092692615349328     -4.6295876109695175
Au      1.2894499442690848      2.4991730771907399     -6.2136344316598517
Au      0.9988793903469191      3.4530520324028018     -9.6671117300320137
Au     -2.1669439927470782     -7.1175027102714949      4.0552132146307613
Au     -1.2810537504700457     -5.0129576002477005      2.4795996460400325
Au     -0.2894132821562385     -2.8804219979938708      0.8537014447116924
Au      0.6852044452289816     -0.7290431326461171     -0.7432344289616530
Au      1.6549235659779524      1.4320797249345558     -2.3301026747002140
Au      2.6051171329254057      3.6244085090920102     -3.8967180013547775
Au      3.6028087857884232      5.7042277794893721     -5.4519856596795808
Au      0.4197151879477024     -8.1337399339600509      4.1421141522578360
Au      1.3726517152909643     -6.0571711033225153      2.6013428990912679
Au      2.3715182106087171     -3.9571213568576020      0.9775077388522355
Au      3.3391807240705749     -1.8264954017440314     -0.6102261338627990
Au      4.2989210199257881      0.3173524920662985     -2.1814135254577032
Au      5.2385255700993731      2.5020848500240875     -3.7175987162165729
Au      6.1658952021579783      4.5964753509935576     -5.2663724453999663
Au     -5.3450819017307261     -6.5793121607122611      0.3555432466062918
Au     -4.3994649795622491     -4.5336011178924487     -1.3185701597470576
Au     -3.4112903430861783     -2.3936595639743743     -2.9377338023740656
Au     -2.4343805545993389     -0.2538523631805365     -4.5153115572673688
Au     -1.4739676284419174      1.9389922379033182     -6.0717599801224296
Au     -0.5300802590079354      4.0816353820531797     -7.5998379507677498
Au     -2.6878181023392163     -4.4443312230526679      4.8226515691005147
Au     -1.7825576447775704     -2.3330196535391163      3.2660041791439411
Au     -0.7939492380822013     -0.1783153291750974      1.6446263344072918
Au      0.1797107205831767      1.9789127376134390      0.0529963833269171
Au      1.1475664370374672      4.1688291387257026     -1.5355449870696845
Au      2.1214598057672198      6.2429799310840153     -3.1067353086298510
Au      2.5267314375460153     -6.5298390404056281      5.0722607925496952
Au      3.4930261017198712     -4.4475109390210701      3.5396406265669214
Au      4.5010872346866675     -2.3399192993723865      1.9188492050512629
Au      5.4609188207579757     -0.2142094931981315      0.3476079253859048
Au      6.3933426742012500      1.9745812397085292     -1.2066717680251529
Au      7.3073435031826524      4.0666860774608766     -2.7613671993360285
Au     -7.1583826617782096     -4.9875186800884492     -1.1281539073548927
Au     -6.2023027672654187     -2.9218443595226748     -2.8064247199761425
Au     -5.2498298938568473     -0.7844035567812995     -4.4129043447379068
Au     -4.2518587230401961      1.3721118220012674     -5.9326344359609902
Au     -3.2802537631934578      3.4701419766740464     -7.4822282717908895
Au     -3.1897858073498844     -1.7585232706641047      5.5928136847253747
Au     -2.2733241974001288      0.3725190659521314      4.0406569371184098
Au     -1.3030923186341721      2.5399503374364922      2.4522204503480509
Au     -0.3240085854178612      4.6943368628101769      0.8499365766059839
Au      0.6593416629673328      6.7777083466308294     -0.7341406334952403
Au      4.6409923620296398     -4.9181785726533516      6.0037436751448183
Au      5.6123383938227160     -2.8153214109426692      4.4685824221661683
Au      6.6440171922013054     -0.7155773227906881      2.9059015552144700
Au      7.5327858055257337      1.4353680783921101      1.3253199720173257
Au      8.4554868990435459      3.5339636335778897     -0.2476960103942325
Au     -8.2155958844693462     -5.9095429221637215     -3.3951867224713546
Au     -7.4257624098937409     -3.9070496081825823     -5.0363527325400241
Au     -6.4806590890310476     -1.8093532301507000     -6.6058913164361943
Au     -2.7963418069796329      0.8545884418726715     -8.2403915817709610
Au     -5.0369888186849776     -0.2038169860826464      4.1686207342176260
Au     -4.0836142413154590      1.9687754071088683      2.5602971632618043
Au     -3.0998649458519005      4.1484373337050657      0.9520365283025001
Au     -2.0925402644864386      6.3063292431054494     -0.6579413664132581
Au      4.1402602859867619     -2.3197986023638002      6.8991210033610564
Au      5.1592416224060083     -0.1747127526182553      5.3092310922280035
Au      6.1431475747996194      2.0039579627523771      3.6971475955978370
Au      7.0727983080538195      4.1784862696674203      2.0893815922036261
Au     -6.3613305820157775     -1.2955018992691851      1.8878095760413878
Au     -5.4167714025338478      0.8488697510695253      0.2794893428945251
Au     -4.4175891407397936      3.0655694611363176     -1.3510727059178613
Au     -3.4108368410899499      5.2144974972832188     -2.9418752878369077
Au      1.5113696419355864     -1.2701881199126994      6.7457845979956339
Au      2.4863754293264311      0.8659765598370583      5.1531851711713514
Au      3.4965180559942661      3.1031011965019442      3.4975524750541886
Au      4.4557632927831250      5.2562386046814318      1.9123692907530021
Au      6.0681978336097870     -5.4390185784694278      3.6903258560040975
Au      7.1130173502360687     -3.4052871093217671      2.0756188410391871
Au      8.0747611343194308     -1.2744523992348107      0.4989425882369964
Au      8.9375358643764997      0.9162440539596499     -1.0110844131298045
Au     -7.6841359313723139     -2.3597044023176252     -0.3955637384597246
Au     -6.7301523143863431     -0.2324815515966385     -2.0270094705951109
Au     -5.7546401563945038      1.9419495223020178     -3.6202814134251859
Au     -4.7361001581839810      4.1129504620030950     -5.2095188182328869
Au     -1.1082863941593217     -0.1792436541561173      6.5866037461564275
Au     -0.1540399605090863      1.9816750379986541      4.9911821234085174
Au      0.8349247979258594      4.1720068014348382      3.3712463200804734
Au      1.8251032472193234      6.3205075309399614      1.7721881149332432
Au     -6.4693179520179225     -7.4949489458816068     -1.9437286954579349
Au     -5.5891404180265383     -5.5492719701541109     -3.6458887471324033
Au     -4.6838630096259717     -3.4375168615603346     -5.2221569324886783
Au     -3.7276898737730511     -1.3258669871170650     -6.7847316986560884
Au     -0.0268123100739761      1.3714126817543377     -8.3914312232525958
Au     -4.5442263309821822     -2.8711498925437215      3.3914262915232669
Au     -3.6112587702607675     -0.7416659834819246      1.7772666535366923
Au     -2.6149491791764277      1.4284916294643999      0.1536065159325197
Au     -1.6383634489257384      3.6286351715303198     -1.4440171036555611
Au     -0.6421663464715038      5.7618776201534390     -3.0298283589626003
Au      2.0282189900900836     -3.9372767914657345      5.9547493690139248
Au      2.9794942188639251     -1.7858810338304512      4.3817799491917668
Au      3.9886385325360836      0.3683437516253747      2.7522382336761382
Au      4.9474854513918531      2.5728040067073952      1.1583893828384113
Au      5.9225097128111805      4.7002997897627621     -0.4376244543446575
Au      3.9558148062566030     -7.0509187551090413      2.7611352323041736
Au      4.9902343467886485     -5.0179322334355216      1.1555664672040429
Au      5.9543967595526617     -2.8862233061284233     -0.4541786386371847
Au      6.9229481915133544     -0.7277836385008367     -2.0202809704653326
Au      7.7916083500186222      1.4476963041443014     -3.5248737057186155
Au     -5.8543484258848872     -3.9343322692995617      1.1252130252984287
Au     -4.9211519913188688     -1.8360140604693758     -0.5055749509041974
Au     -3.9257341236952117      0.3288657813850921     -2.1248612612193156
Au     -2.9507919022943163      2.5306911885533090     -3.7054407350046095
Au     -1.9700290740523658      4.6606496669648019     -5.2945177614430747
Au     -0.6089450678830818     -2.8633445969093803      5.8061576099620673
Au      0.3467773515312786     -0.7213559401867080      4.2282698272287362
Au      1.3452778428827370      1.4478492433444190      2.5972234211946734
Au      2.3204057615664366      3.6517036137226455      0.9951986904998549
Au      3.2881693305868644      5.7839468939073164     -0.5990385599960568
Au      1.8519910304540568     -8.6577754896213683      1.8310890269054596
Au      2.8793037673595219     -6.6255302138890482      0.2197243013563543
Au      3.8398527373429046     -4.4965499521080883     -1.3907140055572711
Au      4.8004754535867935     -2.3549944077059024     -2.9783354342049826
Au      5.7659035662123381     -0.1991688371977460     -4.5376779671604659
Au      6.6535631516959413      1.9755808830665673     -6.0320639685101245
Au     -4.6650179295292435     -9.0748602763057242     -0.4574973468186592
Au     -3.7865461565716432     -7.1439635396878103     -2.1506283019117092
Au     -2.8405472293877154     -5.0296930708760943     -3.7326471364594500
Au     -1.9026407054519843     -2.9153947236203575     -5.3104516549644316
Au     -0.9605614487760413     -0.7704262076812416     -6.8781705807948228
Au      2.8143011522937620      1.9259836876670304     -8.4843720360773727
Au     -4.0356670241516355     -5.5208085126395989      2.6220726342861091
Au     -3.1046937897312379     -3.4307425984603857      0.9832309179072105
Au     -2.1146530839170561     -1.2796963911977119     -0.6369930574166851
Au     -1.1351186502850028      0.8851464733840366     -2.2336169754459299
Au     -0.1688001802903381      3.0792318896436708     -3.8192867500455030
Au      0.8152428969065151      5.2102014595345603     -5.3866486431948815
Au     -0.0886029332053893     -5.5366775728070650      5.0180619433189158
Au      0.8489629067891451     -3.3964575411446383      3.4392916475107782
Au      1.8480599558948188     -1.2558077319868701      1.8087113451149932
Au      2.8233787660840397      0.9050823635173781      0.2122574034358315
Au      3.7813780763955975      3.1045391368995610     -1.3651108006505481
Au      4.7586791908746804      5.2264721913367786     -2.9504175616501200
Au     10.0122736409343869      0.3813772477084481      1.4947229253081069
Au      9.1477785090322872     -1.7420127346898528      3.0441127818679838
Au      8.1239661706800526     -3.7987533498367281      4.5870848183156241
Au      8.1726508959894488      3.5591395580819833      4.5919504729931866
Au      7.3182310169578582      1.4411263893323714      6.2304009458465828
Au      6.2574942234311282     -0.6838958557304977      7.7326009995171141
Au      5.6210244418965010      4.7068947554487623      4.4387055165377127
Au      4.6332396909285007      2.4906780281966894      6.0104754254572867
Au      3.6502395451860430      0.3407349787314065      7.6723996578174969
Au      3.0081321393560216      5.7729117166464183      4.2798138749728274
Au      2.0071066475711685      3.5608901130355726      5.8523623087173888
Au      1.0360456658636170      1.4054597971292315      7.5158525957226558
Au      0.3973982298411927      6.7425156562791928      4.1312650936944095
Au     -0.6329689333750746      4.6906677675467350      5.7649074003743550
Au     -1.5231072983867340      2.4910176709108454      7.2805366999437702
Au      6.6796165023107612      4.0278313920374700      6.8705072818697417
Au      5.7402038647576141      1.9457384563711280      8.4124180710224188
Au      4.1230290198932824      5.1112163497780729      6.7613693484543376
Au      3.1791913314590792      3.0200504931492604      8.3109464247819105
Au      1.5502379870739402      6.1268439926543916      6.5696564743055959
Au      0.6091659790341308      4.0430658775557831      8.1142908328870433
Au     -3.5442350716913977      6.7300776869963119      1.6813261757245961
Au     -4.5535946266471861      4.6653785462454849      3.3360939040877540
Au     -5.4768241200518686      2.4601293281241485      4.8448310827946486
Au     -4.8378899479855102      5.7459013441001705     -0.5845992521483581
Au     -5.8760740748515206      3.5579935276589101      1.0375711804759113
Au     -6.8297516484813423      1.3543462984944625      2.6725533975937559
Au     -6.1746984061749313      4.6383061379903321     -2.8841178441441038
Au     -7.1973873151163437      2.4640521457802933     -1.2407686233554678
Au     -8.1678104004503851      0.2605205213878783      0.3676374820973685
Au     -7.4584198481387132      3.4695535992454412     -5.0798856409019439
Au     -8.8813572317750502      3.9804784301806055     -2.7552334610942495
Au     -9.3892623745889097     -0.7667761748839812     -1.9329534894817932
Au     -6.2595443010791962      6.1577101322765735      1.7764179193051923
Au     -7.2294990089516560      4.0251909563709090      3.3605192642983930
Au     -8.8673180433087637      5.4695953120779404      1.7746451242862484
Au     -8.6094913566115192      2.8745037662556392      1.1689305701510158
Au     -7.5580974433474033      5.1763034080282893     -0.5442354868189661
Au    -10.1249328141495045      4.4272033890277864     -0.4021182137814350
Au     -5.5041649162945019      0.3055514005034876     -8.0833816780983003
Au     -7.0778677522212865      0.8262030868912671     -5.8957798088444218
Au     -8.0361959367419757     -1.3065500146882396     -4.3209728891799895
