         216
Au Au   -792.02442846   nogrup     0
Au      0.3231036857137997      9.6002465765679013      4.0510364751891998
Au     -0.4045344276043048      6.9971425101550482      3.6217780787821141
Au     -1.2459255372200335      4.3177464822176947      3.2765760123842576
Au     -2.0391456901057801      1.6296639836700457      2.8770387489412492
Au     -2.8149670281206607     -1.0686842328041157      2.4546184240948268
Au     -3.5687957218937889     -3.7613190572484072      2.0118160961908274
Au     -4.2727178564996180     -6.4566022199949167      1.5156226120299934
Au     -5.0406172810383794     -9.0550530281604562      1.1305866786712926
Au      7.1740084028294087      1.2573083606288771      6.9616185550363081
Au      6.5363221067302204     -1.4223563318620016      6.5957896042530137
Au      5.7627170269687493     -4.1130015413893020      6.1745727303745124
Au      4.8836959441791903     -6.7085370184406905      5.7145763388556610
Au      5.2982294558620060      3.4852939809615227     -3.9462077906023456
Au      4.6385782638291797      0.8648194877444402     -4.4544888701173502
Au      3.8589237278476669     -1.8468628459243206     -4.8789970797002775
Au      3.0177434076980880     -4.4463575993700015     -5.1878902617851308
Au     -5.4403085559751663      6.7728657693222951     -5.1032024220665662
Au     -6.2528286822293868      4.1696453073293043     -5.6362442930385050
Au     -7.0264375804982517      1.4790002204451476     -6.0574572601126668
Au     -7.7306327874842946     -1.1929779385429260     -6.3502341713174051
Au     -0.3233864088247080      7.9770786395920492      6.1236824689416718
Au     -1.1369317393808993      5.3806086508608901      5.8337661874159163
Au     -1.9383712783641949      2.6959799685842487      5.4398203999714809
Au     -2.7240655752992966     -0.0036053717914042      5.0260627572109815
Au     -3.4914250774024795     -2.7056296066946626      4.5942104448916563
Au     -4.2360122445743480     -5.3981679312840036      4.1463720646058011
Au     -4.9160574712212970     -7.9964825307199909      3.6230541904762728
Au     -2.2660569438371470      8.8265040684722393      4.2656364671760123
Au     -3.1218297574497296      6.2484982442980437      3.9353319550256423
Au     -3.9191081143564022      3.5620499994023569      3.5453668932449531
Au     -4.7038097387355382      0.8620303463933849      3.1325603968900779
Au     -5.4721636320024647     -1.8395588035610846      2.6997576084381318
Au     -6.2209127477180477     -4.5302767602757648      2.2479397672614603
Au     -6.8587306931816059     -7.1470549988172341      1.7650108983815525
Au     -1.0839789662354233      8.9927846053190024      1.7675492082902977
Au     -1.8850632595433696      6.3264431258418785      1.3481616287833003
Au     -2.7152760742614728      3.6213067073971685      0.9746813826290950
Au     -3.5042214056458674      0.9195815981009305      0.5617598794352876
Au     -4.2698618510835429     -1.7856190451351228      0.1282398174056194
Au     -4.9989620753534929     -4.5038503695695429     -0.3472962814696654
Au     -5.7364242734162776     -7.1886505802814220     -0.7656196181173485
Au      1.6045432192654263      8.1820010188383385      2.0628670699990135
Au      0.8660977734437667      5.5265348479199012      1.6209694318600469
Au      0.0379259435873314      2.8046124213770862      1.2425050576838679
Au     -0.7538061231700839      0.0871159083635087      0.8279648688462107
Au     -1.5253979061254350     -2.6327083057393210      0.3913041602367446
Au     -2.2653569942837528     -5.3648251327460894     -0.0840501577175488
Au     -3.0522857199909650     -8.0146885145836553     -0.4726923327998716
Au      2.0741896020241426      7.6118878090384330      4.7881461812353177
Au      1.3076308920053168      4.9304501050971066      4.4017798795244971
Au      0.4818002049564933      2.2233974889366506      4.0324890150509152
Au     -0.3047110828234119     -0.4793913562044727      3.6218927777840424
Au     -1.0727828988486410     -3.1835289897668755      3.1860455486997648
Au     -1.8062633180422933     -5.8998449854831918      2.7063182120720004
Au     -2.5782506405488768     -8.5695489692401257      2.2549726791973264
Au     -2.5400911439759719      8.2750406795038014     -0.5223627120667071
Au     -3.3475537461298241      5.6148019916792329     -0.9414767265479727
Au     -4.1818537133449869      2.9050348631916378     -1.3300605972287487
Au     -4.9580358023102988      0.2054383816229954     -1.7526756023349490
Au     -5.6872939807747116     -2.5229208059243113     -2.2154172005819435
Au     -6.4161395350675576     -5.2060351764229882     -2.6327936462681727
Au      2.8546481884723738      6.6468491163823700      0.0540113230916237
Au      2.1084549677331332      3.9962265587984818     -0.3775698215244621
Au      1.2952048517287231      1.2559067513020841     -0.7800457599595028
Au      0.5129343000797375     -1.4648707161408723     -1.2059777860058585
Au     -0.2512256456930104     -4.2108633199093948     -1.6623723993827735
Au     -1.0282088402051253     -6.8579269397293228     -2.0601333390382752
Au      3.7828491282685510      5.5103597521760905      5.5251471106393417
Au      3.0182568914961543      2.8313767928538565      5.1470324394159395
Au      2.2040180769821989      0.1128386139999691      4.7776311818028798
Au      1.4278385490731340     -2.5867589715681252      4.3550134833347638
Au      0.6785244371434267     -5.3063483673157510      3.8730850170786830
Au     -0.0931885416038369     -7.9707185743617686      3.4147068601034540
Au     -3.9962361876023476      7.5488524532636454     -2.8228189851340897
Au     -4.8296953285644140      4.8811697198890869     -3.2471934812008350
Au     -5.6590889173476757      2.2012484988023955     -3.6676386854817755
Au     -6.3796111170636660     -0.5095048602322105     -4.0910894404161278
Au     -7.0906382243153399     -3.2136113798592660     -4.5076555061243955
Au      4.0978465629421610      5.0893594916330143     -1.9578354290795872
Au      3.3506337132860184      2.4290919919623351     -2.3927586741407989
Au      2.5742302645452400     -0.2974999550452466     -2.8274827889497161
Au      1.7832348463644478     -3.0224051169424211     -3.2461786128181114
Au      1.0018379402657969     -5.6787211933339616     -3.6435546579628504
Au      5.4975799209225888      3.3977198298678970      6.2574378913443880
Au      4.7333682475638330      0.6997600355211704      5.8992878432346743
Au      3.9607107060527644     -2.0049683543960146      5.5331007702130552
Au      3.1834591710600977     -4.6909163783781551      5.0553852848759746
Au      2.4031914161236227     -7.3647469874715181      4.5725891375476895
Au     -6.6216005450470394      6.7978394127785906     -2.5374215305410068
Au     -7.5198641856587933      4.1144423639853169     -2.8404075683001873
Au     -8.3029165149170510      1.3909514816678374     -3.2667624298321831
Au     -8.9571085008315006     -1.3251576669628058     -3.8090552810993463
Au      2.6801872380167824      4.4387912808627288     -4.2825871362305961
Au      1.9085035812745090      1.7175403606959376     -4.7066765853456705
Au      1.1141505018892714     -1.0452599250818286     -5.1391863568313507
Au      0.3227769733113361     -3.7603990731171848     -5.5661508629615000
Au      6.8078284293916891      1.8922164033738467      4.2855383566132037
Au      6.0325886688377484     -0.8238180846510064      3.8878571327401090
Au      5.2435146580244041     -3.5682652420397556      3.4582181239662120
Au      4.4600273201158771     -6.2735778519540819      3.0071956522369145
Au     -0.0426459223474138      5.2803408901426119     -4.5660777327218671
Au     -0.8301013148623237      2.5800541773900614     -4.9788160413709779
Au     -1.6413422398866153     -0.2414800723351771     -5.4205201177089410
Au     -2.4074895020520923     -2.9446950950719515     -5.8536869209477622
Au      6.3379386532015713      2.4904609712876331      1.5365607129172201
Au      5.5519338146570085     -0.2104596269810823      1.1252057426633453
Au      4.7406956711817880     -3.0319948090987534      0.6834993184633209
Au      3.9731032245192166     -5.7345766615743017      0.2489450492826890
Au      4.7944015560121933      1.8062352752364887      8.3812855888315827
Au      3.9101467726937420     -0.8832857596835879      8.0916898840171196
Au      3.1270981418661052     -3.6067768882773414      7.6653313924628730
Au      2.4589054867489111     -6.3167629420624110      7.1096415655501790
Au     -2.7643633148579703      6.0776138930981976     -4.8696764146760527
Au     -3.5699744856095279      3.3748582933559232     -5.2964001146802495
Au     -4.3590517752096529      0.6304120140855423     -5.7260360512993103
Au     -5.1121752835637633     -2.0881781789339744     -6.1480097777800893
Au      5.8679828706631891      3.0449439965324352     -1.2336552059539994
Au      5.0843764427475442      0.3289063585546206     -1.6691506317696660
Au      4.2900248935638281     -2.4338945238669432     -2.1016617667567372
Au      3.5105770229626834     -5.1542477596882481     -2.5172225791671288
Au     -5.1737718246730573      7.5021522557877454     -0.2704689954891393
Au     -6.0558662242434522      4.8642599824979671     -0.6026591179955139
Au     -6.8507342979272554      2.1257145817216241     -0.9965521955607972
Au     -7.6289147376776043     -0.6068734436488459     -1.4591506587168306
Au     -8.2756003440758974     -3.2861485026845045     -1.9593507066645817
Au      1.4305407087140538      5.9875258162422069     -2.2698881059819547
Au      0.6437994292810294      3.2932953558211810     -2.6977493492854370
Au     -0.1659168193509726      0.5346350991611528     -3.1104340938526240
Au     -0.9434395462354495     -2.2271993411769913     -3.5619700489872486
Au     -1.7082772336796550     -4.9294359224213835     -3.9789138976923155
Au      5.0857142729662934      4.0139208735317542      3.5438965279147538
Au      4.3158882787977486      1.3139787605954023      3.1394062388280002
Au      3.5033910497630405     -1.4355425443579861      2.7356314140016345
Au      2.7337091166106173     -4.1889323258325675      2.2779345712660781
Au      1.9534190338024209     -6.8803809326331837      1.8384112774639085
Au      3.1005990534408365      3.8842133668404353      7.6434642151944292
Au      2.2625783844547236      1.2270508350362963      7.3534226841569943
Au      1.4431979207701722     -1.5007753955827141      6.9360778597951196
Au      0.6895367642611050     -4.2440830280376964      6.4969251851813752
Au     -0.0012173331900156     -6.9040882653193787      5.9545732669934779
Au     -1.2963308885096030      6.8044423834402430     -2.5601414084708827
Au     -2.0888026328320413      4.1144013344710864     -2.9862866369083498
Au     -2.9046580462651921      1.3663478659663317     -3.3932685428413931
Au     -3.6709870157476372     -1.3885084071772056     -3.8477535729345700
Au     -4.4286360515842542     -4.0898573753854901     -4.2656176843011835
Au      4.6200491385286462      4.5929280773162784      0.7806825594922628
Au      3.8503300855097504      1.8912548378278000      0.3691001217482786
Au      3.0389166284676303     -0.8666631666256386     -0.0452109598278554
Au      2.2630939542014934     -3.6292402442602665     -0.4951227087348045
Au      1.4812365280014013     -6.3240345273843168     -0.9283468219520925
Au      1.3830671245862227      5.9582285702630848      6.9084234723501723
Au      0.5561910732349942      3.3102109366429135      6.6175648784661369
Au     -0.2558636588342718      0.6048647384061132      6.2140089685824709
Au     -1.0370448791180911     -2.1121295221385026      5.7886688243886812
Au     -1.7841426087315160     -4.8296054042331473      5.3432924060276239
Au     -2.4796950042754844     -7.4766790080822467      4.8052141860642745
Au     -3.7313106055827916      8.1944720796856050      2.0168305579456813
Au     -4.6083037877988584      5.5683677563471647      1.6780404514911780
Au     -5.4059910836749268      2.8567388189523264      1.2882290452983280
Au     -6.1871749939264387      0.1397443037776247      0.8628903549411451
Au     -6.9486434079348456     -2.5714484014083112      0.4037720438302639
Au     -7.5940812016329868     -5.2404342399794412     -0.0863726483645717
Au      0.1733795488134500      7.5161186277981438     -0.2582255581266537
Au     -0.6113256995045955      4.8267943902820019     -0.6870468710147080
Au     -1.4314278112400372      2.0914103097515886     -1.0819824124954467
Au     -2.2159229036517107     -0.6371023089321044     -1.5091247410157340
Au     -2.9710789595162836     -3.3805410447613706     -1.9718864810205581
Au     -3.7351781810444953     -6.0780353488501344     -2.3863605444042291
Au      3.3643149960519505      6.1208952447247693      2.7937109629507830
Au      2.5976065269235891      3.4237025249723056      2.3821011034382504
Au      1.7792132566646905      0.6875715458429532      1.9887971048616748
Au      0.9947191359896630     -2.0409409648036512      1.5616537053780561
Au      0.2378570681005239     -4.7836336471079139      1.0972581261658565
Au     -0.5442373476174893     -7.4732593699285328      0.6655713065656048
Au      4.8238887323492552     -5.5942514330346889      8.1843948009363192
Au      5.5781262131288329     -2.9580046812553427      8.6503599872104697
Au      6.3435915887027443     -0.3086310392816225      9.0118516197892635
Au      6.9276031730643899     -5.5982650937390961      4.1103504451468886
Au      7.7975881376931522     -2.9617847029797684      4.5982544833492689
Au      8.4664952379545255     -0.2459023117585248      4.9482549385654409
Au      6.4793022299831424     -5.1262801815386716      1.4044951735333679
Au      7.2201736481765693     -2.3664646526098849      1.8559425757180765
Au      8.0600064163408867      0.3715082352767514      2.2651645787935131
Au      6.0010517025142436     -4.5648375983884719     -1.3293263509990583
Au      6.7386066986981472     -1.7985138546322101     -0.8875824203662805
Au      7.5838526000285817      0.9402409522366444     -0.4675165402926318
Au      5.5119952347970651     -3.9239829948899274     -4.0099403552261990
Au      6.3374963261335857     -1.2445538352417262     -3.6895069475400399
Au      7.0529362625431222      1.4355002355402995     -3.1709243740420527
Au      8.8648475744672908     -4.4007357590319103      2.5384916234096551
Au      9.6202968117731267     -1.7732340893602281      2.9498230949784183
Au      8.4358013812739880     -3.8609193004488205     -0.1438289706040745
Au      9.1930441603270889     -1.2271805711425525      0.2684783315454400
Au      7.9202476588343478     -3.2904141855785127     -2.8076656622300602
Au      8.6747598751476698     -0.6661740374815990     -2.3968457577132893
Au      2.2901976569291103     -2.5152699711929483     -7.0913869789875470
Au      3.1533001321446368      0.1477181247015835     -6.7349930287628350
Au      3.8311421316796608      2.8442115064689943     -6.2523729327176119
Au     -0.3861559435247051     -1.7720648932729635     -7.4382881812227390
Au      0.3984173994157603      0.9737008858693610     -6.9515798781620699
Au      1.1966507642055411      3.7330117697655956     -6.5764823666525416
Au     -3.0784069217505747     -0.9472210047241685     -7.7368520818299791
Au     -2.3051823297262208      1.7984493203778511     -7.2544682472480471
Au     -1.4976952719740986      4.5505655021354965     -6.8761882425374825
Au     -5.7096142353895587     -0.0727034214157332     -7.9763562295013068
Au     -5.0142212780803916      2.6401184269935891     -7.6554465852815783
Au     -4.1707140627433281      5.2796590437008319     -7.1384584254928729
Au      1.5824044977803466     -0.5192274822488745     -8.8694170122112599
Au      2.3369199279191655      2.1050118336694466     -8.4585989415381508
Au     -1.0481642776114315      0.2858927371501947     -9.2146490564339221
Au     -0.2909171689504637      2.9196311699494362     -8.8023443125688896
Au     -3.6871300764366177      1.0875514279488820     -9.4666916251709914
Au     -2.9316762345787364      3.7150526485322737     -9.0553636172407685
Au     -9.5143123028176078      0.6750679203814469     -5.5291966290661305
Au     -8.8049113459355990      3.3309203192754198     -5.1061238687262289
Au     -7.9946009618367331      5.9606868399930475     -4.7017477095807934
