         216
Au Au   -792.02442846   nogrup     0
Au     -7.5711788194292797      5.9198397896361055      4.0389122493911493
Au     -6.1838444025764989      3.7193226026694282      3.1886769004841629
Au     -4.8519685228792611      1.3683352994366640      2.3488912174730032
Au     -3.4628433615263705     -0.9429278266388392      1.4869054735191156
Au     -2.0471679834551826     -3.2440145447005824      0.6138100763343139
Au     -0.6133248963346727     -5.5212975083625127     -0.2652245061046727
Au      0.8746003152771573     -7.7537062953015221     -1.1645045054917738
Au      2.2162378830856140     -9.9889476946876883     -1.9973175495539994
Au      1.3786223685725472      2.3377163459467534      9.7028779118076471
Au      2.8526198240277205      0.1057725401507756      8.9499939956251673
Au      4.2642556386912434     -2.1887402976474943      8.0793902746760722
Au      5.5578686785481777     -4.4553523070080070      7.1253934514929078
Au      2.6391730710246506      6.9684523650947696     -0.5162468300753780
Au      4.1115178024733243      4.8210110955670338     -1.4000295363381046
Au      5.5341882767437056      2.5085555910814805     -2.2774378380708882
Au      6.8004745141650762      0.2045361749655092     -3.0826605812735464
Au     -6.1896977693395829      3.9752410800802398     -6.8845065309899187
Au     -4.8205991555513581      1.7659884112266293     -7.8672822709551271
Au     -3.4089693752181849     -0.5285286089224819     -8.7378838400359076
Au     -2.0104666917632472     -2.8178392798524694     -9.4619845766445270
Au     -7.6837318464568902      3.5873573628424320      5.4156271228616557
Au     -6.4080924830827772      1.2938354618251346      4.6409872276191919
Au     -5.0286947315980655     -1.0213794588289105      3.7797174291381364
Au     -3.6218706784564918     -3.3319769519450153      2.9089264128495635
Au     -2.1947638392437727     -5.6277441838412523      2.0319369679951613
Au     -0.7530542903554549     -7.8980474374949088      1.1533358318693647
Au      0.6967266784195065    -10.0345099916853115      0.2471189874640789
Au     -8.8492923639298500      3.8395448814798905      2.8610829403548728
Au     -7.5989883322589158      1.5515047238454596      2.0309159865555202
Au     -6.2170944779484287     -0.7642506666581674      1.1751192552209240
Au     -4.8096742324045110     -3.0749769412202035      0.3056356400378473
Au     -3.3831643788812964     -5.3706160007333255     -0.5726608441980066
Au     -1.9439523986950493     -7.6403799580969833     -1.4567342006225878
Au     -0.4688371433155578     -9.7823247000855282     -2.3074244877699517
Au     -7.2707101929134481      5.5251205011901288      1.3338946069438897
Au     -5.8938581816704332      3.2331497466659638      0.4517672678599709
Au     -4.5274025401207414      0.8792564382082499     -0.4075906066364539
Au     -3.1216205229131178     -1.4350363228682461     -1.2794230943066083
Au     -1.6906859191850034     -3.7316405076463388     -2.1570912066389667
Au     -0.2117976485741875     -6.0026649203205400     -3.0525528925377889
Au      1.2188006618597944     -8.2740176152746407     -3.9018755108077103
Au     -5.0704358705985015      6.2816950743454232      2.9336217514576113
Au     -3.6512120743940533      4.0404753842657462      2.0648181597783637
Au     -2.2705621028280114      1.6768935697862672      1.2015347314747036
Au     -0.8556620868814968     -0.6502005583620578      0.3262258231839361
Au      0.5821008940483383     -2.9599210761911472     -0.5578009447740282
Au      2.0628868531511251     -5.2474113550353048     -1.4592620550555315
Au      3.4270793947251530     -7.5304472733448824     -2.3070854607584330
Au     -5.3758762680606758      5.1151430714166661      5.4867780097675691
Au     -3.9783091263618764      2.8186902193732846      4.6500491682635676
Au     -2.6092249160126788      0.4642280906449354      3.7964511515206762
Au     -1.2019836970859354     -1.8503797768183521      2.9278167087286118
Au      0.2274931882831943     -4.1466665370237132      2.0469498815621598
Au      1.7037544336817234     -6.4171207538831032      1.1457277419007532
Au      3.1136400174178878     -8.6839907029703021      0.2510069544327678
Au     -6.9277540780013904      5.0228979855815892     -1.4064090511812379
Au     -5.5592222958622592      2.7319213682152759     -2.2913219469673276
Au     -4.1869309612493897      0.3778192634419675     -3.1659171182880810
Au     -2.7706023790813759     -1.9243326750075802     -4.0394163938068735
Au     -1.2898103161802461     -4.2077352285880378     -4.9244161573595466
Au      0.1450203643791173     -6.4734411583476996     -5.7684325324939252
Au     -2.5059885985619723      6.5459751192434377      1.7896316126943592
Au     -1.0988116368860128      4.3003842343205578      0.9258929981471944
Au      0.3125091006661669      1.9399154489482417      0.0489224385505374
Au      1.7399510636713917     -0.3802964899389902     -0.8314299089594694
Au      3.2069964264365942     -2.6984204622695405     -1.7296467928009207
Au      4.5792251986025194     -4.9705671114297614     -2.5800617752401109
Au     -3.1341250906302762      4.2020846163518852      6.9080409517801140
Au     -1.7398723906409885      1.9055439064075275      6.0794957172641979
Au     -0.3555445907751915     -0.4511604581855906      5.2312738625296884
Au      1.0607863525518906     -2.7533099801322605      4.3577738073932704
Au      2.5295475041837454     -5.0341057298157681      3.4463986020432191
Au      3.9386611525268105     -7.2942447296172466      2.5460138644828394
Au     -6.5754348615156992      4.5181557900806908     -4.1561194953296416
Au     -5.2172544958164266      2.2092446761804236     -5.0592002813374055
Au     -3.8497725349094254     -0.1080790711741617     -5.9573384886323435
Au     -2.3890689231063660     -2.3877949872312252     -6.8034411948755222
Au     -0.9289701072538481     -4.6598173464127326     -7.6384909383766821
Au      0.0696744034833667      6.7907575873466826      0.6385975657135230
Au      1.4837351156554959      4.5385737824604506     -0.2289326496923056
Au      2.9220672881410952      2.2204160990606776     -1.1140501460988625
Au      4.3438351849020824     -0.1103281869653090     -1.9928532397671823
Au      5.7190938197844625     -2.3919959157165582     -2.8455908158371379
Au     -0.8793489048256999      3.2857159712743460      8.3279200484293270
Au      0.5203786068834333      0.9678183631768609      7.5158872221060520
Au      1.9219031839660659     -1.3568667440146580      6.6923470896968027
Au      3.3485729820672425     -3.6292142212685867      5.7716429587848594
Au      4.7671317104953008     -5.8922447152011310      4.8455424682337558
Au     -7.9181125536795864      2.4092502426853883     -5.2909084249145932
Au     -6.6364807442917453      0.0086518459357192     -6.1238810424237862
Au     -5.2076178496133867     -2.3138759363802528     -7.0051105317700273
Au     -3.6564305348053900     -4.5178471414187547     -7.9192360282361918
Au      0.4065006681459846      6.3728818638906546     -2.1090189989857260
Au      1.8405718579918191      4.0574467937240497     -2.9823748655981026
Au      3.2900601031912919      1.7013976482474402     -3.8763233833105684
Au      4.7081620550921306     -0.6191881972857534     -4.7619996877336854
Au      1.6918708500941033      3.5917869955903181      7.2477232758313477
Au      3.1105697664900278      1.2686819655591530      6.3953908349889197
Au      4.5504324342586209     -1.0717126285854510      5.5073786750519389
Au      5.9760199077995626     -3.3717947811299558      4.6055424099455173
Au     -1.8409454538450212      5.6163165005054614     -3.7149412563236233
Au     -0.4351938057746541      3.3038570137337562     -4.5857909867307507
Au      1.0451081116619063      0.8977204481071475     -5.4987442312865884
Au      2.4742726393490524     -1.3977962182173727     -6.3762855138338708
Au      1.9872651654412548      4.7880248946411870      4.6753049069887158
Au      3.3938896090801856      2.4753790925766701      3.8063574739426596
Au      4.8741961970548005      0.0692454547137960      2.8934029360658897
Au      6.3024954989354089     -2.2260799233761084      2.0139569203118839
Au     -1.0687544392428929      0.9272810547168655      9.7207315289939267
Au      0.2212835423196537     -1.4751321360666036      8.9061704633940231
Au      1.6501516584244857     -3.7976560257003289      8.0249399497718343
Au      3.1929413745547448     -5.9998054817986839      7.0924000511515697
Au     -4.0512367299116541      4.8343980374486168     -5.3393738271773774
Au     -2.6507625226464104      2.5152312927658853     -6.2316355713964828
Au     -1.2109054019268957      0.1748331397404455     -7.1196458258183410
Au      0.2328977059033912     -2.1291950868484228     -7.9815492819270304
Au      2.3191071355584363      5.9590612390574726      2.0828223252139111
Au      3.7460264727870007      3.6451744472914624      1.1937854364114475
Au      5.1955175642809870      1.2891272498239572      0.2998357955642810
Au      6.6207755562427355     -1.0330041961421790     -0.5701606149860599
Au     -8.2493631782246162      2.9052102608268506     -2.5750969383849132
Au     -6.9763677685174752      0.5583747568231519     -3.4228967852822976
Au     -5.5571990110777190     -1.7938131302576270     -4.2829983762452484
Au     -4.1059688718728040     -4.1072779736101088     -5.1931707283566890
Au     -2.5893407517713594     -6.2947945231800491     -6.0658275215878579
Au     -2.1679712664363593      6.1176642060827868     -0.9609300799011971
Au     -0.7602348149548148      3.8156750333859648     -1.8441215838204448
Au      0.6691881750673663      1.4470766797173007     -2.7287937038307124
Au      2.1360628495318639     -0.8920679366773943     -3.6303680074163163
Au      3.5595546456824119     -3.1920545316287532     -4.4932922773444526
Au     -0.5703406860442772      4.5143390176324765      5.8164173126468945
Au      0.8438237143874814      2.2087947555604330      4.9617022560637789
Au      2.2621639309888222     -0.1577082389681363      4.0836193159744667
Au      3.7309006605312574     -2.4839494562984967      3.1811431328654134
Au      5.1453046247722334     -4.7760477814679954      2.2913835098119524
Au     -3.2849167688057253      1.8310719189079694      8.3054129725251720
Au     -1.9854791883028269     -0.5214837678248010      7.5155603474558816
Au     -0.5810166391739200     -2.8704868923201099      6.6232190212394357
Au      0.8849270378685457     -5.1871307509021696      5.7452844542422703
Au      2.3751181183060459     -7.3689238579782463      4.8146790499073404
Au     -4.3994294930293396      5.3428238489333690     -2.5757514885611128
Au     -2.9988529491219729      3.0402168854229754     -3.4602388750212176
Au     -1.5825288539620286      0.6741473710124644     -4.3427320395505289
Au     -0.1117825901982341     -1.6525324619840092     -5.2407955674649660
Au      1.3162037008284917     -3.9475732491139750     -6.1007810867377419
Au     -0.2543361651545744      5.7036199479076535      3.2331635925821516
Au      1.1636141025473639      3.3994217111997509      2.3723527538465525
Au      2.5920193260911684      1.0310441670673249      1.4854457894647748
Au      4.0599156647300294     -1.3083189819217456      0.5861052784546530
Au      5.4731961333807915     -3.6060941264045052     -0.2992007478859549
Au     -5.5151458710289205      2.7178527182589116      6.8801266372065104
Au     -4.2140691496530831      0.3785862084930836      6.0956798548655069
Au     -2.8245636359343762     -1.9545257941635859      5.2198570069535108
Au     -1.3991042205010062     -4.2715130628641669      4.3407280580224157
Au      0.0564499170678538     -6.5628521677968505      3.4619072519315512
Au      1.5334188602980543     -8.7391087502098763      2.5330411059850597
Au     -8.5836644166921747      3.3817757303022393      0.1548960741431014
Au     -7.3126555739203685      1.0490142198175820     -0.6954481519268843
Au     -5.9145289296228452     -1.2859627491790224     -1.5523743636657663
Au     -4.4890711932697922     -3.6029511782466441     -2.4315023171422689
Au     -3.0421409216930964     -5.8924276098019197     -3.3292187268992839
Au     -1.5351065883191208     -8.0751915836901453     -4.1921876252714654
Au     -4.7337832470450998      5.8435540817435099      0.1815694067042095
Au     -3.3275803199033658      3.5467215978446585     -0.7011933695859884
Au     -1.9267665134926530      1.1834548318452649     -1.5750129414428047
Au     -0.4952669273186641     -1.1433541394701816     -2.4578681220512486
Au      0.9783551360871854     -3.4522951387079015     -3.3568125635415846
Au      2.3983196210118405     -5.7492105570510796     -4.2170438826933143
Au     -2.8192905741668901      5.4293234195122588      4.3775402064707158
Au     -1.4022900074956759      3.1301549087259861      3.5184397880052121
Au     -0.0004510962406155      0.7666671321747462      2.6468643386965649
Au      1.4310495295621002     -1.5601409186815163      1.7640084799609568
Au      2.9036491743159139     -3.8688582253246251      0.8628194510032436
Au      4.3128182207234280     -6.1634368157568256     -0.0210741095688505
Au      3.8882689985266676     -4.5518342340557867      9.2580778042056693
Au      2.4833584398963811     -2.3252061712771477     10.1548183123048226
Au      1.1151901624011260     -0.0443938233290098     10.9683290090518106
Au      6.7597745036835217     -1.9134417085260145      6.8462698074892128
Au      5.4231333860670130      0.3688256659307290      7.8212569764620028
Au      3.9516790242307254      2.6509165034716622      8.5781172542981921
Au      7.1367676807629223     -0.8160941640110364      4.3166252233657580
Au      5.6470606133008925      1.5014637305353036      5.1992205088543546
Au      4.2523743950502952      3.8722790539821670      6.0955263670596622
Au      7.4453345832419426      0.3423387943658533      1.7513688622240586
Au      5.9526848069092093      2.6665175456778898      2.6242157711271084
Au      4.5571171069099243      5.0369300038527092      3.5326277396537282
Au      7.6752190740386101      1.5351549844522911     -0.7705159837365620
Au      6.3418315619657175      3.8864943635760785      0.0398847756617489
Au      4.8633895505358362      6.1055872095902384      0.9636314709331888
Au      7.8221438595758208      0.6237991968416776      6.5437656649696496
Au      6.4436352859364288      2.8644651940962049      7.3939374737080712
Au      8.1586921042938538      1.7741401193788380      4.0470117665813348
Au      6.7769106063091016      4.0201250378279827      4.8992014672221220
Au      8.4112487602744359      2.8933774798374108      1.5229628961703483
Au      7.0344512961528984      5.1312624175847716      2.3720788286865204
Au      5.7422085634857343      1.9533828876545871     -5.0070631806318548
Au      4.4313832862226263      4.2998434110957948     -4.1472204602255109
Au      2.9303859647807760      6.5238191819017555     -3.2729163618652786
Au      3.6131442091053101      1.1714793388190126     -6.6475761724269145
Au      2.1487079984419575      3.4895588444486294     -5.7129068414644806
Au      0.7249372032684189      5.8660769828045423     -4.8663200360071839
Au      1.4023430448338907      0.4246222555605241     -8.2514126045790714
Au     -0.0679490210791029      2.7379849532260092     -7.3262804338020588
Au     -1.4820382392375375      5.1130033898268499     -6.4725146132082845
Au     -0.8222911960351649     -0.2729587218927527     -9.7712097800504250
Au     -2.2636801224789047      2.0319776941380923     -9.0258121538914011
Au     -3.6303754781183453      4.2914068539273771     -8.0393663338334118
Au      4.6086798435160059      3.7161079142521629     -6.8110742312981589
Au      3.2318877147385043      5.9539968168640787     -5.9619591728442440
Au      2.4685167391524496      3.0052814543963176     -8.4240612949714269
Au      1.0867416922985855      5.2512706456749596     -7.5718730631378435
Au      0.2912247775196510      2.2532150769925932     -9.9616322082638344
Au     -1.0872774550683868      4.4938849614597318     -9.1114616573766547
Au     -4.7143549134396512     -2.6905330852422464     -9.5961334282087041
Au     -6.1461635657280027     -0.4580795043743464     -8.7583592999982738
Au     -7.4874221109918899      1.8169161540724432     -7.8858857660409694
