         216
Au Au   -792.02442846   nogrup     0
Au      0.5395107373817780     10.0695036396598177      2.6446349313890956
Au      0.0846586066168897      7.3752708598831065      2.7998522907848962
Au     -0.4280852112607536      4.6072887151665656      3.0855900410007173
Au     -0.9179512709797644      1.8274609980786041      3.3028828026175727
Au     -1.3998389883416897     -0.9641355038509793      3.4931616415648588
Au     -1.8708942612179298     -3.7509695787526098      3.6553000684910852
Au     -2.3179943882091889     -6.5434020021974071      3.7485678480614073
Au     -2.7920673820834097     -9.2304739697226790      3.9601481330473494
Au      9.1082165860386404      2.9068593827701572      3.1783430644354826
Au      8.7712762427276125      0.1546915898854468      3.3603275047959524
Au      8.2907642616883361     -2.6289326789301342      3.5500658263966400
Au      7.6856280116161786     -5.3342571542503965      3.7400758526901257
Au      2.6936371004521211      3.3633568582423679     -6.1010844690772128
Au      2.2708691839694244      0.6470362404258463     -6.0441118913433911
Au      1.7866003825875447     -2.1583535044785354     -5.8528932209325131
Au      1.2771548946877862     -4.8423889690645439     -5.5417715020901905
Au     -7.9514115211883825      5.4332571846148872     -2.9607646160835799
Au     -8.5247920060350815      2.7161034853759181     -2.8638720381451312
Au     -9.0053023046479161     -0.0675223537455514     -2.6741394520623807
Au     -9.3739960810011809     -2.8078631953430992     -2.3990478035956597
Au      1.0252755602364714      8.7069302216810218      4.9372123282047067
Au      0.5480149779876728      6.0311783478763292      5.2536641653310348
Au      0.0524752643589479      3.2547867685115937      5.4791292892762016
Au     -0.4346638369564597      0.4622893022269032      5.6814801268167603
Au     -0.9121779380636745     -2.3334909673761715      5.8600338117107782
Au     -1.3769273146616881     -5.1200877509281888      6.0137500911842920
Au     -1.8273841176944243     -7.8186366785421573      6.0636180758496216
Au     -1.6019965453831326      9.0960087844980819      3.9917574959497149
Au     -2.1363641354827623      6.4287138839053233      4.2876588663273640
Au     -2.6262752650764121      3.6514879712800643      4.5151489901189805
Au     -3.1120707154920977      0.8587915030877697      4.7179819743911082
Au     -3.5909296313249666     -1.9367905287374754      4.8960514516584670
Au     -4.0613073165268876     -4.7225541399602768      5.0477412000279660
Au     -4.4546557202773576     -7.4295601854391791      5.1181596340370312
Au     -1.5650057013903753      9.0122424197513791      1.2246288596018786
Au     -2.0731189583280445      6.2502561488900259      1.4252716078380132
Au     -2.5834454915302141      3.4539037701493958      1.6831405648837645
Au     -3.0728740475216254      0.6591156779127223      1.8877995163896717
Au     -3.5490463861571220     -2.1398716678572995      2.0644184358693369
Au     -4.0072579082173645     -4.9543052383635491      2.1889860737458360
Au     -4.4547834266354212     -7.7283810620332094      2.3656892574778254
Au      1.1006123452490075      8.5069444619958094      0.4423880744830715
Au      0.6384573933756192      5.7582996948353644      0.5955081134923041
Au      0.1303878599844159      2.9448862465728149      0.8495627151663143
Au     -0.3599352227667261      0.1340671772210174      1.0553736785907653
Au     -0.8406408166539427     -2.6803337749144944      1.2329852132953842
Au     -1.3065870692220125     -5.5094365866891906      1.3635321814439276
Au     -1.7918895563849473     -8.2494590682987283      1.5845278172202732
Au      2.7061114550836383      8.3797234137966203      2.7616401084395932
Au      2.2446887362865398      5.6108228888124048      2.9790855236364440
Au      1.7402864377276543      2.8135941097971737      3.2390872927924850
Au      1.2541464815108827      0.0183193373203716      3.4449317549178513
Au      0.7746846162656646     -2.7801805734539968      3.6203677090601634
Au      0.3105487449913564     -5.5937368537720094      3.7428050407796238
Au     -0.1836687068268033     -8.3608984851351149      3.9027066363752567
Au     -3.7004992371304812      7.8408226094757305     -0.1705618244145786
Au     -4.2151450734985279      5.0842922310832899      0.0324298978602933
Au     -4.7345839664459151      2.2808308679990708      0.2787780512348252
Au     -5.2166933283237844     -0.5120566626066179      0.4691436390301185
Au     -5.6684263725108961     -3.3346493840986042      0.6062706961484672
Au     -6.1080280293448199     -6.1061232244121548      0.7800729248542453
Au      1.6419364638114020      6.8233107057174305     -1.7547210579583616
Au      1.1762400110772282      4.0801932043731792     -1.5894851154499330
Au      0.6746303178904021      1.2466067559190677     -1.3616804248051544
Au      0.1887380318668934     -1.5681932162632100     -1.1698202419126993
Au     -0.2894307025111913     -4.4105110505501486     -1.0107472953000691
Au     -0.7698267235635776     -7.1481527779696119     -0.8024070787196855
Au      4.8506650434866962      6.5744624028769501      2.9066726298992851
Au      4.3939916840982054      3.8093472813819829      3.1305281974807038
Au      3.9016779421653736      1.0018699037227892      3.3866418155533466
Au      3.4195676744600876     -1.7910166020007878      3.5770098243824613
Au      2.9407074227028067     -4.6095917963242350      3.7043785610215672
Au      2.4431322814750960     -7.3724804363322072      3.8573207869797610
Au     -5.8390523960616685      6.6595693484674570     -1.5744965067801635
Au     -6.3782351844401513      3.8925209201599635     -1.3647140140685741
Au     -6.9103948188779105      1.1143582464387096     -1.1519567243130240
Au     -7.3409320180655628     -1.6844401428698550     -0.9845861119836483
Au     -7.7610733342524876     -4.4748158689658730     -0.8155717794680903
Au      2.1790388835665948      5.1165960126331598     -3.9495964033368400
Au      1.7124657156659282      2.3634017850503843     -3.7860705524445528
Au      1.2291688890338011     -0.4578380575005143     -3.6040740089970988
Au      0.7389048491683687     -3.2764834311853530     -3.4016490078144583
Au      0.2560104840446202     -6.0235978108472423     -3.1902666813877616
Au      7.0004096564553384      4.7581455772494543      3.0459312925022246
Au      6.5548688193389744      1.9772307279740544      3.2894164209728256
Au      6.0994339239487640     -0.8122935629287467      3.5297892159200597
Au      5.5921694631440957     -3.5997287069460064      3.6695531987463728
Au      5.0783829164696392     -6.3762360375936158      3.8048737451439525
Au     -7.9880104800172793      5.7152264296773767     -0.1503447844148535
Au     -8.5345445971979998      2.9440395393215519      0.1976771845538536
Au     -9.0209207081283616      0.1264323824465965      0.3897259372132620
Au     -9.4386615772804312     -2.6884781612260724      0.4224539687025715
Au      0.0545522030860588      4.0099657238639939     -5.3985201760169925
Au     -0.4209619987055286      1.1959526006167511     -5.2093764071690138
Au     -0.9143588754627556     -1.6623221851543075     -5.0145539250099551
Au     -1.4097073686638906     -4.4725652459910723     -4.8203431287701841
Au      7.6067027006355135      3.1146373723563805      0.8543636463928870
Au      7.1378673117540901      0.3092184835650942      1.0683884039473828
Au      6.6477472240730613     -2.5300670884219461      1.2619196790591065
Au      6.1484052731832310     -5.3333390434159114      1.4301957056973222
Au     -2.6417447041390885      4.5440637773079402     -4.5940764855884755
Au     -3.1299596777263616      1.7508589939482953     -4.3900082860280794
Au     -3.6338453837152160     -1.1681794203504152     -4.1910450998516673
Au     -4.1106186754502678     -3.9652060941859499     -4.0140795763081343
Au      5.9873713157350101      3.2661562914831701     -1.4887902281329968
Au      5.5011134408672362      0.4726628745285835     -1.2840143202214902
Au      4.9972261717645567     -2.4463752384798241     -1.0850475869397096
Au      4.5184937753602554     -5.2431114690089302     -0.9087827691439525
Au      7.4510148930990105      3.4288315239657692      5.4055690214441281
Au      6.9234178124881955      0.6548411307290971      5.7604105471780631
Au      6.4370400524740043     -2.1627650511542384      5.9524645601824329
Au      6.0003608204191270     -4.9748696084087616      5.9783825277284208
Au     -5.3387490774964954      5.0317600093161632     -3.8042071525959118
Au     -5.8486525018427100      2.2324219511298820     -3.6049664453973689
Au     -6.3387712452258986     -0.6068644916360615     -3.4114394821652114
Au     -6.7970422918655986     -3.4162192754911054     -3.2283897641949206
Au      4.3657344213254330      3.3715106086978532     -3.8470921269300966
Au      3.8740929531136823      0.5598871068237656     -3.6637504039191073
Au      3.3806945533082371     -2.2983873269759414     -3.4689258976937154
Au      2.9014727072093547     -5.1110191939891330     -3.2689098026306747
Au     -5.8673234481640639      6.8693497463935733      1.2287959820437457
Au     -6.4175895106906848      4.1403209230602380      1.5394877239558920
Au     -6.8993823786373065      1.3114295501802378      1.7671985822267740
Au     -7.3946568012642304     -1.5198803462068273      1.9252893449873127
Au     -7.7939620587114051     -4.2917652811722107      1.9895430344621960
Au     -0.4867698939679888      5.7075718910188762     -3.1993738911745382
Au     -0.9813117771340929      2.9182337391772530     -3.0098265206799102
Au     -1.4811957284794643      0.0654438433207378     -2.7910444200800812
Au     -1.9671937370285759     -2.7930334558845491     -2.6205410766189043
Au     -2.4363842691472080     -5.5866490473104200     -2.4295484856669987
Au      5.4452063745670394      4.9378547481965001      0.7089064351947219
Au      4.9761954274633240      2.1478208327456660      0.9130357378159832
Au      4.4760699323068369     -0.6949458174883381      1.1401986155453212
Au      3.9934529357527184     -3.5452525365525300      1.3010859479866426
Au      3.4996365099233753     -6.3329184505443550      1.4771432644538756
Au      5.3229566121016063      5.2121591689306976      5.2557476883717609
Au      4.8322882449305720      2.4743054700626099      5.5878899291653639
Au      4.3173384592947679     -0.3496745500003806      5.8036737653749189
Au      3.8552195762431332     -3.1858935747300272      5.9736996868881107
Au      3.3963155317186944     -5.9489520727839622      6.0165097280796438
Au     -3.1858880230028053      6.2160540293027280     -2.3970916014154175
Au     -3.6855195613132334      3.4305535228813051     -2.2039842996964696
Au     -4.1901825320782367      0.5884578096235948     -1.9784577928500564
Au     -4.6682608316131216     -2.2625213755766911     -1.8159411369758454
Au     -5.1314538150081148     -5.0547228091444651     -1.6288677856900842
Au      3.8267292568049740      5.0687747823538380     -1.6471119995496455
Au      3.3552057101834336      2.2760285048404163     -1.4492797626625462
Au      2.8530237699111107     -0.5764200541140383     -1.2313229590705506
Au      2.3693224683085439     -3.4352376588397036     -1.0599910228773526
Au      1.8771128098597119     -6.2254442122419693     -0.8772805271048245
Au      3.1751487680328072      6.9897648282563676      5.1187217954613420
Au      2.6929013756555826      4.2618446155609080      5.4446275298162021
Au      2.1868852721878058      1.4626727400553108      5.6677459616890324
Au      1.7016680151240182     -1.3482142137472621      5.8593407804841835
Au      1.2392421827822448     -4.1592621303473010      6.0186238165853538
Au      0.7758590951745203     -6.9094157939659535      6.0661117742153010
Au     -3.7415497008980507      8.0140731609925506      2.6296670108312235
Au     -4.2915699177061164      5.2961889984212167      2.9311828321594788
Au     -4.7781520061872493      2.4941377835821164      3.1612923352660154
Au     -5.2633700996407651     -0.3167497612107137      3.3528850020698791
Au     -5.7452293899653801     -3.1249203463732336      3.5051721767471946
Au     -6.1408381592452814     -5.8851108124946876      3.5770474516465942
Au     -1.0323928370500322      7.3844844353237606     -0.9961754734143904
Au     -1.5261903228462419      4.6000327090501250     -0.8087950960461505
Au     -2.0316630032960408      1.7717488549244891     -0.5717671315464496
Au     -2.5189365370457617     -1.0510533638779238     -0.3793621706643364
Au     -2.9919040376473918     -3.8909256031742654     -0.2300432215647898
Au     -3.4601162970338715     -6.6794460000579292     -0.0375627688823581
Au      3.2830376985444070      6.7454021119536103      0.5567822305140275
Au      2.8135762695709006      3.9573468261206548      0.7529206686202130
Au      2.3104116008072237      1.1287221483833854      0.9907813643635777
Au      1.8231380107835236     -1.6940793944165362      1.1831876064934086
Au      1.3478617404182180     -4.5336098826547175      1.3316776331213536
Au      0.8553120534072756     -7.3185258382489859      1.5154013431274898
Au      8.4665360298546020     -3.8879967757349796      5.8950066776489152
Au      8.9554393168739868     -1.1533651353901080      5.7588033624810802
Au      9.4104736919593979      1.5802746794045914      5.5222768679171583
Au      8.7255525675768091     -4.2793149922941076      1.3339471927783801
Au      9.3278664944064431     -1.5304934819766229      1.1691774530644796
Au      9.6814110951534182      1.2580069546068406      0.9565115798872394
Au      7.1613416277502671     -4.2439974310105963     -0.9676597176112747
Au      7.6144783536966720     -1.3909474917721765     -1.1227464236761984
Au      8.1431711509655589      1.4437758321279919     -1.3553499484338154
Au      5.5458782081900155     -4.1273450141973758     -3.2902438409073600
Au      5.9911661792848996     -1.2695835201010865     -3.4533112410799482
Au      6.5290101108118321      1.5679701518130091     -3.6784469073491630
Au      3.9306393906370776     -3.9258354456291169     -5.5675154349625302
Au      4.4190328010733229     -1.1628566112500929     -5.8689988892220502
Au      4.8877696104518416      1.6188536654528489     -5.9454500587600263
Au      9.6695463946700695     -3.1437273352088422     -1.0063630071595266
Au     10.1387823049775641     -0.4254285677453851     -1.1916470682846816
Au      8.1224326218802894     -3.0364044516130182     -3.3009755410009882
Au      8.5927827325371418     -0.3116526717786678     -3.4867000714935203
Au      6.5001687883477173     -2.9042775900481743     -5.5455473610941688
Au      6.9688223097447244     -0.1893527138784119     -5.7306015460557305
Au     -0.4265179430965800     -3.2805708858442468     -7.1354939545748968
Au      0.1127237139016803     -0.5251224026232970     -7.4186763411666261
Au      0.5306094771603149      2.2641187812498984     -7.5134241650158504
Au     -3.0921815025323154     -2.8481124843754912     -6.3987582668533545
Au     -2.5833115804853284      0.0002332183808846     -6.5389407037046432
Au     -2.1090532385271308      2.8472044654941207     -6.7869540341017824
Au     -5.7645064674887410     -2.3297761065497760     -5.6191888048847378
Au     -5.2676222466483402      0.5167949667485878     -5.7585269081374806
Au     -4.7826801090804922      3.3579981968423298     -6.0068694050680875
Au     -8.3650269479413168     -1.7483319909419457     -4.8163133912446865
Au     -7.9988398445080877      1.0354595477211586     -5.0660503857426908
Au     -7.4091721771085526      3.7889929710674455     -5.1937387362180889
Au     -2.0711324495082062     -1.6349283993666974     -8.6300359919387297
Au     -1.6024805212330446      1.0799972844788996     -8.8150864965298155
Au     -4.7036862967945350     -1.1369503131497423     -7.9166131601250029
Au     -4.2333382028108764      1.5878023597726880     -8.1023329210952699
Au     -7.3057559558309793     -0.6298109572441115     -7.1151364210382919
Au     -6.8365221244653940      2.0884886830318887     -7.3004156017415136
Au    -10.9244586753902340     -1.0163489617826889     -1.0830861039995208
Au    -10.4961984544854765      1.7272647156975474     -1.2411069632215437
Au     -9.9805236541317512      4.4519255366586457     -1.4558050456980407
