 statistics of the signatures of all atoms
 signature code, number of atoms, percentage of atoms, signature description
     1     0      0.0000  inner_bcc                                         
     2     0      0.0000  disclination_polyIh                               
     3     0      0.0000  bcc_subsurface_100                                
     4     0      0.0000  disclination_polyIh_end                           
     5    59     21.2996  inner_fcc                                         
     6    52     18.7726  inner_hcp                                         
     7     0      0.0000  inner_central_ih                                  
     8     6      2.1661  inner_5-axis                                      
     9     0      0.0000  subsusrface_Ih_chiral_type_1                      
    10     0      0.0000  subsusrface_Ih_chiral_type_2                      
    11     0      0.0000  subsusrface_Ih_chiral_type_3                      
    12     7      2.5271  subsurface_110_&                                  
    13     0      0.0000  stepB_111_hcp                                     
    14     0      0.0000  missing_5-fold_vertex_central_atom                
    15     0      0.0000  missing_5-fold_vertex_am_central_atom             
    16     2      0.7220  stepA_111_fcc                                     
    17     0      0.0000  stepA_111_hcp                                     
    18     0      0.0000  terrace_110_bcc                                   
    19     6      2.1661  reentrance_middle_dh                              
    20     0      0.0000  edge_fcc_sharp_between_hcp_islands                
    21     0      0.0000  edge_111-111_chiral_ih                            
    22    41     14.8014  terrace_111_fcc_&_0001_hcp                        
    23     0      0.0000  terrace_hcp_10m11                                 
    24     0      0.0000  terrace_100_bcc                                   
    25     0      0.0000  edge_111-111_chiral_ih                            
    26     0      0.0000  edge                                              
    27     0      0.0000  polyIh_around_vertex                              
    28     8      2.8881  terrace_100_fcc                                   
    29     1      0.3610  terrace_hcp_10m11_&_edge_anti-Mackay              
    30    24      8.6643  edge_111-111_twin                                 
    31     0      0.0000  edge_anti-Mackay_close_to_vertex                  
    32     0      0.0000  edge_111-111_chiral_close_to_vertex               
    33     0      0.0000  edge_110-110_bcc                                  
    34     0      0.0000  edge_110-100_bcc                                  
    35     0      0.0000  polyIh_side                                       
    36     8      2.8881  edge_111-111_row_110_fcc_&_0001_10m11_hcp         
    37    14      5.0542  edge_111-100_fcc_&_0001_10m11_hcp                 
    38     0      0.0000  edge_10m11_10m11_hcp                              
    39     0      0.0000  edge_10m11_10m11_hcp                              
    40     8      2.8881  missing_5-fold_vertex_surrounding_atoms           
    41     0      0.0000  missing_5-fold_vertex_am_surrounding_atoms        
    42     0      0.0000  vertex_111-111_reentrance_dh                      
    43     0      0.0000  vertex_110-110_bcc_wide                           
    44     0      0.0000  vertex_110-100_bcc                                
    45     0      0.0000  edge_111-111_sharp_fcc                            
    46     0      0.0000  edge_100-100_twin                                 
    47    22      7.9422  vertex_111-100_fcc_&_0001-10m11_hcp               
    48     2      0.7220  vertex_111-111_5-fold_ih_dh                       
    49     0      0.0000  vertex_110-110_bcc_sharp                          
    50     1      0.3610  vertex_111-100_twin_dh                            
    51     1      0.3610  vertex_111_111_fcc_sharp-wide                     
    52     0      0.0000  vertex_111-111_fcc_4-fold                         
    53     0      0.0000  vertex_111-111_perimeter_dh                       
    54     0      0.0000  vertex_111-111_fcc_3-fold                         
    55    15      5.4152  not_classified                                    

 list of all atoms with their signatures
       1  Au       6   322   322   322   322   322   555
       2  Au      12   422   422   422   422   422   422   422   422   422   422   555   555
       3  Au      12   422   422   422   422   422   422   422   422   422   422   555   555
       4  Au      12   422   422   422   422   422   422   422   422   422   422   555   555
       5  Au      12   422   422   422   422   422   422   422   422   422   422   555   555
       6  Au      12   422   422   422   422   422   422   422   422   422   422   555   555
       7  Au      12   422   422   422   422   422   422   422   422   422   422   555   555
       8  Au       8   311   311   311   311   322   322   422   422
       9  Au      11   311   311   311   311   421   421   421   421   421   421   421
      10  Au      11   311   311   311   311   421   421   421   421   421   421   421
      11  Au       9   311   311   311   311   311   311   421   421   421
      12  Au       8   211   211   211   211   421   421   421   421
      13  Au       7   211   211   211   311   311   421   421
      14  Au       6   200   211   211   311   311   421
      15  Au       7   211   211   211   311   311   421   421
      16  Au      10   300   300   311   311   311   311   421   421   422   422
      17  Au       6   200   211   211   311   311   421
      18  Au       7   211   211   211   311   311   421   421
      19  Au       6   200   200   211   311   322   422
      20  Au       6   200   211   211   311   311   421
      21  Au       6   200   211   211   311   311   421
      22  Au       8   311   311   311   311   322   322   422   422
      23  Au       6   200   211   211   311   311   421
      24  Au       7   200   200   300   311   311   322   422
      25  Au       8   311   311   311   311   322   322   422   422
      26  Au      12   421   421   421   421   421   421   422   422   422   422   422   422
      27  Au      12   421   421   421   421   421   421   422   422   422   422   422   422
      28  Au      12   421   421   421   421   421   421   422   422   422   422   422   422
      29  Au      12   421   421   421   421   421   421   422   422   422   422   422   422
      30  Au      12   421   421   421   421   421   421   422   422   422   422   422   422
      31  Au       9   311   311   311   311   311   311   421   421   421
      32  Au       8   311   311   311   311   322   322   422   422
      33  Au      12   421   421   421   421   421   421   422   422   422   422   422   422
      34  Au      12   421   421   421   421   421   421   422   422   422   422   422   422
      35  Au      12   421   421   421   421   421   421   422   422   422   422   422   422
      36  Au      12   421   421   421   421   421   421   422   422   422   422   422   422
      37  Au      12   421   421   421   421   421   421   422   422   422   422   422   422
      38  Au       6   322   322   322   322   322   555
      39  Au       8   311   311   311   311   322   322   422   422
      40  Au      12   421   421   421   421   421   421   422   422   422   422   422   422
      41  Au      12   421   421   421   421   421   421   422   422   422   422   422   422
      42  Au      12   421   421   421   421   421   421   422   422   422   422   422   422
      43  Au      12   421   421   421   421   421   421   422   422   422   422   422   422
      44  Au      12   421   421   421   421   421   421   422   422   422   422   422   422
      45  Au       7   211   211   211   311   311   421   421
      46  Au       8   311   311   311   311   322   322   422   422
      47  Au      12   421   421   421   421   421   421   422   422   422   422   422   422
      48  Au      12   421   421   421   421   421   421   422   422   422   422   422   422
      49  Au      12   421   421   421   421   421   421   422   422   422   422   422   422
      50  Au      12   421   421   421   421   421   421   422   422   422   422   422   422
      51  Au      12   421   421   421   421   421   421   422   422   422   422   422   422
      52  Au       8   311   311   311   311   322   322   422   422
      53  Au       7   211   211   211   311   311   421   421
      54  Au      12   421   421   421   421   421   421   422   422   422   422   422   422
      55  Au      12   421   421   421   421   421   421   422   422   422   422   422   422
      56  Au      12   421   421   421   421   421   421   422   422   422   422   422   422
      57  Au      12   421   421   421   421   421   421   422   422   422   422   422   422
      58  Au      12   421   421   421   421   421   421   422   422   422   422   422   422
      59  Au       8   311   311   311   311   322   322   422   422
      60  Au       8   311   311   311   311   322   322   422   422
      61  Au      12   421   421   421   421   421   421   422   422   422   422   422   422
      62  Au      12   421   421   421   421   421   421   422   422   422   422   422   422
      63  Au      12   421   421   421   421   421   421   422   422   422   422   422   422
      64  Au      11   300   311   311   322   421   421   421   421   422   422   422
      65  Au       8   311   311   311   311   322   322   422   422
      66  Au       8   311   311   311   311   322   322   422   422
      67  Au      12   421   421   421   421   421   421   422   422   422   422   422   422
      68  Au      12   421   421   421   421   421   421   422   422   422   422   422   422
      69  Au      12   421   421   421   421   421   421   422   422   422   422   422   422
      70  Au      12   421   421   421   421   421   421   422   422   422   422   422   422
      71  Au       8   311   311   311   311   322   322   422   422
      72  Au       8   311   311   311   311   322   322   422   422
      73  Au      12   421   421   421   421   421   421   422   422   422   422   422   422
      74  Au      12   421   421   421   421   421   421   422   422   422   422   422   422
      75  Au      12   421   421   421   421   421   421   422   422   422   422   422   422
      76  Au      12   421   421   421   421   421   421   422   422   422   422   422   422
      77  Au       8   311   311   311   311   322   322   422   422
      78  Au       9   311   311   311   311   311   311   421   421   421
      79  Au      12   421   421   421   421   421   421   422   422   422   422   422   422
      80  Au      12   421   421   421   421   421   421   422   422   422   422   422   422
      81  Au      12   421   421   421   421   421   421   422   422   422   422   422   422
      82  Au      12   421   421   421   421   421   421   422   422   422   422   422   422
      83  Au      10   300   300   311   311   311   311   421   421   422   422
      84  Au       9   311   311   311   311   311   311   421   421   421
      85  Au       8   311   311   311   311   322   322   422   422
      86  Au       7   200   200   300   311   311   322   422
      87  Au       5   200   200   211   311   311
      88  Au       6   200   211   211   311   311   421
      89  Au       9   311   311   311   311   311   311   421   421   421
      90  Au      12   421   421   421   421   421   421   422   422   422   422   422   422
      91  Au      12   421   421   421   421   421   421   422   422   422   422   422   422
      92  Au      12   421   421   421   421   421   421   422   422   422   422   422   422
      93  Au       8   311   311   311   311   322   322   422   422
      94  Au       8   311   311   311   311   322   322   422   422
      95  Au      12   421   421   421   421   421   421   422   422   422   422   422   422
      96  Au      12   421   421   421   421   421   421   422   422   422   422   422   422
      97  Au      12   421   421   421   421   421   421   422   422   422   422   422   422
      98  Au       8   311   311   311   311   322   322   422   422
      99  Au       8   200   211   311   311   311   311   421   421
     100  Au      12   421   421   421   421   421   421   422   422   422   422   422   422
     101  Au      12   421   421   421   421   421   421   422   422   422   422   422   422
     102  Au       6   200   211   211   311   311   421
     103  Au      12   421   421   421   421   421   421   421   421   421   421   421   421
     104  Au      12   421   421   421   421   421   421   421   421   421   421   421   421
     105  Au       9   311   311   311   311   311   311   421   421   421
     106  Au      10   300   300   311   311   311   311   421   421   422   422
     107  Au       9   200   200   300   311   311   311   421   422   422
     108  Au       8   311   311   311   311   322   322   422   422
     109  Au       6   200   211   211   311   311   421
     110  Au      12   421   421   421   421   421   421   421   421   421   421   421   421
     111  Au       9   311   311   311   311   311   311   421   421   421
     112  Au       9   311   311   311   311   311   311   421   421   421
     113  Au      12   421   421   421   421   421   421   421   421   421   421   421   421
     114  Au      12   421   421   421   421   421   421   421   421   421   421   421   421
     115  Au       9   311   311   311   311   311   311   421   421   421
     116  Au       9   311   311   311   311   311   311   421   421   421
     117  Au      11   311   311   311   311   421   421   421   421   421   421   421
     118  Au       7   211   211   211   311   311   421   421
     119  Au       6   200   200   211   311   322   422
     120  Au       9   311   311   311   311   311   311   421   421   421
     121  Au      12   421   421   421   421   421   421   421   421   421   421   421   421
     122  Au       7   211   211   211   311   311   421   421
     123  Au       9   311   311   311   311   311   311   421   421   421
     124  Au       9   311   311   311   311   311   311   421   421   421
     125  Au      12   421   421   421   421   421   421   421   421   421   421   421   421
     126  Au      12   421   421   421   421   421   421   421   421   421   421   421   421
     127  Au       9   311   311   311   311   311   311   421   421   421
     128  Au       9   311   311   311   311   311   311   421   421   421
     129  Au      12   421   421   421   421   421   421   421   421   421   421   421   421
     130  Au      12   421   421   421   421   421   421   421   421   421   421   421   421
     131  Au       8   211   211   211   211   421   421   421   421
     132  Au       8   200   211   311   311   311   311   421   421
     133  Au       6   200   211   211   311   311   421
     134  Au       8   211   211   211   211   421   421   421   421
     135  Au      12   421   421   421   421   421   421   422   422   422   422   422   422
     136  Au       9   311   311   311   311   311   311   421   421   421
     137  Au       9   311   311   311   311   311   311   421   421   421
     138  Au      12   421   421   421   421   421   421   421   421   421   421   421   421
     139  Au       8   311   311   311   311   322   322   422   422
     140  Au       8   200   211   311   311   311   311   421   421
     141  Au      10   211   311   311   311   311   421   421   421   421   421
     142  Au      11   311   311   311   311   421   421   421   421   421   421   421
     143  Au       8   200   211   311   311   311   311   421   421
     144  Au       9   311   311   311   311   311   311   421   421   421
     145  Au      12   421   421   421   421   421   421   421   421   421   421   421   421
     146  Au      12   421   421   421   421   421   421   421   421   421   421   421   421
     147  Au       7   211   211   211   311   311   421   421
     148  Au      12   421   421   421   421   421   421   421   421   421   421   421   421
     149  Au      12   421   421   421   421   421   421   421   421   421   421   421   421
     150  Au      12   421   421   421   421   421   421   421   421   421   421   421   421
     151  Au      11   311   311   311   311   421   421   421   421   421   421   421
     152  Au       7   200   200   311   311   311   311   421
     153  Au       9   311   311   311   311   311   311   421   421   421
     154  Au      12   421   421   421   421   421   421   421   421   421   421   421   421
     155  Au      12   421   421   421   421   421   421   421   421   421   421   421   421
     156  Au      12   421   421   421   421   421   421   421   421   421   421   421   421
     157  Au       9   311   311   311   311   311   311   421   421   421
     158  Au       9   311   311   311   311   311   311   421   421   421
     159  Au      12   421   421   421   421   421   421   421   421   421   421   421   421
     160  Au      12   421   421   421   421   421   421   421   421   421   421   421   421
     161  Au      12   421   421   421   421   421   421   421   421   421   421   421   421
     162  Au       9   311   311   311   311   311   311   421   421   421
     163  Au       8   311   311   311   311   322   322   422   422
     164  Au      12   421   421   421   421   421   421   421   421   421   421   421   421
     165  Au      12   421   421   421   421   421   421   421   421   421   421   421   421
     166  Au      12   421   421   421   421   421   421   421   421   421   421   421   421
     167  Au       9   311   311   311   311   311   311   421   421   421
     168  Au      10   211   311   311   311   311   421   421   421   421   421
     169  Au      12   421   421   421   421   421   421   422   422   422   422   422   422
     170  Au      12   421   421   421   421   421   421   421   421   421   421   421   421
     171  Au      11   311   311   311   311   421   421   421   421   421   421   421
     172  Au       7   211   211   211   311   311   421   421
     173  Au       9   311   311   311   311   311   311   421   421   421
     174  Au      12   421   421   421   421   421   421   421   421   421   421   421   421
     175  Au      12   421   421   421   421   421   421   421   421   421   421   421   421
     176  Au      11   311   311   311   311   421   421   421   421   421   421   421
     177  Au       7   200   200   311   311   311   311   421
     178  Au       9   311   311   311   311   311   311   421   421   421
     179  Au      12   421   421   421   421   421   421   421   421   421   421   421   421
     180  Au      12   421   421   421   421   421   421   421   421   421   421   421   421
     181  Au      12   421   421   421   421   421   421   421   421   421   421   421   421
     182  Au       9   311   311   311   311   311   311   421   421   421
     183  Au       9   311   311   311   311   311   311   421   421   421
     184  Au      12   421   421   421   421   421   421   421   421   421   421   421   421
     185  Au      12   421   421   421   421   421   421   421   421   421   421   421   421
     186  Au      12   421   421   421   421   421   421   421   421   421   421   421   421
     187  Au       9   311   311   311   311   311   311   421   421   421
     188  Au      12   421   421   421   421   421   421   422   422   422   422   422   422
     189  Au      12   421   421   421   421   421   421   421   421   421   421   421   421
     190  Au      12   421   421   421   421   421   421   421   421   421   421   421   421
     191  Au      12   421   421   421   421   421   421   421   421   421   421   421   421
     192  Au       7   200   200   311   311   311   311   421
     193  Au      12   421   421   421   421   421   421   421   421   421   421   421   421
     194  Au       8   311   311   311   311   322   322   422   422
     195  Au      12   421   421   421   421   421   421   421   421   421   421   421   421
     196  Au      12   421   421   421   421   421   421   421   421   421   421   421   421
     197  Au      12   421   421   421   421   421   421   421   421   421   421   421   421
     198  Au      12   421   421   421   421   421   421   421   421   421   421   421   421
     199  Au       6   200   211   211   311   311   421
     200  Au       9   311   311   311   311   311   311   421   421   421
     201  Au      12   421   421   421   421   421   421   421   421   421   421   421   421
     202  Au      12   421   421   421   421   421   421   421   421   421   421   421   421
     203  Au      12   421   421   421   421   421   421   421   421   421   421   421   421
     204  Au      12   421   421   421   421   421   421   421   421   421   421   421   421
     205  Au       9   311   311   311   311   311   311   421   421   421
     206  Au       9   311   311   311   311   311   311   421   421   421
     207  Au      12   421   421   421   421   421   421   421   421   421   421   421   421
     208  Au      12   421   421   421   421   421   421   421   421   421   421   421   421
     209  Au      12   421   421   421   421   421   421   421   421   421   421   421   421
     210  Au      12   421   421   421   421   421   421   421   421   421   421   421   421
     211  Au       9   311   311   311   311   311   311   421   421   421
     212  Au       9   311   311   311   311   311   311   421   421   421
     213  Au      12   421   421   421   421   421   421   421   421   421   421   421   421
     214  Au      12   421   421   421   421   421   421   421   421   421   421   421   421
     215  Au      12   421   421   421   421   421   421   421   421   421   421   421   421
     216  Au      12   421   421   421   421   421   421   421   421   421   421   421   421
     217  Au       9   311   311   311   311   311   311   421   421   421
     218  Au      12   421   421   421   421   421   421   421   421   421   421   421   421
     219  Au       7   211   211   211   311   311   421   421
     220  Au      12   421   421   421   421   421   421   422   422   422   422   422   422
     221  Au       8   311   311   311   311   322   322   422   422
     222  Au       6   200   211   211   311   311   421
     223  Au       6   200   211   211   311   311   421
     224  Au       8   311   311   311   311   322   322   422   422
     225  Au       6   200   200   211   311   322   422
     226  Au       7   100   200   200   211   311   422   422
     227  Au       6   200   211   211   311   311   421
     228  Au       5   100   211   211   322   422
     229  Au       8   211   211   211   211   421   421   421   421
     230  Au       9   311   311   311   311   311   311   421   421   421
     231  Au       7   200   200   311   311   311   311   421
     232  Au       6   200   211   211   311   311   421
     233  Au       9   311   311   311   311   311   311   421   421   421
     234  Au       8   211   211   211   211   421   421   421   421
     235  Au       6   200   211   211   311   311   421
     236  Au       9   311   311   311   311   311   311   421   421   421
     237  Au       8   200   200   211   311   311   421   422   422
     238  Au       7   200   200   311   311   311   311   421
     239  Au       6   200   211   211   311   311   421
     240  Au       6   200   211   211   311   311   421
     241  Au       7   200   200   300   311   311   322   422
     242  Au       7   200   200   300   311   311   322   422
     243  Au       9   311   311   311   311   311   311   421   421   421
     244  Au       9   311   311   311   311   311   311   421   421   421
     245  Au       7   200   200   311   311   311   311   421
     246  Au      12   421   421   421   421   421   421   421   421   421   421   421   421
     247  Au       6   200   211   211   311   311   421
     248  Au       9   200   200   300   311   311   311   421   422   422
     249  Au      12   421   421   421   421   421   421   421   421   421   421   421   421
     250  Au       7   200   200   300   311   311   322   422
     251  Au       6   200   211   211   311   311   421
     252  Au       7   200   200   311   311   311   311   421
     253  Au       9   311   311   311   311   311   311   421   421   421
     254  Au      10   300   300   311   311   311   311   421   421   422   422
     255  Au       6   200   211   211   311   311   421
     256  Au      10   300   300   311   311   311   311   421   421   422   422
     257  Au       5   211   211   211   211   421
     258  Au      12   421   421   421   421   421   421   421   421   421   421   421   421
     259  Au       8   211   211   211   211   421   421   421   421
     260  Au       7   200   200   300   311   311   322   422
     261  Au       8   200   211   311   311   311   311   421   421
     262  Au       7   211   211   211   311   311   421   421
     263  Au       6   200   211   211   311   311   421
     264  Au       8   211   211   211   211   421   421   421   421
     265  Au       7   211   211   211   311   311   421   421
     266  Au      12   421   421   421   421   421   421   421   421   421   421   421   421
     267  Au       7   200   200   311   311   311   311   421
     268  Au      10   300   300   311   311   311   311   421   421   422   422
     269  Au       6   200   211   211   311   311   421
     270  Au       7   200   200   300   311   311   322   422
     271  Au      11   300   311   311   322   421   421   421   421   422   422   422
     272  Au       7   200   200   300   311   311   322   422
     273  Au       7   211   211   211   311   311   421   421
     274  Au       9   311   311   311   311   311   311   421   421   421
     275  Au       8   200   211   311   311   311   311   421   421
     276  Au       7   211   211   211   311   311   421   421
     277  Au       8   211   211   211   211   421   421   421   421
