         216
Au Au   -792.02442846   nogrup     0
Au      0.6836839808067423      6.5522960868363116      8.0796084506868464
Au      0.3472178758925528      4.2511809328378440      6.6368563791039730
Au     -0.0209288218596475      1.8068852129937432      5.2598443201955458
Au     -0.3782543048711542     -0.6036261099761906      3.8188797169413089
Au     -0.7321217833123255     -3.0066025778508751      2.3485353965476481
Au     -1.0804361673144420     -5.3878148485344290      0.8575178226563942
Au     -1.4171373848259838     -7.7298656086200239     -0.6941620247807450
Au     -1.7628141418635206    -10.0609219414992932     -2.0857638527966191
Au      9.4308127270363862      1.6393900123180054      3.1438026188946750
Au      9.2168695386703199     -0.7083264701344798      1.6729062849481302
Au      8.8640113509662104     -3.1044440249723615      0.2067626705013534
Au      8.3861521998557347     -5.4544848001529349     -1.1968189050800309
Au      1.4712274610269853      6.6241979760724714     -3.1219511337087056
Au      1.1497095408631619      4.3674189980473841     -4.6594655363518047
Au      0.7940928742268158      1.9525695789663517     -6.1370747708678755
Au      0.4310507685834088     -0.4392195890423500     -7.4439485236168679
Au     -8.5134826062368738      5.0404920870140018      1.9040449735021028
Au     -8.9761263918884993      2.7399175808267002      0.4159601221354929
Au     -9.3289822322710805      0.3438041509230283     -1.0501893836378340
Au     -9.5581367275255609     -2.0533710932127529     -2.4365929068609748
Au      1.6077116930130364      4.1797912340251795      9.0101335435412455
Au      1.2770191313557020      1.7956781891440632      7.7085141907932542
Au      0.9154449981935451     -0.6176376863741795      6.2767614979276996
Au      0.5585638611749606     -3.0291184656363837      4.8160467717297859
Au      0.2070634138093475     -5.4279688658790413      3.3333953762203361
Au     -0.1365386947019207     -7.8032161296079181      1.8351004688937884
Au     -0.4871022498184399    -10.0452452283475342      0.3060554171804171
Au     -1.1558043082888014      4.7035759973136972      8.8192050479349948
Au     -1.5465660163212602      2.3308486199567762      7.5134345290286699
Au     -1.9022201375593992     -0.0835883850570167      6.0820900675760985
Au     -2.2576868576296008     -2.4953364422960198      4.6214725818951194
Au     -2.6105999330901799     -4.8939182643241832      3.1387225515703321
Au     -2.9601211861621683     -7.2680425958606154      1.6400183761260063
Au     -3.2506162624114641     -9.5214561573721799      0.1151232498671462
Au     -1.6041356560539795      6.2689480125716734      6.5800091421543794
Au     -1.9828993603467913      3.8800887984594552      5.1388658462151557
Au     -2.3526953039388063      1.4298546034895794      3.7224914069155410
Au     -2.7113506997288512     -0.9851107569086301      2.2625008405111071
Au     -3.0617712054363215     -3.3852073343945350      0.7762283032597139
Au     -3.4032079636758041     -5.7646769333400378     -0.7626216956557919
Au     -3.7262041068404637     -8.1412013131528660     -2.2373449358696202
Au      0.8964487113321322      6.6734938940033164      5.3325441452719833
Au      0.5541184905348033      4.3292288759042350      3.8562946517461274
Au      0.1864017067974393      1.8679141516121422      2.4263692512524990
Au     -0.1724327893120314     -0.5606410331038885      0.9577523872844296
Au     -0.5266603977591648     -2.9742159888196675     -0.5364553947727551
Au     -0.8741986392509444     -5.3699198582680427     -2.0784652929764302
Au     -1.2276205920177370     -7.7502418657786922     -3.4931179101545204
Au      2.8884699920487718      5.4174370037399724      6.8903977486242862
Au      2.5588186241014923      3.0192683661024931      5.4526491190924151
Au      2.1952548489856456      0.5678520283226165      4.0367073694304185
Au      1.8400593187394088     -1.8477696483130344      2.5769570973178944
Au      1.4861777174027497     -4.2472113579389088      1.0904468322407705
Au      1.1385085533257895     -6.6255011406897655     -0.4488330326785963
Au      0.7663995691183927     -8.9927179152272654     -1.9269489958405952
Au     -3.9145147160600837      5.8758464547029403      5.0351051230842838
Au     -4.2994626651073071      3.4891075950664781      3.5998979841638068
Au     -4.6800331414887468      1.0387847493203504      2.1712678781060983
Au     -5.0340632473395059     -1.3653020239217963      0.7002420816120676
Au     -5.3666597704811769     -3.7578248349879595     -0.8343943949628496
Au     -5.6824504199740433     -6.1295323357958331     -2.3108112156061331
Au      1.0944213583152691      6.6924498014525344      2.5191133637487333
Au      0.7505685672369791      4.3450086137057484      1.0561861070664147
Au      0.3852099911199622      1.8838732711861865     -0.4073866745906862
Au      0.0284009951655619     -0.5390764749303218     -1.8899523268208434
Au     -0.3257279080244251     -2.9636994102169880     -3.4158996026923969
Au     -0.6766251416950038     -5.3340383984255144     -4.8397100030707652
Au      5.0800887310162945      4.1710430425859792      5.6565325956303045
Au      4.7561209310844719      1.7727442955952728      4.2255416641972694
Au      4.4040839306220079     -0.6829883169639426      2.7988863949001406
Au      4.0500522948214455     -3.0870775153563357      1.3278637590370277
Au      3.6889206070417706     -5.4741946506939581     -0.2087410627775057
Au      3.3121490757608241     -7.8343462729359761     -1.6893692737332202
Au     -6.2291398307280508      5.4796387723229882      3.4777579155733829
Au     -6.6367065026114718      3.0773088002292446      2.0445846668328382
Au     -7.0364934477431875      0.6652747614790764      0.6062134919613769
Au     -7.3436488861477409     -1.7232772256593818     -0.8928271392695653
Au     -7.6405488647976005     -4.1047166572449179     -2.3867745347537834
Au      1.2893518412082829      6.6911181453062358     -0.3059242319638802
Au      0.9446466335943566      4.3365253575414977     -1.7761561047880488
Au      0.5888548739496411      1.9145745422467222     -3.2706998286569036
Au      0.2297242830110795     -0.5182277435482425     -4.7467048328763015
Au     -0.1228004957045981     -2.8982428065648782     -6.1735067086433792
Au      7.2761412065732873      2.9198956173386028      4.4108248411937527
Au      6.9670740030878804      0.4988941117322558      2.9844615317681189
Au      6.6479899465077565     -1.9284398299554453      1.5516712633094532
Au      6.2601277436755618     -4.3016992546688044      0.0470602869602406
Au      5.8647258330735115     -6.6644726685348825     -1.4536885843252847
Au     -8.0633004287062278      3.6079145644111712      4.2966084393221653
Au     -8.4536251720466851      1.1200199693286863      2.9709655767902756
Au     -8.8107879684598736     -1.3053447704822241      1.4869186254228364
Au     -9.1285639995612833     -3.6259016681456111     -0.1296621437261951
Au     -1.0216750706517264      6.3827667338217706     -1.8556102359828248
Au     -1.3687760168230998      3.9633969080367346     -3.3411164830011195
Au     -1.7310962697318448      1.5030259564890365     -4.8465820494598946
Au     -2.0969362299779366     -0.9189019341636802     -6.3233948062329048
Au      7.5377636698077097      2.9760950996846987      1.6179642002561909
Au      7.2013489705318241      0.5498220811451229      0.1564523916466403
Au      6.8414362977889569     -1.8942075622495831     -1.3390079446355099
Au      6.4668821637903200     -4.2958406060107954     -2.8316099875111522
Au     -3.5494285287362457      5.9841493613091750     -0.5695404414535172
Au     -3.9070436482180559      3.5709540840155514     -2.0291943411934525
Au     -4.2770659591779330      1.0582792192074284     -3.5666656415286937
Au     -4.6280780968237165     -1.3405333810576985     -5.0514113942274212
Au      5.5271683482182103      4.2637990138623891      0.0575508864967684
Au      5.1716126786901482      1.8502109066184780     -1.4019561812363879
Au      4.8015902098703815     -0.6624679333213561     -2.9394224837622041
Au      4.4485173693552689     -3.0608937689405766     -4.4243069316432981
Au      8.1763520196149262      0.5299099248700836      5.4185949677469925
Au      7.8059456876721924     -1.9617625155316776      4.0943336750118764
Au      7.4487784249202917     -4.3871310814579427      2.6102935189672216
Au      7.1110789292363190     -6.7039167865587892      0.9923408066720807
Au     -6.0790031735335619      5.5569734083679343      0.6771951517606283
Au     -6.4586156724987154      3.1388915377115483     -0.7873071704473542
Au     -6.8185277401710076      0.6948662098148430     -2.2827728628758059
Au     -7.1498812597099031     -1.7149506000958641     -3.7723958596606835
Au      3.5130723561426329      5.5232634308911379     -1.5423104518885804
Au      3.1490080544008698      3.1071080186492908     -3.0289864058036891
Au      2.7866877531225160      0.6467348054784430     -4.5344492067213684
Au      2.4378096089912829     -1.7784107029372254     -6.0100877339505345
Au     -5.7697770682794003      3.9947193066824926      5.8202468593538459
Au     -6.1716585811170921      1.5619425645930378      4.4909570349859518
Au     -6.5176814593205110     -0.8928056859736206      3.0277118118904038
Au     -6.8891532484232991     -3.3102973171204799      1.5097045816133683
Au     -7.1845767747253797     -5.6126469657459346     -0.0583619138094242
Au     -1.2197210765187059      6.3737660399670437      0.9678348088695241
Au     -1.5862383122406731      3.9713706201601653     -0.5001808570679973
Au     -1.9508912826232230      1.5004395072579646     -1.9826403483035211
Au     -2.3102083946711085     -0.9448253811030543     -3.5083288758976927
Au     -2.6513958145391268     -3.3481757123185862     -4.9808774639518472
Au      5.3288437699290689      4.2348629771182154      2.8643674105632844
Au      4.9900361146682046      1.8266667994195398      1.4043221175140310
Au      4.6263101022832531     -0.6412259785978454     -0.0654608939663852
Au      4.2683722020676145     -3.0738738423814458     -1.5942374794021994
Au      3.9001399311649960     -5.4669059449257631     -3.0719848882805589
Au      6.0008017840049188      1.7637679352814335      6.6334666654493279
Au      5.6616094066324436     -0.6808924550882760      5.3085121558753041
Au      5.2807091380462099     -3.1290325354267350      3.8428615179310892
Au      4.9441091372879180     -5.5531376153803205      2.3272676881782459
Au      4.5859949306014096     -7.8436081693005022      0.7548729402229952
Au     -3.7498350761573560      5.9556046975996324      2.2371316203640461
Au     -4.1208515810614541      3.5535145142114453      0.7748575144016776
Au     -4.4893501899310904      1.0865294382043991     -0.6952597458352567
Au     -4.8425142008639037     -1.3470198250987075     -2.2237101968339932
Au     -5.1785352539199794     -3.7461539090513543     -3.6992349525665924
Au      3.3174634792716300      5.5138027137840941      1.2813031632956768
Au      2.9751588286262365      3.1068172648370016     -0.1850379959968222
Au      2.6080892082055627      0.6363426090570399     -1.6676615701826947
Au      2.2511883654312714     -1.8093817828460792     -3.1931814170912638
Au      1.8857875408418256     -4.2081450708293122     -4.6674017817980777
Au      3.8082509709572410      2.9829548953454736      7.8574110825074026
Au      3.4759376362358396      0.5509906597320899      6.5324800535685217
Au      3.1043495504616594     -1.8804956852972059      5.0864519520755511
Au      2.7480355060795554     -4.3000786403472642      3.6059480148657421
Au      2.4084594992823098     -6.6978137880774842      2.0970529588982831
Au      2.0463619219033333     -8.9813197262793008      0.5366631033453686
Au     -3.4671302640856796      4.3619019912511039      7.3547621687199918
Au     -3.8707319592087908      1.9434512401154507      6.0249025585437526
Au     -4.2218782362748870     -0.4919080274549965      4.5802843561345004
Au     -4.5781907026843198     -2.9114897349709721      3.0997789052047739
Au     -4.9382055905804139     -5.3053486929858131      1.5894702169895485
Au     -5.2290150031388363     -7.6023644949059292      0.0340042190289385
Au     -1.4206429346764455      6.3453031540688078      3.7825550658543783
Au     -1.7869593659029146      3.9481799379811737      2.3156768189305321
Au     -2.1546587051682931      1.4853481847164507      0.8630475239729591
Au     -2.5124814783304519     -0.9444893983419020     -0.6237336363040189
Au     -2.8632867490116789     -3.3607452856999998     -2.1565451983214761
Au     -3.2034087027363736     -5.7607763765205426     -3.6249744545043345
Au      3.1185744086426213      5.4849559997560400      4.0961637507001782
Au      2.7778558226727119      3.0829802106229653      2.6310559875725463
Au      2.4125845114380660      0.6196877071227878      1.1785966549552853
Au      2.0547612894929310     -1.8101511750051720     -0.3081830837893929
Au      1.7015273240543105     -4.2259483160964812     -1.8411608924365623
Au      1.3358064764829982     -6.6211290896435244     -3.3113579787817660
Au      9.4890426047457517     -5.4655759234847991      1.2788066414788819
Au      9.8611100135962033     -3.1389526484784889      2.7567067585827303
Au     10.1822146141133629     -0.7585384745255657      4.1589609269079340
Au      8.9527838015522185     -3.0616692047733083     -2.5886385358339190
Au      9.4309578272766359     -0.6921220748754213     -1.1386190932639835
Au      9.6547053457359837      1.7048047209444617      0.3278859853875105
Au      7.0073479336652493     -1.8839562708287327     -4.1929048079059550
Au      7.3372166632787152      0.5436232514651373     -2.6542937059577412
Au      7.7283408958369124      3.0120230124509257     -1.1971380936914002
Au      5.0052648947871372     -0.6356748786126682     -5.7585303514861215
Au      5.3258599337609951      1.7993348213292517     -4.2224247733832909
Au      5.7272149028687034      4.2667953891692623     -2.7587905947589615
Au      3.0087470550631226      0.6537194778181665     -7.2373634574987964
Au      3.3503206871427169      3.1001050936486862     -5.8728130901940174
Au      3.7116033461735620      5.4265308400811048     -4.3169571104033020
Au      9.4341157537902269     -0.6557112043436200     -3.8682539268724749
Au      9.7786925425811582      1.6841744442604458     -2.4365182842695656
Au      7.5044966165305107      0.5775911421232816     -5.4257724110577898
Au      7.8498919851356366      2.9230305867647939     -3.9906382539485925
Au      5.5089810972576716      1.7914569576144790     -6.9196759075385907
Au      5.8531309957237383      4.1284371060721021     -5.4897168272861343
Au     -1.5743622627984912      1.5223964501974563     -7.5540094732777963
Au     -1.1793024113742350      3.9586419145581933     -6.1857610756758907
Au     -0.8715070659128932      6.2952033776849898     -4.6335974196637357
Au     -4.0807428927141780      1.0864712357387600     -6.3862823651041207
Au     -3.6932676844811185      3.5088006515613328     -4.8455511899254375
Au     -3.3587938393103061      5.9889341979165831     -3.3865321636578321
Au     -6.5888010875051171      0.6930299762466916     -5.1322619009230275
Au     -6.2129149537185571      3.1118822785155609     -3.5904659152137128
Au     -5.8678086030807757      5.5889999824873087     -2.1364826825877543
Au     -9.0240683402475810      0.3456198562041148     -3.8306581590195625
Au     -8.7942645766615470      2.7622376053403017     -2.3977929369768294
Au     -8.3221491094010211      5.1120851646518135     -0.9141211767854660
Au     -3.5068055794890620      3.5002952895679202     -7.5425718491183371
Au     -3.1626573219549181      5.8372717958282685     -6.1126076223725736
Au     -5.9867522333632914      3.1346976737770866     -6.3578768595073303
Au     -5.6413579243254555      5.4801323149141039     -4.9227355599643419
Au     -8.4214826375251555      2.7285994199502621     -5.1018910689422645
Au     -8.0769061374140740      5.0684798667413142     -3.6701478322501329
Au    -10.9075122643163382     -1.5996733085476609     -0.1303934969558078
Au    -10.5992367606892905      0.7390360313184323      1.3431050735934704
Au    -10.2143478167449544      3.1073563204936288      2.7497727452369887
