         216
Au Au   -792.02442846   nogrup     0
Au     -0.8702013295835114      9.5028795296409676      4.1973927662492594
Au     -1.3454593955319973      6.8640841090102214      3.6489797389243295
Au     -1.9373547346104738      4.1389823216793005      3.1696544650210177
Au     -2.4746097350869301      1.4099841795039505      2.6418782573627704
Au     -2.9912167352591377     -1.3274544597293998      2.0932644841175394
Au     -3.4841157976197108     -4.0571231774801690      1.5270614579299702
Au     -3.9212171897972468     -6.7845620991975339      0.9136348054477113
Au     -4.4418105261314871     -9.4226737015157838      0.4044949686346504
Au      6.2067974257761760      1.6183417227927763      7.7696833832354342
Au      5.8190619504670957     -1.0916698670203138      7.2936810722380807
Au      5.3039307429969105     -3.8212924181871264      6.7466320715107395
Au      4.6817132972812097     -6.4628986564370043      6.1501061884660819
Au      5.4412462886332982      3.9525867182449126     -3.2497685679228461
Au      5.0437612691945999      1.3032499412574259     -3.8689571466288957
Au      4.5246021167510646     -1.4477154754449311     -4.4202815960267561
Au      3.9227115773635983     -4.0939668147090833     -4.8623901122632018
Au     -5.3084856300490202      6.4723578024165009     -5.6071301930957187
Au     -5.8558156367488277      3.8296210349034019     -6.2685297300162013
Au     -6.3709444641078239      1.0999982644319761     -6.8155778236959605
Au     -6.8335627941965189     -1.6088828979271161     -7.2267046505411843
Au     -1.6278018798075085      7.7897645845462993      6.1569236659717932
Au     -2.2047419651376003      5.1481153284018459      5.7369359190168128
Au     -2.7510454643911970      2.4218322638706362      5.2138005150140776
Au     -3.2783399725161715     -0.3177596961318807      4.6726181790886647
Au     -3.7852008212221087     -3.0580299196062155      4.1155730475710799
Au     -4.2683726003235396     -5.7868115048569431      3.5454511302904868
Au     -4.6859873777840200     -8.4152004171297250      2.9092626196826350
Au     -3.4012172626859307      8.5373076310663656      4.0968243126087254
Au     -4.0167050972306058      5.9119071926917712      3.6320567183219437
Au     -4.5592080670943940      3.1840225931127981      3.1133349268149439
Au     -5.0855947413266378      0.4440488066484933      2.5732067445799922
Au     -5.5933619583475824     -2.2958383452133457      2.0151085320968791
Au     -6.0803326555691619     -5.0230183602389475      1.4405732148631030
Au     -6.4594003297881315     -7.6676560394170812      0.8491639428596587
Au     -1.9543890376450790      8.8466928879059825      1.7566626837782389
Au     -2.4987745180483802      6.1392524252644183      1.2085660529503910
Au     -3.0743936777595637      3.3899500852301561      0.7020981552558743
Au     -3.6048405751708810      0.6479680100468714      0.1613353072189234
Au     -4.1095643308320060     -2.0953049746670738     -0.3972092713056403
Au     -4.5722634274583349     -4.8479374145867409     -0.9933927133949725
Au     -5.0523687061086164     -7.5691576878481497     -1.5332620071392986
Au      0.7353579841569440      8.2279705773308613      2.3526410221716469
Au      0.2547949867128261      5.5364656142436903      1.7896685324570258
Au     -0.3169654289156636      2.7706901468973988      1.2782514464349477
Au     -0.8487998265219527      0.0128166878192184      0.7353310050417532
Au     -1.3579561299061425     -2.7453993257984655      0.1727640367222740
Au     -1.8303866029846052     -5.5126748252276121     -0.4247056139457932
Au     -2.3655431164875056     -8.2033558965152444     -0.9403845936551569
Au      0.9286245252079830      7.6314231847334923      5.1057340313527755
Au      0.4157558152440490      4.9106973417990734      4.5942499627891751
Au     -0.1558654949879648      2.1597090629170723      4.0924280306678034
Au     -0.6840931666277816     -0.5832089418223587      3.5542441698181930
Au     -1.1910383302348198     -3.3255460927348137      2.9931200697832603
Au     -1.6577364758919595     -6.0764934732953462      2.3922909044485943
Au     -2.1693579555748519     -8.7844292630797867      1.8158094904540709
Au     -3.0780991529909771      8.0771113681184659     -0.6977489240504626
Au     -3.6292910619254890      5.3752831076788308     -1.2462336170761805
Au     -4.2068631649340897      2.6214108883614582     -1.7682447032142461
Au     -4.7237071568251885     -0.1172941026930472     -2.3171124825846121
Au     -5.1872780532806981     -2.8803289787648252     -2.9007531784438507
Au     -5.6590853199611395     -5.5992603154615166     -3.4386510641489951
Au      2.3210681703754847      6.8346825709315251      0.4820219270234674
Au      1.8312747229150630      4.1472047803950920     -0.0715439316690913
Au      1.2784524629779765      1.3647268036204188     -0.6053246575054327
Au      0.7575518271264343     -1.3954655716258628     -1.1584986082677604
Au      0.2600049396941531     -4.1787787922617872     -1.7401664790721920
Au     -0.2644578174179246     -6.8657330663331999     -2.2636985424366216
Au      2.6939552631325858      5.6440305232971077      6.0073967207696883
Au      2.1818949024709897      2.9257065755877867      5.5043709191391548
Au      1.6226306933089156      0.1641160802341508      5.0036300460416809
Au      1.1057839391889206     -2.5745889884614854      4.4547622044282855
Au      0.6239025857391374     -5.3299062055820210      3.8498509431523198
Au      0.1129628438508998     -8.0323427205047935      3.2664943296927573
Au     -4.1999865310851643      7.2993493210729028     -3.1627566425272660
Au     -4.7757568909569788      4.5883193057335463     -3.7196108997396422
Au     -5.3470342064122640      1.8652940812041798     -4.2722634712993806
Au     -5.8078130980639280     -0.8804480052645731     -4.8156151968088290
Au     -6.2604844746205686     -3.6190266837087615     -5.3509251700475948
Au      3.9019641721356519      5.4186866191446956     -1.3926934679344027
Au      3.4122733192431771      2.7215952189020456     -1.9498364511665702
Au      2.8986375234126935     -0.0437640634100402     -2.5111389199945364
Au      2.3685695920952550     -2.8088754733925523     -3.0582058717807046
Au      1.8403872506976655     -5.5053863640837983     -3.5820027158588346
Au      4.4666773512758695      3.6461085727432261      6.9049337562927375
Au      3.9541141590165272      0.9084340889509210      6.4215070036970152
Au      3.4346235125628612     -1.8364220720197242      5.9290152921675814
Au      2.9220529765635734     -4.5603335584362990      5.3255019915901416
Au      2.4061712464482055     -7.2722678935765943      4.7167631281244828
Au     -6.7767470910723233      6.3521693086688433     -3.1969295683754417
Au     -7.4295422568785057      3.6179562691074336     -3.6410400346480927
Au     -7.9509604640098033      0.8550120328614783     -4.1947671064797269
Au     -8.3319122520345203     -1.8885002988128434     -4.8484558120189547
Au      2.8153123856772484      4.7196954550065273     -3.8762514309413838
Au      2.3047227905970358      1.9597630526904526     -4.4263659454111863
Au      1.7757776136902743     -0.8430613774523916     -4.9880837149393837
Au      1.2455570274754089     -3.5982740157143729     -5.5432672543226618
Au      6.1054554577264817      2.2859275344458898      5.0784643538851180
Au      5.5878956112877178     -0.4696685085250643      4.5542337696507103
Au      5.0624635079818567     -3.2538725420068735      3.9962465858789331
Au      4.5420913512918117     -5.9981588722194461      3.4182356524025890
Au      0.0879012793790981      5.3663143177243740     -4.4640592191103883
Au     -0.4411968256070216      2.6258720698103404     -5.0044461904619588
Au     -0.9813861037699416     -0.2365373234502721     -5.5781053526906916
Au     -1.4868005557307171     -2.9778751253650517     -6.1363304766938374
Au      5.9125729104217797      2.9110509859933624      2.3022097082666795
Au      5.3847940977875375      0.1700514156498265      1.7633581035916075
Au      4.8446032892697355     -2.6923581878366374      1.1896981584333632
Au      4.3378665945605368     -5.4331379079523900      0.6299378124858803
Au      3.6446264674360016      1.9592687058628915      8.9091338853385729
Au      3.0046122770484631     -0.7803326354667899      8.4798724313823435
Au      2.4831907388684766     -3.5432766800006208      7.9261458732349910
Au      2.0894533537059772     -6.2814015830222596      7.2576061023815432
Au     -2.6327509374159641      5.9693276092296168     -5.0723352441241989
Au     -3.1780294322640659      3.2254169838461610     -5.6287677074390912
Au     -3.7034592956672903      0.4412130743751055     -6.1867546752748641
Au     -4.1961095585926937     -2.3147593008139600     -6.7325621129691253
Au      5.7253694243947821      3.4930234893613026     -0.4957645938049904
Au      5.2038932606001440      0.7376798861144058     -1.0585246046520105
Au      4.6749473364536946     -2.0651442519481211     -1.6202422319879330
Au      4.1556122252602359     -4.8249447226404980     -2.1627809552401773
Au     -5.6575820084678057      7.1082815952784717     -0.7664755200642812
Au     -6.2944136823061481      4.4212893850337540     -1.2370469302972236
Au     -6.8301520123882060      1.6417267773782447     -1.7601323568500851
Au     -7.3418748031948198     -1.1291013963558560     -2.3494097541851851
Au     -7.7230284664060562     -3.8363038051122897     -2.9598960935280454
Au      1.2285890313376493      6.1264693018578074     -2.0015671670733024
Au      0.7014878031556586      3.3924640555463235     -2.5568010219341275
Au      0.1547263406067385      0.5921913158523386     -3.1005687039765490
Au     -0.3554247807213242     -2.2080042211583875     -3.6791986589457135
Au     -0.8614910598821330     -4.9486427777798054     -4.2211467221052210
Au      4.3258192824403663      4.2925619523651193      4.1709076672657348
Au      3.8131985081188424      1.5535628242747488      3.6407785143280611
Au      3.2619608366341515     -1.2380047822255031      3.1056648687680282
Au      2.7596497112692262     -4.0290661640850312      2.5219550395451522
Au      2.2400732923506781     -6.7595594422870748      1.9559344313475195
Au      1.8958819216606480      3.9242862205973594      8.0080580230505518
Au      1.2992769492320293      1.2203364426919152      7.5842189559629558
Au      0.7411554194415895     -1.5497915037787884      7.0351353444379248
Au      0.2518107623898578     -4.3300545705794748      6.4718559151929176
Au     -0.1695725170523037     -7.0203000433689118      5.8146361983286363
Au     -1.5001885447590277      6.7483874280916822     -2.5969136235289891
Au     -2.0334771630794650      4.0181005813233739     -3.1510530394515941
Au     -2.5877748650352972      1.2278245471592588     -3.6897245155796772
Au     -3.0870220299095212     -1.5645278661106969     -4.2698765401981724
Au     -3.5859280758847651     -4.3037344476746506     -4.8118855590638834
Au      4.1402105225813717      4.8991390549097869      1.3807371018908041
Au      3.6286463430853981      2.1585841507198289      0.8435528480553875
Au      3.0803324448419485     -0.6410349980336827      0.2979830576060412
Au      2.5717316178333132     -3.4418841937959010     -0.2788454473100979
Au      2.0501277637746940     -6.1759727253338808     -0.8388421624965918
Au      0.1236095848326837      5.8835540744805677      7.1069139537240629
Au     -0.4625497973823220      3.1895555507074640      6.6836968651374429
Au     -1.0166988828493890      0.4420601222293357      6.1494820503705006
Au     -1.5368768348960185     -2.3142948090962143      5.5970768861056799
Au     -2.0209439107583371     -5.0681803832120620      5.0287513213200059
Au     -2.4485452119220712     -7.7459802705954290      4.3753982138827352
Au     -4.5451789982998090      7.8515774537364491      1.6833849022009924
Au     -5.1770843467614540      5.1768628880113745      1.2070246738542698
Au     -5.7181135199927517      2.4238380007794573      0.6880477172211066
Au     -6.2382893317381001     -0.3325171500295774      0.1356428536314853
Au     -6.7354735963957655     -3.0808723515112968     -0.4479198048041519
Au     -7.1173274428269551     -5.7779552179458227     -1.0481291695992541
Au     -0.3639413704299423      7.5126367946632389     -0.1290787991317250
Au     -0.8892850212441807      4.7836936198356490     -0.6849561915269096
Au     -1.4501346529586723      2.0054627097507653     -1.2119795957082538
Au     -1.9725156119176797     -0.7625764169620020     -1.7667265974256665
Au     -2.4606005524609174     -3.5425389209300020     -2.3536285729786961
Au     -2.9665776269167745     -6.2784513944715394     -2.8929702824842964
Au      2.5489841846324861      6.2847574261449912      3.2547406892240724
Au      2.0400674286793108      3.5488897375523925      2.7179461114124566
Au      1.4807743181730779      0.7700022649765197      2.1927322935842328
Au      0.9583923430007126     -1.9980372287279131      1.6379855952892610
Au      0.4687486915507648     -4.7773429771560023      1.0492732739496047
Au     -0.0536560627887672     -7.5063307365551699      0.4908481002035989
Au      4.2533555525525495     -5.4128265034096499      8.6116240466503804
Au      4.7482290306449322     -2.7398834009779529      9.2000713358802280
Au      5.2653038722873502     -0.0506380728962172      9.6862715395520240
Au      6.8078764021909883     -5.1697987796674463      4.8117780617193882
Au      7.4148391673562823     -2.4886673190364554      5.4355442444098907
Au      7.8326005207383211      0.2600992522371453      5.8999935550462643
Au      6.6408959040749167     -4.6699757973173996      2.0790702661647815
Au      7.1149094585028294     -1.8744702265351227      2.6532985927561983
Au      7.6934614902965990      0.9074549828425900      3.1968526750469701
Au      6.4407516841214036     -4.0825032475596350     -0.6836348494516633
Au      6.9121118224149178     -1.2805283474048972     -0.1193373260668675
Au      7.4947136837793238      1.5023226209337035      0.4356290271077246
Au      6.2177833358958798     -3.4178597032997358     -3.3936345026910741
Au      6.7967996226367688     -0.6933192575781568     -2.9407610451894053
Au      7.2438708549814530      2.0192627728616279     -2.3039721898015069
Au      8.8180917909638445     -3.7982323694522586      3.4943672737303677
Au      9.3211334702004045     -1.1326687084872828      4.0285777091779922
Au      8.6623601565823556     -3.2299075111982818      0.7882474887423419
Au      9.1665962828084417     -0.5580164882427052      1.3237263723028478
Au      8.4165025992730627     -2.6377270345113946     -1.9091917830439717
Au      8.9189205325204455      0.0245277397295540     -1.3756446571229217
Au      3.2766925817594283     -2.1781068692226491     -6.8101734040253925
Au      3.8900325618899023      0.5319657694523148     -6.3174274488833086
Au      4.3027783952289997      3.2590170207330820     -5.7205122100716848
Au      0.6100439056983751     -1.6246939152337285     -7.4569188728553160
Au      1.1243224585593223      1.1591897325965732     -6.8427646364179324
Au      1.6640034439681659      3.9601335089565337     -6.3376561241654796
Au     -2.0840760369178781     -0.9921521556529012     -8.0563588686407854
Au     -1.5805321506630143      1.7909060929033127     -7.4478263144165302
Au     -1.0315132280122707      4.5852796242685612     -6.9385778139779468
Au     -4.7282956177601925     -0.3069750905483870     -8.5893068622154320
Au     -4.2807177794228899      2.4413421631857508     -8.1506903777922428
Au     -3.7035752041522541      5.1229241196961723     -7.5010919719689149
Au      2.6308575668365131     -0.1989131947298022     -8.6301284370227940
Au      3.1332738628231205      2.4633428510065247     -8.0965823249848352
Au      0.0047046867455736      0.4195402424331105     -9.2689826193961142
Au      0.5089394547994184      3.0914324282270926     -8.7335048936042039
Au     -2.6402691930461506      1.0317923316127890     -9.8163261537303299
Au     -2.1372284153344667      3.6973570478872402     -9.2821164579045217
Au     -8.8355990034416774      0.1045391346611488     -6.5932640569603151
Au     -8.3816626340128462      2.7947373384226517     -6.0523686045869036
Au     -7.8236569806763079      5.4667275267335294     -5.5186174994136774
