         216
Au Au   -791.73008028   nogrup     0
Au     -3.9406789506471114     -9.4702486289153640      4.0943798776095868
Au     -1.4855481520497682     -6.7335604247100651      3.8249361153898107
Au     -0.3505873757197668     -5.3214974407541344      1.6529103699981107
Au      0.7647109464654451     -3.8606498313190212     -0.5065400479487785
Au      1.8801978880438539     -2.3804537516893056     -2.6766426128734686
Au      2.9909274133979480     -0.8831488467653728     -4.8652084371085031
Au      4.1273827117535200      0.5810369899371031     -7.1496503191972440
Au      2.4213984773090615      2.2217097325604440     -8.7028807526181797
Au      6.6424802822860256     -1.9198522066997779      7.4527551371450897
Au      7.8881062639220376     -0.4986028377538609      5.4630452843158679
Au      8.9915558975120717      0.9645013603904689      3.3216161136343949
Au      9.8915818329411032      2.3840499455698838      1.1546886202370317
Au     -3.2218228256898431      3.1152741765302139      5.8253205102056747
Au     -2.1936385310413771      4.6545989218631840      3.7901402411872951
Au     -1.0776068727771828      6.1298774065332964      1.6337924977475069
Au      0.0500521091288548      7.4437754094391160     -0.5017394509863493
Au     -9.3073008984093857     -2.9797260487117381     -1.4647569670507501
Au     -9.6392966740454717      2.5549154445548705     -1.5214349283493682
Au     -8.4841699190669146      1.2467960990609583     -3.6639739786114163
Au     -5.9662470479489960      1.3323928183170750     -7.7676105757838272
Au     -2.4990478767903386     -8.1225274259203140      5.9162788253522400
Au     -0.1336153511177536     -8.0888211156044285      1.7266606174473260
Au      0.9546647318822554     -6.6323958158553360     -0.4379900507014796
Au      2.0535938303831953     -5.1650187000147803     -2.5926597626251606
Au      3.1691328863698134     -3.6942091336213601     -4.7328998470965349
Au      4.3134955717030046     -2.2289439373098112     -6.8165043644071659
Au      5.2198849747611966      2.3673961962390173     -8.8887309995773940
Au     -1.2632072913309442     -9.4306665299984438      3.8768465192859836
Au     -2.9090063308270118     -8.2791955219126940      1.9372962951981805
Au     -1.8228162822641327     -6.8382120480033919     -0.1898221193660135
Au     -0.7382744136032733     -5.3956952259990789     -2.3288156680544638
Au      0.3458709069216379     -3.9406168912634509     -4.4576102590868079
Au      1.4278861704619792     -2.5128979549859203     -6.5569192176472484
Au      3.8778797358215344      0.4743976254171844    -10.0824804809643247
Au     -4.2840937018011207     -6.8230848864771865      4.2074288351533760
Au     -3.2102524803119374     -5.4786444577109119      1.9796954134579785
Au     -2.0713274098691508     -4.0306514388076398     -0.1993545524504405
Au     -0.9471972645123267     -2.5634249983321133     -2.3649873134014037
Au      0.1782587826968025     -1.0690058419213280     -4.5340995192968769
Au      1.3256861329138498      0.4395814031214016     -6.7727348737886945
Au      1.1476056965903654      0.3938413777078091    -10.1641169738174995
Au     -2.7109695058817365     -5.3572443074597569      5.9856754474647929
Au     -1.6803026385884567     -3.9117039177201800      3.8516968522437089
Au     -0.5442888468172071     -2.4642772262151311      1.6584903528400616
Au      0.5804952663126106     -0.9890382975390111     -0.5159976425049209
Au      1.7065414012413478      0.4976870751810418     -2.6932322597670009
Au      2.8181892190884659      1.9964587261781706     -4.8923676784013015
Au      3.9584664199083264      3.5346364968701405     -6.8520675971772835
Au     -0.2455727466128685     -6.5974295336158608      6.3292249087655641
Au      0.8501020055623103     -5.1768709887970044      4.2356824581782782
Au      1.9885516258570402     -3.7604901545068241      2.0543665960951039
Au      3.1003165247638558     -2.3012594098969714     -0.1050309736651585
Au      4.2029933130277923     -0.8246259723511606     -2.2602637873393157
Au      5.2649605921459868      0.7077298770141702     -4.4021665708284097
Au      6.3535998019784587      2.1465613230659892     -6.4488028232418166
Au     -5.9861680719257189     -5.5465268319457035      2.3362708833187327
Au     -4.9080165153210089     -4.1899760131113020      0.1260610842332177
Au     -3.7739007340828419     -2.7333808241791235     -2.0606089402696028
Au     -2.6431919153031695     -1.2628279561224929     -4.2082787437417402
Au     -1.5092313693722328      0.2647536106258368     -6.3543503933876018
Au     -0.4312672302698006      1.7540671909294003     -8.4425417457227852
Au     -2.9080774706100230     -2.5372190974966671      5.9486360595829844
Au     -1.8568164322441634     -1.0816454946449330      3.8310693672193956
Au     -0.7210927810927217      0.3868003189559985      1.6366290009209159
Au      0.4026369632851998      1.8657978474036554     -0.5317804135270023
Au      1.5218435634285514      3.3688316791032982     -2.7092456958143671
Au      2.6244965419698429      4.8093410632013356     -4.7775789040375898
Au      2.0622756742748596     -5.0496690355786900      6.7208656826194968
Au      3.1717134504299223     -3.6223290403495412      4.6330643331086101
Au      4.3186059015498897     -2.1989980742799791      2.4520639280945105
Au      5.4188064256951600     -0.7388839882463714      0.3112011057954085
Au      6.4918745686935653      0.7900780849606841     -1.8322935750774505
Au      7.5536154601029457      2.2253504669824951     -3.9258608589170017
Au     -7.6878577891096969     -4.2505337666706211      0.4791646653945101
Au     -6.5968254736999965     -2.8779782162461398     -1.7415768295417990
Au     -5.4949146883125728     -1.4164191849015015     -3.9144694119723269
Au     -4.3371858735466509      0.0833142623329817     -6.0085853815387260
Au     -3.2227539407844068      1.5198910880486851     -8.1130000444579249
Au     -3.0859336282544692      0.2930708982596988      5.9120957074745881
Au     -2.0217003602732495      1.7676751441308269      3.7938928884827767
Au     -0.9020548493444829      3.2580352645544366      1.6292392698759883
Au      0.2226887399538446      4.7304667142556625     -0.5432038018513765
Au      1.3394221713340491      6.1522553597868566     -2.6585789815233305
Au      4.3777113791489626     -3.4944674517601282      7.1113289655509817
Au      5.4931589139971528     -2.0478331039687472      5.0151299085665499
Au      6.6632544706877370     -0.6176243057373405      2.8921368772943978
Au      7.6931685272078889      0.8730721239196377      0.7392997802290822
Au      8.7587441894816038      2.3090965029037651     -1.3832403766753174
Au     -8.9487883411524578     -5.6572056036637335     -1.4019872661926236
Au     -8.0271668203638260     -4.3164573205742052     -3.5666816442353166
Au     -6.9368145734543205     -2.8804242359475367     -5.6926430076944694
Au     -3.0639168399298451     -1.2400644024345535     -8.0830186613728117
Au     -4.8219364238567435      1.5746620196391277      4.1226593824243771
Au     -3.7198635151261792      3.0685939236625801      1.9392166016968488
Au     -2.5887371865483955      4.5655080089258533     -0.2452609154464476
Au     -1.4453698921333971      6.0460256101545706     -2.4136512895782900
Au      4.1979496019443872     -0.7095294818107600      7.2162762144003096
Au      5.3611882275604312      0.7572821491576551      5.0565921089603449
Au      6.4908324369840917      2.2543775831627864      2.8683218472067580
Au      7.5698593703096391      3.7554195044503480      0.6936495667728622
Au     -6.3583467499517168      0.0350897369095744      2.2758133811063352
Au     -5.2673950105657106      1.5035236767430282      0.0997356608160302
Au     -4.1176164945618812      3.0274959012065707     -2.1174351717769966
Au     -2.9767666193708280      4.5009311805965524     -4.2713288316390390
Au      1.6912611620526250      0.5468513029766822      6.8018299549544210
Au      2.8107767850514467      2.0097449843530404      4.6434192558179817
Au      3.9709364325659298      3.5464985034756991      2.3989146324314916
Au      5.0777904478359286      5.0332393673512650      0.2557068098915494
Au      5.6319684460164554     -4.8188218986853926      5.0323552238972553
Au      6.8085286157901281     -3.4686840035365698      2.8801925013882510
Au      7.9129906527337690     -2.0038215201735081      0.7366130031387108
Au      8.9229008032399655     -0.4488864555387000     -1.3635706604573237
Au     -7.8926255187191954     -1.4802420077677638      0.4210243375078946
Au     -6.7943460982135022     -0.0358698893597236     -1.7727579902509234
Au     -5.6674263769464162      1.4621087910230770     -3.9427826935922745
Au     -4.5075495460952091      2.9530717300299134     -6.1056846311535313
Au     -0.8034507970924176      1.8389384315154551      6.3723873475772805
Au      0.2986129908338282      3.3265678774017884      4.2048661277513197
Au      1.4354210985240847      4.8307289938989841      2.0074846457607975
Au      2.5686707961621389      6.3061603277144842     -0.1477904421557632
Au     -7.3150360274618205     -6.9495966676169800      0.4246413412439765
Au     -6.3141483275488097     -5.6900463435729325     -1.7822047847334446
Au     -5.2645462081814882     -4.2399955511640410     -3.9188162633446737
Au     -4.1620887972639204     -2.7909124305350996     -6.0420791730804826
Au     -0.2749328864839813     -1.1143296965844414     -8.4168856608037714
Au     -4.6511691469583294     -1.2397842792968810      4.1469884363513323
Au     -3.5728299745286458      0.2139304231431236      1.9691996424752567
Au     -2.4278870437024165      1.6956576317438881     -0.2306145012845988
Au     -1.2999051426430670      3.2124733321523609     -2.4120934166017491
Au     -0.1827817518455028      4.6916649234246695     -4.5353363086312388
Au      1.8845853904305274     -2.2741781478373593      6.8138959834002542
Au      2.9836473819536860     -0.7902098795646157      4.6674482309503240
Au      4.1357475832547781      0.6748133785027841      2.4658497235312247
Au      5.2415062945727549      2.2042878884368644      0.2869713147728490
Au      6.3670161489661696      3.6609916047336446     -1.8515624620120867
Au      3.3174942737199196     -6.3751907892531019      4.6444497602985706
Au      4.4853505171145986     -5.0228523036984818      2.5025341556518725
Au      5.5943525913528784     -3.5690052175710534      0.3296661439076054
Au      6.7115203439128317     -2.0744379291498429     -1.8104039400187659
Au      7.7191419961436809     -0.5291566432614925     -3.9121117810881962
Au     -6.1717661936578647     -2.7509896733754964      2.3073783192450144
Au     -5.0971059712955054     -1.3311228001537412      0.1226308961269709
Au     -3.9514820198033052      0.1480480632632766     -2.0717754304440525
Au     -2.8188258956614334      1.6742925395830914     -4.2384748907003829
Au     -1.7135644379696058      3.1334724268193321     -6.3867947458652754
Au     -0.6279616902394185     -0.9924073149642272      6.3975315878295902
Au      0.4748477366237704      0.4809339272733339      4.2497377965483345
Au      1.6198635285247356      1.9597534268669090      2.0430160691891786
Au      2.7436667121600493      3.4829971142157543     -0.1423808066370249
Au      3.8561186916191899      4.9521478117959017     -2.2749111316039183
Au      1.0114656218085978     -7.9268672482723694      4.2531361981328395
Au      2.1720646503256242     -6.5763904400527711      2.1064492343329846
Au      3.2778381656856723     -5.1262709589219941     -0.0645329476333814
Au      4.3878626497285547     -3.6584969399737108     -2.2146570124083560
Au      5.5099749144250056     -2.1731111607792695     -4.3457775353029842
Au      6.5030849536437119     -0.6207215292823278     -6.3951086900779099
Au     -5.6192774111879071     -8.2326416830445730      2.2820529804741483
Au     -4.6228736198172538     -6.9841767969251585      0.0883513069338804
Au     -3.5340748472165755     -5.5385212626225169     -2.0533110462812871
Au     -2.4553935058217746     -4.0907293147440527     -4.1899513332624334
Au     -1.3694914011848682     -2.6113780339235948     -6.3288418185320285
Au      2.5454171576547830     -1.2718920528315376     -8.6454627381159082
Au     -4.4640916565608801     -4.0377146587618977      4.1752513207067032
Au     -3.3932203423009666     -2.6279652642618530      1.9851492476877191
Au     -2.2553678337157081     -1.1612825053960005     -0.2071903685641558
Au     -1.1216296182540280      0.3258374517779439     -2.3831851353187332
Au      0.0064197474395267      1.8340596332310541     -4.5625920368638138
Au      1.0776730665719896      3.3642383609096331     -6.6300509099799783
Au     -0.4322084206414549     -3.8185058457314849      6.4151021566494180
Au      0.6529099521261128     -2.3459940556608654      4.2660398200183600
Au      1.7958782595301690     -0.8934922040206565      2.0653328149125727
Au      2.9184217073950363      0.5900046233175491     -0.1108881241233313
Au      4.0206848890803908      2.1187632366894276     -2.2792737702802839
Au      5.1585195449679553      3.5875161467294729     -4.3732419461001459
Au     10.0551199520173711     -0.3638428649368244      1.1741529041986745
Au      9.0494784021813466     -1.8407171590970943      3.2902111191100438
Au      7.8902358156838508     -3.2374090813078418      5.3809521542598056
Au      8.7149484871981997      3.7560315310897261      3.2494166914724865
Au      7.7189692314449134      2.3099900796074531      5.4405169508103555
Au      6.5124721175404980      0.8413698396555009      7.5089255603649079
Au      6.2959074056722431      5.0995590994272408      2.8109132830307217
Au      5.1545785632606389      3.5546528901101064      4.9659533169586751
Au      4.0289625736197099      2.0980488370980988      7.1915485852275154
Au      3.8049168799709232      6.3686030480444513      2.3902780120079470
Au      2.6517917276616076      4.8286546284658280      4.5436933836671614
Au      1.5377059089029821      3.3651968563105434      6.7714799549786164
Au      1.3048683827831606      7.5453714011290955      2.0052956184293258
Au      0.1443255815238502      6.1789617411154447      4.1717636072300763
Au     -0.9011717186141964      4.6234592580999685      6.2696112651995506
Au      7.3910224587741640      5.0277554149463519      5.3175809382083550
Au      6.3092033866221149      3.5966069775862577      7.4072189568142761
Au      4.9603616472800827      6.3213451342377969      4.9387017815531955
Au      3.8739403570542690      4.8829585268544706      7.0371161316812412
Au      2.5018389777429952      7.5277240965202470      4.4995430565919037
Au      1.4195785776560488      6.0940079286418447      6.5907064101196298
Au     -2.7305161931048803      7.2833365693482852     -0.2802835135609740
Au     -3.8695405563051248      5.9083661012750763      1.9086033051606179
Au     -4.9467936962942272      4.3511045281314438      4.0032564195803140
Au     -4.2254084761474351      5.8467586239951945     -2.1490634247694551
Au     -5.4053182243927518      4.3494025856596483      0.0474707501487188
Au     -6.5079235262539141      2.8328328323293031      2.2634796823070111
Au     -5.7757191824342442      4.2865333617246826     -4.0123153821921953
Au     -6.9384276640487421      2.8071990675301484     -1.7975011333577484
Au     -8.0589657213057766      1.2857406286677806      0.3952678176985636
Au     -7.2719071737024654      2.6905053090990085     -5.7566279041539676
Au     -8.5261229610254414      4.0083392695892668     -3.6605692722510987
Au     -9.4891987603566044     -0.2110546881878488     -1.4883876623303607
Au     -5.4837333254870089      7.0786109746148549      0.0099231721088024
Au     -6.5948193354601319      5.6150099556107360      2.1541605416934786
Au     -8.1468287107745354      6.7230277152293265      0.2427986637505306
Au     -8.1870761693711760      4.0517378803706832      0.4087057117291337
Au     -6.9845922345330296      5.6281314314352020     -1.9088107798465757
Au     -9.6064245535497967      5.2513222541613995     -1.5212780849596257
Au     -5.8050768161241848     -1.4051066515428765     -7.7345240971989266
Au     -7.2066717487479757     -0.1001694738364822     -5.7729176020956601
Au     -8.3157028919876961     -1.5663974569701846     -3.6335159519305051
