         216
Au Au   -791.54270789   nogrup     0
Au     -5.7833488882744604      4.4228193149566408      7.5078985964515361
Au     -4.8768242088267932      2.6094678747910995      5.6589028519570324
Au     -4.0368876779869902      0.6571022599401370      3.7837270313768130
Au     -3.1530825512336964     -1.2495431007507829      1.8933987223869018
Au     -2.2718244887169083     -3.1362599371104860     -0.0184365991289521
Au     -1.4002802953139115     -5.0005505715698586     -1.9558712313178237
Au     -0.4853426713186848     -6.8203817570168770     -3.9292865961030481
Au      0.3078782595935303     -8.6537425077905716     -5.8157505945228651
Au      3.2793505253100892     -1.0453051405573577      9.7703222533276204
Au      5.9219794747703514     -3.2870835047937135      6.6922340675500642
Au      6.3325387755112992     -5.4475078248333215      5.1354921694074633
Au      6.3399829716871743     -7.3728203115887947      3.2433919265806779
Au      3.3917501132956356      6.5143611651509072      1.3230152853761403
Au      4.3387082693906249      4.7626597543511453     -0.5704225721986411
Au      5.2155492909034136      2.8542603936100748     -2.5122135994537560
Au      5.9601967670909222      0.9442141301856903     -4.3558766249943854
Au     -6.8719543449731528      6.5448996923491416     -3.3802855521693358
Au     -6.0457666138318693      4.7780349568939346     -5.3534021217990277
Au     -5.1710931209413395      2.8957376797943413     -7.2676095837129395
Au     -4.2803662599226078      0.9689657900326116     -9.0531398640506033
Au     -5.9299431827789348      1.7534253320918607      7.9813333779606381
Au     -5.1305497642583866     -0.1648448196574748      6.1935680757465654
Au     -4.2462827016030964     -2.0725144554718478      4.3051988167297086
Au     -3.3575106249206872     -3.9713804467173706      2.3991733276377332
Au     -2.4972036757121030     -5.8530290278524131      0.4580751893120585
Au     -1.6374452569032094     -7.7216440189272806     -1.5107251340798289
Au     -0.7348771045701943     -9.4558284969120621     -3.4489925661181484
Au     -7.5214578453011089      2.9717476730758015      6.0218467115259777
Au     -6.7567221793493797      1.0834050121848318      4.1927942024427800
Au     -5.8808664301774645     -0.8236179510739712      2.3060255530475438
Au     -5.0004694401019982     -2.7155186329569041      0.4026396009015620
Au     -4.1272505505301131     -4.5866406298129263     -1.5219604942119869
Au     -3.2564498478197255     -6.4360980195161517     -3.4654935168143242
Au     -2.3254478833777403     -8.1893274499527458     -5.3533788202737522
Au     -6.0715553203504413      5.0237519182941810      4.8488825609282440
Au     -5.2036120042159144      3.1413434237122990      2.9433750938335823
Au     -4.3498261247169108      1.1948508588576709      1.0434115453403034
Au     -3.4706548599909528     -0.7089926049993540     -0.8682539948344026
Au     -2.5880345594045604     -2.5910976396247278     -2.7986738192436063
Au     -1.6763579801816002     -4.4421794633509091     -4.7632558595774785
Au     -0.7988706709436224     -6.3043002211965327     -6.6828170639337134
Au     -3.5202836429812452      5.0372671677178689      6.0390556191020472
Au     -2.5956587980723240      3.1879435952470221      4.1511163390545249
Au     -1.7181660302449231      1.2230048701984080      2.2435395389701558
Au     -0.8277874638217488     -0.6969454050311974      0.3321025303481537
Au      0.0534343682680070     -2.5870885040338649     -1.6139026011316790
Au      0.9582568475153659     -4.4523782266670171     -3.6045127314297591
Au      1.7698334203009918     -6.3268916269799576     -5.5252713564610003
Au     -3.4775252918424577      3.0418725294096496      8.0314177306871635
Au     -2.5551522693755562      1.1199852327195616      6.1509504473473626
Au     -1.6631560835858084     -0.8407245755309498      4.2632349772516864
Au     -0.7627626461102848     -2.7550466536145812      2.3810712278534929
Au      0.1008074565859172     -4.6287052392310120      0.4431883827043954
Au      0.9856334305158549     -6.4777010390918086     -1.5564426929493749
Au      1.8200776488046184     -8.3335267467325700     -3.5517566152677746
Au     -6.3474904558119860      5.5421037031395013      2.1157396345857702
Au     -5.4974199727455417      3.6631086825730801      0.2076061297208849
Au     -4.6540724485356026      1.7243716040773380     -1.7111154255844134
Au     -3.7755894907771843     -0.1654232751709550     -3.6302675671880049
Au     -2.8507262409225556     -2.0318138145084079     -5.5800110771759464
Au     -1.9597061169428862     -3.8929832908811459     -7.4837475638826660
Au     -1.2080046899515029      5.5629364838984161      4.4861303058117095
Au     -0.3040236729453731      3.7083759541280403      2.6060965566335881
Au      0.5858210436116349      1.7476227493669678      0.6797118944221108
Au      1.4709198933506722     -0.1617219757970076     -1.2532953781671967
Au      2.3708312600890911     -2.0549984291227839     -3.2376401857856445
Au      3.1962440481004721     -3.9160391496128035     -5.1505057853600489
Au     -1.1735069845410973      1.5820039328886413      8.4828184728838707
Au     -0.1957333498862655     -0.3620077169645803      6.6120729085001955
Au      0.7560652679041779     -2.3400200394898878      4.7612895023539359
Au      1.6381767452033409     -4.2591007105449936      2.8692511300964068
Au      2.4814093727621289     -6.0963722010532617      0.8352361325313282
Au      3.2814162473760393     -7.9496693408109707     -1.2187471154404843
Au     -6.6233023778543636      6.0649840204522780     -0.6292022050417057
Au     -5.7964425330926002      4.1796206954093398     -2.5600096490613424
Au     -4.9652888586204362      2.2842090600504585     -4.4917160030126109
Au     -4.0424982697677381      0.4055384856627571     -6.3971365626469687
Au     -3.1212063293200920     -1.4685528190501582     -8.2929865162438574
Au      1.1058502040474258      6.0694703511549966      2.9186531405304343
Au      2.0003544763660122      4.2111250158506195      1.0277627410898820
Au      2.8996256830271960      2.2968081387885233     -0.9120665075804837
Au      3.7718551014277764      0.3786929681429392     -2.8619157832221367
Au      4.6054462987382854     -1.4930426149823157     -4.7737095307157098
Au      1.1056806193086008      0.1737118787963210      8.9640974753107550
Au      2.2562598190265044     -1.7858705948317883      7.1223529919862401
Au      3.2466552115174454     -3.8384134544280890      5.3043381384243418
Au      4.0554535077409524     -5.7635838747160406      3.3145658479085895
Au      4.7456164604782032     -7.6048089168410531      1.0884040359915197
Au     -8.4408991022812891      4.5980572984702057     -2.0737810207662797
Au     -7.6921603985579345      2.6188068411312133     -3.9626368860196761
Au     -6.8089586844746162      0.7186232593341622     -5.8976533363063837
Au     -5.8039392625767388     -1.0755016737965057     -7.8500916264991387
Au      0.8215118071429064      6.6605860234040417      0.2033382210650885
Au      1.7209534989933213      4.7522548242804552     -1.7258382044672391
Au      2.6168425662682240      2.8174457887656827     -3.6935749795414949
Au      3.4812283343600878      0.9177850739479334     -5.6429776076261335
Au      3.4941255860942491      0.7221956042686584      7.5011156473284828
Au      4.5363707206580557     -1.2554082435171035      5.5706688789866803
Au      5.4820324978422885     -3.3213402477086689      3.6193871384030594
Au      6.1890531669708242     -5.2061577832406307      1.4992243987161586
Au     -1.7862909771544642      6.6652060774400210     -0.9772402454475149
Au     -0.9118383884919110      4.7628601161615078     -2.8957895864166936
Au      0.0038452233682817      2.7908903452943119     -4.9014989093804591
Au      0.8860614510535276      0.9096795246452372     -6.8331378380465235
Au      3.5181767851379893      2.6501571260294474      5.4436714955432723
Au      4.4177522961882625      0.7127267702833731      3.5343431546592008
Au      5.3355997301067237     -1.3083431960755441      1.5329171055208004
Au      6.1916999048897488     -3.1657047333789912     -0.4301368036181703
Au      1.0774985968223230     -2.6018611146421193      9.3681495467378042
Au      1.8075120765788586     -4.6224127478120707      7.5064614567817394
Au      2.5652405722913723     -6.6111798320782693      5.5207033269825665
Au      3.6135691242923746     -8.4318762330525256      3.4326571371311250
Au     -4.3665030337530562      6.6564434219267721     -2.1909998842725305
Au     -3.5035829325598984      4.7567911163497998     -4.1301522647312296
Au     -2.6112650791237852      2.8364716172673567     -6.0832040383616794
Au     -1.7101737515496023      0.9403599317168085     -8.0056429461757990
Au      3.4746540684443321      4.6463293448842329      3.4102454753046381
Au      4.3585431736698403      2.7321881757255544      1.4732974961196028
Au      5.2524799237699851      0.7806889436199747     -0.5031185423860052
Au      6.1273455147482103     -1.1315631488343634     -2.4591936971828767
Au     -8.1460946394055895      4.0682548437438104      0.6355722402195507
Au     -7.3948990676988426      2.1388788923688873     -1.2415330149197583
Au     -6.5156200079344551      0.2081854121584152     -3.1601273698159869
Au     -5.6238619686224407     -1.6719149863281428     -5.1207033853275359
Au     -4.6459477845842514     -3.4610036095817307     -7.0302070743715923
Au     -1.4822951049041988      6.1420817171506883      1.7676339375482666
Au     -0.5992598856838791      4.2456918664624537     -0.1534774524754603
Au      0.2870648263233844      2.2936320797910339     -2.1026347640153116
Au      1.1929623083247329      0.3806365097286486     -4.0780468087563273
Au      2.0666969603180929     -1.5067278362180705     -6.0071979297656171
Au      1.1741449440027600      2.1531745460015199      6.9819978161517326
Au      2.1373436498271934      0.2063823411819676      5.1078240777791510
Au      3.0667572011470225     -1.8081110892603238      3.2062470954919089
Au      3.9146088273694168     -3.7061589412697842      1.2142372031484996
Au      4.7514449069320266     -5.5714904613545180     -0.8491729292790868
Au     -1.3119284117726684     -1.1645559358550805      8.9662942875852920
Au     -0.4592594663172274     -3.1075159009464013      7.1477217646351932
Au      0.3635003230748381     -5.0537449934627219      5.1953571824641607
Au      1.2652835479801428     -7.0082133361214609      3.1689820722432458
Au      2.1717106282882344     -8.7884795128591353      1.1506965183692532
Au     -4.0792004476209183      6.1312520475106727      0.5687264389380928
Au     -3.2046503108679607      4.2396703234887001     -1.3531312640658992
Au     -2.3305748187468343      2.2928764951772709     -3.2974176713319228
Au     -1.4168564145054763      0.3903595552064631     -5.2642655030480512
Au     -0.5357026783499723     -1.4946456937030614     -7.1850359768705427
Au      1.1622928908639127      4.1417465859053513      4.9721593926383605
Au      2.0710653692397152      2.2191068209158509      3.0794787502876471
Au      2.9681001890933958      0.2412740157068933      1.1379070068400789
Au      3.8673431698498661     -1.6764125219305885     -0.8475999011988353
Au      4.7211403453853329     -3.5436410459556207     -2.8230417468104205
Au     -3.6496441378389388      0.3004638384426821      8.5020276658773000
Au     -2.8170320725814504     -1.6532719766219612      6.6884859223142712
Au     -1.9376867152137649     -3.5717168909971573      4.7810863916984587
Au     -1.0570357381427025     -5.4928637748915126      2.8316717376103586
Au     -0.1952193680929555     -7.3834823983302655      0.8405887095857967
Au      0.7164343333237722     -9.1524544600654671     -1.1530699354193139
Au     -7.8592919787875193      3.5217811294110763      3.3489747920802166
Au     -7.0965151249110257      1.6022738483096735      1.4798945217887631
Au     -6.2236004924165336     -0.3167129715290713     -0.4203063314234718
Au     -5.3440113866913510     -2.2070193389472799     -2.3436276629264885
Au     -4.4591373202116475     -4.0675123307525922     -4.2918131519902962
Au     -3.4977252805983019     -5.8533763961775360     -6.2001554722120602
Au     -3.7877937496211187      5.6087978913770069      3.3158822730104323
Au     -2.8975344119390725      3.7162498529588159      1.3998699852407874
Au     -2.0231348354229777      1.7631394195345069     -0.5253317675608802
Au     -1.1357413279192183     -0.1471770767103857     -2.4620404754356482
Au     -0.2277654089757708     -2.0315016940219310     -4.4346802877797558
Au      0.6396632856407751     -3.9150627694945666     -6.3666571422097746
Au     -1.1632915293833053      3.6137029147308910      6.5229593504794927
Au     -0.2339218787483075      1.6928971873311380      4.6270165072074718
Au      0.6757449412076948     -0.2858954679586132      2.7265920914172384
Au      1.5572174622111377     -2.2020505302675177      0.7994005708863465
Au      2.4445065342023646     -4.0797823504634092     -1.2073268740101124
Au      3.2864449541856176     -5.9545235094200955     -3.2024182571037629
Au      5.0076605388527913     -7.7288078917661185      5.5731460669162178
Au      4.4350968524984431     -5.5751908287480116      7.1545040614424593
Au      3.9227387669860327     -3.3530904261536580      8.6175277593273023
Au      8.1766211422305464     -5.2254812797065107      3.2098292752610380
Au      8.0177755989925394     -3.1190607300646906      4.8363841918778920
Au      5.4087748268028024     -1.0366876803497540      8.1970009362093279
Au      7.6883118093038902     -2.7798985569937535      1.9960636902389428
Au      6.7845996028155477     -0.8285935049811455      3.8906525589997276
Au      5.8473342276030520      1.1473433628510152      5.9050551929097814
Au      7.5805831746931336     -0.7644526925783568     -0.0904082252351532
Au      6.6537536891460363      1.1751203678131334      1.8813103223952989
Au      5.8188706399739889      3.1239086531190430      3.8799850317358562
Au      7.4509273764384103      1.2728448596833095     -2.0220114897845907
Au      6.6497983241156060      3.2455111749419019     -0.1332788120851660
Au      5.7318868140579777      5.0409510773232613      1.8378951692562175
Au      9.4242904412743691     -0.7809450003715908      4.7494033569860843
Au      7.4769392962325663     -0.9635218041319904      6.5261827710906957
Au      8.9806095127882095     -0.2699712141982724      2.2081942985033738
Au      8.0941385112017841      1.5424654419675234      4.2365110312779741
Au      8.8206436841546036      1.6835924867189771      0.3114654031548447
Au      7.9843866682034328      3.4870742125180056      2.2452783162941170
Au      4.7932020737869472      3.3415391181035790     -5.2295842172609515
Au      4.0250938199864441      5.2724227901681742     -3.3229164009534191
Au      3.0521568677272914      7.0958892561480109     -1.4029000318717237
Au      2.2910188156423388      3.3348312195906153     -6.4727279980061212
Au      1.3861984033698347      5.2184501150037814     -4.4747335016673269
Au      0.5021112834205526      7.1865082495987735     -2.5477912516741998
Au     -0.2785371080667911      3.3475586377435360     -7.6531277740226464
Au     -1.1939737655453015      5.2320893008472869     -5.6662816494666348
Au     -2.0664254926235914      7.1953512161437558     -3.7355888466540002
Au     -2.8397946839423449      3.3774118049950506     -8.7391914294132196
Au     -3.7661803635401077      5.3179535543808880     -6.9248181224757275
Au     -4.5805729811685838      7.1240121998303199     -4.9267567707714806
Au      3.5752176442754338      5.7046056110435268     -5.9850409862593317
Au      2.7214515124033545      7.5417720732770661     -4.1113272025390888
Au      1.0749814132294211      5.7516677691873657     -7.1801373497760048
Au      0.2182529579002206      7.5954863301510516     -5.3003932958249607
Au     -1.4515919890106703      5.7332234774800552     -8.3119778142996541
Au     -2.3062627013106800      7.5735969513423216     -6.4377616281336305
Au     -6.9144738200932281      1.2939840043595314     -8.4995036872183345
Au     -7.8261888435048270      3.1341142575010368     -6.6323275155234569
Au     -8.6331431180722085      4.9915678521127491     -4.7342873784412971
