         216
Au Au   -792.02442846   nogrup     0
Au     -0.7002340413041441     10.1778489464735795      2.1450226056816835
Au     -1.2700638957007380      7.5017129890444414      2.0861918370288031
Au     -1.9663030299953945      4.7592142630047469      2.1011342200785990
Au     -2.6043832908998645      2.0011776173652933      2.0745507320494898
Au     -3.2206515062698733     -0.7700605246873602      2.0311801154185556
Au     -3.8114587341607029     -3.5380895373990491      1.9712783107200895
Au     -4.3427283983424001     -6.3154552687661827      1.8699458583285704
Au     -4.9608684011037143     -8.9813812658035737      1.8451678072831754
Au      5.6235413562795920      2.9206403637615628      7.8330680794614498
Au      5.1310123369360792      0.1861678034228111      7.8669596672023694
Au      4.5165036275903292     -2.5771567711061945      7.8237114788547508
Au      3.8042439801047796     -5.2603774855168020      7.7050284509469051
Au      5.8954126359192376      3.0183932389493515     -3.4531896477460204
Au      5.4082447480530007      0.3148863986231367     -3.5719114155980005
Au      4.7889313638171878     -2.4700453583861339     -3.6154957795529192
Au      4.0839263937144574     -5.1275124337535143     -3.5806741913980771
Au     -4.4721986857405911      5.4015464236517410     -7.2342290354223824
Au     -5.1046527404135409      2.7014576604272538     -7.4091627036371017
Au     -5.7191625705206492     -0.0618683242833864     -7.4524083292492636
Au     -6.2914983763098116     -2.7794747318964976     -7.3622613698402644
Au     -1.7078617667702192      8.9222620479218264      4.3260030050016507
Au     -2.3896140677077007      6.2728399395976417      4.3837908580196387
Au     -3.0369339210230208      3.5187231582022225      4.3603741932235529
Au     -3.6645668247135239      0.7472595341091051      4.3237036417039896
Au     -4.2705937820994926     -2.0287993075530260      4.2735528693796265
Au     -4.8513501174109406     -4.7971016617587310      4.2105403345166845
Au     -5.3560192515857503     -7.4827888969140837      4.0692545416470516
Au     -3.2626565976277329      9.3043380566966398      2.0055579123717386
Au     -3.9782059440505453      6.6632209789438699      2.0129076443412135
Au     -4.6221962363738358      3.9082841024755317      1.9944632050460243
Au     -5.2490333452892441      1.1366236193959098      1.9589809091624826
Au     -5.8558549895680452     -1.6392402842672382      1.9076438207660136
Au     -6.4399427092081813     -4.4067235913525096      1.8396613262363939
Au     -6.9108166511168934     -7.1007151038865004      1.7488138228606633
Au     -1.6133589163591093      9.0842478103519007     -0.2073057146770099
Au     -2.2557020935108998      6.3434881651015127     -0.2586252870573436
Au     -2.9348113936963411      3.5712521529869719     -0.2639184887650510
Au     -3.5657457049156536      0.7976474038353158     -0.2999967214717163
Au     -4.1696850550043809     -1.9817297421719591     -0.3508239918000085
Au     -4.7292059270006854     -4.7793618937067723     -0.4327015006444634
Au     -5.3089972346370713     -7.5342921708820842     -0.4673938369636641
Au      0.9809022587305463      8.5006924410131823      0.7424370609352255
Au      0.4041562101725589      5.7702248867504569      0.6792942549264467
Au     -0.2715907851982799      2.9807283946488452      0.6727678327005027
Au     -0.9045834164121294      0.1911844735383479      0.6375877511689794
Au     -1.5134061105495729     -2.6034683853498777      0.5853730711676661
Au     -2.0832927663767107     -5.4153395947502609      0.5042347802958824
Au     -2.7182167422604007     -8.1335124462053621      0.4821006554773080
Au      0.9142470559904203      8.4631171089310335      3.5650050499092902
Au      0.2995366776010102      5.7155671768100786      3.5549228151437084
Au     -0.3760649526868796      2.9424698744513846      3.5548616222752862
Au     -1.0050523332698384      0.1683873463093191      3.5216879885394388
Au     -1.6109382139757473     -2.6105111123447067      3.4679550716141012
Au     -2.1739640961006250     -5.4072816796332930      3.3808442334280056
Au     -2.7813862673465097     -8.1554220869352925      3.3049131559128408
Au     -2.5707922007049886      7.8783272951371490     -2.5542604922984999
Au     -3.2195750498597819      5.1432312002391827     -2.6076866433687718
Au     -3.8995940787933989      2.3634683428379430     -2.6274289275270108
Au     -4.5161482536278550     -0.4090515617260602     -2.6708189711964172
Au     -5.0781305281816786     -3.2143140466263755     -2.7384830927481332
Au     -5.6497041953046443     -5.9669085247951532     -2.7709420207721207
Au      2.6380433216018950      6.7031748772001505     -0.6638916623528477
Au      2.0515545937767032      3.9788754616552611     -0.7194892152606238
Au      1.3955974318867419      1.1678449718757706     -0.7428199838359797
Au      0.7742063005447268     -1.6264274260850087     -0.7865511519848258
Au      0.1771596370125379     -4.4499091435712881     -0.8514023875197765
Au     -0.4462753844327718     -7.1664001410247469     -0.8809565561350716
Au      2.4897062664453391      6.6347680900122290      4.9982464041693309
Au      1.8752345938246071      3.8912412409014410      4.9960217522915134
Au      1.2112710857612949      1.1075341465611626      5.0002361974172036
Au      0.5947173635854286     -1.6649851260238204      4.9568446058550570
Au      0.0166825297230568     -4.4663016095523087      4.8652211014943649
Au     -0.5891985657153063     -7.2104652845522104      4.7815589490855981
Au     -3.5259809519070284      6.6622024952322239     -4.9097788242157199
Au     -4.1990292274545205      3.9173087060363532     -4.9718088301940586
Au     -4.8685980550805423      1.1613540573795582     -5.0269630333790243
Au     -5.4301926142107115     -1.6189823775890861     -5.0584516688238601
Au     -5.9839948482896199     -4.3909846442139280     -5.0827617061852237
Au      4.2895096516964548      4.8827793500569818     -2.0701835250253282
Au      3.7029001929891447      2.1483458485955129     -2.1273678363401398
Au      3.0891292155838230     -0.6528826044068206     -2.1773506276521069
Au      2.4578477691868419     -3.4504103212853146     -2.2149895233112051
Au      1.8302188451387069     -6.1761744131168648     -2.2432588990115150
Au      4.0722971310381082      4.7950156125751846      6.4302110077170340
Au      3.4546694106613374      2.0365047019375764      6.4508848801294931
Au      2.8305080117700494     -0.7306073020420953      6.4634924600422483
Au      2.2235081474381788     -3.4997848407990606      6.3642376699993868
Au      1.6142878127548994     -6.2581677357352596      6.2572200653644288
Au     -6.1384075189350371      5.8217025231030046     -4.9922383163598205
Au     -6.8986452701041925      3.0795744978511412     -4.9466947892094559
Au     -7.5206568577932673      0.2825147567003867     -4.9904689568593632
Au     -7.9935998482115567     -2.5207184378802836     -5.1227969927324182
Au      3.3751562065888372      3.7387539227496784     -4.4561070261564737
Au      2.7637854188598521      0.9449763631735868     -4.4959589156870514
Au      2.1327966816733648     -1.8924547593868422     -4.5403648390862044
Au      1.5025650849699628     -4.6819179927589438     -4.5878907888674156
Au      5.7803955514660519      3.0368563694556205      5.0653095780703623
Au      5.1601932016206034      0.2527806629355620      5.0492298092154133
Au      4.5333969781632995     -2.5657997364987164      5.0051169768837198
Au      3.9154337797318806     -5.3495132260938743      4.9340567262737256
Au      0.7442409526689748      4.3526267888708361     -5.4068139335764371
Au      0.1146980825164103      1.5805561504844023     -5.4427045893564046
Au     -0.5297049187392471     -1.3171957599857373     -5.4880542006170909
Au     -1.1342540449344725     -4.0945890538232170     -5.5390130357347704
Au      5.8508748589794912      3.0977348953079371      2.2145390749865701
Au      5.2224931865390296      0.3253788840861240      2.1803757317171826
Au      4.5780914970672635     -2.5723718868824363      2.1350241819346696
Au      3.9723839971539219     -5.3494795668866697      2.0823349853621664
Au      2.9982728546986763      3.5764701542124753      8.6437216911521535
Au      2.2492459020235889      0.8315891418053436      8.7059872441456445
Au      1.6272345911905923     -1.9654674857940400      8.6622105305637458
Au      1.1430824317883683     -4.7659441242402902      8.5131550205592301
Au     -1.8806092948080995      4.9194545380435493     -6.3682901729760593
Au     -2.5251190196633422      2.1413508498725875     -6.4206398800671849
Au     -3.1519162858761192     -0.6772303510598050     -6.4647504274007623
Au     -3.7455743434044315     -3.4669175946235882     -6.4995365401572025
Au      5.9264748694928198      3.1117998648524625     -0.6484117769156370
Au      5.3055619914742662      0.3203671113907136     -0.7025088061094706
Au      4.6745741350707428     -2.5170635773794370     -0.7469156247365252
Au      4.0538869335543408     -5.3088715889216171     -0.7801985438692256
Au     -5.1842458510344711      7.0097868966900467     -2.6664330999560368
Au     -5.9238747606932121      4.3079857232951397     -2.6545635369143774
Au     -6.5635571426832273      1.5013377861886017     -2.6664639700568067
Au     -7.1734137790465473     -1.3109386222574182     -2.7424996755939670
Au     -7.6481613221629177     -4.0699349657447836     -2.8398305901598579
Au      1.7173974799866449      5.5503282746859082     -3.0485622494347195
Au      1.0914137124711649      2.7815019406696062     -3.1000317896440031
Au      0.4413519215403463     -0.0491755526568749     -3.1290494970084239
Au     -0.1693977531866540     -2.8881152483735040     -3.1887619424228371
Au     -0.7758982724053576     -5.6615281524095842     -3.2240301122265258
Au      4.1922179491996499      4.8833743476414906      3.6212159371082837
Au      3.5783092005649917      2.1141798072546258      3.5965587306657234
Au      2.9235520331103904     -0.7060731086379306      3.5738629838694074
Au      2.3215153713927670     -3.5373760042690900      3.5081083785695721
Au      1.7041000103401249     -6.3052060065787767      3.4461069461846883
Au      1.4380612599867701      5.3824295504133612      7.2169792753408686
Au      0.7337058208321818      2.6719622683087896      7.2814846246662448
Au      0.0744032975053601     -0.1298613344027517      7.2402973947399865
Au     -0.5158327872630935     -2.9469571706410047      7.1935436683153053
Au     -1.0258499682444553     -5.6972860826779179      7.0435732326583906
Au     -0.9155851202897294      6.1385563270143715     -4.0018861954501475
Au     -1.5476176264504380      3.3738148757172861     -4.0535862862874783
Au     -2.2050618557915209      0.5542211059213207     -4.0802878994070531
Au     -2.8044137480634594     -2.2777428875214856     -4.1420333360752331
Au     -3.4037076373381687     -5.0500268515946161     -4.1769887325254533
Au      4.2700865970252186      4.9230362297127712      0.7611799035175739
Au      3.6577262471732808      2.1508619027838360      0.7300397464474440
Au      3.0063056224343057     -0.6794813309080858      0.6989916638181590
Au      2.3969161511417276     -3.5187545296938456      0.6413078066773767
Au      1.7767936749841300     -6.2888196314783382      0.5857091552910454
Au     -0.1458658208875150      7.1836025874025475      5.7891493930952720
Au     -0.8393428314370279      4.4826216149967664      5.8532570349948667
Au     -1.4946985814328420      1.7057978728826138      5.8224871172916419
Au     -2.1152266962292732     -1.0845890876725495      5.7788158214955061
Au     -2.6983743768339261     -3.8770712130504492      5.7224218664572124
Au     -3.2142271378572493     -6.6142150876817531      5.5732045826400007
Au     -4.2391041854812892      8.1894718749256104     -0.3197775932532609
Au     -4.9726919796007332      5.4983465589972393     -0.3155278544838600
Au     -5.6165486277865098      2.7186943698627450     -0.3291316112008058
Au     -6.2370764092570861     -0.0716944013113592     -0.3728009669182519
Au     -6.8317245967577067     -2.8613508877030558     -0.4463572321256271
Au     -7.3074704730217546     -5.6083500861504874     -0.5357152751874743
Au      0.0529318193483825      7.3414999728344750     -1.6396305235643416
Au     -0.5709777270954710      4.5774361335313571     -1.6925666965145654
Au     -1.2352525761184987      1.7722135926964500     -1.7108728538443394
Au     -1.8584103484946128     -1.0300029978394099     -1.7547281040335774
Au     -2.4454300548456915     -3.8516009141415086     -1.8244829800564792
Au     -3.0518026514985008     -6.6198670649754199     -1.8581315803143514
Au      2.6067634152465295      6.7139259523823673      2.1718181132345844
Au      1.9972572020135959      3.9463224130967403      2.1403755554868855
Au      1.3343490305071692      1.1407643054350798      2.1241073481467971
Au      0.7111914676259823     -1.6614514359033894      2.0802513040152437
Au      0.1228062330098663     -4.4827129792112181      2.0084567379396425
Au     -0.4979679177000627     -7.2474402084892571      1.9533137280803157
Au      3.2316654074278728     -3.7220889942253290      9.8616538198273478
Au      3.8195530519077177     -1.0051917408583755      9.9546265604052042
Au      4.4388349747413001      1.7063049287503516      9.9466131342887838
Au      6.0999828176009592     -4.3407790815848770      6.3383796518879141
Au      6.7969456979671365     -1.6128357799724427      6.4744694576656254
Au      7.3223935372213553      1.1561620881827110      6.4244112050986111
Au      6.1859042990815922     -4.3947459916224076      3.5571751862970480
Au      6.7608028102914393     -1.5599697688207890      3.6102097692122577
Au      7.4415271147937476      1.2515499864911241      3.6455434944802914
Au      6.2460150960185636     -4.3677376953933358      0.7263849207999478
Au      6.8194382552672117     -1.5285287951375963      0.7682081818405440
Au      7.5033014837043357      1.2860452276610594      0.8148698503985194
Au      6.2832243067415794     -4.2537631645084719     -2.0702535247631264
Au      6.9687932782507787     -1.5166629782212713     -2.1120855888026240
Au      7.5072592117958203      1.2504926312056233     -1.9841097556468332
Au      8.2828372337622334     -3.3359525991059389      4.9660803296206897
Au      8.8829244604415472     -0.6374763974794204      5.0083125135569269
Au      8.3814506278134182     -3.3179260498250684      2.1983603256312598
Au      8.9829616872754343     -0.6130439467703521      2.2406927331850763
Au      8.3909449490673360     -3.2715295983278612     -0.5738328193292883
Au      8.9902861751181113     -0.5764024399253316     -0.5316526743316494
Au      3.7046920126977803     -3.6201244765517284     -5.9185541716765968
Au      4.4203548210578028     -0.8904193377408705     -5.9154758312589975
Au      4.9287296200686921      1.8841306031012639     -5.8324128967217668
Au      1.1340801210054874     -3.1115473277646970     -6.9028660264062633
Au      1.7451333006962890     -0.2815841925136979     -6.8048858230822766
Au      2.3913704703313456      2.5422362718474560     -6.8143845238269058
Au     -1.4635068847577246     -2.5150011675994772     -7.8591075088562619
Au     -0.8627170753191820      0.3134133567449702     -7.7674344297461015
Au     -0.2078814635299975      3.1312954692812389     -7.7707438678985943
Au     -4.0140808910829522     -1.8553768995994222     -8.7562509034583957
Au     -3.4568536744049414      0.9069063326496796     -8.8287113768636303
Au     -2.7916679788050525      3.6415671624935095     -8.6702248712934153
Au      3.3185169957205791     -2.0250495608744288     -8.1441216478548277
Au      3.9178605216681004      0.6700773290099820     -8.1019433110696308
Au      0.7910569356778234     -1.4526860404327921     -9.1298411728116555
Au      1.3925699763962998      1.2521960827672860     -9.0875099953709118
Au     -1.7630075341203408     -0.8673153178062600    -10.0267364740905300
Au     -1.1629187657058146      1.8311608059982998     -9.9845060248127844
Au     -8.2437614492874758     -0.9021437436337685     -7.2647343472971073
Au     -7.6917627069758927      1.8235746948811862     -7.2253248787202686
Au     -7.0365916320532831      4.5262533286120243     -7.1797800401134086
