         216
Au Au   -791.70678378   nogrup     0
Au      1.0310501643155598      8.6124264642425281      5.7031208720327857
Au     -0.1024168428318535      6.2640711121796366      4.8303149827125917
Au     -1.2798789553963403      3.8425801383700726      4.0244101908304835
Au     -2.3318167290920804      1.3932030828353348      3.1604516627425383
Au     -3.3329984186033363     -1.0742902752244357      2.2591698479324389
Au     -4.2764475913900597     -3.5427145530032274      1.3268418422905892
Au     -5.0955230376836056     -6.0418625090467586      0.3354225951012193
Au     -5.9170007272117235     -8.5116041579549027     -0.5516445677544279
Au      7.0778581749092542     -0.6802981931291940      7.0251149180192929
Au      6.1783986912323492     -3.1653478169859195      6.1935427129227687
Au      5.1757549619211431     -5.6364464921777149      5.2909450163458338
Au      4.1035945403646394     -8.0106082565227155      4.3476317925614669
Au      5.6542473255556871      3.6187267036401933     -3.1955276553141596
Au      4.7748242356511135      1.2065801247860621     -4.1763105632424029
Au      3.7629795155136434     -1.2871878022706449     -5.0871893289155388
Au      2.6873668625673206     -3.6933718906758042     -5.8663586149914337
Au     -4.4338784522102479      8.1180694060792256     -4.2418410566487896
Au     -5.5459335299526149      5.8044451204098566     -5.2952047504769562
Au     -6.5587316335643049      3.3083303851666153     -6.2069392875130518
Au     -7.4157068762823517      0.7691416608154178     -6.9261202933000199
Au      0.2723460389807348      6.6443835193593079      7.5111179418927243
Au     -0.7745026824289547      4.2059702392670211      6.8139877415191883
Au     -1.7964265041477137      1.7407357488189579      5.9698895797257450
Au     -2.7995666751123029     -0.7228889112612533      5.0889624488238532
Au     -3.7922217447106150     -3.1780580264907723      4.1732394063102074
Au     -4.7634544387826363     -5.6251129684488461      3.2230597478280245
Au     -5.6657600607607979     -7.9905328157548841      2.1655266645729370
Au     -1.5326943005737648      8.1419913740414227      6.1950838503019643
Au     -2.7005797548256045      5.6774015556362727      5.6535681249895742
Au     -3.8121743374853776      3.0889600186260822      4.8813809898169573
Au     -4.8708799560066414      0.5179212235866428      3.9928478141084351
Au     -5.8909513068224602     -2.0343532866865317      3.0100203609078680
Au     -6.8558609908896440     -4.5636243073408078      1.9128869647730653
Au     -7.6486605559204612     -6.9312880622624977      0.6893521351724470
Au     -0.4199780439918053      8.5677442310047276      3.3325434531932618
Au     -1.5232086545455474      6.1993163440412431      2.3414591407026251
Au     -2.5898169627470637      3.7338634607356429      1.4529575189223092
Au     -3.6058577020226408      1.2607422526178746      0.5539449517293953
Au     -4.5989540800676814     -1.2178069406549756     -0.3556966115714317
Au     -5.5471155034605477     -3.7179078760718625     -1.2809176727700926
Au     -6.4307146386012466     -6.2461659439780171     -2.0784087518878653
Au      2.1212417657470111      7.4578607813304556      3.4864990799978006
Au      1.0916935293064589      5.0407310971109123      2.5957077932440331
Au     -0.0008927036127941      2.5710122530412658      1.7498512037457221
Au     -1.0209862600667088      0.1008820402741986      0.8579677555053955
Au     -2.0075574966582530     -2.3745704339487670     -0.0565823199293014
Au     -2.9292561825071828     -4.8692173881336469     -1.0240219079098818
Au     -3.8753901367803274     -7.3213054052846740     -1.9117747152087050
Au      2.5316233511675330      6.3579216167297909      6.0320654018471789
Au      1.4650002586380717      3.9262887038417555      5.1882893414276730
Au      0.3863384345641858      1.4684471461807229      4.3243312294076759
Au     -0.6291855177289123     -0.9982568155485652      3.4319048082982935
Au     -1.6171472777793956     -3.4693063143548262      2.5207582146468059
Au     -2.5459440617704154     -5.9590140456659100      1.5775640754939406
Au     -3.4627387962933196     -8.4156636117651971      0.6358333124389404
Au     -1.7838293361428232      8.4465374954404719      0.7808604950760145
Au     -2.8569196652962270      6.0686100417454529     -0.1994928976884314
Au     -3.9221362494638101      3.5916031777310304     -1.0952976196639455
Au     -4.9224829561444583      1.1261744834381151     -1.9958233376656009
Au     -5.8805757467837019     -1.3834131303462653     -2.9214284749906723
Au     -6.7901582785857784     -3.8919255415973399     -3.7259010140998008
Au      3.2853060022007718      6.2078939081471241      1.2577718435334937
Au      2.3080907778106088      3.7827786094418157      0.3620420610057273
Au      1.2556942967847018      1.2903380857757902     -0.5194320415682032
Au      0.2491070655909744     -1.1904720149281518     -1.4255777175177862
Au     -0.7249266430321772     -3.6923251225374010     -2.3683296531146336
Au     -1.7162383751152785     -6.1187924067804946     -3.2447012834833453
Au      4.0523970599561716      4.0301894204892594      6.3696050597214953
Au      3.0307550572100590      1.5807008367095463      5.5332481245050857
Au      1.9843265170104398     -0.9036359583378584      4.6655186624300473
Au      0.9805306323956797     -3.3775719519439136      3.7618841379205907
Au      0.0102499060460222     -5.8635782636737304      2.8141366945452422
Au     -0.9495824950477787     -8.2975875284139935      1.8667357783829370
Au     -3.1280558385703006      8.3134979134067031     -1.7627356446435298
Au     -4.1900151817788949      5.9029093663748604     -2.7290001847240859
Au     -5.2607682966252369      3.4709307422052298     -3.6586602723953492
Au     -6.1943098412554001      0.9631790610594972     -4.5332927003418648
Au     -7.1294007520166165     -1.5481088285454909     -5.3648007162422449
Au      4.4889595988371926      4.9380382573305583     -0.9744280316968394
Au      3.5284532465054399      2.4985601900414833     -1.8892787939583169
Au      2.5136290725303430      0.0037602808670396     -2.8025483992838112
Au      1.5028166077759411     -2.4937733623958671     -3.7127887159256971
Au      0.4856887875434048     -4.9283227686562920     -4.5782353470207253
Au      5.5883468041261697      1.6889207182492481      6.7131168745084615
Au      4.5826459953198864     -0.7897230016775572      5.8826211046448194
Au      3.5694676453122041     -3.2810066607236834      5.0174751668224182
Au      2.5706180774960163     -5.7485286326860869      4.0713589182657639
Au      1.5820005984448302     -8.1850391606022921      3.1065345041569881
Au     -5.4465683749850484      7.2898976845688095     -0.7398563931425048
Au     -6.5453836284572908      4.8256185794725459     -1.5441972579865624
Au     -7.5492724545399703      2.3514654542019802     -2.4479123462013774
Au     -8.4534499432359613     -0.1207666830123948     -3.4466963040194321
Au      3.1793040225421958      4.8528830620890799     -3.4422318871079458
Au      2.1866734993180885      2.3525941286362277     -4.3650607426440224
Au      1.1579923075842959     -0.1826655654630018     -5.2910943738470353
Au      0.1249996174309347     -2.6746724876947479     -6.1917607476403287
Au      6.7835985138426524      0.4598774805580863      4.5130864343008241
Au      5.7787215156082024     -2.0404464630886459      3.6392302445195988
Au      4.7574853093152134     -4.5573637772638858      2.7198964852356760
Au      3.7447977826654459     -7.0294865645545919      1.7775065877319740
Au      0.6281483915481596      5.9971540085365831     -3.6854977944956060
Au     -0.3950363732869260      3.5206452038226397     -4.6041506067996805
Au     -1.4444683355528469      0.9342453113678912     -5.5488634386995717
Au     -2.4388378923774998     -1.5616533348810648     -6.4464413059727939
Au      6.4177999208054315      1.5688992354437481      1.9462440678426418
Au      5.4107246365786121     -0.9113701494751272      1.0533818014788281
Au      4.3674516343141505     -3.4825965798520926      0.1142106257039863
Au      3.3646009742309539     -5.9559445779291327     -0.8022953721813160
Au      4.8100971432180994     -0.2286268638487137      8.5510418884372967
Au      3.7241852948584784     -2.7286039030169817      7.7744862056354265
Au      2.7100318797403231     -5.2280651033757461      6.8615280906873473
Au      1.7802591533428092     -7.6959011682786080      5.8235299150816253
Au     -1.9112344559006069      7.1320285051673755     -3.9795839278292195
Au     -2.9815284711584540      4.6561312049127448     -4.9319311084415736
Au     -4.0098850476176047      2.1216727557290342     -5.8576710396198628
Au     -4.9764076557016406     -0.4223095216321333     -6.7388936762314930
Au      6.0756820203189612      2.6455125787723932     -0.6342729124129853
Au      5.0710115086972474      0.1557304053266062     -1.5633697545319460
Au      4.0443290293496901     -2.3746067779220397     -2.4876060692279456
Au      3.0254616187530443     -4.8719875071207515     -3.3801301149610952
Au     -4.1941781668263278      7.5347010856062830      1.6515754169999681
Au     -5.2461085984612090      5.0447838029407892      0.8894651750723739
Au     -6.2557311343074780      2.5300374354108310      0.0225270855140316
Au     -7.2723206054403526      0.0510466921128225     -0.9345612741668559
Au     -8.2178771248452538     -2.3819689944984912     -1.9706172890545703
Au      1.9614935887237002      6.1259005233029722     -1.1992281911607998
Au      0.9577421985827241      3.6598832462757716     -2.1257553853038074
Au     -0.0853634797872109      1.1425178297515037     -3.0331144777230765
Au     -1.0878276045176771     -1.3815729181607974     -3.9672069878171028
Au     -2.0919388749505745     -3.8640797730615599     -4.8481868444448963
Au      5.2314955154561638      2.8119624850739000      4.1657954482913677
Au      4.2307546265760028      0.3372340634073305      3.2911399358709676
Au      3.1890755952979646     -2.1689163306888837      2.3954009903196098
Au      2.1952158386054923     -4.6795127654355966      1.4587135996483322
Au      1.1952596633665928     -7.1356583607370876      0.5323074183220839
Au      3.3095725342418052      2.0859655522681200      8.2102477617080325
Au      2.2528352506035549     -0.3880533050915957      7.4552749895317483
Au      1.2159495292605222     -2.8846674127373202      6.5467824573336983
Au      0.2215617445997631     -5.3942874217033783      5.6266875463127910
Au     -0.7088287749217979     -7.8176996114541062      4.5928129440847520
Au     -0.5898411615031578      7.2725843593515913     -1.4560527852059311
Au     -1.6048615286771724      4.8050351780247702     -2.4052507703113974
Au     -2.6634943657827956      2.2929165134285601     -3.3187193190708149
Au     -3.6524858555084090     -0.2414832442277008     -4.2485502003693458
Au     -4.6543220683566862     -2.7446229603594237     -5.1149537411429620
Au      4.8688814826522053      3.9094911168717954      1.5926348743144771
Au      3.8736363130834177      1.4326573201330595      0.7038333707059774
Au      2.8321540412739319     -1.0762829343018705     -0.1994783947209218
Au      1.8346728870535589     -3.5925258600881271     -1.1316752934140339
Au      0.8260677641163214     -6.0543347092572741     -2.0467729654285050
Au      1.7914715333893945      4.3894431968728549      7.8787911848470955
Au      0.7425909535423192      1.9234631991864850      7.1341503767609247
Au     -0.2842074617321262     -0.5555190786202040      6.2486568152516675
Au     -1.2917067726592415     -3.0385805674822191      5.3416886475182181
Au     -2.2773490577008393     -5.5194156129336864      4.4155484267331548
Au     -3.2062196454390439     -7.9277529890898837      3.3797824807073820
Au     -2.9524672408216195      7.8420594226981253      3.9927744299955954
Au     -3.9875752447820498      5.3079169016336127      3.3086210657737798
Au     -4.9907428094031356      2.7571860522594771      2.4691366189032617
Au     -6.0123150032561963      0.2394487178158569      1.5495004663855152
Au     -7.0499500557102373     -2.2395150345288695      0.5518220568438945
Au     -8.0179060712425425     -4.6420578021181242     -0.5672200697912260
Au      0.7465214039524959      7.3896187403562967      1.0480841320415255
Au     -0.2732771222665717      4.9357355062138053      0.1108009671172496
Au     -1.3262773918172459      2.4403157086960423     -0.7839376882354205
Au     -2.3364467992135833     -0.0493208309260362     -1.6933066099615912
Au     -3.3149239774527195     -2.5606279363231614     -2.6273330586847390
Au     -4.3019290267419930     -5.0526587688766949     -3.4966040634605315
Au      3.6786480519386222      5.1478872115387047      3.8139953720482342
Au      2.6615480946921939      2.6868030130542584      2.9406685819057277
Au      1.6078574630096616      0.2045097810856182      2.0618734528671254
Au      0.6013242132527727     -2.2761711464486130      1.1557750034529768
Au     -0.3647864045439855     -4.7718395649833454      0.2163098403096591
Au     -1.3437011257435132     -7.2300852021126119     -0.7072101006961624
Au      4.1981464955563208     -7.4328786168479350      7.0031772690057306
Au      5.1926796013063132     -5.0151810548983171      7.9620955228916870
Au      6.1808558747504145     -2.5463362994347154      8.7880454082485393
Au      6.2531950507039404     -6.8264320410078483      2.9974559339691762
Au      7.3465999938497042     -4.4284493026383274      3.9631003415308630
Au      8.2501946852644412     -1.9046691224848402      4.7951894083708257
Au      5.9141717456374678     -5.8352930432080310      0.4361183859980180
Au      6.8966746785892639     -3.3038525250946496      1.3840219679918864
Au      7.9624236705013338     -0.7872184023203364      2.2799885905567390
Au      5.5584905220385750     -4.7602485488200763     -2.1260163486412491
Au      6.5396336658987568     -2.2157814781830361     -1.1982375921368575
Au      7.6099464643471517      0.2957208026159526     -0.2792629811174656
Au      5.1972539685306440     -3.6252038705119958     -4.6248648972331416
Au      6.2658488360176872     -1.1437421630883478     -3.8290938562772769
Au      7.2013600553131170      1.3140684398095290     -2.8207370019865063
Au      8.3425943161161129     -5.5748322872700768      1.6935085957042322
Au      9.3248923890892499     -3.1538824866781763      2.5777898793708829
Au      8.0368465902159940     -4.5297274504852432     -0.8385521389691002
Au      9.0215318879630164     -2.1028950720108384      0.0478777909337218
Au      7.6414963886424463     -3.4510317891867928     -3.3442165121029772
Au      8.6242698032730818     -1.0289118419395544     -2.4595081186469647
Au      2.2942858000582151     -1.4203839874000330     -7.4447391168913883
Au      3.4011373647763521      1.0352240831446133     -6.6123384397622971
Au      4.3003005805026771      3.5235844700393955     -5.6388966330671089
Au     -0.2366669916973976     -0.3546185337792327     -7.7674662261379277
Au      0.7893242069022137      2.1625209290299372     -6.7972841367469137
Au      1.8187677008276601      4.7111459207234958     -5.9171363302366649
Au     -2.7777176946845761      0.7731880552273536     -8.0426115579121227
Au     -1.7725308701809639      3.3032462295257110     -7.0744835319855310
Au     -0.7199524193697706      5.8446946412593501     -6.1901846957182975
Au     -5.2835412188446504      1.9353524473186630     -8.2544246061965314
Au     -4.3515970680849314      4.4848359173520524     -7.4444411514662416
Au     -3.2683231045375805      6.9019979081682106     -6.4403005290086490
Au      1.9287815980127638      0.8970014568799476     -8.9057195838003249
Au      2.9123691716620281      3.3211235721928465     -8.0202809837025821
Au     -0.5647590341340982      2.0197667784678988     -9.2219883026011438
Au      0.4216493916564064      4.4508391950099906     -8.3340109751045013
Au     -3.0817607341357074      3.1212238647178050     -9.4368683132354327
Au     -2.0964107176108082      5.5496859239062886     -8.5498448283844706
Au     -8.6542632519222522      2.1596456945423199     -4.9343211363277444
Au     -7.7316582127989815      4.6162868774503671     -4.0495837743428247
Au     -6.6823858762626838      7.0194736618521381     -3.1592093577175442
