         216
Au Au   -791.83165011   nogrup     0
Au     -3.0925833819140340    -10.3780952604912535      2.1489700250141546
Au     -1.2283600387994862     -7.2679407991941707      2.7809117763081304
Au      0.1812925243501082     -5.4599379144007409      1.1292945263322949
Au      1.5585617378737431     -3.6105858017478480     -0.5099483159926486
Au      2.9317899892335224     -1.7465349560325647     -2.1471740137844293
Au      4.2939787532664901      0.1189592416601650     -3.7703900375396060
Au      5.5928661596106348      2.0186604006385149     -5.3728105934201942
Au      4.2631831509376958      3.1876921289096543     -7.5375245271263083
Au      4.4909939317954422     -1.6180397652222966      8.9262433067125961
Au      5.9544415045024905      0.1977293392310182      7.4829482804160001
Au      7.3191012015348385      2.0490898213540998      5.8578030468956932
Au      8.5084129525190466      3.8287222395502898      4.1440835225086410
Au     -5.2827177396427567      1.8884713996592835      4.7496041611581532
Au     -4.0351981394418290      3.7912827895534766      3.2012513240299469
Au     -2.6561459364944713      5.6617311215635207      1.5587360698777069
Au     -1.2368818354301743      7.3679055177432939     -0.0748658227962693
Au     -7.8185058283907747     -4.2793260698087030     -4.3571378258465607
Au     -9.1606314364183152      1.0969239342175214     -4.1855695527295573
Au     -7.2284426749755584      0.2392782644722748     -5.9651502338629037
Au     -3.7208280080312361      1.1913623691542954     -9.1323283047352568
Au     -2.5035716515253843     -9.0268657529455716      4.3942534088659073
Au      0.8923486439357995     -8.1414797480477539      1.0983180488066608
Au      2.2474840058768391     -6.2962878665305260     -0.5613782134749172
Au      3.6050372084052476     -4.4401579913686176     -2.2126431343233897
Au      4.9580974552989758     -2.5789364099934220     -3.8569180961408023
Au      8.0576149734521056      1.1183253560897466     -4.3684996722517475
Au      6.8525753552097619      3.7636889048611866     -6.9687335455204131
Au     -0.5201020905312816     -9.8791963946588055      2.7373061161696803
Au     -1.7403941421427775     -8.8035141478509651      0.4665408708729331
Au     -0.3940151946861903     -6.9764463190798507     -1.1577935979228329
Au      0.9558800281145161     -5.1433122704746905     -2.7971723684156515
Au      2.3041751149790390     -3.2857773425979682     -4.4353956339344620
Au      3.6430428705638316     -1.4114421402227659     -6.0740591884468458
Au      7.5002754944232350      1.1828098237143827     -7.0581059965593411
Au     -3.9534214635047698     -7.8546450929349954      2.3156069057688029
Au     -2.5736314313054054     -6.1168255442832598      0.5865917584427685
Au     -1.1659798469898135     -4.2726642197327367     -1.0675801878380184
Au      0.2169343332451072     -2.4182645166011723     -2.7092692533342806
Au      1.5847034622621288     -0.5481434174446411     -4.3381247427860039
Au      2.9167631462848731      1.3640088266549641     -5.9497106871956529
Au      4.9374733893977325      0.4995280315615016     -7.6293006031624238
Au     -3.2471939506627150     -6.3584386364962269      4.5613258568170991
Au     -1.9549727622320021     -4.5368077545487404      2.9154958986341697
Au     -0.5462634370863464     -2.6911689373067018      1.2469580655840780
Au      0.8384262483343874     -0.8224970686620345     -0.4021202826695998
Au      2.2163869468128046      1.0575387027703762     -2.0439766212145969
Au      3.5750342825257584      2.9720476301226393     -3.6723658255973248
Au      4.9146207152569499      4.7674511831762940     -5.3220815714193233
Au     -0.7874817857533993     -7.2067552065921481      5.5423096812263317
Au      0.5599840281393598     -5.4019784591313895      3.9528234584241524
Au      1.9763418490404088     -3.5856969770060223      2.2933743178685191
Au      3.3551587273588832     -1.7326070241268186      0.6522956102778856
Au      4.7280745289805903      0.1410143995264797     -0.9813837921602016
Au      6.1058309989198492      2.0520769460845418     -2.6041167778520347
Au      7.3587918213384071      3.9063383554633777     -4.2728283946889114
Au     -5.2740068587540039     -6.6731615889704630      0.1036878553309961
Au     -3.8973038886093092     -4.9255294705615720     -1.6065592758222564
Au     -2.4954061171493200     -3.0726154965074821     -3.2691722573265629
Au     -1.1179263021147561     -1.2142551462599673     -4.8940293717337973
Au      0.2353596041174506      0.7032137432174794     -6.5037786839589735
Au      1.5961039392582079      2.5271792819582437     -8.0800275478406842
Au     -3.9563011662849608     -3.6201896439044523      4.6323028842661103
Au     -2.6505142583929113     -1.7873319231921849      3.0086608844855753
Au     -1.2457725014489847      0.0807830440862718      1.3395366921482967
Au      0.1367053811854251      1.9562026716343786     -0.3056278736019742
Au      1.5155083975487984      3.8645273378920693     -1.9527414809851180
Au      2.8811446123207998      5.6598925157497799     -3.5747728232080043
Au      0.9811780137739707     -5.3539778709206933      6.6876897576816887
Au      2.3396875961710832     -3.5413184924520698      5.1084871544803185
Au      3.7642857506458030     -1.7168300291407137      3.4525776275603306
Au      5.1301795498594043      0.1331728080447601      1.8244479066614687
Au      6.4763691146288185      2.0444927750600312      0.1916637012140470
Au      7.7927529374152957      3.9138672974381050     -1.4067085975741449
Au     -6.6008863695658722     -5.4749781209224109     -2.0953532795099221
Au     -5.2117505052962239     -3.7071781427066535     -3.8103542337364935
Au     -3.8464296610509741     -1.8548023718516182     -5.4723819348310609
Au     -2.4590135403902167      0.0341315245360336     -7.0440830297203476
Au     -1.0732067232778606      1.8599506234561058     -8.6375667450099325
Au     -4.6476892043297449     -0.8680145392195353      4.7090098455913711
Au     -3.3320215870489376      0.9857520559857971      3.0893865246805703
Au     -1.9538549760954083      2.8714449532032296      1.4441162691137031
Au     -0.5622752091557741      4.7425990050161406     -0.2081214906993516
Au      0.8254426590377686      6.5471242412032691     -1.8313870547335718
Au      2.7549728528639652     -3.4940481881768983      7.8363647029806280
Au      4.1191468006924055     -1.6616499885146467      6.2535101520468963
Au      5.5483200408710616      0.1654671206888043      4.6616455437279498
Au      6.8448150628187374      2.0327171436706246      3.0064711167161313
Au      8.1725424359975865      3.8547402551305847      1.3932269842485354
Au     -6.9838398247441846     -6.8486074778285415     -4.3478417581589071
Au     -5.7650341417676154     -5.1436887470816641     -6.0616589456813195
Au     -4.4154740060316202     -3.3236920908561851     -7.6839437519957361
Au     -0.4054368414659963     -0.8157075710259054     -8.7217007243441262
Au     -6.0248301452078241      0.3021521967723189      2.5663167702855603
Au     -4.6587028354585485      2.1887311878392293      0.8967738425512906
Au     -3.2634688200298330      4.0853154255216655     -0.7637126462214212
Au     -1.8435111402779529      5.9606474356258001     -2.4184512026829061
Au      2.0298225909781080     -0.8040376303455767      8.0471608919281650
Au      3.4551797232672325      1.0622445529334605      6.4181732690811373
Au      4.8520223548829939      2.9557886025948399      4.7529265559529996
Au      6.1939437518467262      4.8447366682854831      3.0815861806282925
Au     -6.6672080020793398     -1.2568958616764068      0.2628625418560588
Au     -5.3096863667591432      0.6012671878310361     -1.4034530341910347
Au     -3.8931669688258426      2.5304603069567833     -3.0886982652971788
Au     -2.4752206858725909      4.3978652515493710     -4.7262961928304321
Au     -0.4495029371651835      0.0640885461661043      6.9837615514515186
Au      0.9348805130407407      1.9185837559200598      5.3409172098949931
Au      2.3716746889423983      3.8612490785263804      3.6295447993956138
Au      3.7339684745337691      5.7346329124514828      1.9900039003588468
Au      4.7677976045865318     -4.3580136419053455      6.1457319194708084
Au      6.2241247820186434     -2.6047898181519757      4.5223299635631662
Au      7.5900293432759174     -0.7544030550894165      2.8939306948589270
Au      8.8447185458610758      1.1619488217743683      1.3026762430236367
Au     -7.3052789957521655     -2.7885579782738246     -2.0497372603560073
Au     -5.9309586437473598     -0.9512542788361804     -3.7323757430300262
Au     -4.5458894768701192      0.9403686235957114     -5.3827825796653261
Au     -3.1159669697684516      2.8308878395247077     -7.0183000093647419
Au     -2.9202280344469038      0.9712868056429507      5.9119830150640666
Au     -1.5551549852889517      2.8481922232453010      4.2561293306468180
Au     -0.1478285519525269      4.7499315420370056      2.5811316364483226
Au      1.2511685569550832      6.6150961588468649      0.9347283385905918
Au     -5.7135869822592138     -8.0491583541923362     -2.1987276694334525
Au     -4.3909700014332858     -6.4076153083463145     -3.9348045718369100
Au     -3.0798775103095655     -4.5767815904846669     -5.5761259979466082
Au     -1.7220801586418188     -2.7406794389809361     -7.1908053670223389
Au      2.2677511896323694     -0.1556396564418501     -8.1689277747167175
Au     -5.3404898364727167     -2.4342684937729446      2.4766587394768500
Au     -3.9927404038803709     -0.5926334072751205      0.8039071986631008
Au     -2.5813478221533406      1.2912372215404426     -0.8665476579991207
Au     -1.1979628139065386      3.2112762207904626     -2.5203821914211773
Au      0.2029789464327885      5.0647929030072847     -4.1540558224029560
Au      0.2617342155516917     -2.6724915039316697      6.8879669334742175
Au      1.6177624482832322     -0.8004955084110366      5.2536125670503750
Au      3.0459307079456148      1.0667701063281552      3.5811109991643022
Au      4.4184633330205987      2.9848971643614743      1.9175055499927041
Au      5.7876192359636445      4.8367011593310467      0.2828975904114337
Au      2.9949861177072203     -6.2170762863558613      4.9988602646974059
Au      4.4387339824882002     -4.4627609755043247      3.3798869282205501
Au      5.8167310413193878     -2.6172745373800881      1.7190483894329844
Au      7.1822168399325417     -0.7431416928638894      0.0969690212327308
Au      8.4905603889637291      1.1274158387441080     -1.5007887998118719
Au     -5.9729003477937850     -3.9617080559118394      0.1856288805256980
Au     -4.6204181605901393     -2.1541196482942739     -1.4965306116837915
Au     -3.2115312281596919     -0.2752358873477636     -3.1621131194060510
Au     -1.8351423919593410      1.6483897783630024     -4.8022203682194018
Au     -0.4355265447006520      3.4909555435032602     -6.4512646288904278
Au     -2.2287746639076107     -1.7808467768232825      5.8240997311604552
Au     -0.8675428329654218      0.0809903046562255      4.1882248421458534
Au      0.5511452519197122      1.9615810157161961      2.5090395731839763
Au      1.9433511369461054      3.8777215954135009      0.8432871466156939
Au      3.3158763896870984      5.7268680251084358     -0.8035680338419304
Au      1.2294808675504787     -8.0720603811735181      3.8545338658258004
Au      2.6680594310282228     -6.3194597818826059      2.2276632677954886
Au      4.0431784402165682     -4.4742529592882674      0.5646975763931685
Au      5.4119599814283763     -2.6124147885358058     -1.0825856270737297
Au      6.7661250403160622     -0.7426968368919180     -2.7168065230650740
Au      9.5436891366020067      2.9298642488850155     -3.1294447075813636
Au     -4.3966647507879149     -9.2360817158967343     -0.0022006928754550
Au     -3.0785566234874002     -7.6079076513476833     -1.7275171503234894
Au     -1.7267716966582083     -5.7745733181167127     -3.3632486436153499
Au     -0.3846225778458954     -3.9399928316935133     -4.9975320768278237
Au      0.9598753543884535     -2.0686344851101763     -6.6323667871115397
Au      6.2952683008724506     -0.7222400809602325     -5.5109370494605034
Au     -4.6427103466998174     -5.1508496286876051      2.3958524584466190
Au     -3.2902026528098727     -3.3531272788856201      0.7062972176762088
Au     -1.8858710221148525     -1.4886754131188136     -0.9591653380064571
Au     -0.4998348808149178      0.3935340350596448     -2.6063283342253278
Au      0.8649340059769135      2.3140785365974148     -4.2421433690144532
Au      2.2435189875914889      4.1545575389748475     -5.8862031249172606
Au     -1.5146814988931943     -4.5227739016156869      5.7333294715385996
Au     -0.1710190088516548     -2.6635486052150918      4.0917171987094214
Au      1.2476664048376684     -0.8099827481643773      2.4181812739918342
Au      2.6357938824845957      1.0681456389491686      0.7651106678207853
Au      4.0145696873015737      2.9797654533366220     -0.8849882514209284
Au      5.3670511396274438      4.8275968659350781     -2.5286473834090302
Au      9.1754275574423865      1.1545168159889609      4.0537963719784926
Au      7.9102434934911923     -0.6910290437595918      5.6776207169903827
Au      6.4944971500175512     -2.4791394975709276      7.2429135233137742
Au      6.5519994240433128      4.7511310411634264      5.8612605084885168
Au      5.2724359837005572      2.9280340421606783      7.5729511878874582
Au      3.8326666069441413      1.0626069538011924      9.1020387355040349
Au      4.1482463597764117      5.7195325463142330      4.7978602639404109
Au      2.7596986420943641      3.7810681669996797      6.4291323630582795
Au      1.3490806085365006      1.9246505630223973      8.1354823329196826
Au      1.6870680553150126      6.6012861679583184      3.7283351712169654
Au      0.2850906085113998      4.6675335882747575      5.3571587230179070
Au     -1.1150080628124424      2.8073388185636516      7.0705885652322316
Au     -0.7760167500241462      7.3907216366041730      2.6892225827167735
Au     -2.2243342501429901      5.6241180503530268      4.3387415685109048
Au     -3.5061442088218944      3.6984852410230249      5.9442279004326615
Au      4.4857356150598733      5.5533553705682035      7.5107694625848254
Au      3.1513456833881590      3.7430006030726091      9.1020523608841017
Au      2.0644550906264425      6.4660438886527345      6.5002217813085785
Au      0.7239363912911299      4.6483679255747230      8.1000152999605604
Au     -0.3499298932835124      7.2950122485858806      5.4209975184374670
Au     -1.6865371595920742      5.4845883725975151      7.0165743099050673
Au     -3.8863402353434835      6.7307870932778346     -0.6905704473483283
Au     -5.3205412823878904      4.9553336762113114      0.9868138525674155
Au     -6.6302444359820694      3.0193668485742702      2.5763633808727384
Au     -4.4996087858410867      5.2809118473817964     -2.9942652697142158
Au     -5.9552089565232560      3.3773277289065584     -1.3308431579383999
Au     -7.3297912226951603      1.4650787833871828      0.3699141321958379
Au     -5.1445862057845266      3.7006701806339470     -5.3188003960344510
Au     -6.5920101485655866      1.8164345971508613     -3.6328667525439968
Au     -7.9767606800872262     -0.1014235562795687     -1.9618661928045888
Au     -5.7669384704667372      2.0848450370205951     -7.5189953287809068
Au     -7.7803190819410482      2.9401144457449595     -5.8127700094199763
Au     -8.5105781701683814     -1.5942310064454084     -4.2712185609431295
Au     -6.5208764777289048      6.0455328463279727     -1.2356818166075954
Au     -8.6174173413077906      2.5887715807397322     -1.8251176809809699
Au     -9.0251746413627583      5.2344265655244362     -1.8207939021099087
Au     -7.8989143127370109      4.1931342980478554      0.3998202966768005
Au     -7.1227794587810838      4.5885963978339959     -3.5932674404203375
Au     -9.6284272543225260      3.7470177492634247     -4.0189023330447426
Au     -3.0571572579179334     -1.4688444779131800     -9.2126581072681830
Au     -5.1805650252194937     -0.6384131060690228     -7.6813866563001980
Au     -6.5463558230573042     -2.4920719744060884     -6.0504036245685366
