         216
Au Au   -791.70678378   nogrup     0
Au     -6.8838430080366804      2.9245803063262610      7.1987524340245148
Au     -5.6059732964717623      1.2381618262067253      5.4425261258132043
Au     -4.3053611717453046     -0.5517616196973278      3.7092952337143217
Au     -2.8998580756417143     -2.2473339617276409      1.9766556179963430
Au     -1.4448138498707417     -3.9020571459474738      0.2308206947476830
Au      0.0496441897129518     -5.5044035388932429     -1.5160455602788403
Au      1.6506677517670552     -7.0143033504509216     -3.2643230277767046
Au      3.2139622235892906     -8.5589567605786829     -4.9170529638451814
Au      3.9176935149665701      0.8818951486851225      9.1534237304810073
Au      5.4390967412131257     -0.7496280341493706      7.5104141803992821
Au      6.8962641301875696     -2.4067736814343190      5.7620312492206249
Au      8.2402569714052589     -4.0338927488814917      3.9669884460045441
Au      0.9551597055160737      7.3539344696595021      0.5333302404387954
Au      2.4499126277528593      5.8496273233050342     -1.2149667681114078
Au      3.9204498287902254      4.1772791848815176     -2.9793869810207063
Au      5.2669933702661700      2.4503607911487175     -4.6402134292529684
Au     -8.5372183996257966      3.8279812870629435     -4.0022422223383867
Au     -7.2511527897211279      2.2626441215871234     -5.8982491002070390
Au     -5.7792338559736374      0.5887219334855247     -7.6643307608291114
Au     -4.2036775393345645     -1.1003013295828501     -9.2018402836725723
Au     -6.0166889592340036      0.4152353365469277      8.0166138309856461
Au     -4.6377224966488351     -1.3509094674337578      6.4332892340906671
Au     -3.2041400566968328     -3.0454832497460078      4.7281602813872556
Au     -1.7558872309285807     -4.7090490750694700      2.9999001983073068
Au     -0.3036115430314501     -6.3440771674785292      1.2479425002987661
Au      1.1595008907674735     -7.9437341486492610     -0.5225446397624349
Au      2.6132751627871222     -9.3990930063678135     -2.3380955674048103
Au     -8.1192500900093307      0.7287223786957152      6.3692271492839492
Au     -6.8121047815987934     -1.2070804989571082      4.8607695142604381
Au     -5.3444516549810119     -3.0666287007055910      3.1519587271547351
Au     -3.8440456788147594     -4.8253214329327454      1.3697196676845138
Au     -2.3233125901348162     -6.5023579205478867     -0.4729764377514218
Au     -0.7731255220898365     -8.0747786344872008     -2.3851412318762453
Au      0.7692373556518581     -9.3795188342674916     -4.2956830637134376
Au     -7.4249896039380383      3.0847189711837744      4.4768730202699469
Au     -6.0982285754143080      1.4634722415146850      2.6275330543950854
Au     -4.6858108632205147     -0.2392614020365267      0.8636410271929442
Au     -3.2355681608697235     -1.9081156393104466     -0.8881046798572587
Au     -1.7658906400203183     -3.5599064810194170     -2.6398275024940769
Au     -0.2501950430789162     -5.1871285750816911     -4.3892193601618832
Au      1.3105471039171284     -6.8496508173404500     -6.0044432735855855
Au     -5.0386066152455475      4.0392764478677021      5.5291684352528403
Au     -3.6416650554054604      2.3900252336105061      3.7900570806533285
Au     -2.2468909677976425      0.6472142321071996      2.0505346061224188
Au     -0.8023408716114924     -1.0260003503080932      0.3037608677272772
Au      0.6694443070664260     -2.6693423685342710     -1.4486287583280433
Au      2.2020855036890357     -4.2556826038798921     -3.2215575442544235
Au      3.6764525203809515     -5.8717790247471342     -4.9275752980883150
Au     -4.2440989748329594      2.4471408904329115      7.6952774786019997
Au     -2.8639666030349380      0.7424727251612370      5.9771935114216586
Au     -1.4678932924511567     -0.9755883271671444      4.2307216324445580
Au     -0.0232258580936744     -2.6435531541382682      2.4862523036111934
Au      1.4438217663711099     -4.2868976971525878      0.7370991442322961
Au      2.9652447225610601     -5.8867141853603364     -1.0169790645255414
Au      4.4676609266750056     -7.4601847295885513     -2.7575090594162788
Au     -7.8305568119747599      3.3450086521490707      1.6214157908584728
Au     -6.4794983834391262      1.7329181504002900     -0.2069576627025285
Au     -5.0562215132273503      0.0279169774919126     -1.9789521264831418
Au     -3.6023989669796697     -1.6254279888440875     -3.7233221637669534
Au     -2.0851628327674216     -3.2644974510664415     -5.4795019399882490
Au     -0.5547631816784921     -4.9293136055461426     -7.1084362531142045
Au     -3.0721505858390543      5.1531141730943846      3.8627015992219160
Au     -1.6367688124350046      3.5360400904619533      2.1413045337502101
Au     -0.1954013744548639      1.8236381821442071      0.3843391036508343
Au      1.2674946563613729      0.1599804862899694     -1.3709151170439764
Au      2.7711866646437144     -1.4768424966789608     -3.1475744268472692
Au      4.1967117536797476     -3.1132896764210347     -4.8588300398953601
Au     -1.5355461142364621      1.9364129242644890      8.1932132338265493
Au     -0.1151760262959902      0.2474188415260636      6.4981954528046533
Au      1.3216712971108797     -1.4629774067115215      4.7575300077430658
Au      2.7805111343202418     -3.1220263538450386      3.0071388554918030
Au      4.2745957289538321     -4.7447974715432544      1.2311247708104691
Au      5.7339469314538780     -6.3307349770551102     -0.5290880513757497
Au     -8.2159918647236694      3.6074547714911818     -1.2206045729983135
Au     -6.8342554153537778      1.9769812912218785     -3.0384920047616255
Au     -5.4455542341579699      0.3107188609008738     -4.8330324247769747
Au     -3.9213789889882849     -1.3356610101012245     -6.5335089296310684
Au     -2.4007637130904271     -3.0058598062886439     -8.1980035359421031
Au     -1.0657335735018245      6.2831433948907405      2.2069955521307865
Au      0.3934360584473664      4.6779375612615635      0.4735855324405058
Au      1.8632915148820084      3.0041819864173460     -1.2944701461468071
Au      3.3373391106910191      1.3300237164247197     -3.0586515389820299
Au      4.7523104850148510     -0.3333453587607280     -4.7737733410304273
Au      1.1920668615274499      1.4249453274688328      8.7003816677254502
Au      2.6442845801623349     -0.2732747205380821      7.0116111923957138
Au      4.1063124549671040     -1.9670657939325047      5.2867766311809437
Au      5.5684111260875726     -3.5987050530861016      3.5030940014248273
Au      7.0145793789809936     -5.1966437049596701      1.7142326466067725
Au     -8.9343348301987859      0.9969703397167399     -1.5932889497985538
Au     -7.5528227854057279     -0.7667634730170672     -3.2984865687299738
Au     -6.0938604464969410     -2.4259578646359037     -5.0490372980775922
Au     -4.5644031003842889     -3.9727028024060660     -6.8366010741362810
Au     -1.4776062393637819      6.5596102275791912     -0.5437216565523038
Au      0.0111460043037397      4.9018735068434509     -2.3111755054694250
Au      1.5061486860733013      3.2016984355715032     -4.1049516513754769
Au      2.9612760102570808      1.5115449326207979     -5.8697065730746267
Au      3.1572103291213027      2.5576104613718185      7.0772429398287304
Au      4.6324597891557087      0.8682329839210466      5.3467316467468589
Au      6.1166468775364651     -0.8196394803423164      3.5659308117435735
Au      7.5735695228689623     -2.4648402383507504      1.7782742312569653
Au     -3.8858635242613309      5.6614134786836008     -1.6708662296291976
Au     -2.4347873766763142      3.9953448727742762     -3.4435805539154760
Au     -0.9096293491323495      2.2608741468936229     -5.2735403405418584
Au      0.5714438181519936      0.5923866345554345     -7.0189620521719949
Au      2.3850725592800166      4.1945843724818159      4.9147111268927208
Au      3.8455787451561911      2.5245261615654018      3.1708739552939456
Au      5.3617917787613267      0.8002335900974691      1.3516474903253712
Au      6.8223573406519371     -0.8516587230776669     -0.4093590513730554
Au      2.0038734273440966     -1.0824138115150774      9.5458165310560776
Au      3.4178098529820291     -2.8717142671234974      7.8631634754811213
Au      4.8916991191536638     -4.5478814015233979      6.0947112478127057
Au      6.4071980168598088     -6.0900526390529617      4.2624721035086974
Au     -6.2732400309770879      4.7899676760239442     -2.8387260799776293
Au     -4.8467946235359376      3.1094741634534868     -4.6618415742844332
Au     -3.3522656028684557      1.4098359959131836     -6.4550503883464483
Au     -1.8185715294013685     -0.2760639571249313     -8.1836582110096927
Au      1.6544643075454100      5.8349389422884190      2.7443049599547464
Au      3.1284694369236745      4.1783848675221735      0.9681470302009707
Au      4.6205709652412184      2.4815128671627842     -0.8221486461329519
Au      6.0874201485610886      0.7936207761343340     -2.5745686984237803
Au     -8.6731998453115189      0.8120772356190994      1.0983657316307518
Au     -7.2485407465237968     -0.9559849078477745     -0.5543135261305903
Au     -5.7656544621592696     -2.6601667878014261     -2.2839608751869456
Au     -4.3038263267579202     -4.3048383803299348     -4.0875647968004536
Au     -2.8255266843375360     -5.8381464433898040     -5.9180468600783200
Au     -3.4963995785036666      5.4169042319072576      1.1156142570992387
Au     -2.0408968494222810      3.7734895729520463     -0.6529740261644825
Au     -0.5710349902255407      2.0652095657765663     -2.4333613180627101
Au      0.9319698623834216      0.3926313012819873     -4.2199658511638578
Au      2.3945350769222951     -1.2824898832634368     -5.9526179673912321
Au      0.4118157878315598      3.0665366587113025      6.5617356984736563
Au      1.8694825969807805      1.3950949003331119      4.8377063611468021
Au      3.3299041601580015     -0.3113394985707292      3.0703661802432443
Au      4.8277800074122164     -1.9691907696909163      1.2881945217560897
Au      6.2777711030673267     -3.6044490461843353     -0.4765285078524393
Au     -0.6817113525598977     -0.5644061474884803      9.0514945855431943
Au      0.7266288014291113     -2.3298583815687888      7.4061345079384164
Au      2.1840193498063774     -4.0214785219946902      5.6318702968271008
Au      3.6787194273263983     -5.6870961628011569      3.8640558070448368
Au      5.1583113373928065     -7.2059182051775661      2.0443210625158041
Au     -5.9049627781381639      4.5265119107202434     -0.0228743164071226
Au     -4.4521946611595622      2.8857029352580197     -1.8165424844265186
Au     -2.9950561380211207      1.1731876956461613     -3.6081618077748683
Au     -1.4763458459943815     -0.4985522231198403     -5.3871144730551936
Au      0.0020210988628735     -2.1911460013554160     -7.1103672426622797
Au     -0.3485504556032399      4.7019833514139604      4.3927785008456599
Au      1.1158652544193681      3.0397453903618081      2.6585249024657092
Au      2.5795564426400057      1.3354683782058456      0.8841268879793613
Au      4.0791392266155375     -0.3301969838468299     -0.8969550330473748
Au      5.5269663901794566     -1.9798658907225846     -2.6569498692028457
Au     -3.3702946803641050     -0.0688956665768665      8.5550249227076396
Au     -1.9648558155691864     -1.8294932746559149      6.9238473257556574
Au     -0.5181748143733378     -3.5153263431448387      5.1777506491168968
Au      0.9460436456873937     -5.1804946244944432      3.4209002079264881
Au      2.4240821583820633     -6.8207710596752236      1.6577580976573341
Au      3.8929451260222345     -8.3289489196663027     -0.1598067530824956
Au     -8.4615050688212747      0.6805676180622291      3.7545724316218632
Au     -7.0016367921382399     -1.1395573206565761      2.1679685203369168
Au     -5.4899460893060281     -2.8735488943918224      0.4575992559883453
Au     -4.0052817767790936     -4.5619687545687420     -1.3237933795254193
Au     -2.5510535566892960     -6.2009378869588785     -3.1721229975737071
Au     -1.0998411723484978     -7.6913924187273270     -5.0784131324688770
Au     -5.5066951876156578      4.2686015381473048      2.7780435243397896
Au     -4.0690709968600531      2.6268375938675197      0.9953852968723993
Au     -2.6240546340460238      0.9186928191044741     -0.7739787202063066
Au     -1.1559559951339118     -0.7508853362154551     -2.5354774121730479
Au      0.3514145192417351     -2.4003076278542954     -4.3085343079989293
Au      1.8303212745221469     -4.0753268460847112     -6.0252700350292061
Au     -2.3207234250371389      3.5677743082005122      6.0386292635381853
Au     -0.8838317929136146      1.8928390819744179      4.3111867209056403
Au      0.5484212672110846      0.1841754793034827      2.5580620854474141
Au      2.0112404289922257     -1.4793957657383514      0.8028991718157670
Au      3.5144150786286175     -3.1090058329086032     -0.9660458708730459
Au      4.9783781966422724     -4.7330275362781569     -2.7191875449717617
Au      7.5082888492641509     -4.9146261814390888      6.4333942803605719
Au      6.0812561401442657     -3.3208566338602274      8.2159079546520264
Au      4.6267783234395621     -1.6376557272606804      9.8907848654819990
Au      8.7713899577809755     -1.2840101639419672      4.0126493666538305
Au      7.4186108850485919      0.3601417796302955      5.8416055257333159
Au      5.8691037938826636      2.0165780556845614      7.4949570727987922
Au      8.1076129091553550      0.2996264693733275      1.8425724016803784
Au      6.5850553393695215      1.9566870971346226      3.6336601867816789
Au      5.1308415716529732      3.6849207548692915      5.4142489426724598
Au      7.3677629956208559      1.9213058010320272     -0.3183398786620835
Au      5.8366448704195637      3.5947019392331581      1.4573722537834009
Au      4.3863348199059358      5.3118938499905566      3.2589218658347896
Au      6.5693236223096161      3.5436467637295719     -2.4144232289057861
Au      5.1571310790664739      5.3015794551516633     -0.7267662249223932
Au      3.6567091819840023      6.8559765132326795      1.0802703202639385
Au      9.2073008594281323      1.4430937548154241      4.0851765947744703
Au      7.7797047284067506      3.0666093158457031      5.7980763748466533
Au      8.5173531935551239      3.0658038011996016      1.9667240026276342
Au      7.0862876135150676      4.6932642149504131      3.6837858616901453
Au      7.7436348463221236      4.6363326896010140     -0.1623693918581068
Au      6.3153475037805764      6.2606325526989322      1.5513583119426979
Au      3.4367899079526572      4.2682372461437286     -5.7162914300215268
Au      2.0634223974809456      6.0187329671899095     -3.9849211581198709
Au      0.5214087913275924      7.5837198923689613     -2.2182774706029615
Au      1.1125626007466876      3.3760718807012133     -6.9195116465104070
Au     -0.3753233995910392      5.0427365972064537     -5.0924041508566082
Au     -1.8746383852164463      6.7732348434420793     -3.3353246722831109
Au     -1.2726270983754882      2.4903182573736724     -8.0731596070272378
Au     -2.7829708463585563      4.1517714767730762     -6.2545605401924798
Au     -4.2632128495193209      5.8913331920018548     -4.4849088779464052
Au     -3.6716353302014300      1.6171774601179363     -9.1488124403328186
Au     -5.2215498698953970      3.3177934478526163     -7.4965019078376320
Au     -6.6003856545527162      4.9478718872968850     -5.6347547741017019
Au      1.5734585664768659      6.0734947679086382     -6.6688509610355444
Au      0.1439925453480670      7.6991401828117487     -4.9537077280957602
Au     -0.7739708508849272      5.2358602445027227     -7.8377464327069388
Au     -2.2075353741657127      6.8661681912218224     -6.1176867666986166
Au     -3.1314747899966404      4.3216647023968831     -8.9336940886966580
Au     -4.5635002978536354      5.9502226950125205     -7.2154808352375568
Au     -6.2960308859633853     -2.0677057381995896     -7.7454826063637654
Au     -7.7877744788035814     -0.4629998646936657     -6.0517696665267078
Au     -9.1617851288471748      1.1913478724586035     -4.3069847465889310
