         216
Au Au   -792.02442846   nogrup     0
Au     -1.5267593027254902      9.7677621272851525      3.3075462575871590
Au     -1.8523074307091703      7.0719864047609260      2.9659575885231586
Au     -2.2941934227851979      4.2903789713989413      2.6945420305607133
Au     -2.6787001594675681      1.5035119563741484      2.3780891513220173
Au     -3.0410709939872147     -1.2924896050661792      2.0427052256424005
Au     -3.3791606393327251     -4.0810691903961738      1.6903768977680258
Au     -3.6590605501359112     -6.8686524411226388      1.2937619170164254
Au     -4.0320490556552153     -9.5626774323294406      0.9888384171891467
Au      5.6850476708386761      2.5700148379459073      7.9111686236398153
Au      5.4459442877470412     -0.1862338214055876      7.6523240729766187
Au      5.0846081361089110     -2.9742537429982567      7.3178978356072939
Au      4.6152875985990978     -5.6841151140086792      6.9210756796167274
Au      5.4320846454728215      3.9285887195064362     -3.2938868913220460
Au      5.1885306771402560      1.2202020517701895     -3.7009497375503133
Au      4.8243692826804550     -1.5896163568235577     -4.0379913467592523
Au      4.3669139858534596     -4.2901112210458292     -4.2797300142947563
Au     -5.2711669023048513      5.7083144523309937     -6.4141472966456421
Au     -5.6621225121807024      2.9955621737233797     -6.8715379275573909
Au     -6.0234592955415822      0.2075428333171274     -7.2059649717989398
Au     -6.3409298709827953     -2.5458143943905762     -7.4042409181000677
Au     -2.3152352966366312      8.1902805984180596      5.3662696573469422
Au     -2.7492431654782559      5.4974548625890298      5.1474327935938575
Au     -3.1431544663065027      2.7132332834310189      4.8348942866050457
Au     -3.5165032810327519     -0.0848137572665788      4.5065376222921145
Au     -3.8685552804274179     -2.8838617688200765      4.1635159972759350
Au     -4.1967641550803121     -5.6714090353968141      3.8077151389437809
Au     -4.4603838920200891     -8.3613676279519709      3.3808806782210272
Au     -4.0025502680422713      8.6735951045341508      3.1600952877971924
Au     -4.4732355272050546      5.9912750763305551      2.8933035254857167
Au     -4.8635326447786449      3.2060186941784736      2.5854907109289211
Au     -5.2360186665385919      0.4077246611407759      2.2582620416107346
Au     -5.5889339488441445     -2.3910761037356396      1.9141112307064301
Au     -5.9207568988869079     -5.1775876096702662      1.5535843110244354
Au     -6.1476990679503336     -7.8780520887439360      1.1747057491385267
Au     -2.4426557920954339      8.8559854874559498      0.8799958664833802
Au     -2.8341054384812283      6.0885117322733198      0.5410900294783856
Au     -3.2571619169250878      3.2813389770118073      0.2456098307224002
Au     -3.6335736466281299      0.4807938804369121     -0.0822864661723592
Au     -3.9832770872713654     -2.3212638853355001     -0.4264297619056325
Au     -4.2885454245471406     -5.1337318141955022     -0.8050317602832617
Au     -4.6157211565083776     -7.9110595244270661     -1.1312303935083028
Au      0.2345938917995349      8.4228942114020828      1.6658129694426052
Au     -0.0930780970750940      5.6731744955532628      1.3140305177246443
Au     -0.5112724437409106      2.8493806517608893      1.0152532687046349
Au     -0.8882373026353907      0.0327696671002045      0.6865156751686055
Au     -1.2414697647296391     -2.7847167196605431      0.3394361622129587
Au     -1.5557186723784096     -5.6123446450537537     -0.0396807837385404
Au     -1.9405200569323995     -8.3599564019726493     -0.3473094144328073
Au      0.3003853280010995      8.0702685445243763      4.4665388815083134
Au     -0.0610765844769787      5.2942054308110738      4.1668411826559382
Au     -0.4803272510518628      2.4859420916411770      3.8763365687931817
Au     -0.8546259540931738     -0.3152085190049085      3.5512022898240811
Au     -1.2064423203045953     -3.1166613450777225      3.2042966064281710
Au     -1.5155161102871535     -5.9280394046631200      2.8207194216136209
Au     -1.8726794442186270     -8.6967776552673293      2.4553122974703872
Au     -3.3921437639802461      7.8282562050352684     -1.5533877328117898
Au     -3.7906114614844872      5.0660007306836849     -1.8935189942899626
Au     -4.2145451888120009      2.2528768643254233     -2.2041688056859288
Au     -4.5770838918519496     -0.5444182531688684     -2.5397080748292948
Au     -4.8834561328905854     -3.3662271006689677     -2.9049756862716807
Au     -5.2025667780270277     -6.1407017715152419     -3.2289815279976244
Au      1.9828808454634808      6.9570570857254932      0.0075717391654182
Au      1.6452981016685957      4.2116821796852282     -0.3356787381813922
Au      1.2479869327970023      1.3703178216240541     -0.6542773125200707
Au      0.8826042577045010     -1.4489246979359915     -0.9924492468315442
Au      0.5431381575671361     -4.2924223894713398     -1.3557567036711218
Au      0.1692744610654344     -7.0364584708818354     -1.6709667598148492
Au      2.0996743517768408      6.2551798631757372      5.6271964099987013
Au      1.7384403208711352      3.4822585364976080      5.3357483116790210
Au      1.3319293389616824      0.6641435526436110      5.0478782333416099
Au      0.9693913008554302     -2.1331520196144416      4.7123386397442957
Au      0.6455971714723256     -4.9499707077766155      4.3242914949639992
Au      0.2892520702399022     -7.7137802479978612      3.9516025847204688
Au     -4.3388555440387426      6.7915852568731605     -3.9965108474381799
Au     -4.7609614843618759      4.0182568853872382     -4.3454452884324652
Au     -5.1782851963023182      1.2335658470453259     -4.6889273465441672
Au     -5.4848953626020949     -1.5675064632554765     -5.0154650547500301
Au     -5.7841864843594495     -4.3603741175438282     -5.3342029014476990
Au      3.7276098482415296      5.4680392992821458     -1.6530260365382530
Au      3.3907577529308446      2.7128001394915837     -1.9989968340295183
Au      3.0333041937567478     -0.1119106104251175     -2.3444312391854316
Au      2.6586566309937902     -2.9359868196627597     -2.6765764525190709
Au      2.2815245407763296     -5.6897393604639683     -2.9914152334283157
Au      3.9070379484881226      4.4296305200183062      6.7850437524176641
Au      3.5450744020585443      1.6390745859583973      6.5147463426197660
Au      3.1770283475352570     -1.1597315205765222      6.2356927553612529
Au      2.8211427159400100     -3.9466897681674391      5.8447262730806955
Au      2.4617094728396398     -6.7223303023691559      5.4473519490850677
Au     -6.8648011159864319      5.7190540985632277     -4.0818694228851262
Au     -7.3689912071763937      2.9283400371142383     -4.3206151369257810
Au     -7.7347390156164968      0.1062854920256848     -4.6591237540855968
Au     -7.9556684824656232     -2.6979152404314659     -5.0914951864406186
Au      2.8135578797901881      4.5099374876792142     -4.1196048605565396
Au      2.4582746624918519      1.6917184342704035     -4.4542209381404252
Au      2.0872478238082230     -1.1710674574064841     -4.7976159802028331
Au      1.7124575190099605     -3.9859824319525350     -5.1387012491067194
Au      5.7043160509257644      3.0030724789476317      5.1706065581038096
Au      5.3404464117922403      0.1910031317093628      4.8610075691554826
Au      4.9718856574032841     -2.6527650917698322      4.5198939125891204
Au      4.6077043155003379     -5.4582409102275085      4.1556614521831126
Au      0.0970388841888381      4.9696248302628678     -4.9016601852316271
Au     -0.2781199710740934      2.1707092499662886     -5.2292456445498221
Au     -0.6570347149027409     -0.7529357280475075     -5.5799408151953696
Au     -1.0075325012707772     -3.5530751124250495     -5.9239691294464318
Au      5.6389205361993380      3.3822070279094145      2.3443826924377333
Au      5.2650206533038597      0.5829308105986328      2.0184422977166676
Au      4.8861075645186016     -2.3407149775400837      1.6677471761112859
Au      4.5343515347209848     -5.1404940078157209      1.3220739251003710
Au      3.0506133232403898      2.8788815574489961      8.8825955183897030
Au      2.5585879486248047      0.0846817026478295      8.6597541973959160
Au      2.1928423282515377     -2.7373734767418663      8.3212450078167297
Au      1.9597495970702115     -5.5380902590507697      7.8729692460608245
Au     -2.6096482385589752      5.3845264423118193     -5.6999509275817051
Au     -2.9998956211233567      2.5800125605331776     -6.0440384366965505
Au     -3.3684579131594843     -0.2637550982527515     -6.3851522730149446
Au     -3.7062631089323377     -3.0767861504149883     -6.7148968980738406
Au      5.5823302424488679      3.7168502328785844     -0.4994183126574967
Au      5.2166910029367886      0.9015976203240790     -0.8475759264651836
Au      4.8456650551187650     -1.9611889993318252     -1.1909713500833448
Au      4.4812319061902102     -4.7790705942723362     -1.5185149258423634
Au     -5.9179090088448332      6.7311369888314694     -1.6713873912366690
Au     -6.4068087254278838      3.9859801715815868     -1.9397240339174529
Au     -6.7878075562284979      1.1492594034477595     -2.2470506828616506
Au     -7.1415472580664732     -1.6831537460172079     -2.6197441757209701
Au     -7.3667092508338827     -4.4475932910166422     -3.0122905189670508
Au      1.0634308322339008      5.9894883918910926     -2.4585408226409307
Au      0.6908063272692955      3.1958286651156174     -2.8013514153095844
Au      0.3008918674615781      0.3362136003961691     -3.1280307092583230
Au     -0.0505612711924561     -2.5244520758746161     -3.4875066520760725
Au     -0.4026484902385112     -5.3225584988348258     -3.8154345860792773
Au      3.8902246933846127      4.8361094747313338      4.0016775842132901
Au      3.5308682692922719      2.0403046326753560      3.6850274027012251
Au      3.1356208929825549     -0.8101396592670866      3.3659728354937588
Au      2.7918639587223173     -3.6617560461061744      3.0010578065860312
Au      2.4271909930691593     -6.4524566717127234      2.6476003527832450
Au      1.2688323112152542      4.6725666833814961      7.7253193508249129
Au      0.8182102595660652      1.9164446057397093      7.5070311783013199
Au      0.4159197348704256     -0.9141784095505487      7.1718635726409925
Au      0.0834741813403541     -3.7526913755350231      6.8270111566779121
Au     -0.1799658097884018     -6.5061663536835121      6.3844164886307482
Au     -1.6529269817305607      6.4238904591315391     -3.2460258900465195
Au     -2.0319509111611023      3.6337194538320934     -3.5883913113110628
Au     -2.4301142113933807      0.7841108334384321     -3.9112568818052620
Au     -2.7709571985116037     -2.0683399449673177     -4.2723608692629291
Au     -3.1159626735855648     -4.8646738209726417     -4.6001033593304577
Au      3.8336915511515572      5.1959746247768352      1.1635917406644865
Au      3.4758508309091112      2.3980800497982617      0.8401109883689291
Au      3.0844619413764574     -0.4611127737429044      0.5115018640082152
Au      2.7344847293583685     -3.3222013688882965      0.1539555274233253
Au      2.3676129899835887     -6.1160729005101837     -0.1933023052144636
Au     -0.5361541348889407      6.4593654536479246      6.5672543919272606
Au     -0.9768374633985752      3.7137142319231127      6.3492634404466113
Au     -1.3770072356431724      0.9070629136460573      6.0271335081129429
Au     -1.7418813023355426     -1.9082604041868922      5.6894317045942575
Au     -2.0699614686484447     -4.7206848899882923      5.3375467958154488
Au     -2.3403763280982925     -7.4617554140360012      4.8973996134602604
Au     -4.9782706863844792      7.7317649223658975      0.7591609389684972
Au     -5.4624819358092127      4.9985823256751898      0.4842573395264909
Au     -5.8501727107092139      2.1883572328752590      0.1784451015120112
Au     -6.2150475664854605     -0.6269655495399276     -0.1592568610884575
Au     -6.5556073532696653     -3.4358150556723990     -0.5274600353237977
Au     -6.7824940967430392     -6.1893532991553597     -0.9106946787605921
Au     -0.6914457927541005      7.4480596565098489     -0.7981758134426213
Au     -1.0625067876994541      4.6594703779855147     -1.1419746562035122
Au     -1.4683925040470456      1.8225066365495408     -1.4546348456691236
Au     -1.8348141291856432     -1.0047505198416440     -1.7937680603500059
Au     -2.1646999201870116     -3.8448882049791608     -2.1620831070621378
Au     -2.5170549133415649     -6.6380677096635123     -2.4878232737813182
Au      2.0800553260604064      6.6541909109695769      2.8255780476880403
Au      1.7246243227809512      3.8611242688265395      2.5022157876058859
Au      1.3202222605079408      1.0237349869750192      2.1914947681083525
Au      0.9538010007664992     -1.8035222625997029      1.8523612931840248
Au      0.6224324592125408     -4.6432354205518491      1.4821073795867221
Au      0.2544464480780597     -7.4319377997611324      1.1359303838508676
Au      4.0037538827787795     -4.4531238791985297      9.2568618501777493
Au      4.3451047248511756     -1.7190287847808374      9.6363363707862000
Au      4.7135765747972469      1.0237844301493491      9.9138231078709929
Au      6.7529229859479560     -4.4049536297474967      5.5876360443555289
Au      7.2037420391117619     -1.6542156234826839      6.0073448279299910
Au      7.4717100694521186      1.1411112033385367      6.2528925101773343
Au      6.7165297499393439     -4.1455826077867863      2.8169329359457098
Au      7.0323943615362516     -1.2917342371409850      3.1705635657316797
Au      7.4548462700890532      1.5511698140139591      3.5002649223721907
Au      6.6448161748126902     -3.8031384098617851      0.0070738212995449
Au      6.9582986421221777     -0.9438175514357914      0.3501266340027138
Au      7.3841123399943260      1.9011686644873196      0.6913127328575595
Au      6.5439489365182517     -3.3805820515578047     -2.7582172018070539
Au      6.9744889726949140     -0.6023926608290013     -2.5137355825233536
Au      7.2636925007702215      2.1728614416871492     -2.0920746421515597
Au      8.7702339288225932     -3.0516542816212597      4.2622044298210557
Au      9.1230902703214998     -0.3290637136124932      4.5887824792153129
Au      8.7405167976481515     -2.7213186335474129      1.5126008140737319
Au      9.0942111263503911      0.0077349185739068      1.8399543515631720
Au      8.6193547361967333     -2.3709514590912546     -1.2351002402955080
Au      8.9717730775727276      0.3482604001776943     -0.9089270871772186
Au      3.7456461941573869     -2.5790366227499719     -6.4170117505218842
Au      4.2088450718078665      0.1897978442654935     -6.1298308685610294
Au      4.4653919128723452      2.9744059610494764     -5.7508694217305445
Au      1.0971851981737002     -2.2140739938475216     -7.2464824228076852
Au      1.4515042601936772      0.6335494564500017     -6.8500375943628420
Au      1.8364839032675011      3.4902319535380562     -6.5622435096877787
Au     -1.5848507418662487     -1.7677329101150150     -8.0371679863510668
Au     -1.2408881563671956      1.0780666841744546     -7.6468004066255517
Au     -0.8465315388266097      3.9290187710020104     -7.3538343678386262
Au     -4.2231756824969393     -1.2609581501775882     -8.7636761512244430
Au     -3.9240021842530544      1.5332177672613536     -8.5422455251904950
Au     -3.5043867647455640      4.2851069300092819     -8.0984176503903367
Au      3.1146001091996989     -0.7941700424042430     -8.4325961463065315
Au      3.4670200479215998      1.9250412516832913     -8.1064233996206259
Au      0.5031865812681353     -0.3618158895544292     -9.2577542449011432
Au      0.8568821029980143      2.3672377854998081     -8.9304002837816228
Au     -2.1318299834690615      0.0711352157488285     -9.9923066898588520
Au     -1.7789722342410235      2.7937259048429159     -9.6657275114401013
Au     -8.4497415866440662     -0.8859420037318477     -7.0261549200760092
Au     -8.1473364919365316      1.8593081627090040     -6.6976038237545241
Au     -7.7399159116891072      4.5909649209067682     -6.3691938575991429
