         216
Au Au   -792.02442846   nogrup     0
Au      0.2726115204573962      7.5399193923982057      7.1941189523637661
Au      0.0290236973396030      5.0672610590306775      6.0467315519672589
Au     -0.2462049536412545      2.4602950976591367      4.9817234087043154
Au     -0.5088334145354869     -0.1210688348706452      3.8493798707285176
Au     -0.7670491084767868     -2.6986233150729757      2.6870735783661530
Au     -1.0193234350630638     -5.2571051382034195      1.5016860036625168
Au     -1.2584191979354964     -7.7842177979177123      0.2515637706720870
Au     -1.5125896322720402    -10.2802630601070799     -0.8416073381371039
Au      9.2787908588464383      2.2295966599707224      3.2317605928590680
Au      9.1594617176852537     -0.2902011556351094      2.0666607191566246
Au      8.9019826990339492     -2.8603974234554994      0.9076696594214937
Au      8.5165066770831217     -5.3796507661264688     -0.1995129344547220
Au      1.4724140788451359      6.2036144649853711     -3.8907883849845764
Au      1.2465113316879988      3.7631914663743862     -5.1372553283151472
Au      0.9870195405996536      1.1728985150557789     -6.3053062526059254
Au      0.7134018807782390     -1.3729733810122418     -7.3073283275217058
Au     -8.6628102774644944      5.0563190786921064      0.9490348141567324
Au     -9.0308055512298235      2.5756982980237257     -0.2477015149028450
Au     -9.2882842815032980      0.0055022966239853     -1.4066896896989789
Au     -9.4250940700751968     -2.5529279067683528     -2.4822323633012324
Au      1.2019430432415832      5.3255801163037955      8.4517086445785772
Au      0.9603258409690638      2.7886927086811766      7.4550232531678517
Au      0.6931613014152713      0.2056284666531147      6.3320221162829142
Au      0.4317248862416845     -2.3791969458072537      5.1802428222581298
Au      0.1762593943556352     -4.9541728014161865      4.0052921867463898
Au     -0.0711385509133997     -7.5075625352143263      2.8120919017034378
Au     -0.3266297393687170     -9.9329106759535843      1.5711353771031895
Au     -1.5611586632176513      5.7609122722601942      8.1001568490483535
Au     -1.8628382211880830      3.2334871965941900      7.0958300682553350
Au     -2.1240842520533043      0.6494901290436053      5.9735825523662207
Au     -2.3841079541770149     -1.9355589102712059      4.8219830250936973
Au     -2.6409872014489997     -4.5103120115598578      3.6468523595582241
Au     -2.8943026879290157     -7.0627694089499471      2.4528991832540115
Au     -3.0897319988490057     -9.4975801375875033      1.2195849190557659
Au     -1.9530328116384457      7.0187147391535269      5.6650470301097720
Au     -2.2374457190962032      4.4583347757453957      4.5290170450731573
Au     -2.5127663960108890      1.8404367481008244      3.4256974990540847
Au     -2.7759449336235367     -0.7477935230809574      2.2750210913431932
Au     -3.0301772139625784     -3.3244444333424803      1.0966784177845259
Au     -3.2738407698447807     -5.8871342926834025     -0.1361043626371874
Au     -3.5015000791722306     -8.4383492548148702     -1.3050665671805195
Au      0.5846968320740324      7.3153294674093283      4.4630959408164230
Au      0.3372247114311073      4.7954948424270958      3.2878225957708800
Au      0.0646713031151402      2.1649310760258267      2.1725581883059899
Au     -0.1981353365500746     -0.4378760961253687      1.0150624634940293
Au     -0.4556480959917844     -3.0289843342617693     -0.1695537224002521
Au     -0.7050139328290728     -5.6083068653157397     -1.4036039323630547
Au     -0.9652302509537085     -8.1563056827617206     -2.5135896613306574
Au      2.5388975363094697      6.3110034737446075      6.2365596495175950
Au      2.3035906969673161      3.7428876049906474      5.1067770692547541
Au      2.0345017242590480      1.1240082265128439      4.0042494558855264
Au      1.7747832079800632     -1.4647664942839440      2.8540122209753367
Au      1.5170912540480681     -4.0408725103003107      1.6752291384617379
Au      1.2671963455800461     -6.6025808989168180      0.4416540041745005
Au      0.9904309024018048     -9.1460590285152179     -0.7335562722976139
Au     -4.1976703231522698      6.3824220062788388      4.1043262626888133
Au     -4.4885182121568512      3.8247653655884473      2.9736971977885780
Au     -4.7741501476285375      1.2049872792323142      1.8578707501206893
Au     -5.0324857813548398     -1.3737604888317745      0.6950266507562972
Au     -5.2672502997845321     -3.9486675137465279     -0.5316060064652266
Au     -5.4877295088697622     -6.4951651600106572     -1.7026133930131664
Au      0.8861991733936465      6.9805908445147047      1.6788548955327034
Au      0.6367668813956837      4.4592678234048613      0.5171406208337892
Au      0.3678107635345551      1.8246527149187850     -0.6314156349598594
Au      0.1074484411846819     -0.7743274175656834     -1.8033835996821121
Au     -0.1486032139475251     -3.3804272496693417     -3.0180426696285902
Au     -0.4061284257330158     -5.9196367114300941     -4.1382948437999101
Au      4.7955820979847852      4.9655220555664625      5.2485460532467627
Au      4.5657067385175756      2.3982592522253516      4.1256740451611460
Au      4.3086045528698227     -0.2260126047958679      3.0134752591945464
Au      4.0502693972668657     -2.8047598289861271      1.8506299157090673
Au      3.7869751374642826     -5.3751726768759180      0.6203679747748598
Au      3.5055233051201915     -7.9120646433509236     -0.5583963389745090
Au     -6.4460373318284230      5.7413737045001891      2.5315228248635435
Au     -6.7592950347188747      3.1680251585397343      1.4041247762671496
Au     -7.0644212173751963      0.5845598720729805      0.2730857239717412
Au     -7.2751504595257490     -1.9813322928687769     -0.9178946484339079
Au     -7.4759416272700072     -4.5393018354231263     -2.1043816876410588
Au      1.1854350796391677      6.6241912460055223     -1.1144013417539664
Au      0.9355441614329298      4.0948281635059871     -2.2824700463891130
Au      0.6766244775015622      1.4953379742740145     -3.4664049711820386
Au      0.4138685634422821     -1.1126296286413582     -4.6306889184272695
Au      0.1549929492851616     -3.6618502908253601     -5.7527252922459970
Au      7.0572155259222846      3.6139180821440262      4.2495534083196027
Au      6.8424446812350457      1.0250536579526552      3.1346849378469361
Au      6.6180108453366477     -1.5711244458836480      2.0139102614529207
Au      6.3265891191040691     -4.1243040142348750      0.8126626474187244
Au      6.0273111833882327     -6.6667574159217118     -0.3863550817738570
Au     -8.2770210372411022      3.9497510681812931      3.5192453884327115
Au     -8.5755669248515201      1.3056019625901980      2.5099683522230620
Au     -8.8361889366198128     -1.2959692143452703      1.3368314671769390
Au     -9.0543442003268542     -3.8096133520124575      0.0202851608640717
Au     -1.0611202553714092      6.0713151993227212     -2.6907213864908321
Au     -1.3117344396301664      3.4757213255401860     -3.8657274940369746
Au     -1.5761173865614779      0.8365988030728135     -5.0557969959238944
Au     -1.8457337669577623     -1.7608344730443677     -6.2225031088093399
Au      7.4209188267142236      3.3201080031730767      1.4831340850545089
Au      7.1802133880528967      0.7209529601586611      0.3331577248709845
Au      6.9175854180684073     -1.9006368441842700     -0.8490071095619083
Au      6.6394999377580781     -4.4801378128679694     -2.0342641259969465
Au     -3.6275230975736532      5.7849006065052198     -1.4522016721881599
Au     -3.8897046784380569      3.1984889038562061     -2.6027336154721006
Au     -4.1597085331388737      0.5032621693034716     -3.8181028138234039
Au     -4.4146101665579884     -2.0719372761355328     -4.9951154801756017
Au      5.4477115985615061      4.3550863693215529     -0.2975509966795649
Au      5.1875899126281819      1.7683507776006611     -1.4478216781132325
Au      4.9175852701064677     -0.9268758919446598     -2.6631915072100742
Au      4.6606237565024990     -3.5017510612452090     -3.8404670110539163
Au      7.9601976279294782      1.3915545906288154      5.5851195367932611
Au      7.6815724835210073     -1.2557319707139656      4.5783734394933013
Au      7.4209507311241483     -3.8573025572278383      3.4052352777877282
Au      7.1828755622527840     -6.3678092106604431      2.0861553658809537
Au     -6.1938040410322603      5.4651240903039078     -0.2490791293734667
Au     -6.4777030365959423      2.8727742006482844     -1.4045499873380844
Au     -6.7403302526579090      0.2511846381881155     -2.5867137084279985
Au     -6.9752217049526646     -2.3351214976243209     -3.7664744008803881
Au      3.4729469211435910      5.3569676442133982     -2.1138478494233457
Au      3.2053722696037235      2.7640464579873165     -3.2910121565440562
Au      2.9409884118018974      0.1249238620728397     -4.4810824528920081
Au      2.6883325692100928     -2.4751820581625492     -5.6456301667813200
Au     -6.0483314671486461      4.5767298997457644      5.0591098856595735
Au     -6.3592292399758890      1.9865248396625279      4.0387694583783738
Au     -6.6089870501698798     -0.6412961110558677      2.8903915501955684
Au     -6.8827851662933170     -3.2396893024329558      1.6820934122394995
Au     -7.0807083501627339     -5.7286243941517512      0.4120770920070722
Au     -1.3632342018189521      6.4172009086187449      0.1021696553130340
Au     -1.6341861946623979      3.8402441907380895     -1.0583407974914572
Au     -1.9015713633956155      1.1935267548313373     -2.2243383862018877
Au     -2.1624645367637374     -1.4331226942108741     -3.4362804738602346
Au     -2.4079231413397419     -4.0110572288824233     -4.6002842275042140
Au      5.1462728136729794      4.6790776967606451      2.4813983345739299
Au      4.9028138056577788      2.0979839113804113      1.3304813556031618
Au      4.6358339202626606     -0.5440857031108197      0.1766873432117730
Au      4.3762171231868834     -3.1585841861721371     -1.0398847628137471
Au      4.1037529165618460     -5.7275310710711942     -2.2112970163189889
Au      5.7204839475299725      2.7225360007369099      6.5564658106594500
Au      5.4722692926976357      0.1224551496887822      5.5440987388520817
Au      5.1876425755617150     -2.4998709971321529      4.3912822877991893
Au      4.9487145725546906     -5.1037569545513755      3.1874207587157919
Au      4.6881076395757750     -7.5828169484104109      1.9094309019019651
Au     -3.9310418600978450      6.1092212301649891      1.3264828444542864
Au     -4.2067076340607592      3.5332006418602555      0.1714696265401940
Au     -4.4784601621096627      0.8918821503703294     -0.9829300545592030
Au     -4.7333035201406766     -1.7233678588336736     -2.1988947971760240
Au     -4.9735621921318991     -4.2973882670246244     -3.3662093381699378
Au      3.1732692580008663      5.7024684326881019      0.6793536034780150
Au      2.9265269585013867      3.1216981398235433     -0.4780777908679461
Au      2.6567248777421515      0.4753621512109958     -1.6443832350956242
Au      2.3982479582330840     -2.1516680156587076     -2.8560177823483830
Au      2.1285802210728590     -4.7257893647930960     -4.0231020111269160
Au      3.4636971282503355      4.0397556402385684      7.5380939370377931
Au      3.2221388153525163      1.4524171015652043      6.5243647227620905
Au      2.9458067659443365     -1.1506979225864788      5.3891905213413125
Au      2.6858062766628388     -3.7460632634078395      4.2188514016292746
Au      2.4432069466696058     -6.3230131848878504      3.0181589393535706
Au      2.1780570038097800     -8.7937267345280983      1.7510405320811149
Au     -3.8105938432092019      5.1858314693088969      6.6125797213958037
Au     -4.1234330586262846      2.6097228228227913      5.5897823558290192
Au     -4.3793287345392713      0.0033872054880435      4.4572105242513764
Au     -4.6393296565580364     -2.5919788573097420      3.2868716176774875
Au     -4.9023659152863033     -5.1657090070240503      2.0835775827549590
Au     -5.0962345806046088     -7.6476525111237930      0.8255277735136239
Au     -1.6675672023551442      6.7426136418876608      2.8888027312554563
Au     -1.9384510909842785      4.1710348274229467      1.7287515570289429
Au     -2.2101222385268340      1.5360784781021772      0.5911797956629243
Au     -2.4712246960357760     -1.0702902684780660     -0.5841196987461750
Au     -2.7238449003574008     -3.6688946328181546     -1.8065372229498351
Au     -2.9684473770057824     -6.2429902474088657     -2.9668452130368763
Au      2.8709676482410424      6.0275604749598379      3.4662450182963429
Au      2.6256790072314855      3.4519490669566086      2.3094496336032151
Au      2.3564366326084025      0.8166116532971457      1.1721858622851133
Au      2.0953338090402132     -1.7897568058497808     -0.0031138960458890
Au      1.8402855812627958     -4.3879790489183641     -1.2258402137369693
Au      1.5700879024491838     -6.9580426803058284     -2.3894048745344580
Au      9.5271496108441767     -5.0519278845427849      2.2937595251455143
Au      9.8045726867540939     -2.5487343610135791      3.4739528233422750
Au     10.0329520031388810     -0.0029229863365536      4.5705320086359826
Au      9.0933014558068379     -3.1715852465640793     -1.8655123708511780
Au      9.4770427446292445     -0.6270760699990592     -0.7147840473948079
Au      9.6054909701905267      1.9411754623285336      0.4400083591559554
Au      7.1886975956535739     -2.2498465460200907     -3.6733487641967715
Au      7.4199912505379153      0.3602683561522402     -2.4473468138682239
Au      7.7148036819386858      3.0018284625760012     -1.3051886257160206
Au      5.2248615931733555     -1.2544426375026707     -5.4538639431219664
Au      5.4468541028785831      1.3625223547723708     -4.2316161423849490
Au      5.7516654665162612      4.0041967830511656     -3.0825643839194043
Au      3.2626758033549228     -0.2071108897995568     -7.1534173859209913
Au      3.5117781567369457      2.3997709047793867     -6.1019455987407829
Au      3.7755472040618501      4.9124521968260071     -4.8448324840469157
Au      9.5804950580902890     -0.9380623014156488     -3.4249185324648010
Au      9.8319312745968972      1.5718165345779416     -2.2931272399477987
Au      7.6890182088669814      0.0450886765195135     -5.1929828047601783
Au      7.9410516770329940      2.5609258630364486     -4.0585054549182917
Au      5.7296793002474065      1.0156278836126464     -6.8977811091004568
Au      5.9808041178870974      3.5223921004880219     -5.7673959223250701
Au     -1.3197446787592861      0.5148550153362179     -7.7364422906893093
Au     -1.0171635581409042      3.1133105564214243     -6.6781666710158083
Au     -0.8068745563466475      5.6344176321374633     -5.4278576184045866
Au     -3.8597818427415289      0.1768532482173617     -6.6097109787275361
Au     -3.5709194211996440      2.7832826011577514     -5.3789552609018454
Au     -3.3329798854905386      5.4354929176163598     -4.2384121413757398
Au     -6.4054109338534708     -0.1080791216438617     -5.4029385447420513
Au     -6.1281077896602412      2.4947872251262044     -4.1710830072117266
Au     -5.8793063013583406      5.1435961337422329     -3.0347796501102930
Au     -8.8808547788143866     -0.3397351815648957     -4.1523766793673866
Au     -8.7454463686932549      2.2438991158774089     -3.0332459779834000
Au     -8.3686660436027029      4.7730251769468195     -1.8468597758993806
Au     -3.2847523441110855      2.4358626626852713     -8.0446953387608229
Au     -3.0336281935382861      4.9426265217354519     -6.9143101649719423
Au     -5.8002048566440934      2.1703308587771577     -6.9092285682285279
Au     -5.5481724265360395      4.6861685533439656     -5.7747520116634847
Au     -8.2724238308585178      1.8746852646477965     -5.6963600876178599
Au     -8.0209881313184574      4.3845648028380833     -4.5645706006370057
Au    -10.8663580442035119     -1.8389033809392328     -0.3009161872582666
Au    -10.6527148822163191      0.6743379166901620      0.8711607691143932
Au    -10.3605550887002913      3.2101006608409288      1.9758505777168747
