         216
Au Au   -792.02442846   nogrup     0
Au      2.1447596778665510      8.9516791886668230      4.8936171092427436
Au      1.0115389821366390      6.5297931787230903      4.3104014139798075
Au     -0.2345630536202008      4.0376969247921970      3.8174874414841433
Au     -1.4408329107265208      1.5370965000347434      3.2638335053752314
Au     -2.6341012897338598     -0.9732252905567291      2.6843276923097061
Au     -3.8073012458875888     -3.4784021216990118      2.0824022346726583
Au     -4.9379978365668364     -5.9864671909896190      1.4210328153697578
Au     -6.1050144053320956     -8.4036794048819630      0.8871484379261858
Au      8.0378212769054560     -0.4786810111375965      6.0560399171021420
Au      6.9895609164270169     -2.9947861945985741      5.5161877264478409
Au      5.7996987058838769     -5.4979394952362055      4.9383387950854960
Au      4.5151511793456702     -7.8894428764445985      4.3452765829214659
Au      5.2443248356585386      3.2064704207171544     -4.2434291125389398
Au      4.1663278837066979      0.7678127256147116     -4.9151782351906466
Au      2.9671633541852778     -1.7549125193169113     -5.4975468066105808
Au      1.7367778743714437     -4.1724835475800122     -5.9468537651338931
Au     -4.9824296308912892      7.9541034298465689     -3.6631954212721318
Au     -6.2111449141446187      5.5548726611473613     -4.3377559901851273
Au     -7.4010036132585579      3.0517190605354565     -4.9156086528715939
Au     -8.5050918346917506      0.5433375411904162     -5.3739695990759619
Au      1.5199005161684935      7.1980477014444064      6.8641005222015341
Au      0.3193103318463182      4.7777399226199897      6.4302138676852163
Au     -0.8939050633887358      2.2809540871951217      5.8834868208735251
Au     -2.0960532970620336     -0.2303130083857026      5.3136958185481316
Au     -3.2826173892329940     -2.7442589600356735      4.7234205765747888
Au     -4.4473030316849513     -5.2499470730828834      4.1153312510635036
Au     -5.5439577355760559     -7.6624393664868338      3.4335715831219211
Au     -0.4852873859617168      8.4967394937096419      5.3672873975570443
Au     -1.7294639347359193      6.1046612489026391      4.9008646865727226
Au     -2.9383829861807222      3.6050930183624916      4.3573441460144835
Au     -4.1395042066353209      1.0931602970004555      3.7883176188540375
Au     -5.3270933190313130     -1.4201224939300419      3.1972758179332335
Au     -6.4960738070115855     -3.9230297879682814      2.5859787658464271
Au     -7.5491425787176816     -6.3637511194997716      1.9367530608805463
Au      0.4108039772514696      8.7952799004935862      2.7647354202043850
Au     -0.8024227898967076      6.3193791061264202      2.1946496973901048
Au     -2.0444515883404191      3.8037336467145133      1.6698597177808132
Au     -3.2499976773537305      1.2906788988079896      1.1011065535496449
Au     -4.4355103949162800     -1.2264265949783875      0.5086504053632694
Au     -5.5918114156478236     -3.7562377197680723     -0.1312995056719153
Au     -6.7449727602333081     -6.2585997151662669     -0.7104422685162977
Au      2.9735887687600764      7.6181213835416477      2.6262434844966371
Au      1.8208732852276079      5.1474844269956570      2.0268450930036046
Au      0.5778987276634986      2.6156133639036785      1.4952308234644516
Au     -0.6328057103816778      0.0875654133392372      0.9237035366611757
Au     -1.8266019071177086     -2.4428226349159976      0.3274953796461375
Au     -2.9955207776105754     -4.9849417637467939     -0.3122157942107773
Au     -4.1889343424224492     -7.4499481585889678     -0.8522056375962066
Au      3.6706060926045221      6.6840151305887670      5.1980809107895531
Au      2.4930154356654559      4.1850340210418233      4.6545973321768503
Au      1.2555080874028106      1.6664605471075502      4.1331837164681975
Au      0.0524716299821133     -0.8482191254149605      3.5663065311269353
Au     -1.1355531039819655     -3.3636980717092237      2.9719775883908426
Au     -2.2963767479323480     -5.8905805491277183      2.3286539678660283
Au     -3.4851749642424577     -8.3698624572525802      1.7229120291570066
Au     -1.3876950758664877      8.5372605622831568      0.6251232853799120
Au     -2.6062961582440409      6.0681567083329604      0.0567345932616909
Au     -3.8547473225708626      3.5502043900522473     -0.4828791403888193
Au     -5.0485666079757401      1.0387210419886870     -1.0626539824411907
Au     -6.2049710929570150     -1.5025129059193363     -1.6909509586017961
Au     -7.3493130593646754     -4.0044263012144379     -2.2701180860371029
Au      3.7526837790439460      6.1757831595693853      0.3311142486008833
Au      2.5942315905565208      3.7097292147550527     -0.2566228889534088
Au      1.3605426712785831      1.1605738105406811     -0.8156735495866236
Au      0.1573563195773939     -1.3706133601471242     -1.3999958343307091
Au     -1.0351206306766625     -3.9254718633170489     -2.0192022302252601
Au     -2.2194179411555317     -6.3879496657883754     -2.5692111110025460
Au      5.1387256147723672      4.3103152494051784      5.4969027663678425
Au      3.9643707573452285      1.8125555248289347      4.9615443331490692
Au      2.7366217039787544     -0.7188051670236808      4.4373873879852823
Au      1.5428008134720499     -3.2302868318409788      3.8576147107214265
Au      0.3656910523614636     -5.7581109032626303      3.2138657205070071
Au     -0.8229004917343254     -8.2313669941529461      2.6016729979145978
Au     -3.1886407376321295      8.2721345798719170     -1.5257147118297896
Au     -4.4344603824631346      5.7996314349180427     -2.0966338928999066
Au     -5.6775595464249271      3.3141032327978688     -2.6654058428024907
Au     -6.8183304410454380      0.7845913750598017     -3.2543549919673982
Au     -7.9480284708293034     -1.7403790882628440     -3.8371004151650405
Au      4.5214842822861865      4.7126682723867344     -1.9682506297059126
Au      3.3602778975460756      2.2376274096726316     -2.5600968407999316
Au      2.1610176822142142     -0.2990317033940304     -3.1544270297353254
Au      0.9495080201679409     -2.8339959593250947     -3.7308766152678157
Au     -0.2403926850434952     -5.3050668051284182     -4.2808354808959317
Au      6.6106950595352032      1.9254303788476452      5.7891997480482402
Au      5.4363450785444982     -0.5933592260700546      5.2716337644474667
Au      4.2518012741196838     -3.1168139155438181      4.7465764789577332
Au      3.0524698219197965     -5.6083977472737869      4.1139183519261877
Au      1.8512978083891092     -8.0870774117239463      3.4778265981072956
Au     -5.8428619353487043      7.8361080151254141     -0.9752518279536861
Au     -7.1405443961540236      5.3425225370226546     -1.4194946675666920
Au     -8.3449289803745881      2.8088114721396664     -2.0044017315875990
Au     -9.4350213313961504      0.2791391718267429     -2.7197771267113273
Au      2.7662537221212995      4.5198910684854878     -4.1406818364015789
Au      1.5736223438876116      1.9866694101542492     -4.7246137674183313
Au      0.3518524053744776     -0.5836123779536893     -5.3179617738796647
Au     -0.8596042549406762     -3.1079607426666369     -5.9015666352980904
Au      7.4573940912305083      0.5003546270024311      3.5255881205531345
Au      6.2650634350570646     -2.0302974156018658      2.9686888618449245
Au      5.0514090481012044     -4.5835035253391920      2.3792846850261054
Au      3.8463023205766125     -7.0964238538763338      1.7718823284140264
Au      0.1754573167473521      5.7304007004725319     -3.9830387652326831
Au     -1.0283985771356297      3.2185517697216341     -4.5516649956011968
Au     -2.2761413514974111      0.5936281337439340     -5.1576277932971921
Au     -3.4618284479556212     -1.9214960941723236     -5.7494762463503699
Au      6.7613704515495456      1.4649203963855895      0.9331502655197870
Au      5.5590084735694276     -1.0478961460411993      0.3656419305340410
Au      4.3112645737987538     -3.6728188808559024     -0.2403178128600274
Au      3.1240810208865448     -6.1869743392833572     -0.8332788977532513
Au      5.9405147436902181      0.2044110366841378      7.8206907449151988
Au      4.6572822810338561     -2.2985338723652857      7.3872407448462329
Au      3.4528946835456145     -4.8322442095545535      6.8023379387255734
Au      2.3483458395427661     -7.3525526501153093      6.0761768189832246
Au     -2.4228344196858864      6.8994527929599991     -3.8497114320099479
Au     -3.6465087261220579      4.3891010927087368     -4.4300109008291724
Au     -4.8601605217732100      1.8358938443994086     -5.0194185041313295
Au     -6.0339192251719691     -0.6973287239665762     -5.6034267919946679
Au      6.0566330697004407      2.3888189537509428     -1.6845114225760804
Au      4.8516934246916321     -0.1364306086459877     -2.2776297517098874
Au      3.6299226485619505     -2.7067120656897812     -2.8709759505785710
Au      2.4307729307102539     -5.2390312638983731     -3.4453913092383912
Au     -4.0570696587182411      8.0845911392330674      1.1414771155693249
Au     -5.3358079270604275      5.6371064149941930      0.6707658373097871
Au     -6.5501758506736110      3.0863584728807125      0.1179558843759203
Au     -7.7552597502536642      0.5472135373592959     -0.5042350488864660
Au     -8.8278850307989956     -1.9519578335914636     -1.1754566337701107
Au      1.9899737363975250      5.9751079971613503     -1.8404907243447566
Au      0.7859230494354321      3.4708667324953737     -2.4235369772558482
Au     -0.4480669821109360      0.9043606741160701     -2.9949166168272292
Au     -1.6553582864465652     -1.6649470320977811     -3.6091362801925273
Au     -2.8377396966379949     -4.1811348335863867     -4.1850528573060020
Au      5.9783630635454008      2.8961864170479084      3.2259147709308706
Au      4.7928418393830103      0.3814735964491316      2.6631653795285750
Au      3.5584402654026634     -2.1766925688378622      2.1018374545943956
Au      2.3593351049358708     -4.7379789861087565      1.4813467196522740
Au      1.1606669976404245     -7.2389703061095991      0.8862279710844305
Au      4.4835795536225014      2.5530998008149961      7.5168190278964371
Au      3.2503271815241739      0.0761562449128839      7.0800640768109258
Au      2.0106509293104389     -2.4582011796625833      6.5083673358140484
Au      0.8308706486302015     -5.0137335128556471      5.9050692294065925
Au     -0.2872453743612202     -7.4834432170745346      5.1998965300516691
Au     -0.6090617306831976      7.1626436461296077     -1.6914024249074062
Au     -1.8179530283194834      4.6630668400406945     -2.2715991221666920
Au     -3.0558165619317568      2.1071424924896567     -2.8355151257608320
Au     -4.2514568872614724     -0.4563882019578944     -3.4534230222942437
Au     -5.4267513179965423     -2.9725173639551743     -4.0310995061181316
Au      5.2821226124049288      3.8428915933707315      0.6170003393342043
Au      4.0956395071389906      1.3272718916267330      0.0470694133104068
Au      2.8598955370362953     -1.2380981655164733     -0.5256176387893365
Au      1.6543569554704045     -3.8085409388105118     -1.1385265365229600
Au      0.4544060839116670     -6.3133498261699499     -1.7275550607444066
Au      3.0030760809401000      4.9006086964494697      7.2183975619377510
Au      1.7819794556318471      2.4313378636239635      6.7802774050855970
Au      0.5542832142169392     -0.0833942985980505      6.2234272565071986
Au     -0.6472324174799255     -2.6110617716628299      5.6399180012039736
Au     -1.8176281366290268     -5.1412762794678502      5.0321482224203571
Au     -2.9381360743295537     -7.5981217615206491      4.3330809040434133
Au     -2.2758896372349677      8.3196163180513523      3.2778061968466403
Au     -3.5487120635898193      5.8838466671810004      2.8010726398970558
Au     -4.7615745095019459      3.3595074451686684      2.2552925476741414
Au     -5.9630884811970120      0.8318383353197616      1.6717807886453588
Au     -7.1483142072366146     -1.6887710166522636      1.0529371599390167
Au     -8.2170932258161695     -4.1791187518605435      0.3924797037844563
Au      1.2033380385917201      7.4115667173483377      0.4576864071271576
Au      0.0018715699729772      4.9120069280566305     -0.1260906461151503
Au     -1.2369803155879668      2.3677275255014578     -0.6763269020848153
Au     -2.4435867481874340     -0.1706561257150696     -1.2623110121029324
Au     -3.6275877742095566     -2.7234233597193169     -1.8887246915807294
Au     -4.8082861754672255     -5.2353168908021841     -2.4618368336366876
Au      4.4969618103673978      5.2783959367618793      2.9162786158168057
Au      3.3140687004633720      2.7668066111008214      2.3463671374926900
Au      2.0769784971761589      0.2213864424503784      1.7974476239270931
Au      0.8703708137453652     -2.3169961167982001      1.2114651502801603
Au     -0.3153932789303249     -4.8686215331164542      0.5837380094519347
Au     -1.5146671201874322     -7.3684854036732039     -0.0032377847949778
Au      4.9002085888879243     -7.0670938621358390      6.8988397250253630
Au      6.0685251336950152     -4.6201745057463315      7.5180439277729274
Au      7.2376259494231876     -2.1497909579735035      8.0339914847995484
Au      6.4956447074381920     -6.8738655996614524      2.6045722811207117
Au      7.7803334846131040     -4.4440659929197901      3.2303531568650019
Au      8.8625761758386279     -1.8944705228331182      3.7540587787351907
Au      5.8079916287329585     -6.0413885973461996      0.0395163744357259
Au      6.9789573277330970     -3.4693629004292754      0.6582259654313969
Au      8.2392325624499296     -0.9267013973943818      1.2202350254766081
Au      5.1003025228084580     -5.1137411454166317     -2.5404775299081672
Au      6.2678029294769910     -2.5337677407150876     -1.9302721570052848
Au      7.5347675634185176      0.0077276531319503     -1.3581931009621240
Au      4.3993875097349155     -4.1125755925629344     -5.0588003291938843
Au      5.6270011194802931     -1.6155745076753432     -4.5882478203678554
Au      6.7694666877773351      0.8734437604848049     -3.9077839952730535
Au      8.3873653439294031     -5.7623667885280314      0.9182455487450358
Au      9.5493035325098941     -3.3179564468355798      1.4825345100735010
Au      7.7309619031568939     -4.8682324637859908     -1.6194671345427913
Au      8.8956582733719891     -2.4180200290768790     -1.0538387732712931
Au      6.9959927596249187     -3.9348943820070472     -4.1246610868723783
Au      8.1564881775280451     -1.4935189718108521     -3.5610726777798529
Au      1.0739176978079779     -1.9587752710587560     -7.5411693020717010
Au      2.3403404030053920      0.5130904356014963     -7.0416450401632975
Au      3.4439954540009308      3.0272445861937669     -6.3901499668002542
Au     -1.4924364537767070     -0.8438375794846760     -7.4617698111511279
Au     -0.2764095622723279      1.7047065106062984     -6.8153363753275027
Au      0.9420260913730822      4.2776323149149338     -6.2794796693821624
Au     -4.0572720038489329      0.3480221922903626     -7.3246230153711025
Au     -2.8529181648207111      2.8984223069411410     -6.6809850517088334
Au     -1.6260348730851431      5.4627101454285016     -6.1438974245229847
Au     -6.5482251054251819      1.5742215890441162     -7.1323067915541962
Au     -5.4437536450492452      4.1207416062180897     -6.6410477964908896
Au     -4.1812985575917416      6.5536185664010809     -5.9828134869628506
Au      0.4542048414616877      0.3020114386190604     -9.0079179265325138
Au      1.6146988850141053      2.7433876031022439     -8.4443272177415754
Au     -2.0581866499468551      1.4718840948310241     -8.9267858126247823
Au     -0.8934923013258858      3.9220969588697390     -8.3611539114010576
Au     -4.5685230393964176      2.6287412278079829     -8.7529543510500023
Au     -3.4065870640669149      5.0731516260227849     -8.1886622940538984
Au     -9.8993835540163673      2.5181098322365996     -4.1486373776745165
Au     -8.7773550114185959      4.9950069991615358     -3.5639786876772463
Au     -7.5619733951646779      7.4354143701313573     -3.0134780900162976
