         216
Au Au   -792.02442846   nogrup     0
Au      0.7742164408508623     10.1758318543812809      2.1290937240899090
Au      0.2729353122039702      7.5018700394643290      2.4265984865361059
Au     -0.2851135830884335      4.7618441251307715      2.8591547201823957
Au     -0.8218017354286000      2.0061598619279435      3.2235446463793949
Au     -1.3512409639046936     -0.7627675756214707      3.5614055687705228
Au     -1.8702960197035536     -3.5285417097351246      3.8707363981560441
Au     -2.3668061102693589     -6.3037803884861550      4.1111445247907810
Au     -2.8861144761286668     -8.9674290242228167      4.4649269095342063
Au      9.2183838286080508      2.8844375212831723      2.8657938782123065
Au      8.8344106152843693      0.1516713021842735      3.1908079201562476
Au      8.3064821100252946     -2.6093524824903245      3.5277040768509824
Au      7.6554142367397162     -5.2897687969359577      3.8631991250508353
Au      2.6395380553136567      3.0044839374773096     -6.3084862146729215
Au      2.1680693224281611      0.3029801998704826     -6.1085578416419910
Au      1.6360145354251505     -2.4796325734347811     -5.7690274318901098
Au      1.0832810962901345     -5.1346370507848906     -5.3153616475517413
Au     -7.9045978367128686      5.4323449748506700     -3.0851757991228075
Au     -8.5258910629567453      2.7348924001483104     -2.8426399425604814
Au     -9.0538189035912566     -0.0261316752441099     -2.5057437642789893
Au     -9.4675640522851712     -2.7418621634527600     -2.0877705010469603
Au      1.2779763787809724      8.9193495796170321      4.4777014440150520
Au      0.7576738581537104      6.2722595211625256      4.9356940683226433
Au      0.2155328860291845      3.5205205660891976      5.3081746528498961
Au     -0.3189439714951279      0.7513938981809121      5.6582279313257313
Au     -0.8443096935417098     -2.0223755139754367      5.9845116632627029
Au     -1.3572158787803712     -4.7884523346843508      6.2853073382761249
Au     -1.8561743964645903     -7.4720258564956268      6.4777543552910153
Au     -1.3590537280364363      9.3117396254249662      3.5612201051231622
Au     -1.9366779812116426      6.6731792035516220      3.9992911289429554
Au     -2.4731701879762684      3.9206001676002873      4.3737351590690423
Au     -3.0062973170775176      1.1512733836230105      4.7242568393392030
Au     -3.5330118372557426     -1.6222943522682360      5.0500718354515008
Au     -4.0515653065116748     -4.3875296292741002      5.3489044889377997
Au     -4.4932026028948240     -7.0796320911654629      5.5612736826055116
Au     -1.3757587389703092      9.0903416096678544      0.8014933580083756
Au     -1.9306736968039919      6.3519997462315247      1.1486923776553386
Au     -2.4873542049682826      3.5822182137702092      1.5547931027379427
Au     -3.0241194154692423      0.8109608156446830      1.9073072776223388
Au     -3.5482392778152980     -1.9661340154046805      2.2317951526578952
Au     -4.0556703636547411     -4.7615781372828483      2.5047560407165665
Au     -4.5506956897376600     -7.5143463067154261      2.8275748596842938
Au      1.2649084547056253      8.4955935375423941     -0.0021837920032404
Au      0.7552856738958653      5.7673333410188263      0.2960707465458512
Au      0.2004760516457367      2.9802810856919857      0.6991711500157241
Au     -0.3374562649873991      0.1930891299423179      1.0536505767517177
Au     -0.8663731100280168     -2.5992615527785965      1.3799790910959455
Au     -1.3816937053237330     -5.4089092327370381      1.6597798820412528
Au     -1.9130226312623058     -8.1247497328220426      2.0258063261292421
Au      2.9112187645497256      8.4524382744700670      2.2914024265450728
Au      2.4031704386285053      5.7071225561973966      2.6548885175021990
Au      1.8524369206587317      2.9364554691614226      3.0630552241048630
Au      1.3189731479161679      0.1647065008732076      3.4167175402677596
Au      0.7915505667545879     -2.6118977582729226      3.7400579782447743
Au      0.2781717191587298     -5.4064573767022015      4.0109522747613990
Au     -0.2637196158733102     -8.1522527801073270      4.3174833011415465
Au     -3.5583308645461647      7.8926809895778556     -0.4950802487068033
Au     -4.1196329426943432      5.1600293583697034     -0.1456882588493684
Au     -4.6857721426328762      2.3827545433556221      0.2494273679461756
Au     -5.2154561354206184     -0.3874546447781118      0.5874441841856335
Au     -5.7163239259982603     -3.1905491448954884      0.8732379273570956
Au     -6.2034332555076741     -5.9410160617835466      1.1928892008528766
Au      1.7336987649437943      6.6950869549368504     -2.1219392309303524
Au      1.2208649993698304      3.9730142688822667     -1.8117971582951098
Au      0.6716465758914214      1.1643928160115253     -1.4340188946297729
Au      0.1378065109392492     -1.6275513217235194     -1.0933498952308520
Au     -0.3894369270797124     -4.4487470408284171     -0.7841857982358116
Au     -0.9160552442747592     -7.1629324147973712     -0.4310040100526935
Au      5.0245881413630844      6.6155399497346394      2.4878513094264285
Au      4.5214767180411553      3.8742290472556151      2.8574670560443653
Au      3.9825653001410428      1.0929019256454149      3.2620460160829534
Au      3.4528803673285697     -1.6773075673327238      3.6000630814478960
Au      2.9247834555421024     -4.4763513602516785      3.8763933765127234
Au      2.3794822398636710     -7.2181595358874979      4.1758205299386617
Au     -5.7443081608299735      6.6848259094140623     -1.7998391604128772
Au     -6.3302049867092265      3.9424813736415367     -1.4427000768842184
Au     -6.9092287701391317      1.1890495493372937     -1.0821600116180425
Au     -7.3879017509295650     -1.5891965730897635     -0.7677324649264285
Au     -7.8559950978464688     -4.3591510172766768     -0.4522680086691748
Au      2.1978852374379296      4.8717233047637567     -4.2382375475407068
Au      1.6839575750916220      2.1395208645990786     -3.9292842264108252
Au      1.1524087264379315     -0.6593941287737630     -3.5981915856356439
Au      0.6143271778895603     -3.4545713278421726     -3.2467007243689059
Au      0.0850960441400130     -6.1780174925205849     -2.8899637067197972
Au      7.1428337611465906      4.7672139004429077      2.6789935721826250
Au      6.6509297865412016      2.0108829176487184      3.0688006119697135
Au      6.1489164097418012     -0.7540084193440206      3.4561054652314240
Au      5.5932313521358594     -3.5207952819453006      3.7437681242906606
Au      5.0311426550960583     -6.2767638910981916      4.0265652053016652
Au     -7.8830424638039425      5.8538078796477189     -0.2921129689983886
Au     -8.4737599933214920      3.1143188101465968      0.2034092748654128
Au     -9.0081316584200977      0.3195911573666912      0.5444186976757663
Au     -9.4768421396833400     -2.4816594306124031      0.7249706633805371
Au      0.0264923967805235      3.7358850302873297     -5.5918946190736420
Au     -0.4970089345616273      0.9443913102250781     -5.2541644644576913
Au     -1.0390936617662461     -1.8906761808948573     -4.9082332108599083
Au     -1.5822582686547397     -4.6777722499278998     -4.5652713553925723
Au      7.6774115348980647      3.0057963802910002      0.5616090901871083
Au      7.1612140263795823      0.2239862157867423      0.9236357707872536
Au      6.6227291287160224     -2.5922465915271022      1.2672681949311162
Au      6.0752101368127089     -5.3735883857422237      1.5840499925757854
Au     -2.6438931340322038      4.3610856202065342     -4.7669323893538635
Au     -3.1794277568944413      1.5913547961310863     -4.4151079733813035
Au     -3.7330372978383628     -1.3039827710676812     -4.0618224649619163
Au     -4.2577157869265392     -4.0790935753816484     -3.7370733388660682
Au      6.0172670134410264      3.0722993608883016     -1.7568082322933618
Au      5.4836974212128258      0.3022756472089387     -1.4043000505756185
Au      4.9300877124103248     -2.5930615680533986     -1.0510156442608620
Au      4.4034429922381229     -5.3678790360366957     -0.7269498103162508
Au      7.6133231372666224      3.5479437673408132      5.0935390731176415
Au      7.0416155850100459      0.8056249770106110      5.5956704244726083
Au      6.5072422976739599     -1.9891039448941417      5.9366794597061645
Au      6.0195186503653950     -4.7875258586526055      6.1106216296322557
Au     -5.3161141952479589      4.9392407047292544     -3.9541971306898649
Au     -5.8735337613632979      2.1635645498620200     -3.6064976766947927
Au     -6.4120178190559933     -0.6526680562221134     -3.2628646005633142
Au     -6.9183120815288355     -3.4401448374239809     -2.9317559884551452
Au      4.3536834832086075      3.0919964664310511     -4.0880104182654371
Au      3.8139953817274654      0.3029107778109088     -3.7559053931447570
Au      3.2719100681288458     -2.5321565673019251     -3.4099745807583624
Au      2.7449322233672762     -5.3216609794132044     -3.0613876406213363
Au     -5.7158899891901278      7.0336866583823703      0.9895590585836036
Au     -6.3102666713351798      4.3345200224247433      1.4457675065161641
Au     -6.8395912750940351      1.5302023971893890      1.8228667542465224
Au     -7.3837487383761680     -1.2797172170985105      2.1308096444877318
Au     -7.8326451541496738     -4.0367973060940656      2.3403662370746172
Au     -0.4419987833996211      5.5504467748677095     -3.4708023892324285
Au     -0.9840605295466909      2.7839801592439053     -3.1335600268443988
Au     -1.5320775231735411     -0.0442975667532934     -2.7638625357800235
Au     -2.0672290268132620     -2.8809132961191359     -2.4423377947291138
Au     -2.5840004311517277     -5.6520685704007114     -2.1038875095639735
Au      5.5474292103726235      4.8609334142790459      0.3641425948757018
Au      5.0311535171401340      2.0940002809579976      0.7155234054240278
Au      4.4832372214422804     -0.7238497525247389      1.0930930691152643
Au      3.9514338919030747     -3.5528483576510617      1.4045438724789676
Au      3.4098719163570128     -6.3183276452052439      1.7282205564551472
Au      5.5159520442318097      5.3623861944570583      4.8931050216288074
Au      4.9813980900012318      2.6543171461273025      5.3701058694458244
Au      4.4187935766266619     -0.1450502101744284      5.7356402285180206
Au      3.9079128394008142     -2.9599235978691514      6.0551477323312035
Au      3.3991915693876562     -5.7081021129095504      6.2439114917216028
Au     -3.1157165673446037      6.1500141368697756     -2.6466710721249473
Au     -3.6627288875297377      3.3876547323209332     -2.3059733630599322
Au     -4.2151996206835385      0.5704829839571550     -1.9299871349635893
Au     -4.7424470757117749     -2.2591935494284971     -1.6169526384432089
Au     -5.2532714149616986     -5.0292465207907568     -1.2825931866578006
Au      3.8875180276503940      4.9062121210341845     -1.9661105483243002
Au      3.3685616714880977      2.1363073493709770     -1.6208378121395972
Au      2.8182379963121171     -0.6916274988922444     -1.2519413180349046
Au      2.2853923186389893     -3.5285866373921415     -0.9296150686297970
Au      1.7455154437229947     -6.2963037679316418     -0.5991948943708101
Au      3.3989708754925338      7.1721272094348629      4.7060887430023080
Au      2.8729026361590897      4.4735073047915099      5.1762135038170474
Au      2.3198248254429097      1.6991052862938059      5.5476750435030624
Au      1.7867265033636399     -1.0889568859588419      5.8878707028006509
Au      1.2757986178352527     -3.8792195801094405      6.1954020053243717
Au      0.7629246395270288     -6.6141927987860019      6.3882766426598501
Au     -3.5434171974352293      8.2051558839321643      2.2933109342549081
Au     -4.1375143666670979      5.5166588206242881      2.7397934304928562
Au     -4.6710870793283732      2.7393552412710327      3.1180334528949771
Au     -5.2041842217387710     -0.0487049949627094      3.4582290855835307
Au     -5.7346148517939657     -2.8360641228516652      3.7589819915029494
Au     -6.1794595833774064     -5.5811595271382028      3.9755001645534183
Au     -0.9150947883304212      7.3446271233944449     -1.3445547280911700
Au     -1.4563626540927062      4.5829181939264032     -1.0097340734636724
Au     -2.0091717867734222      1.7801240576921273     -0.6229390684312568
Au     -2.5445293482114058     -1.0197568565149506     -0.2813017729159633
Au     -3.0667124510702100     -3.8390940565973821      0.0179078039060432
Au     -3.5823849571410533     -6.6051064382069207      0.3575719200562304
Au      3.4163614408138505      6.7001046137408595      0.1608116534710646
Au      2.8995211963199754      3.9347605129853891      0.5041215298575441
Au      2.3490293093474159      1.1316213325373869      0.8917219732111228
Au      1.8136712749583179     -1.6682598554209402      1.2333597424852485
Au      1.2891703142315654     -4.4872528595604404      1.5317642733201602
Au      0.7490693733222467     -7.2496301732286614      1.8629388471408586
Au      8.5032433619612231     -3.7538986889441350      5.9289919165907961
Au      9.0396702330881311     -1.0393088259073684      5.6478484363740264
Au      9.5403290392929332      1.6699764045687555      5.2671779966904477
Au      8.6690234540621649     -4.3755410227566962      1.3892173369302085
Au      9.3185431679704838     -1.6503840593031853      1.0768085360836803
Au      9.7192048514271843      1.1168230501363086      0.7190473663744026
Au      7.0626286836507113     -4.4240798686701464     -0.8829032557100120
Au      7.5651200957199585     -1.5914854735077277     -1.1881687283937952
Au      8.1413421410151798      1.2175126322993233     -1.5712818199593173
Au      5.4060987709180957     -4.3914507709671682     -3.1791089532445449
Au      5.9006788959437131     -1.5543947180078241     -3.4924392354620721
Au      6.4862414674138353      1.2576232938466170     -3.8683999519175849
Au      3.7522066659817463     -4.2718449344473992     -5.4343020404058606
Au      4.2855261244748259     -1.5371234716466926     -5.8819009701812082
Au      4.8037818704087876      1.2278269597071922     -6.1053641100277023
Au      9.5894566826311589     -3.3756708461313316     -1.0213420358957830
Au     10.1049951001044214     -0.6794415046233526     -1.3503315397364748
Au      8.0016080273657373     -3.3522901812115435     -3.2903760329116984
Au      8.5183696480798954     -0.6496613731249656     -3.6201464266087946
Au      6.3400333548518510     -3.3002127425161145     -5.5093295633035648
Au      6.8549309880730451     -0.6073305197863439     -5.8379103346389254
Au     -0.6211330066650222     -3.6210899295634054     -6.9542245944430974
Au     -0.0367737243975328     -0.8939629838479046     -7.3840854432808802
Au      0.4304427952774450      1.8785818927549309     -7.6252875880566702
Au     -3.2640405665172376     -3.1013289912131086     -6.1923524291340879
Au     -2.7056408038131825     -0.2737690990339354     -6.4835041991355649
Au     -2.1838977828088062      2.5477453735812432     -6.8816456163845112
Au     -5.9112221850566034     -2.4935622552194747     -5.3918709428531617
Au     -5.3648202834722234      0.3324983340804621     -5.6818767209416094
Au     -4.8325094923727558      3.1480304206394196     -6.0802507217226189
Au     -8.4850256536879112     -1.8230087633577696     -4.5725494009921528
Au     -8.0725095031063088      0.9374148395955908     -4.9673268190187185
Au     -7.4348468652711475      3.6693559643648310     -5.2427199794075632
Au     -2.2630976371728573     -2.0200633137578095     -8.4992851279479726
Au     -1.7482003908049273      0.6728190007505326     -8.8278672884928611
Au     -4.8721428724775695     -1.4366689537892707     -7.7645544079728808
Au     -4.3553814193901239      1.2659608058661362     -8.0943259949264288
Au     -7.4488869988223350     -0.8403545741560841     -6.9428956769856400
Au     -6.9333491703566885      1.8558742564100807     -7.2718856498066371
Au    -10.9597675034622739     -0.8577947686262721     -0.8352405624631523
Au    -10.4842119957041753      1.8658534272425813     -1.1375405772471794
Au     -9.9226848162704879      4.5660815839860378     -1.4970556813560876
