         216
Au Au   -791.17188821   nogrup     0
Au     -4.0586560755652075     -9.8068054627644070      2.9203204896671409
Au     -1.7231730985501870     -6.9662914959761899      3.1650361674738186
Au     -0.3491206643544711     -5.3864253563845583      1.2638533608226012
Au      1.0020884101622767     -3.7599432087987221     -0.6253542418084344
Au      2.3557163458830819     -2.1141423117195846     -2.5243117294493942
Au      3.7089281398108738     -0.4512731108826893     -4.4428253330990835
Au      5.1035742799982575      1.1849816855056332     -6.4537411518623369
Au      3.5722440964103614      2.8474240353248295     -8.1597888998830612
Au      5.5451417557133773     -2.0541604824186539      8.2138468891211076
Au      7.0011260678082774     -0.4721980374779129      6.5090696596008684
Au      8.3377490960495475      1.1546023899288853      4.6358137568557645
Au      9.4797846658718186      2.7312805383873586      2.7046096781568281
Au     -4.1783432613489282      2.6821719381377491      5.4057423130972460
Au     -2.9559266633422308      4.3696617596272835      3.6082448939731719
Au     -1.6166495086935131      6.0075322950766372      1.7187218692385962
Au     -0.2561801872857976      7.4799562489092128     -0.1556588534653045
Au     -8.8428016810407772     -3.2033771213483782     -3.0479401627806268
Au     -9.3592923037493865      2.3189155619438875     -2.8647709970231006
Au     -7.9025196725522076      1.1614887711470621     -4.8792119770190823
Au     -4.8171712808819223      1.5901137564148975     -8.5289519548660007
Au     -2.9667825382160808     -8.5133024221020577      5.0059384946550551
Au     -0.0131723738942933     -8.1426996566821597      1.2260629102670251
Au      1.3121800142756919     -6.5211904469191548     -0.6723851812018111
Au      2.6465834866582383     -4.8894256242142173     -2.5588016712660888
Au      3.9966541033604934     -3.2552836039935702     -4.4281112070088895
Au      5.3689886870587600     -1.6301245390533996     -6.2382647204020749
Au      6.3564121385879453      3.1120581586194076     -7.9126926939019082
Au     -1.3830825941026628     -9.6508742102041492      3.1099041013742657
Au     -2.7766216247201028     -8.4541262891801559      1.0070169087026706
Au     -1.4581542587247414     -6.8497123036583396     -0.8553004967742268
Au     -0.1391315544035985     -5.2438617202011866     -2.7300983648594013
Au      1.1785393781224420     -3.6269972681426719     -4.5948020368481650
Au      2.4938650894208556     -2.0411545036811187     -6.4329904285606698
Au      5.2984261391107648      1.2374712957663947     -9.3880668916230405
Au     -4.5403743420464995     -7.1868204101874262      3.1190327785237599
Au     -3.2154902153716400     -5.6758911099037821      1.1493772205134505
Au     -1.8377466185874682     -4.0589756256735665     -0.7564189772703713
Au     -0.4754860391861340     -2.4263733134754588     -2.6510538461669420
Au      0.8913182372108879     -0.7675680093953003     -4.5500998991614416
Au      2.2891664586473053      0.9117420746660043     -6.5140647119442008
Au      2.6176898914644879      1.0561849210843075     -9.8854374179930566
Au     -3.3171790815899800     -5.7675455789607231      5.1872242537431319
Au     -2.0539088524047164     -4.1613060589920998      3.3093963403159741
Au     -0.6785356612069737     -2.5449491626496865      1.3883669792569009
Au      0.6841877827499716     -0.9034437912769846     -0.5137726430509417
Au      2.0535351214564650      0.7494044410831302     -2.4201556576115912
Au      3.4099115748884246      2.4157362064883952     -4.3501479553789331
Au      4.7525503136661467      4.1099933241693414     -6.0329100815754906
Au     -0.8732072480212514     -6.9275130639810936      5.8304763404727105
Au      0.4503230581306097     -5.3454651381334806      4.0012140413742046
Au      1.8288923892633657     -3.7606369359113838      2.0911853490507575
Au      3.1774930148688569     -2.1365023314474385      0.2009621066550622
Au      4.5176566356298178     -0.4967002034647425     -1.6857409465629907
Au      5.8126385000961847      1.1967971099789096     -3.5620347700362416
Au      7.1228862305537675      2.7937371317737067     -5.3443088638155665
Au     -6.0075411741684830     -5.8711943668054314      1.0825476607781894
Au     -4.6789473327966196     -4.3554680002367387     -0.8717953618767389
Au     -3.3023827714938152     -2.7293515550609477     -2.7879186318961615
Au     -1.9315871794895796     -1.0949560585743683     -4.6677243657853573
Au     -0.5624660536067241      0.6004953416348080     -6.5380791400201961
Au      0.7365943533008870      2.2524114516370526     -8.3568949422607144
Au     -3.6400942811865300     -2.9598714185564017      5.2687990084991796
Au     -2.3620967459660416     -1.3445236021401445      3.4101887093625542
Au     -0.9866122142030878      0.2913816837447758      1.4895245709600680
Au      0.3827793408544049      1.9362208138947485     -0.4097034601707179
Au      1.7428270412570543      3.6071749008568070     -2.3186426617810625
Au      3.0652900052965353      5.2090030442480018     -4.1209034558046547
Au      1.2763368540675226     -5.3152008512612365      6.6430686347464487
Au      2.6119811672427935     -3.7263882019618659      4.8215318981384030
Au      3.9989418212333692     -2.1348656001862061      2.9133889514111821
Au      5.3340834813758562     -0.5118295149870162      1.0401048369386636
Au      6.6394882441750127      1.1791221778921299     -0.8362032414466007
Au      7.9301260637586495      2.7739846400869279     -2.6695059044093838
Au     -7.4748886453601546     -4.5258011033796617     -0.9428886008543778
Au     -6.1287311809810880     -3.0054456712170623     -2.9075272699433654
Au     -4.7857566548031665     -1.3775084332953114     -4.8172121266073660
Au     -3.3988094497643222      0.2891516927650191     -6.6300996692032186
Au     -2.0630819918083292      1.8962204260361100     -8.4561904802889192
Au     -3.9344796142115781     -0.1429638744131783      5.3615128343468079
Au     -2.6473857329212662      1.4927268798690525      3.4998420858523644
Au     -1.2904525881361386      3.1498441477892030      1.6014987833595775
Au      0.0722921561305019      4.7878150141089568     -0.3047542198325530
Au      1.4089266707759518      6.3731914010345836     -2.1549040233986254
Au      3.4329725182700961     -3.6947746786853042      7.4559399399845070
Au      4.7745940186208315     -2.0862397251203753      5.6279872034497274
Au      6.1760236048350450     -0.4907555780333572      3.7810793532686588
Au      7.4414609451937306      1.1610324635081124      1.8870640700889219
Au      8.7399355514602384      2.7582545858042877      0.0253118045712775
Au     -8.3704370561564989     -5.8644136656942312     -3.0653709148493000
Au     -7.2036479965131086     -4.3779327504158356     -5.0023244037183012
Au     -5.8793607673828081     -2.7819199758348763     -6.8654754366841111
Au     -1.7744867096393353     -0.8567047902624125     -8.5553750075555843
Au     -5.4751134235552676      1.1860063469321496      3.4192873032340216
Au     -4.0971350030703819      2.8316421593274130      1.4832761659915761
Au     -2.7293774515510796      4.4958176966677552     -0.4443848815340345
Au     -1.3786092490950475      6.1398641958893458     -2.3368749882886561
Au      3.1085442655100182     -0.9290022945573355      7.6761969862785584
Au      4.5053669635948488      0.7049476457677404      5.7932756670079719
Au      5.8729528008375063      2.3690986373764673      3.8786684007388210
Au      7.1889410593417793      4.0346541507807050      1.9702966198594147
Au     -6.6799250864337933     -0.3284805987805477      1.2783891318222871
Au     -5.2620572190999786      1.2740718898171739     -0.6758135428944279
Au     -3.8692794364854244      3.0007522026105340     -2.6120031443214557
Au     -2.5252990806473474      4.6538860420961861     -4.4798270326753347
Au      0.6363095712927982      0.2500846937878514      6.9575145023726570
Au      1.9875661672565763      1.8779524959531031      5.0675277051635668
Au      3.3913505677183475      3.5860964763303418      3.1028254106323665
Au      4.7300097129763330      5.2372122940626857      1.2275671108783364
Au      5.0404497305917477     -4.8462664813025640      5.5229233132462312
Au      6.4561883774343638     -3.3283370216447548      3.6444165815206695
Au      7.7953893664109177     -1.6999929362044721      1.7697413405796070
Au      9.0305787697832471      0.0119976561362600     -0.0718117594433174
Au     -7.8034573911509533     -1.7658474572620833     -0.9002889070680844
Au     -6.4525244303510929     -0.1887159368896825     -2.8269111742816513
Au     -5.0768430458387677      1.4898300486507816     -4.7271118668209908
Au     -3.6974385398331049      3.1622818012597320     -6.5870570313406773
Au     -1.8215748150408559      1.4658028044338280      6.2316975254909437
Au     -0.4919203436300124      3.1180690778781548      4.3267628236666908
Au      0.8821813196738035      4.7907846246361245      2.4008204516176761
Au      2.2467261099803975      6.4328348160228526      0.5146156373402917
Au     -6.9675551561449467     -7.2004377444892480     -1.0822301126061049
Au     -5.7094315336265495     -5.7916540674019341     -3.0520046214707399
Au     -4.4256913671632567     -4.1805774120002877     -4.9304527616478069
Au     -3.0901687178447816     -2.5685430105851115     -6.7886078880047194
Au      1.0250159233279548     -0.6082535516036049     -8.4576705546644799
Au     -5.1667031615085950     -1.6297684854001240      3.3035446092643177
Au     -3.8517749796490763     -0.0161379319275810      1.3891864144132562
Au     -2.4449595353772224      1.6354718039762570     -0.5438201560104758
Au     -1.0712281939959478      3.3202091627800043     -2.4602095349096196
Au      0.2630691098234044      4.9671941323051474     -4.3111173945114771
Au      0.9568310337296313     -2.5586938044546326      6.8515991095309836
Au      2.2873491920010545     -0.9104780025228294      4.9728892897969814
Au      3.6807381581362493      0.7235358309346314      3.0473488257304453
Au      5.0232607527565367      2.4187038491543920      1.1405494477128784
Au      6.3817479989563815      4.0401749246361458     -0.7272684059030290
Au      2.8847107805067433     -6.4675343928707996      4.7126441792212148
Au      4.2900507089908793     -4.9479966632565162      2.8429346693385256
Au      5.6380633765740331     -3.3285832093215646      0.9392890473355386
Au      6.9886983777971867     -1.6708168070064691     -0.9285458301922169
Au      8.2228874074891216      0.0314543213976828     -2.7724314335090128
Au     -6.3206029718472951     -3.0957603926934052      1.1719642206659664
Au     -5.0034222090232925     -1.5218064391872481     -0.7512947170205599
Au     -3.6026364793045533      0.1301428632213444     -2.6864140657621363
Au     -2.2283857195255399      1.8301413704773131     -4.5769836826787298
Au     -0.8987645053217053      3.4614088075407508     -6.4496295563199073
Au     -1.5225886550605607     -1.3559134593716884      6.1328447488749376
Au     -0.1895392118464065      0.2819979013398379      4.2515353804095817
Au      1.1972044581115902      1.9297637207932823      2.3194512679968184
Au      2.5594953287979485      3.6209827852608356      0.4072033145115945
Au      3.9012697904668472      5.2553102971011389     -1.4572707681300656
Au      0.7374610798629919     -8.0833736434003427      3.9004202823004057
Au      2.1365088119579148     -6.5653798472917497      2.0249930041346467
Au      3.4806449021399977     -4.9494463746930499      0.1225160561009950
Au      4.8263986676544555     -3.3180075815328518     -1.7578235058758231
Au      6.1819122197240226     -1.6700862220103634     -3.6167609701169887
Au      7.3941184582156989      0.0353869751401907     -5.4111783740995989
Au     -5.5069640299976763     -8.5308478444646951      0.9422653195746058
Au     -4.2566482017474296     -7.1247449068231283     -1.0116777552703660
Au     -2.9328531170270256     -5.5149276346444509     -2.8884022291856475
Au     -1.6194694073109757     -3.9051066829536722     -4.7632730935616721
Au     -0.2976305211272661     -2.2641992316349917     -6.6384190611585971
Au      3.8516631787212110     -0.6428019405455050     -8.2644754908514262
Au     -4.8465778738995979     -4.4139232824732009      3.2072208899803734
Au     -3.5346414481714139     -2.8407325587560130      1.2790367273564911
Au     -2.1582031242351190     -1.2050358781967390     -0.6412148283391090
Au     -0.7761102997557803      0.4465422445220417     -2.5487892946428943
Au      0.5957942860343826      2.1223068713711486     -4.4586569963076812
Au      1.8831260843059439      3.8136157479120798     -6.2578309753865788
Au     -1.2011998082548865     -4.1679284633073550      6.0315342799596685
Au      0.1165758358905835     -2.5312364806134156      4.1473023821619108
Au      1.5009578598234445     -0.9095937314083606      2.2203245129309970
Au      2.8637261666851015      0.7392062615187758      0.3163102280324708
Au      4.2024489635724169      2.4332125508059876     -1.5808096927457456
Au      5.5656072471922453      4.0651204004518640     -3.4015957672247019
Au      9.7692997676670910     -0.0049112408222092      2.6077975172153778
Au      8.5327175921719185     -1.6400636529278678      4.4695760283137318
Au      7.1449802192362100     -3.1999741810509388      6.2876009542314968
Au      7.9420588329929291      3.9333094491019502      4.6652188169757025
Au      6.7042001638765054      2.3251184902215885      6.6050249688795120
Au      5.2780119280435009      0.6927418033592527      8.3914546505302070
Au      5.5527577731283184      5.2035509577154144      3.9362072663776111
Au      4.1817939795707577      3.4932544155139897      5.8152586499387020
Au      2.8129401081441539      1.8681778450587192      7.7708354492060643
Au      3.0924809641443782      6.3959580090061241      3.2080500815504678
Au      1.7115749421452828      4.6906640923401612      5.0865536614075424
Au      0.3565364403643421      3.0613189627906463      7.0484869230324243
Au      0.6188031844979234      7.4917820291325903      2.5101609470078827
Au     -0.7762327743793116      5.9600497129174439      4.4097991868402033
Au     -2.0371299871039019      4.2523196109933554      6.2522045685015293
Au      6.2679623206868555      5.0314040503463398      6.5721238860476312
Au      4.9620390762469206      3.4401064650259245      8.4013535109750954
Au      3.8613983344311618      6.2486687862500343      5.8959787405713939
Au      2.5516863996990300      4.6513835260431318      7.7354886573469983
Au      1.4400596312393170      7.3810126104776099      5.1512658434491421
Au      0.1372451215172243      5.7915785601139742      6.9866860602737191
Au     -3.0418805619191032      7.1952445036681612     -0.3664870479023286
Au     -4.4095453927500197      5.6574214789367296      1.5492290572267997
Au     -5.7263464774227870      3.9727945282305024      3.4122272037389898
Au     -4.1755098751141873      5.8169594026528477     -2.5139428375518946
Au     -5.5101082938908155      4.1301786532945703     -0.6048403439654066
Au     -6.9065427983231515      2.4887000052477344      1.2442740657531353
Au     -5.3328205102474353      4.3311580658380553     -4.6257117684340017
Au     -6.6730322104964497      2.6256109666955378     -2.7153360350266915
Au     -8.1037827285889268      1.0064907068014861     -0.8245640786613784
Au     -6.4697336042635945      2.7827742798071533     -6.6644263324956547
Au     -8.0329994631799533      3.8960455941246352     -4.6775063410792548
Au     -9.1546837424418737     -0.4387324002822632     -2.9621211493991098
Au     -5.7716654602231525      6.8110660589081169     -0.5245634521589260
Au     -8.3482911838383203      3.6563062954156407      3.1511408920949648
Au     -7.1412854345396708      5.2477477997639186      1.3290632598754897
Au     -8.1253988649095792      1.0629057037971457      3.1375378949384718
Au     -6.9390708516465045      5.3977746407038110     -2.6135633166468644
Au     -8.2828315783752178      3.8229053402010078     -0.8023095912716620
Au     -4.5287390746525000     -1.1416609804208999     -8.6302299204360740
Au     -6.2654391282881452     -0.0117136060468939     -6.8362412076647878
Au     -7.6100143806565370     -1.6441424960832975     -4.9716215236159620
