         216
Au Au   -792.02442846   nogrup     0
Au     -1.4058800449983107     10.2918724623528508      0.8837005932114046
Au     -1.7632615970995262      7.5963939201608666      1.1944244048073251
Au     -2.2377786976503780      4.8356594357326568      1.5937317731673897
Au     -2.6550966432564795      2.0584061428568585      1.9505673754481716
Au     -3.0504338063913812     -0.7324900802340109      2.2912002459061842
Au     -3.4214487873056081     -3.5205038519116716      2.6136126417503185
Au     -3.7343799673365101     -6.3187892754981352      2.8927904726587315
Au     -4.1390822857101064     -9.0032708855639783      3.2386967011577177
Au      5.7346135928164870      4.3143669166027117      7.0719015383849406
Au      5.4631892586279394      1.5788671818424183      7.4774189728117566
Au      5.0689814601094039     -1.2040605426178121      7.8170779122555754
Au      4.5675338280715252     -3.9246876948763099      8.0774865072133988
Au      5.4683370693227396      2.9660802486618363     -4.1340946671241534
Au      5.1926304955686495      0.2417858723431818     -3.8839313263085602
Au      4.7953402386327619     -2.5629024088702490     -3.5416155612863456
Au      4.3062656549178753     -5.2376118071025353     -3.1328232313941262
Au     -5.2217816864359072      4.0767289257015786     -7.5910862337416205
Au     -5.6450604581732478      1.3379356232127249     -7.3887920905598827
Au     -6.0392697825511963     -1.4449922111744478     -7.0491317114473606
Au     -6.3888663316149934     -4.1623259341855441     -6.5854969281178253
Au     -2.2071094897034937      9.2599184920236048      3.2589036647423821
Au     -2.6725929892354658      6.5978390370309850      3.6881137446639638
Au     -3.0992742949923260      3.8241993832697423      4.0481172379994401
Au     -3.5055945577597720      1.0331208958383842      4.3960595655557153
Au     -3.8906675357608762     -1.7626762175307729      4.7300033087629672
Au     -4.2517987682950853     -4.5506306518324475      5.0487991808714643
Au     -4.5474072426064893     -7.2615063336841352      5.2753643749748580
Au     -3.8944521841596735      9.2233220446941644      1.0007243100706482
Au     -4.3966125290307527      6.5604473286010272      1.3808498968608713
Au     -4.8196794407021244      3.7868854992842946      1.7456913679456321
Au     -5.2251371038839078      0.9958252862907484      2.0947889846644525
Au     -5.6110737111856004     -1.7999906925230960      2.4275777963108442
Au     -5.9758196723504771     -4.5880239538711631      2.7415366622340667
Au     -6.2347510545561811     -7.2981044222017850      3.0171876555108543
Au     -2.3384586255608388      8.8386413898888865     -1.2567731723357367
Au     -2.7625539220701203      6.0749522325668410     -0.9263685440532097
Au     -3.2185981577065323      3.2834324471123222     -0.5443340553099247
Au     -3.6280084574475495      0.4900735893621917     -0.1953492900903413
Au     -4.0107713867391031     -2.3089408914291525      0.1382229896561817
Au     -4.3493098429100936     -5.1268010423051482      0.4408206555761485
Au     -4.7092146466059912     -7.8977879916739191      0.7859300664130071
Au      0.3356584704711461      8.5738304816620694     -0.3897588411543733
Au     -0.0244931714685546      5.8235626844484347     -0.0760769270125916
Au     -0.4758755633783389      3.0150592129649270      0.3067177525691474
Au     -0.8860252307981487      0.2059046237677773      0.6587144991395597
Au     -1.2725017149868680     -2.6087510479176039      0.9931107266110306
Au     -1.6201952295606148     -5.4413506336023065      1.2988198599764793
Au     -2.0373313533781952     -8.1783757392438314      1.6548684122910426
Au      0.4046270881188399      8.8981363120132020      2.4143124263900688
Au      0.0105188183284168      6.1350979414512938      2.7848484937130173
Au     -0.4417195400559386      3.3436608571234552      3.1719750295439422
Au     -0.8490164981350858      0.5503480785957962      3.5237867020897760
Au     -1.2338917584489488     -2.2487119105385656      3.8545308856309486
Au     -1.5762347848420193     -5.0666543062617304      4.1520356272484982
Au     -1.9661264222504986     -7.8382916402270304      4.4570129163036896
Au     -3.3059739170814035      7.2718122456243544     -3.3752818185232387
Au     -3.7370305425381147      4.5129809112327290     -3.0473114215261301
Au     -4.1940598437668690      1.7120767957150154     -2.6785898211531540
Au     -4.5895800368502560     -1.0801106608405036     -2.3377996741695224
Au     -4.9292963887787913     -3.9038499702244422     -2.0200251436895851
Au     -5.2810993245509010     -6.6716386665764595     -1.6734636798708102
Au      2.0626977658318864      6.7345333549716955     -1.6504211396638970
Au      1.6927080893747286      3.9906348437325074     -1.3294910471007695
Au      1.2619550394504890      1.1600981966886259     -0.9617530052557264
Au      0.8633323471476317     -1.6539966091379252     -0.6182889398554128
Au      0.4902811234389035     -4.4979424044076559     -0.2934492762740444
Au      0.0841025948551311     -7.2334307497065584      0.0543865839834723
Au      2.1859316779573081      7.3909276001209570      3.9745646988845866
Au      1.7921096910872008      4.6329043702093013      4.3523633768552674
Au      1.3525043322722112      1.8323781934872949      4.7443991681423281
Au      0.9569848364379823     -0.9598089969514625      5.0851884622041492
Au      0.5998479040006472     -3.7839263080465706      5.3796461113516045
Au      0.2108118323503154     -6.5525223445016856      5.6763774571312862
Au     -4.2708424267972340      5.6939447241034449     -5.5011158020498918
Au     -4.7256854271263879      2.9225409315289959     -5.1790602530512384
Au     -5.1758628669563844      0.1413457723266047     -4.8489999713524696
Au     -5.5154794193889956     -2.6530226705324438     -4.4985544101767836
Au     -5.8476622205252795     -5.4376500690420002     -4.1424881962330078
Au      3.7859065175210485      4.8722058834352433     -2.9078488118049837
Au      3.4165278889255157      2.1180712435747742     -2.5872081950642860
Au      3.0257522688273832     -0.7031582812059805     -2.2494920705047399
Au      2.6178253975202352     -3.5204020922271653     -1.8990250022485498
Au      2.2082674790963694     -6.2651993454034240     -1.5485136214627087
Au      3.9751845258656218      5.8727960028628141      5.5345813510164028
Au      3.5804856089278969      3.1026970403140850      5.9371239966131562
Au      3.1795868101275890      0.3225707306114076      6.3331290758871415
Au      2.7906956065721902     -2.4728662878084915      6.6176264442361763
Au      2.3983712302461702     -5.2587982821654737      6.8932032648235619
Au     -6.8091561977199184      4.6617947183810795     -5.3289537689270077
Au     -7.3459927879278393      1.9007360741112906     -4.8957602310634600
Au     -7.7450145143138087     -0.9161649140686414     -4.5519525552222202
Au     -7.9992654434518222     -3.7398036241000501     -4.3035249373080573
Au      2.8545389556038421      3.3646634225504326     -5.0751826382074778
Au      2.4660367365722600      0.5522916456440452     -4.7285068924934075
Au      2.0612566427470354     -2.3052672488669526     -4.3797376749565089
Au      1.6532693319451810     -5.1157425858040853     -4.0401367665026191
Au      5.7517765627797681      4.0815084241479900      4.3071084239758122
Au      5.3548230162760522      1.2811721925521242      4.6766108364933139
Au      4.9527335095412468     -1.5574029345533447      5.0230615422534264
Au      4.5554032633658608     -4.3643535817182126      5.3379349410523727
Au      0.1414705718685330      3.6566601324201735     -5.9448897523623181
Au     -0.2666658410253717      0.8649433812504714     -5.5959910992447952
Au     -0.6800514365998112     -2.0533632703902871     -5.2398076192681611
Au     -1.0635864703698044     -4.8504770970570039     -4.9065807716783274
Au      5.6834415371233282      3.7768639254524201      1.4719551304736420
Au      5.2765632976191075      0.9851743248258416      1.8225361472801058
Au      4.8631795312375905     -1.9331336330520852      2.1787187270940418
Au      4.4783880824173465     -4.7302753687219337      2.5102616370520803
Au      3.1064211216987276      4.8768556956876559      7.9411069433467336
Au      2.5817508777469316      2.1160608874803630      8.3905773632720209
Au      2.1827312208939578     -0.7008391616759431      8.7343823727685805
Au      1.9163176731331997     -3.5247410348141397      8.9665295567204542
Au     -2.5623230203579297      3.9011792548528259     -6.8196871259662259
Au     -2.9856545205858529      1.1002710324773108     -6.4854835397917405
Au     -3.3877465425386486     -1.7383035619111915     -6.1390309865458743
Au     -3.7587016065036547     -4.5446819675538528     -5.7888570452813646
Au      5.6233557763478750      3.4247193216902101     -1.3696622495356774
Au      5.2244967665503230      0.6121218922215341     -1.0368477102254019
Au      4.8197176758967322     -2.2454380318835980     -0.6880794802798853
Au      4.4220884481331577     -5.0556889671232081     -0.3346181708777589
Au     -5.8444741181093551      6.2080026923703029     -3.2289606833294453
Au     -6.3655746684691117      3.4839521903088553     -2.8353604188106551
Au     -6.7799344418652705      0.6604191429756989     -2.4577764356841811
Au     -7.1671563684866495     -2.1748305311512244     -2.1446966800047162
Au     -7.4250785171479183     -4.9503159622988040     -1.8670709886921744
Au      1.1258243974787980      5.2179731888324143     -3.8150482167799193
Au      0.7202420866279873      2.4277019709015120     -3.4821890453891404
Au      0.2966556710077128     -0.4225716216983555     -3.1179465818022623
Au     -0.0885698957609105     -3.2821344101868259     -2.7852952905477695
Au     -0.4736288445945673     -6.0734189887070507     -2.4369184200886229
Au      3.9558540960986392      5.6043489951693388      2.7345441763260823
Au      3.5635815514015210      2.8180737403031086      3.0933222711518038
Au      3.1347872037446640     -0.0214129337046218      3.4627813724161971
Au      2.7573479602361917     -2.8735744867421094      3.7879937527415102
Au      2.3597245254888124     -5.6636030313033690      4.1098096674921685
Au      1.3423831700546991      6.3638790421526386      6.3892454094008588
Au      0.8595620855878243      3.6406587230126526      6.8340710242502460
Au      0.4239102793968117      0.8166649148107528      7.1831552535511154
Au      0.0579839230517312     -2.0181219923890286      7.5247311539650443
Au     -0.2382157006824839     -4.7944369489063678      7.7511294252190037
Au     -1.5873866313063001      5.4841186862752078     -4.6840017489945671
Au     -1.9993270775981378      2.6974169466470768     -4.3515427871806178
Au     -2.4310375566723055     -0.1421323962826246     -3.9859832718106878
Au     -2.8055635081093957     -2.9942305249522487     -3.6568693415319267
Au     -3.1835210072061484     -5.7838324997686090     -3.3087326425843706
Au      3.8961298560921529      5.2780601768386735     -0.1075354537956255
Au      3.5053313902540055      2.4881090700999051      0.2451083099331797
Au      3.0802698826402537     -0.3621968564511011      0.6073756091010161
Au      2.6965210825562553     -3.2217281800033799      0.9420007711420144
Au      2.2966791202107952     -6.0133326226116726      1.2705924188843980
Au     -0.4449391481811222      7.8443000011750268      4.8382526212392705
Au     -0.9177009738379258      5.1312018551486780      5.2808736238422025
Au     -1.3509234214467405      2.3335688235341960      5.6369068178230339
Au     -1.7489918935261013     -0.4766130687901695      5.9798932496867412
Au     -2.1102699887505016     -3.2877941937551345      6.3084221510694238
Au     -2.4132948764414408     -6.0513976760270101      6.5342386445609222
Au     -4.8871264074908431      7.7479536437821857     -1.1067501910543758
Au     -5.4034176261379638      5.0339112110318442     -0.7223811253966561
Au     -5.8241602970984676      2.2365483325778026     -0.3496440109145826
Au     -6.2222292738592166     -0.5736350250127868     -0.0066570514990527
Au     -6.5959895328363931     -3.3850874109566131      0.3051699946958113
Au     -6.8554868746189364     -6.1477467657335030      0.5892409974526007
Au     -0.6078818895458440      7.0507980034754967     -2.5505926650262714
Au     -1.0118453322304699      4.2651967062569209     -2.2199020588119902
Au     -1.4511063795016383      1.4404494172403028     -1.8474473146255255
Au     -1.8508628399573519     -1.3816448590800690     -1.5030071108477587
Au     -2.2143092450830766     -4.2236338695430646     -1.1838291782186570
Au     -2.5995728609750302     -7.0096093152653527     -0.8345017815036400
Au      2.1636639640668220      7.1109110215515399      1.1585804925733694
Au      1.7753306126163149      4.3256489439030350      1.5101880430794079
Au      1.3375528659767717      1.5009339002285893      1.8846267772549989
Au      0.9377968947420334     -1.3211611144188478      2.2290667932794630
Au      0.5728684666200365     -4.1631817134992151      2.5462597220710492
Au      0.1719751725452943     -6.9494957845669063      2.8746691010408227
Au      3.9762208770806433     -2.1653513357805121     10.0524032733707802
Au      4.3499424392407429      0.5761804588651902      9.7693430567618993
Au      4.7506195832700726      3.3015524984391837      9.3851621939992373
Au      6.7162730100098802     -3.0254584723026845      6.4780779335955856
Au      7.1997494019538255     -0.2594621907848902      6.2301489433123471
Au      7.5004499221653207      2.5104783927019030      5.8024099891403971
Au      6.6757054136270337     -3.4335161186768204      3.7253989833014334
Au      7.0252502887047354     -0.5815477867937995      3.3886887636627456
Au      7.4811879900262692      2.2528339979699519      3.0313731189675224
Au      6.6006741272836251     -3.7698173720071679      0.9148839634570631
Au      6.9478722942275652     -0.9150277986691329      0.5665960345056806
Au      7.4072248224538999      1.9240737572620432      0.2199376849473538
Au      6.4975281098880204     -4.0173560825007328     -1.8714491179639152
Au      6.9605886101014347     -1.2662253662024074     -2.2961026494359249
Au      7.2827480743359079      1.5259475787453258     -2.5480155922562693
Au      8.7455681756116199     -2.0509074980099218      4.8687478999672695
Au      9.1305247443615656      0.6667116828968238      4.5370589859142747
Au      8.7125467006934194     -2.3850992956872386      2.1196479672286799
Au      9.0984165427362189      0.3389710545584208      1.7871714674847485
Au      8.5883221117975346     -2.6983101550504074     -0.6323995379324252
Au      8.9728002233296174      0.0159355932279519     -0.9636766179706102
Au      3.6991802180233884     -4.0780508431499811     -5.6164874794489545
Au      4.1949007640264737     -1.3262131882327033     -5.9974349535061195
Au      4.4844021187627110      1.4652505777963540     -6.2930553109898284
Au      1.0529541684448902     -3.8901451734885164     -6.5096490738428603
Au      1.4409900189398459     -1.0344705929280424     -6.8032868351623907
Au      1.8595075982570863      1.8037443637148911     -7.2045969800032346
Au     -1.6258106880339982     -3.6135724166981191     -7.3845467866484382
Au     -1.2481664847275384     -0.7609956106453133     -7.6836546217300761
Au     -0.8203243403528999      2.0727764359313650     -8.0785746212911498
Au     -4.2600076251228280     -3.2635295501121480     -8.2115128011157612
Au     -3.9281789276258472     -0.5008225835554585     -8.6623945195809746
Au     -3.4758274127832163      2.2724071422342904     -8.8871825434555820
Au      3.0834788470593919     -2.8177099112724804     -7.9995529180462732
Au      3.4679589385187692     -0.1034642155602032     -8.3308302748593874
Au      0.4750818635825769     -2.5637680608448310     -8.9045797505237498
Au      0.8609538170980984      0.1603016848877203     -9.2370569310159887
Au     -2.1566755151123465     -2.2873737945969363     -9.7217603028711110
Au     -1.7717174889444776      0.4302451573305808    -10.0534497114543733
Au     -8.4774826663386325     -2.4354633689234859     -6.6144272014333003
Au     -8.1427080645093053      0.3052241788566237     -6.9496129303510479
Au     -7.7030810405025569      3.0314408454637540     -7.2816719963453496
