         216
Au Au   -791.70678378   nogrup     0
Au     -3.9750196948796024      5.2288102583685738      8.0387403673326592
Au     -3.0953189434012671      3.0499658450478764      6.6104228171893507
Au     -2.2662786868419662      0.7752418863041892      5.1828880987016834
Au     -1.4489324443945621     -1.4173880244494563      3.6412106429942863
Au     -0.6254055047709595     -3.5782289305539585      2.0425329322558028
Au      0.1985633964513895     -5.6922313197548311      0.3979895628263925
Au      1.0117831894465388     -7.7266264468406343     -1.3625331050641130
Au      1.7401188383246429     -9.7671114776525432     -3.0558407820018143
Au      7.1193752814156390      3.4076276888184545      6.4232435984153664
Au      8.1526598036752027      1.3094151158028104      4.9302830129290651
Au      8.9857386274131255     -0.8764906939555155      3.3130627832803565
Au      9.5720801640746433     -3.0280017400141652      1.6619093169737997
Au      0.8123023993307492      7.1399623748520060     -1.9074035353225423
Au      1.6587842629334344      5.1200538162250817     -3.5678885283632802
Au      2.4910803740787260      2.9362008624987253     -5.1835891789035342
Au      3.2527178539823502      0.7365827630182546     -6.6448768241003213
Au     -9.4883161983393425      2.8297756647976628     -1.3694710493445239
Au     -8.7752279929822521      0.7116239812681804     -3.0068314059091321
Au     -7.9504995598349648     -1.4523754751358779     -4.6078431553290393
Au     -7.0418267508718841     -3.5895497532106413     -6.1187406265945361
Au     -3.3088136744700849      3.0086792081864440      9.3284324025934513
Au     -2.7221063384634370      0.6496742635189732      7.9785177467008292
Au     -1.9812037922132255     -1.7002766548552553      6.4098358110368832
Au     -1.1601107794067778     -3.9744115738769956      4.7743752197074638
Au     -0.2712916642275203     -6.1868849344340857      3.0904605535865333
Au      0.6958465020056011     -8.3186374411245492      1.3433983134231351
Au      1.7219070143256316    -10.1913524861131783     -0.4374815861150747
Au     -5.5400895518505227      2.9432079632013042      7.8284015146855257
Au     -4.8686992975247882      0.7226145193824243      6.3634981120774174
Au     -4.0851499485711074     -1.4644968191711352      4.8024712487150030
Au     -3.2778169356764897     -3.6288291228565406      3.2163924126412109
Au     -2.4434998567893444     -5.7719987755357174      1.6156084467832681
Au     -1.5875721900602189     -7.8866980023127207     -0.0060111834880576
Au     -0.6556840827909465     -9.8729402715508616     -1.6534853847814031
Au     -5.3351540413206564      4.6682437569064676      5.7412388330312556
Au     -4.5256476696101373      2.4727054588217454      4.2290208126033466
Au     -3.6974943453803109      0.2557148893072425      2.6960373099050461
Au     -2.8749789894603017     -1.9166499122444474      1.1096446427287070
Au     -2.0495190056540311     -4.0683896945353597     -0.5031089118475016
Au     -1.2264298230589272     -6.1840852174552277     -2.1756163877209111
Au     -0.4044771612685603     -8.2693367973541019     -3.8304924720789764
Au     -2.7390790360795716      5.7226719826740853      5.6589308846381225
Au     -1.9030933262705929      3.5737772435853583      4.1164048618831739
Au     -1.0863715567587366      1.3348032323654433      2.5903987010502547
Au     -0.2628204111642929     -0.8431957445962472      1.0043108296357151
Au      0.5642176384202147     -2.9961581007494917     -0.6138209111434385
Au      1.4043512955316226     -5.1045966292318452     -2.3042035497626419
Au      2.1934640998702157     -7.2197948897410056     -3.9164206365208152
Au     -1.2499276482366000      4.7409472998681839      7.7877832281165293
Au     -0.2843697837385575      2.5971660146692130      6.2775758248966209
Au      0.5583621253713016      0.3891435641390359      4.7219450938169114
Au      1.3857619133613424     -1.7863952417191455      3.1284162462231304
Au      2.2109826317291867     -3.9471502831195213      1.5137813034745520
Au      3.0255016056193971     -6.0875796562735971     -0.1477451883419612
Au      3.6942109106532874     -8.2319466470228750     -1.8100781356995270
Au     -6.7245568602618633      4.0700747167955260      3.3839582747448578
Au     -5.9451953438607621      1.8920322494674728      1.8373571113464777
Au     -5.1330597329361680     -0.3195905904946847      0.2660335465299184
Au     -4.3073833026277111     -2.4860742016855450     -1.3368170047834766
Au     -3.4606682804606921     -4.6270980559389638     -2.9857530611187997
Au     -2.6101653029422733     -6.7256537201915672     -4.6031444515871325
Au     -1.5427572124010709      6.2061198457868763      3.1649859466636787
Au     -0.7278252015460391      4.0894238423861395      1.5857595769721069
Au      0.0976485229886581      1.8713556214576605      0.0060251755912297
Au      0.9256197172546519     -0.3011476290812707     -1.6012801787090254
Au      1.7669914184802875     -2.4566997307956226     -3.2573243437316588
Au      2.5712739866429724     -4.5886521953850119     -4.8214151388589528
Au      1.5800563236602723      4.3042017807110415      7.3561542054109825
Au      2.5208167780658748      2.1724764716272666      5.8271445089268834
Au      3.3673047487725194     -0.0407077261377413      4.2593468312287168
Au      4.1901410379977087     -2.1997422355004987      2.6620082275844332
Au      5.0079289687245581     -4.3534360849466678      0.9990161763222378
Au      5.6980162459340065     -6.5008814118573737     -0.6378748160421601
Au     -8.1284379696615972      3.4719026767524408      1.0111989251825175
Au     -7.3664777932625967      1.2838240589298107     -0.5625116740694889
Au     -6.5730287713378672     -0.9099481845938964     -2.1560314732853083
Au     -5.7114771814531622     -3.0587187308493826     -3.7752959442625560
Au     -4.8330066605907689     -5.1749586055542354     -5.3860884419659056
Au     -0.3649594639294143      6.7044735672947642      0.6334939953920724
Au      0.4565338006729593      4.5941424733524006     -0.9734379784276257
Au      1.2921046709141581      2.4080734225988154     -2.5892606128340994
Au      2.1227268207139991      0.2222371944916299     -4.2079471100713928
Au      2.9279406334867280     -1.9357333308590265     -5.7588738268268553
Au      4.3919717366397331      3.8712242738410723      6.9087159709727555
Au      5.3097607736200736      1.7218090011933012      5.3562851395337407
Au      6.1960045199144336     -0.4567868891221007      3.8091610779394625
Au      6.9583956056229255     -2.6040291464443479      2.1558586482725897
Au      7.6832828915941800     -4.7648170214418641      0.5194298030298867
Au     -9.7020209477652930      1.1999478795989362      0.8605949122405150
Au     -8.9539658510463163     -1.0710770725417700     -0.6609145762206676
Au     -8.1197707461908823     -3.2599145992259668     -2.2803023791097772
Au     -7.2098198297846512     -5.3393211530402063     -3.9774131141231379
Au     -1.7808668070693310      6.1755235494857654     -1.7338863370121178
Au     -0.9352919539390649      4.0036260203649698     -3.3585302396035424
Au     -0.0907913658797890      1.7877492823845489     -4.9979239230845032
Au      0.7281001634906539     -0.4077308919036062     -6.6044379615773448
Au      5.5654468465804783      4.4351235050492610      4.4397252198588806
Au      6.4637618003140611      2.2323535512618156      2.8512044421448373
Au      7.3096375888768268      0.0128686254067170      1.2091412644456927
Au      8.0867078810793487     -2.1803883771521795     -0.4546933861624058
Au     -4.3721307115845880      5.0811933247275860     -1.5822208635067820
Au     -3.5554278415893057      2.9056142456021683     -3.1831564436313400
Au     -2.6972813741586590      0.6539298129341906     -4.8490418529107178
Au     -1.8607147192345597     -1.5084920014006944     -6.4575297723708829
Au      3.9506572744170443      5.3658983821066188      2.3542985327704553
Au      4.7978812080503346      3.1876688414431067      0.7538438291915881
Au      5.6610930726531121      0.9226969321627750     -0.9218724309984889
Au      6.4734107969037531     -1.2535289284711315     -2.5430161693964415
Au      4.3882047807842319      1.3227907087269566      7.8961410397354665
Au      5.1725043148201300     -0.9265225796304886      6.3953096981274111
Au      5.9982545582727180     -3.0931970352456961      4.7923179611978188
Au      6.8615204899137279     -5.1669050875004974      3.0948071379446684
Au     -6.9678660172120299      3.9845738780265068     -1.4726593924856193
Au     -6.1721720254394974      1.7924864587498022     -3.0809657516468718
Au     -5.3321515720574162     -0.4116381741605946     -4.7116638167948501
Au     -4.4682920567301716     -2.5740402221152516     -6.3249806228496057
Au      2.3731836452496293      6.3103653345926656      0.2338046713423907
Au      3.2059761537403277      4.1382684237515281     -1.4022956458196614
Au      4.0521202945331432      1.9180807895127012     -3.0448782700623465
Au      4.8855079228246545     -0.2816940352563566     -4.6432616907257103
Au     -8.3213112832974385      1.8040709833254018      3.1959183523482810
Au     -7.6010230371101191     -0.4340592691567273      1.6861473661534241
Au     -6.7598115495445992     -2.6378448906749110      0.0832538447612130
Au     -5.9301915183318830     -4.8181366607407909     -1.5573663133454687
Au     -5.0159644575646496     -6.8688048163355058     -3.2206150582943618
Au     -2.9536125304509344      5.6722257389888169      0.7928667342192295
Au     -2.1452894441475872      3.5062711907457258     -0.8103934344842632
Au     -1.3085946511725908      1.2897126695935639     -2.4173322981967775
Au     -0.4681342708771137     -0.8944003452354685     -4.0661860856013501
Au      0.3718139534747880     -3.0533329279321073     -5.6626469172408989
Au      2.7827858300166648      4.8619769207574750      4.8965001543620712
Au      3.6544351097888712      2.7026446645674387      3.2848077984311868
Au      4.5073087526249536      0.4743537367119577      1.6806891104683839
Au      5.3387110236004203     -1.7167110795932781      0.0151935715760612
Au      6.1260290654895382     -3.9103285697146273     -1.5935990424264954
Au      1.7702026947859912      1.8031179413975031      8.4086730516143771
Au      2.4917914692714924     -0.4407777180690664      6.8818147937201868
Au      3.2811610512438625     -2.6475667724825867      5.2687928338602621
Au      4.1584567140985236     -4.8139128408537788      3.6463976280691117
Au      5.0799023948763349     -6.8811486443309002      1.9837089616281052
Au     -5.5514345767576092      4.5797087713150333      0.9151156483152878
Au     -4.7525681234215398      2.4080504923616850     -0.6775241896785200
Au     -3.9219102948306404      0.1914790731321550     -2.2791033387197359
Au     -3.0782294016948821     -1.9852331460411172     -3.9278495560870876
Au     -2.2314183693205099     -4.1316592232621909     -5.5298972499699177
Au      1.1929948987201811      5.8017671929065786      2.7800137148692965
Au      2.0399667264101766      3.6460323916294231      1.1729501606163151
Au      2.8794961339568750      1.4235748188053639     -0.4408557068045589
Au      3.7225540265583219     -0.7688900916209642     -2.0933847186573740
Au      4.5271517679615272     -2.9466956209729362     -3.6924457670292021
Au     -0.7884063465885083      2.3301740026857116      8.9501940171294709
Au     -0.1500751983449216      0.0497952356159448      7.4159792241285185
Au      0.6062421410621655     -2.1833160882839868      5.7854843279953219
Au      1.4465405740529222     -4.3881583086818479      4.1542535076575842
Au      2.3688901998679710     -6.5596732711497312      2.5260310833556439
Au      3.3781828132672658     -8.6024718209172057      0.8617872979461900
Au     -6.9425828850046649      2.3862298901415389      5.5370091931140113
Au     -6.2335354023672558      0.1566133120884725      4.0330932875802947
Au     -5.4139960012693873     -2.0335536491810711      2.4471264326794770
Au     -4.5852734617146442     -4.2080288309735208      0.8383633880835646
Au     -3.7494734062254818     -6.3612911984383915     -0.7891098733108262
Au     -2.8317188618323224     -8.4002336034089922     -2.4432371017292844
Au     -4.1334883255621486      5.1644166561817384      3.2898123604311902
Au     -3.3259499167509805      2.9903041232727805      1.7165195104006603
Au     -2.5004850109867887      0.7775913468746052      0.1459031646055955
Au     -1.6725571283670400     -1.3947987820884709     -1.4613182446290089
Au     -0.8366284359604235     -3.5414038376178105     -3.1158989291579555
Au     -0.0023427656020454     -5.6752684531311699     -4.7298148052989895
Au      0.0061579483877301      5.2878349775389308      5.3198647448959004
Au      0.8719401018697148      3.1316600281905367      3.7256996408696406
Au      1.7087498469630871      0.9142482383753828      2.1384634599237113
Au      2.5396666990633072     -1.2659848799000117      0.5254397317190200
Au      3.3738521358690008     -3.4330819712279705     -1.1311577462010831
Au      4.1587667076455084     -5.6081627793435960     -2.7414262228140593
Au      8.6405520947427128     -3.4127184721623731      4.1954910212820398
Au      7.8656320493561536     -1.3101237519816851      5.8226469133568255
Au      7.0185817079296715      0.8431477184308822      7.3441497259064565
Au      9.9520281975319200     -0.4413623045279607      0.7478487857578404
Au      9.2538797469298366      1.7481655142610624      2.4040533161150659
Au      8.2944090595492419      3.9080466029570218      3.9657145393550319
Au      8.4197138568175571      0.4667252401145940     -1.3739497429426439
Au      7.5467447749925034      2.6571872910445897      0.2959807192082966
Au      6.7270967920892648      4.9079636472984429      1.9118552413339920
Au      6.8218847940631546      1.4078774013029001     -3.4633905060859984
Au      5.9353770198318996      3.6035918450410742     -1.8132861054422307
Au      5.1311840430896911      5.8440867123686013     -0.1813060702430533
Au      5.1977913454087563      2.3729671246007404     -5.4824615885767587
Au      4.3838497330841966      4.6154467337012006     -3.9801929291558817
Au      3.5477397735291127      6.7025188642160014     -2.2792877295251639
Au     10.1762092200978191      2.1730635292907383     -0.1278348632394017
Au      9.3657086461381844      4.2997260352813491      1.4455542400292316
Au      8.6464660385361878      3.1294019052357687     -2.2110962337252893
Au      7.8350945830768906      5.2583494594487705     -0.6360164804802366
Au      7.0354201465335704      4.0312723852991432     -4.2530392936447363
Au      6.2263683259198901      6.1541328227130299     -2.6824628435284072
Au      1.0307642592224946      2.2416598931368061     -7.4468383798873994
Au      0.2707274433762943      4.4835742980784810     -5.9207426051966801
Au     -0.6177192478731524      6.5670988793977028     -4.2467080155585766
Au     -1.5080272958425569      1.1400795624433115     -7.3826001046823055
Au     -2.3323213382757260      3.3329860727711780     -5.7064637560193523
Au     -3.1954574410868997      5.5677130978543916     -4.1068633126535961
Au     -4.0892130030877567      0.0605559021403725     -7.2452006485183054
Au     -4.9339058182382640      2.2408759197583623     -5.5704690970557458
Au     -5.7740066224715907      4.4812757788800326     -3.9745785183613389
Au     -6.6477287792848898     -0.9734735961311547     -7.0389913146150640
Au     -7.5815477409762870      1.1894464831457221     -5.5131854697154132
Au     -8.2903653546136145      3.3366314737455598     -3.8502058792976079
Au     -1.1771244886732086      3.7637655144504318     -8.1199918583049921
Au     -1.9855069814721675      5.8848739365467395     -6.5507130547498074
Au     -3.7278753779355256      2.7225844860962196     -8.0313729154589293
Au     -4.5378305887465276      4.8478197277670629     -6.4590410745089111
Au     -6.2548213035789093      1.6356018479850813     -7.8579648769143864
Au     -7.0628126861383826      3.7556847637361721     -6.2894436918564525
Au     -9.3023604239809146     -3.7517295387577976     -4.6159712758727682
Au    -10.1816085924576498     -1.6427520443861472     -3.0244259472777113
Au    -10.9332430318442313      0.5275309413282665     -1.4500059195002315
