         216
Au Au   -791.63731043   nogrup     0
Au     -2.6368066073842353     -6.4077208367614560      7.7893166392487068
Au     -1.5406964570483579     -5.6686931351550101      5.3710618951386913
Au     -0.6445279345006167     -4.9845130994975460      2.7829089752484002
Au      0.1410222383531583     -4.1705973499962266      0.1947648052494166
Au      0.8992498621486433     -3.3084043164056549     -2.4090475647925764
Au      1.6584169704680907     -2.4295791099337336     -5.0057788616054779
Au      2.4185926214110656     -1.4084390942630538     -7.5692422235242880
Au      3.1031761192589911     -0.0642680440433505     -9.9776304309633073
Au      7.6029970876922377     -1.4877961273032305      6.5785541419384046
Au      8.5994323699297759     -0.6309493116393909      4.1242195006725417
Au      9.3973592863398974      0.2013515493075904      1.5305416365901792
Au      9.9667465148242869      1.0231696084881126     -1.0238959407141941
Au     -1.7433628149713107      4.4951934676496972      5.6428318711670471
Au     -0.9631076864718895      5.4868385718973922      3.1972587314544469
Au     -0.1367873485204660      6.3712366474833235      0.6347555892279431
Au      0.6936890646798248      7.0977922559347260     -1.8820559732374953
Au     -9.7712389457644377     -1.6575204949822258      0.8356898631324974
Au     -9.5241871520994543      3.7701253150653171     -0.1445141128847354
Au     -9.0011167651841344      1.9737733622457885     -2.1839704033534879
Au     -7.4344667078958562      1.0904089752944195     -6.6146496157899382
Au     -0.9713594344592911     -8.0839236549827298      6.6891566081193936
Au     -0.3325879728869785     -7.7442919478550749      4.0563701662298115
Au      0.3516440452085834     -7.1182919388065500      1.4199657708238327
Au      1.0289875786980893     -6.3872508624387123     -1.1543964195769831
Au      1.6902788576055592     -5.6186863560470179     -3.6911392800744878
Au      2.3274358356649478     -4.8559687620499581     -6.2072887851901193
Au      4.3934285019910568     -2.2496029161052942     -9.4392766220292508
Au     -3.2051275403714330     -7.7508997656950953      5.2182952536854579
Au     -2.5028772173076730     -7.0272708284653440      2.6398530000643525
Au     -1.7455205140519841     -6.1947348090548751      0.0541001351456742
Au     -1.0054145671526038     -5.3310436521912070     -2.5158325812703488
Au     -0.2763767478268893     -4.4329331284479085     -5.0679252816351230
Au      0.4674270028577978     -3.4574378310072973     -7.6012145075344701
Au      2.8148975720052603     -4.2178085645033665     -8.7431684858320509
Au     -4.3165690706889084     -5.3494653254294828      5.9839688803114903
Au     -3.4069174986811133     -4.5143512199080877      3.5015612783577517
Au     -2.5825302139400126     -3.6975776508984310      0.9358665423110750
Au     -1.8007238391796894     -2.8201315053614469     -1.6244777865435687
Au     -1.0315701012471588     -1.9072175316278166     -4.1834763609674503
Au     -0.2657595307836410     -0.9086443443584891     -6.7175159820118395
Au      0.5212605477421735      0.1533459550939433     -9.1644537409563949
Au     -2.3340198950469606     -3.7590160638203436      7.3170828072965364
Au     -1.4293656822623262     -2.9275108246798975      4.8205929307886137
Au     -0.5821618258578531     -2.1528778154621744      2.2266727148092187
Au      0.2208055977187782     -1.3005208933061176     -0.3479418596524901
Au      1.0099237366516212     -0.4225103717598682     -2.9184625980923720
Au      1.8021665332013765      0.5298473610871568     -5.4582988235099386
Au      2.6330875759290784      1.4912312773321972     -7.8815834459213097
Au     -0.0607066762813087     -5.2950140778113202      7.6653225005183145
Au      0.9802898936272069     -4.4461294741769599      5.1883165029548408
Au      1.8152922059348691     -3.6425193537588321      2.6033447416706537
Au      2.5894417560544780     -2.8073990088375123      0.0241946469968397
Au      3.3493342890459110     -1.9539440218029664     -2.5579390771390074
Au      4.1015313030341520     -1.0544680860268993     -5.1463304227291076
Au      4.8723086366804136     -0.2190063582159620     -7.6681153014334527
Au     -6.1266239430012064     -4.1438111960755570      4.2726011277358893
Au     -5.3135829752314940     -3.2726703193668492      1.7723147186050419
Au     -4.5065242251544433     -2.4071839884170245     -0.7973177655284118
Au     -3.7276629459612103     -1.4928608600095714     -3.3394303967698278
Au     -2.9496135319987591     -0.5093686832400213     -5.8853322426966486
Au     -2.1449330839755381      0.4908121829959455     -8.3557402971540231
Au     -2.1193929484166754     -1.0290702337910638      6.7718910022665177
Au     -1.2889855278190729     -0.1550978272330994      4.2789029341309011
Au     -0.4549128762603653      0.6811687984137968      1.6889731667375862
Au      0.3574420685261104      1.5545391505174262     -0.8748388486839289
Au      1.1713805536332869      2.4763954735794922     -3.4353878907132867
Au      2.0098763384740361      3.3382468962580001     -5.9070106393918564
Au      2.5566640697827241     -4.0002994458462879      7.3677868866842502
Au      3.4997139203833254     -3.1677453351663587      4.8592907384765951
Au      4.3298156847844496     -2.3677848184990271      2.2492276962327544
Au      5.1007716817735194     -1.5339836264850817     -0.3228186278737013
Au      5.8475371420892870     -0.6450794903035426     -2.9102426923075200
Au      6.5870766887096508      0.1411729185722770     -5.4275907133356114
Au     -8.0018159728628628     -2.9094602425137612      2.5896402441990318
Au     -7.1925710404531422     -2.0020138367809199      0.0604361985014350
Au     -6.4406198869052673     -1.1009209727158442     -2.4973736493011316
Au     -5.6167901191299965     -0.1481649038554629     -5.0170339723835973
Au     -4.8231888736309596      0.8173999303847275     -7.5426662618808962
Au     -1.9370108594001509      1.7369177630158354      6.2351649078222238
Au     -1.1313285434248861      2.6450305432341397      3.7302295354546331
Au     -0.3063127420436036      3.5281514747572329      1.1603469240045321
Au      0.5192081560772031      4.4108986806634265     -1.4075209411220300
Au      1.3594209609959345      5.2401711258654435     -3.9179133315417189
Au      5.1257667422835862     -2.7376211347218913      7.0054845217593673
Au      6.0183848613344519     -1.8974175203592267      4.4598238935170258
Au      6.8773551469513645     -1.0865277428023568      1.8961956708309984
Au      7.5812049789897475     -0.2179124587356505     -0.6884228617699613
Au      8.3166022496800913      0.5904102702476841     -3.2306875318258150
Au     -8.8211280677804034     -4.1560060707712783      0.2932458914227603
Au     -8.1127088034687489     -3.2826738398795978     -2.2459849501964868
Au     -7.3254371284953397     -2.3439037068878061     -4.8021150096117715
Au     -3.8937911656945912     -1.6751311643335871     -8.1901617561367086
Au     -3.8170327778749931      2.9525741661850029      4.5771143199920878
Au     -3.0016364943986531      3.8855700417536445      2.0014870985614301
Au     -2.1697858642732779      4.7941191127798977     -0.5830511298009462
Au     -1.3163193431386766      5.6803301155478456     -3.1545663886493003
Au      5.2943703324163849     -0.0138985217005629      6.5012560806100304
Au      6.1729866313961903      0.8400342687495606      3.9050942767511430
Au      7.0010090798379725      1.7092681450316540      1.2781384879444211
Au      7.7616055717555632      2.5846082599662665     -1.3287881403138684
Au     -5.8546794966144873      1.3887085931465339      3.3655585327326705
Au     -5.0596807536283315      2.3222061639389544      0.8080202082925148
Au     -4.2225311592469126      3.2568382297656342     -1.8070836307314444
Au     -3.3693307154920431      4.1631221175653934     -4.3525611605051395
Au      2.9137190450486883      1.4773257517618159      6.2590167131644634
Au      3.7514064062221535      2.3387985000230032      3.6856001081345937
Au      4.6036562168383757      3.2399404150285323      1.0063223308009093
Au      5.4165233374637864      4.1057159690077896     -1.5624504893603373
Au      6.0422303698211053     -4.5360546438381792      5.1461324976265388
Au      6.8083587043113134     -3.8441331849124190      2.5159974926953979
Au      7.5367777037780073     -3.0176582979854878     -0.0853702493177977
Au      8.1872123057353363     -2.0927118921132148     -2.6477768156508468
Au     -7.8897303154017475     -0.1510176924398667      2.1469834673190000
Au     -7.1052018037794742      0.7791625117316698     -0.4308299318481161
Au     -6.2913290485821349      1.7136320196019419     -3.0030670442732728
Au     -5.4361426390449079      2.6594998276654911     -5.5574202077264641
Au      0.5606703967225650      3.0035532544522434      6.0010254647870624
Au      1.3792445900129731      3.9029047622025423      3.4263465068938181
Au      2.2181877592503456      4.7936408948566047      0.8116271420084189
Au      3.0667827579585398      5.6512390233847434     -1.7606698440526216
Au     -7.0093704975344888     -5.4096935062581863      1.9597444471733922
Au     -6.2823551071656585     -4.6098829270038024     -0.6133625641343414
Au     -5.5241477304642022     -3.6844899502005735     -3.1637998867941164
Au     -4.7333091758868830     -2.7519185466452054     -5.7150556871589622
Au     -1.2570208770783178     -1.9674501256888810     -9.0836817594422232
Au     -3.9839044221710198      0.1715616786304732      5.0785489639205643
Au     -3.1729625878403254      1.0797959286898031      2.5367094192405624
Au     -2.3408892418525231      1.9549701183586237     -0.0519110282636284
Au     -1.5232327097085543      2.8870899220347255     -2.6230090677899298
Au     -0.6751528393566295      3.7898834259855736     -5.1475743066002053
Au      2.7563743505252707     -1.2814644641588178      6.8450227955946019
Au      3.6093861876824920     -0.4046363569964218      4.2747480068964556
Au      4.4497032837655546      0.4384246338713034      1.6453579988128162
Au      5.2455890834287029      1.3379610279057665     -0.9671836337438400
Au      6.0591006860233492      2.1511795159805995     -3.5418026291896787
Au      3.6710428550624505     -5.7665400187916482      5.6155346566361075
Au      4.3724842432755793     -5.0837714244129479      2.9856508417491909
Au      5.0730199962190632     -4.2840937062663791      0.3549675524899563
Au      5.7964593062065966     -3.4411258044667381     -2.2495102505060061
Au      6.3956526682307402     -2.5503739462738348     -4.8085482868150642
Au     -6.0024632710475299     -1.3860666076168933      3.8410548435176253
Au     -5.1922890407300066     -0.4620748638982661      1.3149639395873223
Au     -4.3741731502282102      0.4246250891192513     -1.2676539379851768
Au     -3.5672118735297773      1.3804400099249001     -3.8297882043178753
Au     -2.7440677122988291      2.3064187652097381     -6.3534950782320241
Au      0.3873106524467125      0.2259894695893525      6.5597587274822722
Au      1.2303260743548994      1.1088971130194860      4.0088476500988257
Au      2.0654602282548833      1.9708979555200532      1.3911165712726508
Au      2.8883091058111727      2.8752692660287655     -1.2089728550460244
Au      3.7190077925284846      3.7183087414885430     -3.7594413665005604
Au      1.3576740411074097     -7.0013616917194561      6.1153807254350632
Au      1.9777224819783856     -6.3701467617621788      3.4694851155630460
Au      2.6387114137477448     -5.5875989257298713      0.8502706773343220
Au      3.3253127410603587     -4.7690458497237120     -1.7407739606746020
Au      4.0099984057111229     -3.9455264453593024     -4.3132964802178932
Au      4.5219313281954712     -3.1259372905158713     -6.8840789739189194
Au     -5.1216917013015912     -6.6255549514512282      3.6105884596770785
Au     -4.4008501232674604     -5.8343077778890695      1.0538678202071523
Au     -3.6320207526805586     -4.9523352314713662     -1.5117843550102315
Au     -2.8782500158785949     -4.0397341000575313     -4.0655155587555640
Au     -2.1145257837622404     -3.0742516855452244     -6.6289063270663320
Au      1.4527967125745733     -2.2622186299787757     -9.9625127936160567
Au     -4.1462256674769122     -2.5995793319810119      5.5590615590767989
Au     -3.3045208258180994     -1.7189178258938274      3.0374146643715747
Au     -2.4755073871114401     -0.8727947586080571      0.4620432784775765
Au     -1.6736235466811684      0.0207541025597902     -2.0984015162251630
Au     -0.8807405609839999      0.9728104670039865     -4.6481796542387492
Au     -0.0542190505166678      1.9323098649116712     -7.1398383514246149
Au      0.2079983725760648     -2.5446284285129508      7.1338428788540362
Au      1.0873418274563851     -1.6690822448055780      4.5873486350637478
Au      1.9186864883639689     -0.8325878180431996      1.9764461967307412
Au      2.7212232676192780      0.0297426978314839     -0.6136740519831996
Au      3.5176078844180876      0.9333023108624179     -3.1987918938431470
Au      4.3600766568897829      1.7607120176005751     -5.7364112279403709
Au      9.8613954682683644     -1.6488030502022184     -0.4526281548333344
Au      9.2029312456558436     -2.5007142514154967      2.1058603343996012
Au      8.4062701046491757     -3.2685240611064277      4.6521005418955035
Au      9.4066703576014543      2.9207524877962232      0.9226447167167642
Au      8.7235940969938301      2.0814619544561435      3.5227160716924324
Au      7.7881444495408534      1.2145637264785218      6.0516117606098732
Au      7.1233958636143981      4.4876834359053737      0.6632353633785186
Au      6.2747866903178569      3.5641257676139899      3.2631719151103908
Au      5.4528682520984564      2.7289285059576498      5.9093040374660930
Au      4.7746548877822867      6.0088123121926253      0.4493643638880123
Au      3.9033068851529449      5.0878870117286459      3.0411033265808349
Au      3.0931408215647420      4.2347310351256064      5.6794468842056958
Au      2.4142186311189384      7.4585238079688398      0.2795056413041586
Au      1.5520172923653690      6.7031688280749293      2.8490473106766387
Au      0.7695324506652583      5.7166385404932267      5.3667386956168670
Au      8.6898248353745693      4.7343932693245367      2.8942776707778819
Au      7.8898245870620052      3.8937978084947380      5.4006025150666410
Au      6.4015685270465585      6.2739239824582231      2.7044095112782927
Au      5.5937004036608506      5.4267951609650540      5.2134863318348756
Au      4.0636897516233006      7.7260151747068200      2.4753882980722537
Au      3.2545504037483242      6.8752534916016348      4.9728767120097679
Au     -1.9823357350440887      7.4655089519457984     -1.1180190732995001
Au     -2.8127058818013051      6.6805907963959044      1.4587499631709981
Au     -3.6264482198792409      5.6700268564986951      3.9690306745042570
Au     -3.9968244377458690      6.0238268416984226     -2.3527973000003293
Au     -4.8737993025563586      5.1136880727289995      0.2521078988977727
Au     -5.6779680330401252      4.1527763251419962      2.8675140181169709
Au     -6.0738371736619516      4.4772837253045203     -3.5626555711070829
Au     -6.9287264036230329      3.5637787633441711     -0.9524468734034031
Au     -7.7452578589780163      2.5881322567539033      1.6468005033256006
Au     -8.0931977300234283      2.8886193347327609     -4.6724754098642052
Au     -8.7184242556140408      4.6886905013449454     -2.6732434608586892
Au     -9.6929714183453441      1.0433588823265065      0.3628980710170069
Au     -4.6268859428698264      7.7820540088415395     -0.2855254886611327
Au     -5.4429444771251081      6.8724082890610099      2.2609135064736243
Au     -7.2103467277449322      7.8947415811845563      0.5044907843200725
Au     -7.5397729635224273      5.3173635643536166      1.1700929171594225
Au     -6.6619215630071960      6.3074803205864827     -1.5762278806359120
Au     -9.1753363623066804      6.4031445397958748     -0.6459141900573080
Au     -6.4800956935604273     -1.3636758128310458     -7.2790783791979710
Au     -8.3253874525420990      0.1522753611725332     -4.1976196328370783
Au     -9.1154444934011138     -0.7769484062770449     -1.6666766770678336
