         216
Au Au   -791.54858845   nogrup     0
Au     -4.5803383509064641    -10.0270022871183251      0.1924015282936367
Au     -2.7055219735655696     -7.2046143083994272      1.6256692820230647
Au     -0.6969711681956161     -5.4844626794285150      0.6346335805563825
Au      1.2793471445804276     -3.7208366097017693     -0.3484716305620239
Au      3.2491940937019064     -1.9455397252696072     -1.3284106572214256
Au      5.2136976424457675     -0.1897176882806040     -2.3003542275609128
Au      7.1612580236286956      1.5830644247103836     -3.1982323103238670
Au      6.6763815249230927      3.0748359682700799     -5.5588596093300211
Au      1.4126260352951738     -2.6472298622305042      9.6658507763691404
Au      3.4080985331582423     -0.9336316312876125      8.8910075289523149
Au      5.3693978073076991      0.8385916156144155      7.9202320289920287
Au      7.1876038086354050      2.5628090258834053      6.7962541817251179
Au     -6.2668793583951858      2.2356468949603538      3.1430089113695594
Au     -4.4331153632165243      4.0640183437634239      2.2126601714553935
Au     -2.4514351962023841      5.8512647694631763      1.2283047424800699
Au     -0.4502924847484144      7.4710091587428638      0.2474531295652902
Au     -6.5048387248955475     -3.0359459651392635     -6.8352432487607189
Au     -7.3056626643018987      2.4410882819076081     -6.5754102474804519
Au     -5.0151464757647357      1.4655471915787626     -7.7755794795273374
Au     -0.6327539370246500      2.1780222295805283     -9.6633263024087270
Au     -4.5717152661586393     -8.8900062044928667      2.6253480221432888
Au     -0.2682830492793409     -8.2244599677670251      0.5698684209892413
Au      1.6956804269175154     -6.4608741847873832     -0.4385423802281814
Au      3.6581878101437959     -4.6923006526579423     -1.4322216624914752
Au      5.5988573954134342     -2.9391402339371107     -2.4144718533075391
Au      9.6685278755603843     -1.5802603527421182     -2.1900735643403806
Au      9.0239604582221062      3.1657912277088953     -4.1476997223633383
Au     -2.2707230351360357     -9.8734558567445383      1.5554616125353711
Au     -2.6381900691625724     -8.5302505377082340     -0.8668373278539647
Au     -0.6959699777350279     -6.7854331112017041     -1.8483814964518182
Au      1.2529403377804367     -5.0348039088371808     -2.8411695069710987
Au      3.1960976743982674     -3.2625137540403903     -3.8324491474655176
Au      5.1040625963158206     -1.4762460064372496     -4.8681208665383302
Au      9.4699515259234452      0.4666150401136848     -4.0703786842391700
Au     -5.2065391665390646     -7.4335986842109127      0.3283894563793268
Au     -3.2092288175900521     -5.7756626182427935     -0.7529437047220640
Au     -1.1986861339338581     -4.0187615415478328     -1.7433533753339177
Au      0.7844384631893075     -2.2492432066557102     -2.7277133643370277
Au      2.7547449538786037     -0.4630984833156484     -3.7012542302395879
Au      4.7260508278545075      1.3550089960413718     -4.6500166193811481
Au      7.0859201142096424      0.3792142800233753     -5.7002062965676199
Au     -5.0704536980622255     -6.1669797190919704      2.8096150227316699
Au     -3.1730161998667916     -4.4193854141995184      1.7895339391154401
Au     -1.1560376253284841     -2.6597609021141535      0.7860525073912576
Au      0.8354125433028963     -0.8752486059360640     -0.2024324472113399
Au      2.8274826362152106      0.9165782801131428     -1.1846898996382471
Au      4.7936329572053840      2.7449902496816643     -2.1630101092849188
Au      6.7416755089547635      4.4335724680190634     -3.1768723482904520
Au     -3.1129310643832921     -7.3582338099672500      4.3869858829280837
Au     -1.1808461813777034     -5.6359264763978763      3.4354510464275094
Au      0.8398091510857610     -3.9068417810549887      2.4390661276242938
Au      2.8261687701379317     -2.1389775004304967      1.4523082213988339
Au      4.8138017611854522     -0.3622455891692740      0.4696211461242719
Au      6.7208860592982127      1.5052892099419104     -0.4616166574034786
Au      8.5794679300415435      3.4173662982024267     -1.4651824583315687
Au     -5.6770680949832313     -5.9748524849357549     -2.0578601830868912
Au     -3.6862587167364431     -4.3078555706280701     -3.1209688604640213
Au     -1.6757676994604718     -2.5403002684506371     -4.1208012358022508
Au      0.3037213720401670     -0.7659416800007621     -5.0898020214317334
Au      2.2790424973430237      1.0648430415902972     -6.0419074130207839
Au      4.2304442141947405      2.8011624004213784     -6.9551693750248287
Au     -5.5014824048762243     -3.3735363361930650      2.9183104308595063
Au     -3.5963944581768734     -1.6171982268663383      1.9253991084744442
Au     -1.5794250636993381      0.1655799823482091      0.9229965185513755
Au      0.4126827345057720      1.9558584925117852     -0.0622413418024443
Au      2.3981019053605501      3.7812942287956690     -1.0515537663180687
Au      4.3512612588404505      5.4896537169102286     -2.0341713311414757
Au     -1.5991932940277094     -5.8005754543298016      6.1639639791728271
Au      0.3401367821517911     -4.0709425574188147      5.2257991141423581
Au      2.3683488823646868     -2.3351019720930681      4.2358409052647588
Au      4.3321194219301216     -0.5695668057396306      3.2596738296146128
Au      6.2592791678816955      1.2722230069680398      2.2957465517484437
Au      8.1623479227548152      3.0265244974465255      1.2962969502436898
Au     -6.1530760173051506     -4.4992016353656998     -4.4327875534203329
Au     -4.1450446429718815     -2.8131007852239120     -5.4943928684680596
Au     -2.1655779488617259     -1.0416548600635238     -6.5040419807302037
Au     -0.1823822075363943      0.7568392835964159     -7.4135081033406092
Au      1.7946179286806871      2.4958736932945982     -8.3462485454722657
Au     -5.9164965805386318     -0.5687700671672244      3.0391092182060753
Au     -4.0007073591927602      1.2071175967709111      2.0558959530184246
Au     -2.0142616343487103      3.0086869607550861      1.0699935052572513
Au     -0.0179538276723279      4.7964862417639456      0.0788752580864198
Au      1.9582486196322004      6.5165427381143806     -0.8948953233745591
Au     -0.0832225258753936     -4.2364575534342057      7.9466992673159496
Au      1.8623721227838748     -2.4865407259186254      7.0095833730776285
Au      3.8719914869725325     -0.7498692494171353      6.0850863439195315
Au      5.7769470433843129      1.0482936645163194      5.0713618104463798
Au      7.7034570633361170      2.7934538586925330      4.0726650083029057
Au     -5.9652783120082598     -5.6826596493886461     -6.8140127440647529
Au     -4.1263811053751187     -4.0385206178555402     -7.9310931826528996
Au     -2.1793457754396868     -2.2991629476650539     -8.9118934891165278
Au      2.1886705996035096     -0.2261449393283348     -8.4856118999812598
Au     -6.4611591530474790      0.8820009184070408      0.7016084063558417
Au     -4.4783173440314696      2.6866419381590365     -0.3107722620777764
Au     -2.4702219295956209      4.4970477368895381     -1.3060064957900153
Au     -0.4442401914602989      6.2835680626224359     -2.2916819337287393
Au     -0.5811875119823875     -1.4976829114988925      8.1838787603951886
Au      1.4388777495599876      0.2808778029537340      7.2260724146957109
Au      3.4447477037084311      2.0924191846975555      6.2306400155673103
Au      5.4068990407154871      3.9043604654087192      5.2051119290885239
Au     -6.5218329094170926     -0.4503428652221375     -1.8223058431020540
Au     -4.5491971621088174      1.3265803476538229     -2.8368337846765712
Au     -2.5072959377704911      3.1676766807722432     -3.8462483713555820
Au     -0.4883047489459726      4.9449704995127863     -4.8158353823316684
Au     -2.5312902255089473     -0.2807039151557778      6.5244884493904109
Au     -0.5464330010420810      1.4911337495629589      5.5403883170586639
Au      1.5128127549270363      3.3497110867798541      4.5172627071894098
Au      3.4812696606857618      5.1424365599755291      3.5295684668883105
Au      2.2560256749474052     -5.2282061486719149      6.8478022327103574
Au      4.2953236377562565     -3.5657187117420408      5.8907894168212600
Au      6.2577506670327665     -1.7953997577413316      4.9123453967790311
Au      8.1103975032992395      0.0509167832439594      3.9607967182705366
Au     -6.5732261785485058     -1.7556072234674440     -4.3516674763074938
Au     -4.5804143813746752     -0.0004899432084517     -5.3784977331040285
Au     -2.5803581553620236      1.8055264635425852     -6.3661360592707048
Au     -0.5463363021707286      3.6047338994988540     -7.3255359964914426
Au     -4.4654833858175813      0.9755828401596895      4.8610078589926964
Au     -2.4913769895918860      2.7717898243753245      3.8607829649167194
Au     -0.4741565130067098      4.5914524250152446      2.8582850245025782
Au      1.5243835486865396      6.3759144500087306      1.8761778641312432
Au     -5.5274259453151675     -7.1497265295894197     -4.5038078004265216
Au     -3.5900371569247849     -5.5803325752677724     -5.6173909479959701
Au     -1.6750322157273141     -3.8257196981066288     -6.6270355286045621
Au      0.2773480146163227     -2.0731154578186066     -7.5987567031426106
Au      4.6321465812442817      0.0830981574418672     -7.1052190027422508
Au     -6.0485817775246797     -1.9059719575163117      0.5677459455906551
Au     -4.0868130126561200     -0.1433401742169345     -0.4578952312798990
Au     -2.0597486049776683      1.6541550532656171     -1.4576464524622210
Au     -0.0606643797669979      3.4878480772312530     -2.4489522326091056
Au      1.9389821564490171      5.2522943421386925     -3.4241259030575364
Au     -2.0869103746674300     -3.0706791905306661      6.3901676768386650
Au     -0.1290036783243176     -1.2790348827793174      5.4056250916570754
Au      1.9082694244717655      0.5001802798599631      4.4077349615103465
Au      3.8849645046143135      2.3431538947989976      3.4138811249812377
Au      5.8675942083778683      4.1104400852502962      2.4262011140033408
Au      0.7405799016318815     -6.7921908381560625      5.0687059076352554
Au      2.7697114924568154     -5.1281320362839180      4.1111726036587086
Au      4.7629138543089837     -3.3606563770367623      3.1005987720315744
Au      6.7339913694883347     -1.5613546123119244      2.1191434632720636
Au      8.5924605120052906      0.2754149755796753      1.2340065421527235
Au     -6.1024184251126830     -3.2091262503354185     -1.9385421816720800
Au     -4.1357387051614278     -1.4808327420340932     -2.9751862606122934
Au     -2.1115330870453266      0.3118351991343573     -3.9716095502000428
Au     -0.1170722681217238      2.1485098551338000     -4.9498197075687322
Au      1.8880437350463448      3.9036502801391153     -5.9359988360058544
Au     -4.0455694930046171     -1.8279450800246417      4.7284666510242879
Au     -2.0818003547177728     -0.0480522037098083      3.7435964796052374
Au     -0.0487320334076977      1.7451657543550567      2.7372485088693530
Au      1.9462476731577811      3.5827502799499702      1.7426114526091219
Au      3.9120992186365027      5.3618500958373012      0.7527349804537344
Au     -0.7715491198774207     -8.3544065777609724      3.2953530690152846
Au      1.2546662977085776     -6.6917963880157130      2.3297170585763602
Au      3.2453302324465940     -4.9232248579862672      1.3216221509344805
Au      5.2384102690250156     -3.1284029282777928      0.3229452721470878
Au      7.3092142017741040     -1.2861184076018235     -0.7196011222175258
Au      9.2330343721996240      0.8194053542781452     -1.3797085911424780
Au     -5.0571907083047636     -8.6126716247911794     -2.1335764722196160
Au     -3.1293470989890144     -7.0566636144499659     -3.2396157308225071
Au     -1.1780368200763025     -5.3050929592637752     -4.2302311433149526
Au      0.7619592619528928     -3.5512180198168908     -5.2233034787186394
Au      2.7026846853275477     -1.7602395140449483     -6.2257264966067911
Au      7.4818372747995632     -1.2713505158186038     -3.5434857275485960
Au     -5.6242944185620551     -4.6766036515513596      0.4482665319529531
Au     -3.6583606186264337     -2.9575060296404638     -0.5970819555392524
Au     -1.6433624833939453     -1.1784048134297320     -1.5965229067010540
Au      0.3540606524856096      0.6195148309333414     -2.5805096913228418
Au      2.3372273344013235      2.4510948143021327     -3.5603871113668504
Au      4.3211494151574605      4.2031767355965268     -4.5495303562654996
Au     -3.6027668831690050     -4.6239159298318588      4.6010804754900434
Au     -1.6543749265716350     -2.8443946873632244      3.6040710294745288
Au      0.3760493456431058     -1.0786399565903890      2.5995681063914624
Au      2.3746776359015995      0.7113785416659821      1.6090644759319588
Au      4.3346882906491366      2.5545933049131486      0.6304111713825087
Au      6.2777885633936688      4.3510339990244304     -0.3500192050774622
Au      7.5886628157562868     -0.1633179954792130      6.6704851938970045
Au      5.7244078745963289     -1.9387185581965332      7.6641074039921619
Au      3.7401301486141336     -3.6363074403065392      8.5714440000614154
Au      4.8984005171214342      3.6044611567399509      7.9447259903673206
Au      2.9917319678140459      1.8470417227352254      9.0321452053670512
Au      0.9872623387835495      0.0766038330348753      9.8899261896698576
Au      3.0277869533834880      4.9108573328175806      6.3180443102745727
Au      1.0313501158424310      3.0569346402886057      7.2852562263056626
Au     -0.9967800867457299      1.2817072338733153      8.3214059281540464
Au      1.0965021060825122      6.1406541137244322      4.6599380429126498
Au     -0.9095738050963282      4.2922876357371340      5.6196595095677750
Au     -2.9295975554041176      2.5113510600310436      6.6647823878063726
Au     -0.8522999367458666      7.2773523035712824      3.0193571856095360
Au     -2.8899431475789110      5.5987256701214099      3.9993377128157164
Au     -4.7716031470408540      3.7453806167331827      4.9705149652843517
Au      2.5141468338599364      4.5444062648939259      8.9818627018132666
Au      0.5939978444940390      2.8135860350011890      9.9385063007081413
Au      0.6064992812815659      5.7951779774789518      7.3945785381158764
Au     -1.3222889796711259      4.0571168560725477      8.3556932767348293
Au     -1.2807286746512512      6.9676091854038624      5.7353527464747778
Au     -3.2029663034495370      5.2359000323899103      6.6930130845500990
Au     -2.8315235797934371      7.1886721830119997     -1.1781243541853890
Au     -4.8690592048098402      5.5011614955683052     -0.1675962715849693
Au     -6.7774174389858750      3.6458659191133114      0.7809915222051629
Au     -2.8503360060150444      5.9598197057349864     -3.6837332741430089
Au     -4.9162689003829634      4.1494688667689514     -2.7044639276075486
Au     -6.9196293960187436      2.3194155297382535     -1.6671227925307655
Au     -2.9053321957335587      4.6083231143013279     -6.2293051788869160
Au     -4.9689468305952662      2.8145334083421583     -5.2253733423056428
Au     -6.9749839848633925      0.9818868105292884     -4.2198562433434255
Au     -2.9796896029803142      3.2115362450910676     -8.6527343997606359
Au     -5.3265941492514939      4.1983926551457307     -7.5463390801079502
Au     -6.9242470356457702     -0.2974996650470452     -6.7113340509869968
Au     -5.2275763250070906      6.8555316639217292     -2.5365572503919616
Au     -7.3647370970718384      3.7155810071804400     -4.0335157159423076
Au     -7.5011445384446152      6.3854610424747582     -3.9070898131224752
Au     -7.2069947116306956      5.0880887036022955     -1.5578658909061325
Au     -5.2209590825895926      5.6223248774579728     -5.0901664870026408
Au     -7.5470838448396034      5.1129687315467045     -6.3125642811478357
Au     -0.2424316801139992     -0.5318643825563241     -9.7933785120027608
Au     -2.6371561120886051      0.4538233948767401     -8.8845292430967060
Au     -4.6106670180806777     -1.3172871656662517     -7.9074059474877707
