         216
Au Au   -791.86711185   nogrup     0
Au     -8.9246735196868467      2.5186785372566924      4.8254101421172795
Au     -7.0853848216812469      1.0991886384858907      3.3784331835619508
Au     -5.2767880497440647     -0.4665611117163815      1.8690111516912236
Au     -3.4187980453582818     -1.9807229625194225      0.3686267024241037
Au     -1.5370355478952420     -3.4779394707261941     -1.1352511662310096
Au      0.3569823065618838     -4.9490464952301982     -2.6334177719838010
Au      2.2994037461000918     -6.3677773968724845     -4.1217555039975089
Au      4.0917678501750485     -7.8377950201842497     -5.5771437774748680
Au     -0.0191661144383248     -1.9903312311324139      9.8614848296567192
Au      1.8983985557036436     -3.4713232109565668      8.5011310449567841
Au      3.7768079953338414     -4.9658699212701825      6.9999350983736850
Au      5.5419442486155575     -6.4150005145375433      5.4171304196198538
Au      1.2992861537100902      6.7195443281437104      2.8121378450469319
Au      3.2091510293169208      5.3718441181257415      1.3533750566295470
Au      5.0989129317746036      3.8682625212676811     -0.1568957455494377
Au      6.8408397215381047      2.3104293395282651     -1.6165930567201041
Au     -6.2317500014487166      5.6504344279275438     -5.5045399324456952
Au     -1.2337586834010827      7.7492571652453393     -6.5952363080584018
Au     -1.9152742104403697      5.2956518665806129     -7.6687255173359485
Au     -0.6604178902500539      1.2176220924601999     -9.9570731053929133
Au     -8.7326161907634745     -0.1716243165038831      5.0824597974149999
Au     -6.9951771165214112     -1.7205747975813903      3.6456552061433154
Au     -5.1466876248097115     -3.2389335636333270      2.1395104733961094
Au     -3.2715213987761538     -4.7468650204186309      0.6322664794231283
Au     -1.3790949025414867     -6.2366018699105323     -0.8714928545282774
Au      0.5230521038560836     -7.7024201634408866     -2.3628019209466125
Au      2.4111243141203778     -9.0380914399238392     -3.8234569620120542
Au     -9.6854920871229382      1.0066051844666513      2.7056186951102053
Au     -7.9667521994765362     -0.5130902776600523      1.2129757004169459
Au     -6.1151674860891028     -2.0273585096669944     -0.2936867665008283
Au     -4.2449812650920702     -3.5313671121100141     -1.7959088595405568
Au     -2.3582411163499661     -5.0165423192134364     -3.2961679842079956
Au     -0.4589641611243946     -6.4866300547980300     -4.7871402295004017
Au      1.4501413157806018     -7.8534119395501554     -6.1938201927664025
Au     -8.3136615246814891      3.3736686655094026      2.2863652275318689
Au     -6.4629356336619921      1.8862891043956846      0.7704219168876900
Au     -4.6182949257280885      0.3321035705085755     -0.7528355725637805
Au     -2.7421655672878997     -1.1789278409623627     -2.2574938321374880
Au     -0.8495037665032785     -2.6665202289264078     -3.7648006943186676
Au      1.0902401805603201     -4.1233635347855921     -5.2659689746922087
Au      2.9773147967012688     -5.6099472011471869     -6.7372224437509960
Au     -6.4409987052704825      3.6369954795973123      4.3844750705677011
Au     -4.5610567903496460      2.1938138964581335      2.9072285736401344
Au     -2.7010755935260504      0.6333479343467960      1.3796816227638562
Au     -0.8135376681312687     -0.8856126633645207     -0.1362700172114319
Au      1.0912597862897877     -2.3840078289781426     -1.6510989141629118
Au      3.0365857846414928     -3.8512176430074119     -3.1646987061275489
Au      4.8619790110274872     -5.3561692025563721     -4.6487035457424053
Au     -6.7591259779125181      1.4546718663238156      6.1449197383787837
Au     -4.8947616971019379     -0.0551538240671325      4.6716065252406107
Au     -3.0481043564405996     -1.6136158823096487      3.1552247593805571
Au     -1.1706071968067868     -3.1264368512862033      1.6478359434522343
Au      0.7250666015728204     -4.6157229194580927      0.1397614936417195
Au      2.6627263397292311     -6.0682362754110306     -1.3682288794332873
Au      4.5338977637218196     -7.5305729117388500     -2.8803030651505228
Au     -7.6416914586696194      4.1542399679254753     -0.3180156681940574
Au     -5.7963633190392123      2.6709025459688984     -1.8378884534571718
Au     -3.9387268903510670      1.1185874098463264     -3.3758919394591960
Au     -2.0628516559372758     -0.3739454234719748     -4.8750649168240230
Au     -0.1155979730188466     -1.8489756829853219     -6.3778760194639972
Au      1.7720549060711051     -3.3357680495906221     -7.8413492769763105
Au     -3.8727962224687125      4.6926514254355016      3.8764188836736704
Au     -2.0042986853915781      3.2441225365445421      2.3952103212661822
Au     -0.1162793898022834      1.6978099704916430      0.8606812952251506
Au      1.7809184116101655      0.1883123569257554     -0.6555324184609788
Au      3.7178884195798645     -1.3087116573959010     -2.1778802590676101
Au      5.5511840233484850     -2.8054984579907254     -3.6550922012341438
Au     -4.5258445638969231      0.3103305422932978      7.4024345215287735
Au     -2.6662433987252157     -1.2038832921013851      5.9355410722480624
Au     -0.8047655547281352     -2.7655034580603788      4.4245604905537004
Au      1.0796422284552762     -4.2648244785133977      2.9185700379550372
Au      3.0139420626972604     -5.7232976503634001      1.3960206856226005
Au      4.8842397309243992     -7.1767613994129809     -0.1179681214436652
Au     -6.9692205819372912      4.9515790112125950     -2.9236017116499102
Au     -5.0924096670713315      3.4454601490527108     -4.4503011021564358
Au     -3.2753446932553287      1.9470343637310168     -6.0367588311275409
Au     -1.3268949425923107      0.4494415265153293     -7.4596480808588330
Au      0.5777521521589586     -1.0531410477359167     -8.9550378128961228
Au     -1.2906083254816472      5.7346346769847250      3.3606268209278465
Au      0.5851674268683178      4.2860736144396601      1.8647534592571393
Au      2.4891922815005803      2.7827770797086990      0.3442084223032165
Au      4.3842771756912766      1.2633273701891916     -1.1714411849410755
Au      6.2270424239077062     -0.2467529984716563     -2.6473730642975486
Au     -2.2789543797318186     -0.8354434053851483      8.6587072753738656
Au     -0.4123437025855550     -2.3759632591413338      7.1982137332605145
Au      1.4575913700686085     -3.9184364179678974      5.7249268898015995
Au      3.3509485199633713     -5.3702084798917591      4.1906477704299387
Au      5.2343327396114816     -6.8133539594372534      2.6542002145133008
Au     -7.7295974598589048      3.3840093625262084     -5.0083294011510624
Au     -5.9931833259889604      1.8584837680213107     -6.5832668535454602
Au     -4.0469994163997356      0.3100102080734635     -8.1386295899227363
Au     -2.0780256009434050     -1.1126448495528685     -9.5249866260936358
Au     -0.6386397187318638      6.5967926802245547      0.7841499439483162
Au      1.2727189215967540      5.0976553227914119     -0.7625632901669963
Au      3.1864679893432895      3.5749886548429286     -2.2920043561918320
Au      5.0961740131368956      2.0339112909006545     -3.7990321991747411
Au      0.2807421463110207      0.2299592341645340      8.2248280810738823
Au      2.1699793539963261     -1.2958583855699750      6.7284792347738698
Au      4.0859298116251566     -2.8202752937772493      5.1972802894771615
Au      5.9815368163873188     -4.3058510794205178      3.6688378408557210
Au     -2.5567843868126725      6.3342967914233572     -1.3356432336725383
Au     -0.6605121998640628      4.8443689472560845     -2.8797569625919444
Au      1.2881643584033124      3.2939124202650181     -4.4371115740390366
Au      3.1913943399650426      1.7607811830541626     -5.9295074301283037
Au      0.5851949457881989      2.4461822204667847      6.4555922316935455
Au      2.4616079482482807      0.9367283769151378      4.9457860141257886
Au      4.4303964442575108     -0.6297299008930040      3.3723586906583680
Au      6.3255426438482001     -2.1211008173053596      1.8679895673271805
Au     -2.1597627086808511     -3.5669062942812788      8.9063074389558228
Au     -0.3854061815885199     -5.1960007683109302      7.3920902021540247
Au      1.5152289814489401     -6.7082311752216706      5.8731324764001354
Au      3.5094939807832120     -8.0776211306803418      4.3755257986457909
Au     -4.4533506689655429      6.0598109253186321     -3.4541225948976582
Au     -2.5580068566493916      4.5500859161208353     -5.0198853930577236
Au     -0.6507185050192361      3.0325589338863983     -6.5441634743109560
Au      1.2817204233310773      1.4967225906691395     -8.0375133318058971
Au      0.9330615481487214      4.6518618026611556      4.6653521420957969
Au      2.8299428452276882      3.1552398165932258      3.1375864032583092
Au      4.7562340309139781      1.6225946128812279      1.5981223190500469
Au      6.6525778858263473      0.1011513543185885      0.0943960534013062
Au     -8.4359521867689367      2.6034732429885881     -2.4641892624685671
Au     -6.6765207583046529      1.0491303608564113     -4.0062453713398938
Au     -4.7912146146820138     -0.4530603713792853     -5.5440650579115935
Au     -2.8825113980215753     -1.9695593262912618     -7.0383632222683037
Au     -0.9192384423039144     -3.3771704882365077     -8.4714403827798410
Au     -3.2138465397817453      5.5438270771771903      1.2879610111019790
Au     -1.3270001529767863      4.0602445409438559     -0.2419991849359899
Au      0.5718614809723590      2.5105964409883477     -1.7839208266553719
Au      2.5150722956908185      1.0033154738826120     -3.3125293497549837
Au      4.4050272629518084     -0.5180986607130666     -4.8009356544901802
Au     -1.9732048382404135      1.3856103645255162      6.9607749146876134
Au     -0.0906743370615408     -0.1227111364683644      5.4683862044551983
Au      1.8082420827507966     -1.6764565253358734      3.9316359486748969
Au      3.7506788637340471     -3.1790671301794289      2.3984332479184705
Au      5.6320450605517740     -4.6654729249266635      0.8827694933347097
Au     -4.3665865069079182     -2.4292413299821876      7.6547407224328605
Au     -2.5941395358934662     -4.0227393490587451      6.1845636917100872
Au     -0.7115978194345485     -5.5559334569666889      4.6409191639672027
Au      1.2232549980229206     -7.0600312923375546      3.1337617891759155
Au      3.1618262278918312     -8.4191872068054074      1.6381478707140698
Au     -5.1143274359229594      5.2667132783842234     -0.8277872903206926
Au     -3.2222396133245046      3.7852118652953282     -2.3509333245623036
Au     -1.3395325574019128      2.2338013622508144     -3.9000282252097236
Au      0.6118918252753103      0.7346005334443078     -5.4151175024556419
Au      2.4949674386314329     -0.7875909051342820     -6.9090297769042586
Au     -1.6462964212239011      3.6021530331145875      5.1828706265258635
Au      0.2402553611272737      2.1009272451265462      3.6833100917963169
Au      2.1489313640139991      0.5516409798261117      2.1397024596420824
Au      4.0919008211540477     -0.9636187479402523      0.6051303569991848
Au      5.9728608577433313     -2.4599981822423542     -0.9062516430522276
Au     -6.5830519534509406     -1.3049008185770576      6.3846879249764381
Au     -4.8119980563676688     -2.8882547355368642      4.9250356408393703
Au     -2.9487193439899904     -4.4155776366690747      3.4003361003045338
Au     -1.0532752545725494     -5.9236789155654437      1.8855266404637963
Au      0.8664380890703636     -7.4062763963218243      0.3869164342088958
Au      2.7906634206792802     -8.7630546995893681     -1.1066474428416075
Au     -9.0963225057667341      1.8029309271412748      0.1313233585420814
Au     -7.3454725048258904      0.2590110989343559     -1.3982576703052061
Au     -5.4744631001597046     -1.2651251817544917     -2.9167848987831562
Au     -3.5932540893853404     -2.7619023735476782     -4.4202200051010987
Au     -1.6810415807907497     -4.2478714385821936     -5.9251898628670823
Au      0.2671802303239486     -5.6471004817799608     -7.3518547290988128
Au     -5.7816003683615218      4.4787653199408890      1.7917704433174340
Au     -3.8991503922079169      2.9920004103551587      0.2745095903330501
Au     -2.0206221982754182      1.4405593199017694     -1.2596075396035502
Au     -0.1188837656895023     -0.0725510400856093     -2.7794501735658077
Au      1.8225239493706413     -1.5604260774555696     -4.2981718207616915
Au      3.7062991459367804     -3.0702415849906854     -5.7908251450106043
Au     -4.2121899814989820      2.5387816342259750      5.6881929159192293
Au     -2.3263854317765627      1.0395284451623841      4.1950584967854727
Au     -0.4444487132992561     -0.5149431741243964      2.6632918331378210
Au      1.4599882376479496     -2.0302004443320980      1.1412935853488211
Au      3.4014573466430003     -3.5178056639832134     -0.3825510605496447
Au      5.2766045505697985     -5.0109374245314919     -1.8951155210939277
Au      3.7324716318170674     -7.6328864819338564      7.0256000916368588
Au      1.8712912304661649     -6.2093795598091406      8.5233768637032892
Au      0.0429873549053439     -4.6973680482558917      9.9741783322723752
Au      6.2812621162798958     -3.8725318444192061      6.4041860492791844
Au      4.4689736013966197     -2.4242814190105060      8.0054567091861397
Au      2.5446738371151736     -0.8995336823111684      9.3904110518011574
Au      6.6784064437093118     -1.7515354356791626      4.6463951739938469
Au      4.7188935529562386     -0.2509640967024023      6.1544816208662159
Au      2.8411193589596979      1.3015845198261404      7.7130985975042474
Au      7.0009946319155372      0.4313799643525353      2.8724693168565683
Au      5.0391289431498274      1.9414263503311422      4.3725014970297185
Au      3.1606672082185234      3.4869206998900646      5.9416038125611887
Au      7.2379884788429578      2.6162828324594583      1.1398966129199746
Au      5.4329521202478244      4.1970157696474590      2.6196822833443907
Au      3.5004623006540623      5.5900302005481475      4.1268745479049880
Au      6.8867851650754304     -1.3421195874933547      7.3466587191205885
Au      5.0526955751479345      0.1171650708455578      8.8124359943564929
Au      7.2329050794166001      0.8067637009456847      5.6347042562248060
Au      5.3948214508606611      2.2692264128059740      7.1036740161197418
Au      7.5058544414840966      2.9295119597136625      3.8731015998054357
Au      5.6749567746719176      4.3862581616653751      5.3363298140180238
Au      5.6645333567798133      4.5618772735366910     -2.7899665807463343
Au      3.8594716152272870      6.1368253198316101     -1.2803890471582822
Au      1.9100756439814097      7.5490966896959257      0.2105424730058356
Au      3.8762741547687574      4.2882945889211941     -4.9255516500134373
Au      1.9355746395463707      5.8628562614566260     -3.4149538716117540
Au      0.0019569895324034      7.3708797633446119     -1.8292527424532530
Au      1.9433502428228353      4.0179777342907457     -7.0706089794005784
Au      0.0295437140637369      5.5915324316661827     -5.5297978678399335
Au     -1.9278428937138119      7.0980783169177890     -3.9768055638783544
Au     -0.0037397413320619      3.7500891605664566     -9.0758359284565273
Au      0.6402184478569835      6.2582341084773265     -8.0928922180953045
Au     -3.7592549440842498      6.7381515011285416     -6.0744796945012549
Au      4.4464083584270133      6.8057925345576313     -3.8852137803756808
Au      2.5655548595562814      8.3022864156097391     -2.3820627081193635
Au      3.1096048888548213      8.8883141279469839     -4.9579797057235666
Au      0.5988592348651944      8.1252029764450082     -4.4333238668203947
Au      2.6438693025223463      6.4980981327684919     -6.0676663752160849
Au      1.2901923702363394      8.6228219542935438     -6.9702467081462061
Au     -2.5584802167931087      2.7283226070737872     -8.6524995900058492
Au     -5.1893190234578022      2.5291986752217883     -9.0112485442633670
Au     -4.4827223763100150      4.2593387490099799     -7.1146722688646067
