         216
Au Au   -791.88310512   nogrup     0
Au     -4.6130081053430994     -7.3697916178537959      6.8080870250229246
Au     -2.7833069568694797     -4.2780802470443611      6.0085692157518835
Au     -0.7344398796904690     -3.6356312354549134      4.1724908473688949
Au      1.2837277004540988     -2.9577621005876189      2.3096634635390210
Au      3.2991866904506870     -2.2677194860667313      0.4371286877932441
Au      5.3033692206611649     -1.5678225320371668     -1.4337682323726071
Au      7.2816691605830011     -0.8238246972926069     -3.3199712269898853
Au      6.8288082195275877     -1.3537666032492615     -6.0260875507251725
Au      1.0510076389713812      4.6114588135357275      8.9622352355651671
Au      3.0812792720086515      5.3903367699993634      7.2888904629674371
Au      5.0853548184654436      6.0748265913193285      5.4283212684094551
Au      6.9453024008887878      6.6244967738234983      3.4871783041890616
Au     -6.3716504996591583      3.6237592404284120      0.6403727831264092
Au     -4.5015678428171944      4.3826294842908027     -1.2299163014580294
Au     -2.4807850676114840      5.0778569770105815     -3.1077175275744153
Au     -0.4400115696486818      5.6530736132016681     -4.8676003629245006
Au     -6.2636274180183360     -7.0119801688967396     -3.1423501832467515
Au     -7.0676973186266077     -2.8191726997831417     -6.6773968112463162
Au     -4.7388220402777046     -4.2984265835071334     -6.8383627516426646
Au     -0.2943209801233988     -4.9531526600851468     -8.5887545875975206
Au     -4.6891939650535699     -4.8870761680816983      7.8302897907914364
Au     -0.3134903320621862     -5.6891226218285418      5.9899048985432586
Au      1.6905357527564135     -5.0295120102864335      4.1077416791645618
Au      3.6952170868246697     -4.3555036988750295      2.2259837593140794
Au      5.6951001495740119     -3.6695179152510073      0.3462276886014806
Au      9.1098031238460031     -0.5815074175795818     -1.2024348732196195
Au      9.1593471988706678     -0.1906576727354512     -5.1672565629956377
Au     -2.3543335742172826     -6.2839096510555716      7.7733153252438818
Au     -2.6293240034622509     -6.9378832301169453      5.0712058268678355
Au     -0.6467955171483419     -6.2721959997839463      3.2228443380372269
Au      1.3448527346187749     -5.6103500050433794      1.3608150821006717
Au      3.3379068989242651     -4.9283657912275096     -0.5147333548235942
Au      5.3263074052382304     -4.2330463506256208     -2.3996962006079379
Au     10.8232487196337157      0.0113647448506029     -3.1449065667279186
Au     -5.2347068510595687     -5.3810234596124911      5.1365047887799982
Au     -3.1940165268209548     -4.8435221130501933      3.2764425400758519
Au     -1.1423663599337923     -4.1736395658066208      1.4157458504833329
Au      0.8832803587295492     -3.4914506307801556     -0.4502239791726126
Au      2.8933132260873959     -2.7907316642757030     -2.3209610490328672
Au      4.8730934124909142     -2.0421184610054626     -4.2092473797914458
Au      7.2369570849201850     -3.4571190747508904     -4.2580610575794591
Au     -5.1869264456754323     -2.7671349771410290      6.1101819789310312
Au     -3.2482552697342366     -2.1254237582981492      4.2322870055083293
Au     -1.1909121243443692     -1.4628623337216382      2.3604129993623992
Au      0.8396843805902108     -0.7735212682466477      0.4805386219730146
Au      2.8626812194769848     -0.0718083133455938     -1.4041403819598557
Au      4.8678276726241902      0.6615522470415915     -3.3075656243902252
Au      9.5650839450414225     -2.2781082714706358     -3.4138787887042703
Au     -3.2950022828543863     -2.5332029890752574      8.1344633485125684
Au     -1.3254721677409891     -1.8642806602755577      6.3262474361776633
Au      0.7317695718464843     -1.2196419883769618      4.4819524258466856
Au      2.7491462287927440     -0.5405289355281635      2.6174213029884399
Au      4.7551808172636632      0.1561498995745456      0.7452821680252306
Au      6.7391315897063686      0.8906098247726519     -1.1532146055476566
Au      6.8477088324216560      1.3019228602707464     -5.1344240996489141
Au     -5.6131815157561391     -5.9298761867801684      2.3815257864863248
Au     -3.5805666856492739     -5.3736074990467522      0.5282194971740424
Au     -1.5302183392759152     -4.7021061305407894     -1.3457215077947602
Au      0.4855616183178650     -4.0066966962618782     -3.2029074723150082
Au      2.4802902031641234     -3.2557776510009608     -5.0904889964684532
Au      4.4586027912461290     -2.5585383559277117     -6.8940168439566740
Au     -5.6136210780221720     -0.6444230646692723      4.2893670216719038
Au     -3.6689895791970097      0.0212755433058858      2.4250841393329452
Au     -1.6133912770769552      0.7010926845243159      0.5377455218006624
Au      0.4137103447835814      1.3983270295296273     -1.3442442105561057
Au      2.4391373662146241      2.1209017840907576     -3.2503545265262659
Au      4.4361998804858480      2.7694750519932976     -5.0674991984101325
Au     -1.8463813955024446     -0.1475931342184964      8.4333087243966816
Au      0.1303781174233050      0.5349403405440269      6.6309510894173833
Au      2.1944864922641689      1.1893154087027122      4.7865677087379730
Au      4.1945624354058229      1.8725114522370974      2.9296685866114771
Au      6.1710833189238237      2.5991798857838759      1.0199951000675007
Au      8.1111333292171732      3.2613044639472664     -0.8234082219339172
Au     -5.9999807513893595     -6.4586845891119147     -0.3759912857359708
Au     -3.9520571012176311     -5.8872833694734670     -2.2408444723764340
Au     -1.9361257994780392     -5.2202318445510070     -4.1255854062482591
Au      0.0737761007654913     -4.4666269387669182     -5.9582981722773347
Au      2.0824049692742514     -3.7761077674505241     -7.7689548518637199
Au     -6.0250249898308761      1.4949298629007273      2.4702620343636497
Au     -4.0710022855896968      2.1811133989945928      0.5993189138178110
Au     -2.0474811912149455      2.8859760479693444     -1.2898239525581552
Au     -0.0117474308448801      3.5778609675544808     -3.1720081274460377
Au      2.0057827240132609      4.2338149054515961     -4.9932201067143716
Au     -0.3912457915149187      2.2461645177825753      8.7306024322864033
Au      1.5940390210417172      2.9423813423046337      6.9141417125622695
Au      3.6428478433152520      3.6380575115758713      5.1150613209230436
Au      5.5929224701383387      4.3086880350968011      3.2009448039513480
Au      7.5570224653906877      4.9613757233578992      1.3453794046548389
Au     -5.7300701369994345     -8.9361870002046686     -1.3231704162213553
Au     -3.8480843546148478     -8.4365759906211046     -3.2046000207587646
Au     -1.8632436127605276     -7.7735875850283964     -5.0459531722661932
Au      2.4821708642990363     -5.8622286968140074     -6.0085711144886318
Au     -6.4820526146862409      0.9705693045618062     -0.2453714060873864
Au     -4.4610306355196325      1.6599621443237642     -2.1561439236781546
Au     -2.4154693315855815      2.3667872537468257     -4.0573252226995820
Au     -0.3503624251616341      3.0641004403561238     -5.9339850260759981
Au     -0.8851708503086033      4.4112917973987331      7.0366620708263028
Au      1.1756176868153569      5.1150258491713165      5.1855325140579041
Au      3.2254069571370128      5.8152201630263747      3.2823766172305966
Au      5.2273812468057717      6.4979871684176622      1.3580219129015134
Au     -6.4554284679682290     -1.7189763385107115     -1.2031736518505127
Au     -4.4456857011873749     -1.0512984026070731     -3.0971979944586430
Au     -2.3680153736518896     -0.3304631085910481     -5.0289454132498612
Au     -0.3111058864834800      0.3704361345728278     -6.8885869647571631
Au     -2.7698291436282103      4.1415046021103468      4.9358735688635491
Au     -0.7446354704065882      4.8232998427611538      3.0691832048387191
Au      1.3601452736163222      5.5424405738569202      1.1152917295033618
Au      3.3699904529652080      6.2366506811855498     -0.7679891775586007
Au      1.9819074386773543      0.8240527504563304      8.6627419574409572
Au      4.0603270811882517      1.4449724563558082      6.8927314804221140
Au      6.0649219693964449      2.1284430170627475      5.0302610221886610
Au      7.9599238480962820      2.8637146451689732      3.1088686431712738
Au     -6.4189544008500929     -4.3915858169922455     -2.1826323130593863
Au     -4.3895060455927224     -3.7477042315725368     -4.0704581918477007
Au     -2.3559750792125689     -3.0399717268996360     -5.9640275636731381
Au     -0.2859916800714390     -2.3176709617507978     -7.8315242000821659
Au     -4.6375291904683991      3.8984307647350249      2.8066721545549278
Au     -2.6238822202943592      4.5884120783573303      0.9110172462651249
Au     -0.5637232837359516      5.2935229547242164     -1.0009695604516615
Au      1.4783846868398212      5.9856372827174500     -2.8725290773070462
Au     -5.3797229056517351     -8.4464525350928206      1.3808927369790638
Au     -3.3990970352883703     -7.9968816661286031     -0.4451701278864419
Au     -1.4430838415302485     -7.3422737447446629     -2.3196412584525703
Au      0.5487371245550146     -6.6607684038891790     -4.1619902592903912
Au      4.8630719327270890     -4.6528965631353323     -5.1311253750682884
Au     -6.0709323422040287     -1.1648211593974072      1.5524777401147389
Au     -4.0696882078314491     -0.5155466694100559     -0.3394879449502781
Au     -2.0058086227969287      0.1771640365771936     -2.2349341519690213
Au      0.0288531637958049      0.9051637248294466     -4.1495760870893204
Au      2.0672576478198810      1.5961268896437275     -6.0041450573297954
Au     -2.3318276982364927      2.0056881709473680      6.7381629551376179
Au     -0.3339941440362342      2.7023109628478563      4.8583884955630090
Au      1.7429528537826908      3.3825137000848589      2.9763954493066578
Au      3.7665401260424805      4.1040270693478744      1.0509986959723534
Au      5.7900751083662829      4.7789781517793344     -0.8134960315082580
Au      0.5269053325414335     -1.5677255548059668      8.3681126303566273
Au      2.5919077372004606     -0.9445139638504312      6.5985357879070357
Au      4.6179669913586423     -0.2816535712315673      4.7210744175508097
Au      6.6267442583856111      0.4272489310932159      2.8464982485575838
Au      8.5163664400643242      1.1590670266772327      0.9450425693346709
Au     -6.0365886254475152     -3.8206485020179057      0.5880809292768596
Au     -4.0305273075450829     -3.2032037435729732     -1.2886382592395833
Au     -1.9704436687032185     -2.5116946129469779     -3.1780986922431431
Au      0.0546019079207224     -1.7732656739276242     -5.0864426204449007
Au      2.0962496471775456     -1.1002872578286649     -6.9450162544264842
Au     -4.2218984740921215      1.7523758631606388      4.6177429228324094
Au     -2.2194489591036586      2.4412697370471950      2.7448729240046141
Au     -0.1480242522008869      3.1273361010326934      0.8467799444632504
Au      1.8939444572875914      3.8487286732019808     -1.0729585681620897
Au      3.9110670639028946      4.5261284733592166     -2.9430414262151423
Au     -0.9196944089340215     -3.9542152473340320      8.0733723860556630
Au      1.1427749568123675     -3.3374971639766509      6.2985273942250082
Au      3.1659762305113328     -2.6775621364123641      4.4213548033204830
Au      5.1783431318986919     -1.9957223431743456      2.5454414073998350
Au      7.1750896054502524     -1.2915420877758805      0.6737958309591185
Au      8.6880801139972483      1.5882089461125681     -3.0270827070792343
Au     -5.0002537887770435     -7.9114930764560061      4.1266906917746731
Au     -3.0289002936132885     -7.4670027508178727      2.3150541923612948
Au     -1.0366038904535013     -6.8020704855657570      0.4562237666075468
Au      0.9466930584200992     -6.1364025208247757     -1.4051821488639042
Au      2.9368754474651420     -5.4403893006867730     -3.2870257320902532
Au      7.6830724136849247     -2.9806862219256463     -1.5341989041529764
Au     -5.6491108331332676     -3.2775530205189156      3.3493666934443915
Au     -3.6415948421913349     -2.6725582979651810      1.4731913125375300
Au     -1.5872482461145228     -1.9934062915315263     -0.4091669403552167
Au      0.4456574769570606     -1.2915232546272986     -2.2950670748448943
Au      2.4582094364786791     -0.5541024330077304     -4.2031266160878200
Au      4.4785771250266322      0.1219597242413686     -6.0636357953738678
Au     -3.7839275203020626     -0.3844006336085899      6.4280223633846134
Au     -1.7957106071372571      0.2963372476501931      4.5472174351755505
Au      0.2718598679150331      0.9635544955697664      2.6700173739061626
Au      2.3047295157699641      1.6592974427284979      0.7830892214540555
Au      4.3213910968638638      2.3868030341543740     -1.1300115645179254
Au      6.3283110605124913      3.0670730924891521     -2.9913940244895123
Au      7.3458195959400454      4.5368223146448532      5.2411929791736611
Au      5.4374338765652448      3.8718080189513135      7.1315619239313541
Au      3.4132022763852716      3.1944083121128166      8.8935592836210056
Au      4.6216373238275770      8.1196273381339346      3.5625862577358838
Au      2.6721743262133870      7.5201464180426756      5.4966104462830820
Au      0.6300686500684631      6.7571243051132139      7.2699751830891799
Au      2.8152451298028587      7.9418836854951076      1.4282529648592792
Au      0.7793027296703827      7.1879520001720154      3.3368996728313540
Au     -1.2929842764008772      6.5402530435629922      5.2436208688992281
Au      0.9487081223870351      7.6854303100702124     -0.6784168934019625
Au     -1.0976305730547344      6.9300687246975148      1.2209907124688186
Au     -3.1618590493203378      6.2832420908662705      3.1379217742382579
Au     -0.9370025511334492      7.3720495518745164     -2.7092058772910370
Au     -3.0159042511699417      6.7544955369133000     -0.9106750442397242
Au     -4.9384751554845412      6.0059943076627649      1.0044809898394327
Au      2.2061362050102078      9.4627622355787064      3.6214176498970048
Au      0.2472135723177940      8.7945526511741701      5.4408829023287169
Au      0.3603856201076259      9.2695698898410033      1.5532836681670297
Au     -1.6077342159010484      8.5985184008217939      3.3808582326354255
Au     -1.4631749547142741      8.9705318454316973     -0.5137635159765317
Au     -3.4249413931432398      8.3017179329143964      1.3072523969149543
Au     -2.7731537189219795      4.4286932351422834     -5.7929835320043335
Au     -4.8497021765829462      3.8224310122582414     -3.9648483957772243
Au     -6.7948663143053798      3.0537073435693820     -2.0646223268146180
Au     -2.7078480036767263      1.8295295935778011     -6.8067473630784061
Au     -4.8121093992104376      1.1104720699723361     -4.9189812117725786
Au     -6.8538750225006098      0.4179534890966803     -2.9727015953144047
Au     -2.6774539271347138     -0.8893940225982711     -7.7677749074665083
Au     -4.7798995362501833     -1.5786540617681952     -5.8726564606423608
Au     -6.8221397854643335     -2.2947910364587774     -3.9481471313670795
Au     -2.6709836274777552     -3.5596833081945176     -8.6087425687415635
Au     -5.0516262020571876     -2.1364857305660667     -8.5263849979302950
Au     -6.6851437266451059     -4.9205429585038178     -4.9147011566822094
Au     -5.1215347343537614      3.2109080192996018     -6.6337408996685721
Au     -7.2135404147137043     -0.1626998225685021     -5.6699319077856867
Au     -7.3466148073804529      1.8868349300052274     -7.3864004855703946
Au     -7.1388859608360127      2.5261375912023589     -4.7723114913290932
Au     -5.0282366337499136      0.5759982354107409     -7.6790223724251678
Au     -7.3112593536041608     -0.6778380442370349     -8.2971838692775233
Au      0.1017706866017004     -7.0253974335709728     -6.8361573156279380
Au     -2.3247988304791374     -5.7406584835231680     -6.9031723445085689
Au     -4.3306786485693696     -6.4275651243385443     -5.0407741859037518
