         216
Au Au   -791.70678378   nogrup     0
Au      4.9591318865173095     -2.3921699035182042      8.8004033129245798
Au      3.9116337625423911     -2.7821937146318385      6.2880428782760101
Au      2.9149050134731387     -3.2287814672383925      3.6983299270928960
Au      1.9146244594727408     -3.5346850236393923      1.0986564336440079
Au      0.9006936546472446     -3.7774440910622236     -1.5121290279267099
Au     -0.1198294432639632     -3.9553687787226668     -4.1158400678749629
Au     -1.1450729269074180     -3.9928843609911393     -6.7325122672461148
Au     -2.0774177378500229     -4.0768688807926345     -9.3180448408748617
Au      9.2182726529302279      3.8236097626075143      0.5608604349369815
Au      8.3086436376809942      3.6489423139959412     -2.0502844279458841
Au      7.2932277971966917      3.4058346535508535     -4.6648860144314135
Au      6.2061248216203362      3.1024502679255272     -7.1951390726127240
Au     -1.0844776671229144      5.9272506239870495      4.3553113831261827
Au     -2.1298095242841040      5.8192227788025956      1.8157472186855248
Au     -3.1545399006510206      5.5738827630322669     -0.8228418630425876
Au     -4.0891395687116203      5.2078787968154758     -3.3814230379073336
Au     -6.2427794608462435     -3.4588652804895110      7.2539273879244659
Au     -7.4512944001771011     -3.7638627618888343      4.7748999203119142
Au     -8.4769907676594993     -4.0094311842975934      2.1338303645302616
Au     -9.2625808567422308     -4.1818481382003716     -0.5217698802585238
Au      6.4940039685702535     -3.5291536835470723      6.7832004651955513
Au      5.6485129425626583     -3.8965173929543777      4.1990313392660985
Au      4.6792116640062451     -4.1806622063815109      1.5886817795299484
Au      3.6829857523363501     -4.4335971830512699     -1.0181009921687698
Au      2.6580065672964257     -4.6645771178376014     -3.6157579279521865
Au      1.6087714661900760     -4.8637087593873822     -6.2029663499495751
Au      0.4802877542038689     -4.9689497264942641     -8.7016019964120979
Au      4.4755118505595544     -4.8611200193301132      7.9598609347210330
Au      3.7295056927011458     -5.3958619615199064      5.3351866920236199
Au      2.8022351469037798     -5.7736716413303339      2.5912205389855645
Au      1.7864679198416573     -6.0603773410082642     -0.1302833737145033
Au      0.6969990745949937     -6.2777177696723774     -2.8296157021320996
Au     -0.4786702930437021     -6.4034047880548961     -5.5005636552013604
Au     -1.7183124661685600     -6.3440709166294642     -7.9887706534934670
Au      2.2267007737601383     -2.7913524918587331      8.4816658230559447
Au      1.0833084298066169     -3.1053111740071779      5.9512694129226711
Au      0.0561168578201534     -3.4129852744866227      3.3329192640734533
Au     -0.9609238144983678     -3.6694413676232571      0.7143803318372388
Au     -1.9786053981919574     -3.9001349910659613     -1.9063048037555492
Au     -2.9918450146740536     -4.0809793814414066     -4.5418656744646348
Au     -3.8605840995768226     -4.2487644330478149     -7.1925141724720456
Au      3.4231984104684425     -0.3875294396431777      7.7721667251662732
Au      2.4041244318504305     -0.6667941827043562      5.2071128468050647
Au      1.4066982428792218     -1.0141559061308973      2.5816204537777372
Au      0.3944486509128506     -1.2774676031666943     -0.0344080956668060
Au     -0.6255206104668147     -1.5007126151996226     -2.6511634866774241
Au     -1.6680336798435853     -1.6417553414015031     -5.2783280096568186
Au     -2.6498051056639222     -1.8415316203352010     -7.8652562487170865
Au      6.0127673813111056     -0.8567274278136476      6.8066687700701420
Au      5.0240830183746379     -1.1861629190579104      4.2227835355373022
Au      4.0143195350544660     -1.5153474419559461      1.6107089354640900
Au      3.0030319950532598     -1.7747248568260920     -1.0012552347187875
Au      1.9853169647879800     -2.0011303874333501     -3.6137887600076186
Au      0.9620507366334572     -2.1586938592662470     -6.2365761026987494
Au     -0.0579460040974498     -2.3101727971229815     -8.8248442027174470
Au     -0.6333666711361193     -3.0307898367284523      8.0962301463173567
Au     -1.7546558350950869     -3.3201662034582498      5.5612487309609024
Au     -2.7871239768529321     -3.6222319393588309      2.9315182713800914
Au     -3.8002098553424473     -3.8647811079690948      0.3229167316861341
Au     -4.8168179255737691     -4.0532976511387977     -2.3235299026620049
Au     -5.7034534092174143     -4.2446547426709049     -4.9587536392340006
Au      1.9118151826177521      1.7016440121248746      6.6605224589422809
Au      0.9087221578036264      1.4730901083402688      4.0953642661691605
Au     -0.1044324483223894      1.1791732594644344      1.4526528749072325
Au     -1.1238378644701210      0.9351071106120891     -1.1722243826337482
Au     -2.1629196530983457      0.7376774732935855     -3.8138374392916830
Au     -3.1534235692671793      0.4889253298711544     -6.3820044901709725
Au      7.0878531800057321      0.7033581957208521      4.7438207030349089
Au      6.1245305671655048      0.4144183706726019      2.1492560802373379
Au      5.1256610380896870      0.1195629993408700     -0.4842235971838442
Au      4.1090802371801995     -0.1238247908609651     -3.1018266004643831
Au      3.0655536081497696     -0.3179565910905813     -5.7273280111190150
Au      2.0221628158219720     -0.5094594991421186     -8.2998558619108920
Au     -3.4775786518299299     -3.2539101921787115      7.7022531196906945
Au     -4.5790432336609630     -3.5343369309035095      5.1370031197834285
Au     -5.6484111589169403     -3.8341930866191651      2.5501440526374104
Au     -6.6088626121899248     -4.0203061864909655     -0.0895897160946482
Au     -7.5298826984236849     -4.2240949147959563     -2.7320401461853985
Au      0.4138700286438540      3.8308825804466284      5.5351209606282366
Au     -0.5993434248980219      3.6268611210248647      2.9578447170661981
Au     -1.6273269383946518      3.3798649332059343      0.3177309055687667
Au     -2.6507751851857595      3.1357088209221633     -2.3244081346932735
Au     -3.6403798781313070      2.8602176301374076     -4.9042064915377193
Au      8.1752920213285378      2.2767417061020576      2.6700262268652040
Au      7.2257594032963217      2.0038747112551176      0.0491938239438174
Au      6.2424641771171405      1.7392643089594664     -2.5860697515829192
Au      5.1881039893890133      1.5160248270547363     -5.1975810303394248
Au      4.1179161977701755      1.3053356170417678     -7.7773365669863646
Au     -3.3345453070780593     -5.6328728594718411      6.3644874942996497
Au     -4.2965121362381256     -6.0027170423286078      3.7443967978279522
Au     -5.3131790185922956     -6.2461231795366610      1.1265604107120044
Au     -6.3796969903064431     -6.3619310467045800     -1.4765439866688463
Au     -2.3511822638380582      3.6036848962556300      5.1954625799429630
Au     -3.3790996997933207      3.3813648385293873      2.5530517458066919
Au     -4.4208803304762494      3.1319443158324405     -0.1294378550643849
Au     -5.4443794369408538      2.8631186439624710     -2.7692391481777738
Au      6.7005354062746161      4.3805260507547104      1.5844411680478165
Au      5.7130909105762875      4.1280450817151655     -1.0587069984415507
Au      4.6788475447098836      3.8804292890943302     -3.7217883564631777
Au      3.6230295472649692      3.6437173063709221     -6.3398488573125960
Au     -3.6365053794623190      1.2209478572555867      5.9353564273320378
Au     -4.6740899564478600      0.9660313716336947      3.3119302621108924
Au     -5.7368855011562969      0.7115810445251823      0.5753309375017581
Au     -6.7425472606073740      0.4773108709433986     -2.0624121230389996
Au      4.1075840871930165      4.8974718087544620      2.5651489306459752
Au      3.1001883135373647      4.6477417314998890     -0.0589574061629152
Au      2.0436280437492331      4.3947818913960734     -2.7795029593568450
Au      1.0154990223946161      4.1571704355600048     -5.3966834503758463
Au      9.7262879493268191      1.1037519781255285      0.7004747732001713
Au      8.7976757562824659      0.7395553408747548     -1.9522906590219973
Au      7.7706057014238530      0.4936574104619407     -4.5969016958878663
Au      6.6578611556993428      0.3691187070898907     -7.2004420859209777
Au     -4.9634346488891081     -1.1301189721198404      6.6665501659757842
Au     -6.0500237886851984     -1.4150384506556042      4.0358258001681397
Au     -7.0914759689379769     -1.6643780980786265      1.3541852225747828
Au     -8.0676413528628252     -1.8733126145484820     -1.3264884855728236
Au      1.5136220384096533      5.4455501205248975      3.5170856704312126
Au      0.4745120114828033      5.2133029621562388      0.8830933039965831
Au     -0.5652454721660534      4.9643648322322997     -1.7941884361098157
Au     -1.5754434043534313      4.7059706038873568     -4.4369776810115864
Au     -0.6743941470131071     -5.4491186920350954      6.8514919395731502
Au     -1.5775749063599334     -5.7892132106844780      4.2141334074243790
Au     -2.5592861243359932     -6.0468228663473695      1.5561744544852729
Au     -3.6295722986965724     -6.2804957891908142     -1.0696091833364298
Au     -4.7492935461363892     -6.4247210440111733     -3.6410797291422949
Au     -0.8489150767416700      1.4569249039244376      6.3221035032784672
Au     -1.8872067664966803      1.2214266833126497      3.7117967286755889
Au     -2.9186913015634786      0.9492727635915904      1.0452499778335254
Au     -3.9588245433198543      0.7254441402465981     -1.6224308729608141
Au     -4.9539647926534522      0.4741023304150624     -4.2480221427349170
Au      5.6026097295423138      2.7924581087485216      3.6663971942061417
Au      4.6139569517221561      2.5407277736907714      1.0491496556772200
Au      3.5928249209156498      2.2639067314100050     -1.6058265303513830
Au      2.5524921925221933      2.0471752030135661     -4.2589325687328152
Au      1.5149656887112892      1.8138013427852422     -6.8589054551447601
Au      8.6569493288668937     -0.4348863122340267      2.7533202077261532
Au      7.7572421453138451     -0.7842090644085344      0.1311183561521467
Au      6.7254195046733916     -1.0529517494011216     -2.5140070682649949
Au      5.7000996021828580     -1.2767242724648449     -5.1658400211006548
Au      4.5873711206085543     -1.4092131731383770     -7.7254747691907175
Au     -2.1469936884773588     -0.9210335669951928      7.0640367215612647
Au     -3.2103381179942678     -1.1578243544131748      4.4499840556252588
Au     -4.2537744027428390     -1.4424597794102281      1.7861347656123412
Au     -5.2840374572881172     -1.6543013208599862     -0.8895988034823401
Au     -6.2632336979858803     -1.9065296359667776     -3.5348955865577447
Au      3.0059641247581177      3.3162570709420862      4.6360799382578302
Au      2.0065341075101428      3.0753007095038178      2.0172504221032552
Au      0.9787223642963605      2.8019585075253128     -0.6406304237145140
Au     -0.0583972133435410      2.5809163437577558     -3.2997595172687690
Au     -1.0883376400732938      2.3360032421228754     -5.9063711029866033
Au      7.5904202151497007     -1.9917355381162054      4.7927449589939171
Au      6.7025785082511806     -2.3389417928693375      2.1799154666864640
Au      5.6943766715621038     -2.6096930744676667     -0.4457235217470727
Au      4.6740481043633322     -2.8539775977975923     -3.0729819481122060
Au      3.6441827710122219     -3.0711759594801187     -5.6951878882503024
Au      2.5290866218929113     -3.2035077297875922     -8.2397401444374800
Au      1.9304113470609641     -5.2637777672017050      7.3975281659967598
Au      1.1089952755377031     -5.6129892311377905      4.7208293232541783
Au      0.1579124215667483     -5.8706664172355190      2.0289263985814117
Au     -0.8766592902342545     -6.1183621546665030     -0.6350244309679369
Au     -1.9923452633190286     -6.3555092988969886     -3.2649089870469794
Au     -3.1994848279485533     -6.4919804499001517     -5.8115875995164856
Au      0.6591442986890670     -0.6877038123287635      7.4400840058021105
Au     -0.3961287760484440     -0.9352561598878399      4.8390940284178248
Au     -1.4214986046174811     -1.2241906471377819      2.1930365464773027
Au     -2.4445313264460227     -1.4691233817299600     -0.4411797466733991
Au     -3.4765082458624330     -1.6727550165335507     -3.0926022261965667
Au     -4.4535956713751812     -1.9117888644008463     -5.7247470805278269
Au      4.5015362344728178      1.2075655074819793      5.7321647726275247
Au      3.5067998358999941      0.9386140102103986      3.1259615866112318
Au      2.4948103783290012      0.6411551605198519      0.4931453639890404
Au      1.4754576424819339      0.3971023387069075     -2.1315947250251446
Au      0.4419210769432620      0.2048218057180027     -4.7658216361526211
Au     -0.5847791732858354     -0.0101967868832440     -7.3646241813990150
Au      8.6429452399270801      2.0838817882485592     -6.5477896685300809
Au      9.7114415296285035      2.3047070727682302     -3.9858694204010683
Au     10.6509073667414054      2.5646219152578187     -1.3774737430176873
Au      5.6844482904675768      5.4332587730897357     -5.7318496784918818
Au      6.7983004753419092      5.7442676137924478     -3.1743249519826899
Au      7.7068831739077206      5.9174648811983728     -0.5242674779661245
Au      3.1161662116108522      5.9878589679987346     -4.8634688777789519
Au      4.1608516827642763      6.1871606018465464     -2.1912155769945501
Au      5.1905049764767233      6.4844921678532064      0.4777609834946959
Au      0.5341141640669520      6.5166381282318824     -3.9147018347899403
Au      1.5586971755223826      6.7208042988226904     -1.2302510167001843
Au      2.6116964033489740      7.0140479317315858      1.4348826998474404
Au     -1.9965263887549576      7.0079938943575240     -2.9059971596052812
Au     -1.0553107686511256      7.3513517229970713     -0.2736936719298488
Au      0.0331020947377250      7.4939245685169888      2.3201141320414971
Au      5.1770994878067764      7.6824259492852880     -4.2099376942318498
Au      6.1719080762749332      7.9206007374496386     -1.6483975310195202
Au      2.6441321867719108      8.2490103066468219     -3.2825143003964903
Au      3.6413578746514874      8.4877631530500111     -0.7147487430694963
Au      0.0987453019574576      8.7192200838360066     -2.3348075628694973
Au      1.0940344564623532      8.9575091774263917      0.2279723073361972
Au     -5.8746100893218278      5.1650741420619886     -1.2314134829155119
Au     -4.8830327477516287      5.5325056977669771      1.3819736165858147
Au     -3.8430516649647610      5.6514641890931880      3.9996657257961381
Au     -7.2192054335666045      2.8418109830881910     -0.5679107585685830
Au     -6.1363168447102172      3.0740188402879847      2.0972977419079744
Au     -5.1375972775655319      3.3401820484940012      4.7920369438373376
Au     -8.5287502632004024      0.4828027561250855      0.1564920525670326
Au     -7.4566944314871204      0.6951382509398512      2.8312769135617426
Au     -6.4447809602726132      0.9817363973726554      5.5225145303864087
Au     -9.7692913657460405     -1.8730911433240329      0.9216480395938298
Au     -8.8723550749714999     -1.6688079181717101      3.6008682563929124
Au     -7.7284111294392170     -1.3844754565906146      6.1767191857110850
Au     -7.5449632007466212      5.0961289404190753      0.9693826719949801
Au     -6.5488514867186662      5.3346142288047274      3.5342804199094937
Au     -8.8739397267585396      2.7970758162648535      1.6950174027620397
Au     -7.8749707303555931      3.0362435374235357      4.2672690598579104
Au    -10.1167049177355146      0.4400784945541951      2.3984199262392698
Au     -9.1188072637368691      0.6789879859350536      4.9679100353383587
Au     -8.0090580824720057     -6.2654492299010629      0.7119549560947349
Au     -7.0393764301094501     -6.0865776212578737      3.2997664491240135
Au     -6.0120795338922335     -5.7873417640321536      5.8540109453695495
