         216
Au Au   -791.88310512   nogrup     0
Au      0.8996544061858645     -9.5665466011361815      5.4420068475987122
Au      0.9738237958455271     -5.8994179748472932      5.1381141014508351
Au      1.9960454671119794     -4.1165220980717860      3.1995241163825696
Au      2.9696456483714742     -2.3132193574485944      1.2494375315838546
Au      3.9332031592686945     -0.4991638086966299     -0.7064202628392557
Au      4.8832574696754758      1.3179815594521864     -2.6563530997968030
Au      5.7882367328035311      3.1637070122374000     -4.6055281254577221
Au      4.9038398044856422      2.8804355193683886     -7.2411643394405303
Au      1.3364547038090522      3.2197806075772561      9.5151847886366987
Au      2.3280523859938627      5.0894913453768416      7.7688602722513593
Au      3.2872314528046371      6.8916556231599015      5.8249637355156985
Au      4.1568638406469702      8.5205023962107003      3.7951432811086363
Au     -6.8856703945141646      0.0904848299185570      2.5921051897377723
Au     -6.0766480064781128      1.8963079678550443      0.6801538997236740
Au     -5.1120467259278435      3.7181347850832092     -1.2803376660290766
Au     -4.0484098467050167      5.4276103759593086     -3.1616105870696209
Au     -3.3111206322658582     -8.5896594822590657     -3.6782375720188156
Au     -6.7084119883293329     -4.7981869494116962     -5.8704656700257960
Au     -4.1071742791322796     -4.9767843161769081     -6.7866681187082776
Au     -0.4373465078037753     -3.2180748965600161     -9.3722888735270242
Au      0.0577785780386444     -7.5842407176408093      7.0470874529713221
Au      3.7062020832355986     -5.9731914142141518      4.3506802713469277
Au      4.6701165107398488     -4.1896322034731677      2.3800112249881309
Au      5.6286416880485568     -2.3932676835455355      0.4131973936971605
Au      6.5784853643082677     -0.5889872251763988     -1.5479157798000998
Au      7.8316121054528729      3.9237907436386865     -2.8358849518111242
Au      8.5555795738299079      5.5220437435055327     -4.8313901483024200
Au      2.6569569284999406     -7.7031633230658878      6.2495355523767664
Au      1.9801994515075880     -8.0120691883204849      3.5567155913984934
Au      2.9318284665431471     -6.2381357896354261      1.6234379462263355
Au      3.8893772247375513     -4.4613175675826762     -0.3253757700649516
Au      4.8360922207035113     -2.6643267072340402     -2.2823127578188753
Au      5.7706659236188980     -0.8565194452570752     -4.2441218894308825
Au      8.3572177565067705      2.9759637582900869     -5.4438694919535493
Au     -0.9189111582889307     -7.8811984856907733      4.4478681899644847
Au      0.1340877916479735     -6.1902008098113788      2.4616960042042777
Au      1.1406665442647670     -4.3785238247580240      0.5059789217421162
Au      2.1181047136659994     -2.5675043687892236     -1.4472983395818915
Au      3.0729311005563846     -0.7469312982123784     -3.3978660267998961
Au      3.9767000846062817      1.1038117458314387     -5.3481300485814725
Au      6.6108493584689700      0.9814199503959058     -6.1473398587986878
Au     -1.7212904814924563     -5.7195413524825165      6.0182704741477266
Au     -0.8054148499307383     -3.9827546034812586      4.0583028125164340
Au      0.2062354468835266     -2.1731895672472943      2.0891405775534651
Au      1.1812844640307270     -0.3516118662855385      0.1235432153856024
Au      2.1432589542456078      1.4778991611914893     -1.8422704376293133
Au      3.0714633055763714      3.3293785699578669     -3.8150643390606653
Au      6.6628677644699295      4.8601229307777558     -6.5280851935762989
Au      0.3563364480546061     -4.9234970520171037      7.6860822609044099
Au      1.3059280297253304     -3.1586108760094342      5.7940979787390496
Au      2.3323229960215630     -1.3687060087833904      3.8467966743702284
Au      3.3042621208187923      0.4355580601176277      1.8955287103423686
Au      4.2569516911947982      2.2509403927656884     -0.0567034794634935
Au      5.1676048353429369      4.0927608721429376     -2.0209303296602741
Au      4.0371351245852036      5.0768926773703988     -5.7336804940572019
Au     -1.7437011872522432     -8.1391480877258005      1.7483161863193786
Au     -0.7038308553651285     -6.4365306450018958     -0.2253768988336411
Au      0.2974376045535814     -4.6221390343795195     -2.1931012571025370
Au      1.2630651433927329     -2.8054669381774096     -4.1330412456008112
Au      2.1790198143877695     -0.9458288661605492     -6.0845942114002689
Au      3.1255401508237362      0.8471853441648314     -7.9665545083412042
Au     -3.4664865422723752     -3.8046927746823416      4.8820593770535154
Au     -2.5519484528753806     -2.0461621831643138      2.9400274859052900
Au     -1.5531653214629313     -0.2201299870817239      0.9607042916527497
Au     -0.5850326698656203      1.6070054328349066     -1.0043543904191168
Au      0.3646026246860705      3.4589423242751023     -2.9858297340296254
Au      1.3442931534704146      5.2202378138419823     -4.8960562165480113
Au      0.6873459929266650     -2.2088654913669776      8.3186591939361563
Au      1.6390235120680949     -0.4295745887028630      6.4344202023096919
Au      2.6672517208912212      1.3720440226843733      4.4882912309800638
Au      3.6244750852953325      3.1706821000606338      2.5482499258996292
Au      4.5290116487212018      5.0038467501024062      0.5726859519373129
Au      5.4465932324525443      6.7541064988659238     -1.3495439147516386
Au     -2.5848278567274430     -8.3831400181258680     -0.9472600905501203
Au     -1.5410995593695920     -6.6585024491095472     -2.9307974962901007
Au     -0.5706723681612371     -4.8625169552397560     -4.9040919003143397
Au      0.3718076891054687     -3.0013648903733392     -6.8052254834007595
Au      1.3455793585025182     -1.1990143049411381     -8.7007960687963291
Au     -5.2049736142355894     -1.8684299589008271      3.7490242284818613
Au     -4.2926751327260142     -0.0866817372584050      1.8041429344857782
Au     -3.3327505103965347      1.7464653773280334     -0.1652336735960631
Au     -2.3549271855840685      3.5729975414902189     -2.1332719971262435
Au     -1.3616607696335119      5.3508826325323513     -4.0490128473847591
Au      1.0201643007163188      0.5161421527589711      8.9506773495126950
Au      1.9697512616596806      2.3133872385602370      7.0549458820065247
Au      2.9792721201907963      4.1373394628428120      5.1648834270939119
Au      3.8832922435464794      5.9099085494277563      3.1756315058801086
Au      4.8225045709062613      7.6649320717487521      1.2353785201969174
Au     -1.5572448076879937    -10.2811911878025448     -2.5123438930848749
Au     -0.6316360700834047     -8.6943281958928615     -4.5014061759685724
Au      0.3249845020479336     -6.9226799843557698     -6.4290641005832398
Au      3.0360390145858172     -3.0858137125988252     -7.6085524900685044
Au     -6.0978479618866768     -2.1474084087671725      1.1064026418594963
Au     -5.1392886260944897     -0.3258001231592758     -0.8870222342602894
Au     -4.1642470664694313      1.5210968664956495     -2.8711274168821710
Au     -3.1617645296042287      3.3652937883794163     -4.8375279353595744
Au     -0.7677229009837225      2.4182554330271842      7.9574039581688822
Au      0.2350523948359422      4.2623472863908276      6.0176781910417745
Au      1.2160338897277452      6.1057208169716697      4.0293236777249284
Au      2.1572702374374964      7.9146084073484184      2.0245269532184551
Au     -5.1948505415225270     -4.3425721704918923     -0.4802893817034040
Au     -4.2325071701301793     -2.5475930182756494     -2.4612300188898217
Au     -3.2435787516662860     -0.6690580814978011     -4.4764446824464859
Au     -2.2452244965779284      1.1719794481847012     -6.4243340136893980
Au     -2.8441474750975861      1.6053733114555948      6.2064843216690022
Au     -1.8671261066441147      3.4159415692534418      4.2524998839952630
Au     -0.8598105195197454      5.3088633703880257      2.2111494740796154
Au      0.0942819641307220      7.1254824850008740      0.2470324715078505
Au      3.6603406688444440      0.3946375285159549      8.1299655090622416
Au      4.7347200430193652      2.1630292135871940      6.2440154711318456
Au      5.6942772528749117      3.9648226416308527      4.2979625297600137
Au      6.5213653441299950      5.7690834212712492      2.3271829587513864
Au     -4.2961584779506587     -6.5152348454314231     -2.0850934320481009
Au     -3.3050572058025933     -4.7326970458140698     -4.0693815671346236
Au     -2.3388244509604177     -2.8917287067029767     -6.0439624578695081
Au     -1.3402157095962535     -1.0247801951591216     -7.9962379156084964
Au     -4.9246150146670686      0.8278171526734051      4.4322372926895319
Au     -3.9687101212376010      2.6443101744605766      2.4546242011393637
Au     -2.9831348417710117      4.4980942396975117      0.4573122413051181
Au     -1.9970715238278673      6.3262715939076415     -1.5016182824358069
Au     -0.7454043695592789    -10.0805998615053340      0.1287199511087174
Au      0.3014919170689936     -8.4992746976585281     -1.8367099645301685
Au      1.2278838420932177     -6.7436287409994238     -3.7931462863977572
Au      2.1824976814635932     -4.9524233196288217     -5.7183328549131023
Au      4.8242126051251297     -1.0449630849319567     -6.8747649628008975
Au     -4.3668893022113657     -4.0772795434461022      2.2202012081227060
Au     -3.4036241685825610     -2.3026214108904677      0.2380876026753818
Au     -2.4052287260189509     -0.4603023261493133     -1.7471645212770213
Au     -1.4521187198125034      1.4019133868993352     -3.7369929712189425
Au     -0.4642957497336047      3.2249044944994729     -5.6793774793066358
Au     -1.0885137439243739     -0.3129477108025753      7.3198530621778239
Au     -0.1449312292630478      1.4996547013595967      5.3617167716555230
Au      0.8736241704133203      3.3352287987061970      3.3839677444164948
Au      1.8170166986102134      5.1881628575088090      1.3841472045999481
Au      2.7960619892443845      6.9916709194337212     -0.5691629023462106
Au      3.3275078029782974     -2.3289650961785204      7.5009572751627047
Au      4.3893944266426548     -0.5649070470188784      5.6182660441351224
Au      5.3722982637099079      1.2311048479092390      3.6491535251467795
Au      6.3215754547221614      3.0587813508071457      1.6971709259960193
Au      7.1507151629171251      4.8546393755325559     -0.2545418085658717
Au     -3.4731374371576136     -6.2384742120168193      0.6342954339956037
Au     -2.4882591236016673     -4.4915284065708692     -1.3420100124307623
Au     -1.4910700849821756     -2.6528954706226910     -3.3212090011241742
Au     -0.5490325075604783     -0.7869861367186557     -5.3008081133284826
Au      0.4481221763229288      1.0224126650864207     -7.2520334882219988
Au     -3.1817593801545403     -1.1111559044399959      5.5552263980387551
Au     -2.2290930684903532      0.6958664034931665      3.6009701008215664
Au     -1.2220518008831802      2.5362983360664613      1.6102626636059760
Au     -0.2611652362350063      4.3969013637068581     -0.3873086134700578
Au      0.7098083649785094      6.2003550738291304     -2.3442521747893110
Au      2.9997067059502220     -5.0440118219731582      6.8717338659843321
Au      4.0607402748245107     -3.2860406445308969      4.9828336067760937
Au      5.0424728891618500     -1.4939574671850790      3.0137534114314271
Au      6.0059106572569956      0.3119857685005822      1.0531576365087467
Au      6.9475124203258982      2.1294988747429118     -0.8951645229754170
Au      6.0699178256258168      5.8825184776676132     -3.9649013763068517
Au      0.0836756940560295     -9.8329777806272958      2.8158924619655394
Au      1.1284791610926761     -8.2624993827536741      0.8645293226193438
Au      2.0861351603769394     -6.4831486958790192     -1.0805757969438616
Au      3.0349914141616785     -4.7069902576699976     -3.0264288535750303
Au      3.9716418335278338     -2.8981962044751368     -4.9853929461228432
Au      7.5166186540553745      1.2123071159103000     -3.5069412589132014
Au     -2.6364436987740945     -5.9822481704614008      3.3369033525733514
Au     -1.6449145351789913     -4.2455597954700464      1.3577735720320305
Au     -0.6456223965187196     -2.4214118890865590     -0.6167530915529973
Au      0.3245550744255166     -0.5869448572835703     -2.5853691182916130
Au      1.2562515533442582      1.2722055368798264     -4.5628284188496639
Au      2.2331321684878671      3.0746278046473483     -6.5115253054489415
Au     -1.4236372989693682     -3.0314810689680476      6.6759810653814604
Au     -0.4819797043848206     -1.2370795104925003      4.7145425845393589
Au      0.5351756857541567      0.5820946531437565      2.7397251469505761
Au      1.5076368825476871      2.4113369989165179      0.7686076873724197
Au      2.4457440702295874      4.2644864971836274     -1.2168219286379092
Au      3.4089539474647244      6.0644203380360473     -3.1630235406460159
Au      5.8469487151600958      6.6336193250930817      4.8808001416321360
Au      4.9704627538997244      4.8888600309380186      6.8417342628115918
Au      3.9647749144654019      3.0976869932122746      8.6968109043361217
Au      1.5308638039343743      8.7277326103836899      4.6328193014586141
Au      0.6026624606207038      7.0146343121362928      6.6586438119513751
Au     -0.3794659477671543      5.1387859297900063      8.5062995269717021
Au     -0.5252801177708502      8.0365513253308691      2.8595275083040654
Au     -1.4701628069166295      6.1519867018592214      4.8374087555673171
Au     -2.4918344561097099      4.3433712044385491      6.8460315796160955
Au     -2.5931524813353479      7.2446181983184834      1.1032427245882097
Au     -3.5488927418420895      5.3552798815795501      3.0737207406135383
Au     -4.5612432422160731      3.5497168412436744      5.0909304662689614
Au     -4.6336442239854225      6.3831193267651143     -0.5915828595328669
Au     -5.7023236529854691      4.6133196810896315      1.3224837055534344
Au     -6.5494061341566283      2.7855335935741969      3.2886992650897149
Au     -1.1151750310457489      8.7618644518072202      5.4324638272996282
Au     -2.0528903964448619      7.0009340943251717      7.3335550720640370
Au     -3.1814788996885572      8.0292589546938409      3.7251346420499338
Au     -4.1238354067012049      6.2603802757210438      5.6348121321874203
Au     -5.1836606587284013      7.2145482769511355      1.9887607127646341
Au     -6.1231787225778351      5.4515363262330858      3.8916626097091651
Au     -5.8014666498613785      3.4028719047718168     -3.9529502699001533
Au     -6.8650435402698324      1.6397479027333830     -2.0082445809274319
Au     -7.7271540312841314     -0.2140795397721256     -0.0574648701557727
Au     -4.9177535064401052      1.3126952996484897     -5.5770935060008497
Au     -5.9421172209039268     -0.5703685671089387     -3.5988706573398588
Au     -6.9079821241300579     -2.4095226635138856     -1.5688455595119883
Au     -3.9999606072330693     -0.9058641558632177     -7.1748062318669898
Au     -5.0333578618693480     -2.7631517674799779     -5.1824711137518360
Au     -5.9954366199730087     -4.6199853687077193     -3.1789988058127179
Au     -3.0917035633252330     -3.1105149643174714     -8.6418761850169705
Au     -5.7350068304732371     -2.9936577033747662     -7.8057981340478886
Au     -5.0258532874499195     -6.7066633695566287     -4.7768879260528916
Au     -7.5481744350519051      1.3645498915197374     -4.6593652027841852
Au     -7.6878071674592530     -2.6947540248506714     -4.2244235756101141
Au     -9.1198627400756838     -0.7215688333028156     -5.3291046008215996
Au     -8.5185268421128928     -0.4441900744465030     -2.7124689616825748
Au     -6.6334402039791467     -0.7391734988219349     -6.3271998908690676
Au     -8.2494660375506861     -2.8105231836610107     -6.8413888542110595
Au      1.2420242414310416     -5.0933648304331340     -8.2833963789741958
Au     -1.4222567494463876     -5.0971762453727534     -7.6164054352737942
Au     -2.3815010876003901     -6.9025579082864015     -5.6710593072970052
