         216
Au Au   -792.02442846   nogrup     0
Au     -7.1451553431975992      4.6565262817134077      5.9952937310356962
Au     -5.9185048680720698      2.8012008314479955      4.4006252648961510
Au     -4.7585460234801404      0.8059053636673452      2.7636905649148726
Au     -3.5383033576004248     -1.1487236038779631      1.1189876754212893
Au     -2.2907158735978719     -3.0918993316828711     -0.5329845268684270
Au     -1.0231713873906485     -5.0121147539867827     -2.1824433369468856
Au      0.3018647858242467     -6.8873158073844163     -3.8359742046646073
Au      1.4801658911222526     -8.7778144938240956     -5.4257825688150616
Au      1.4544723236704578     -1.3412586735757159      9.8791135981199663
Au      2.7642193024046966     -3.2666094347968038      8.3629780938357730
Au      4.0082460186168012     -5.2042372787172475      6.7157208132498898
Au      5.1375028326214949     -7.0777422550560694      5.0022927228019594
Au      3.1594705717485336      6.4884058352913403      1.9259814263025294
Au      4.4751978195437490      4.6881566383092528      0.3171482302896891
Au      5.7289518425251806      2.7353777289747914     -1.3429893789544565
Au      6.8266910925945075      0.7765423891410315     -2.9299084771919990
Au     -5.8059087059133034      6.5914769739803480     -4.9350980472941615
Au     -4.5967889038153373      4.7760713019497052     -6.6565527975960359
Au     -3.3527618849266005      2.8384435265807610     -8.3038089950067686
Au     -2.1228790308522267      0.8549927422745212     -9.8119166824727522
Au     -7.4459292999829660      2.0035213640883898      6.4638920652116898
Au     -6.3383758039922906      0.0430117614542080      4.9091296122784289
Au     -5.1281363559232895     -1.9148391740284527      3.2638733339133825
Au     -3.8901108498507924     -3.8670462575717597      1.6108605656010937
Au     -2.6306889862576144     -5.8047286762639132     -0.0430789111949714
Au     -1.3547815139389519     -7.7191654318298522     -1.6898092891774663
Au     -0.0605142744539418     -9.4996031726020025     -3.3153779659473273
Au     -8.5640662649476784      3.2252044674435529      4.1824236430636663
Au     -7.4808174226210582      1.2912503404210751      2.5780689821993885
Au     -6.2681834227753814     -0.6692175538597862      0.9377000653837424
Au     -5.0295854976688705     -2.6220487620639545     -0.7141455337755023
Au     -3.7707372057980209     -4.5591053869498968     -2.3692527249961604
Au     -2.4972263141244957     -6.4709250536830147     -4.0208697903997788
Au     -1.1786546918508969     -8.2779191673399701     -5.5968452747983832
Au     -6.8485143145544516      5.2197566826987254      3.3198527726122347
Au     -5.6388626877039041      3.2911302424182534      1.6633082820760503
Au     -4.4444484704593608      1.2974754269911832      0.0064380765656562
Au     -3.2077275620568946     -0.6577355101372566     -1.6488337753862066
Au     -1.9445431333338963     -2.5962415717275373     -3.3037691721051896
Au     -0.6314509316165537     -4.5081460109257936     -4.9671721948884997
Au      0.6330098633025580     -6.4330663077018819     -6.5866832195456038
Au     -4.6135463923053193      5.1995187550232700      5.0453261188028424
Au     -3.3579690303911862      3.3104187004747536      3.4183951908258070
Au     -2.1500889656430253      1.3080632108972363      1.7541943724518241
Au     -0.9052021698327128     -0.6585373799958800      0.0910016842292478
Au      0.3638691936793315     -2.6075426075680230     -1.5746225056357659
Au      1.6776768814301160     -4.5328338300822786     -3.2494734939459740
Au      2.8750307584086032     -6.4642901924315836     -4.8705517670420715
Au     -5.0307756083187654      3.2336859654218397      7.0287982677108634
Au     -3.8012524918764079      1.2833474482763654      5.4127999180094282
Au     -2.6043167653407577     -0.7130623099184845      3.7610749500177985
Au     -1.3661963014758598     -2.6698032710093109      2.1086595478744510
Au     -0.1044111109689467     -4.6067799259144415      0.4508673317324270
Au      1.2061606772105771     -6.5159288846524834     -1.2176817052211746
Au      2.4507510338886935     -8.4191368047820259     -2.8777395189496833
Au     -6.5172232427647092      5.6920080421454520      0.5727927640854560
Au     -5.3157651856738033      3.7659044056262694     -1.0858646878319060
Au     -4.1153973123348822      1.7769970394724304     -2.7571673741012415
Au     -2.8672324201844415     -0.1670771823283683     -4.4099043412556327
Au     -1.5532699845067963     -2.0943562325751870     -6.0679106838078116
Au     -0.2842153183642910     -4.0161898739115625     -7.6805395535326779
Au     -2.0253542321052729      5.6604331980765412      4.0236754868022597
Au     -0.7821668439569400      3.7663567285552442      2.4001528806967354
Au      0.4566639627713212      1.7694700542245734      0.7237107541356824
Au      1.7146224877176723     -0.1898573176499090     -0.9419945237604477
Au      3.0124011744500074     -2.1438580552678150     -2.6243637546699432
Au      4.2186112644933811     -4.0648333650692212     -4.2441708492480981
Au     -2.8779469103442699      1.7157131130301844      7.9984374589531040
Au     -1.6518163770798617     -0.2373493998184433      6.3901243828576728
Au     -0.4399031490844791     -2.2388701913592897      4.7423777096170365
Au      0.8082622967689057     -4.1829447412418936      3.0896404880004926
Au      2.1106810386359500     -6.0976098870938191      1.4080770422684079
Au      3.3550638813269922     -7.9924842414686985     -0.2548971267586708
Au     -6.1766902485252331      6.1645370904129990     -2.1841178851528955
Au     -4.9867202265895800      4.2288699600973345     -3.8659146446005384
Au     -3.7881552338860569      2.2829270469586502     -5.5462096135361572
Au     -2.4943279756757253      0.3468555087720091     -7.1661736220139352
Au     -1.2006376106633199     -1.5858924940272097     -8.7730734840664883
Au      0.5726289704562215      6.1048145909883473      2.9883739686557149
Au      1.8222225207826581      4.2054162462696443      1.3588614775650409
Au      3.0912413665463592      2.2488825277765487     -0.3107678699343932
Au      4.3427366838721646      0.2796006166461611     -1.9786367321143494
Au      5.5512783251358426     -1.6496609947019909     -3.6040236849350311
Au     -0.7123648921326682      0.1941809198017568      8.9653913949747359
Au      0.5174592235080300     -1.7850314701662668      7.3649132866275178
Au      1.7486777189457454     -3.7666515333727713      5.7512438963887380
Au      3.0098520429676352     -5.6670454713914058      4.0646532251784802
Au      4.2636898781494068     -7.5562477090103108      2.3764339363190743
Au     -7.6625487325813282      4.6961116938764906     -3.9656804435430058
Au     -6.5564773803893210      2.6558351002285692     -5.6128489005913567
Au     -5.2972649181309341      0.6945542487640033     -7.2802126180958266
Au     -3.9068615146610792     -1.1535430271706328     -8.9387083123014488
Au      0.9042067805591347      6.6587811272840991      0.2642900973853433
Au      2.1690671590283994      4.7009564250763232     -1.3933001815934354
Au      3.4464548535174870      2.7113659011807210     -3.0847326954291425
Au      4.6951242862429989      0.7542550176896547     -4.7553912172927149
Au      1.8850874187949076      0.6710928155899598      8.0180374150812543
Au      3.1338333215248277     -1.3001689736509316      6.3776860397844199
Au      4.4027352982941350     -3.2765413956128331      4.6974905313796445
Au      5.6605639462614636     -5.2093811207919849      3.0188042657295977
Au     -1.3777348724727574      6.6846897180224483     -1.4661627602168483
Au     -0.1409131889848081      4.7308445522544940     -3.1198703070823282
Au      1.1636301382550300      2.6989580376643492     -4.8472601890086668
Au      2.4251318650283693      0.7615515857836206     -6.5016659930022769
Au      2.2947163846630003      2.6721470514417405      6.0271710354669796
Au      3.5323706736153513      0.7173905847668278      4.3751637367796921
Au      4.8369140856107400     -1.3144962652760164      2.6477731597418881
Au      6.0975833995153996     -3.2509912488127402      0.9916669091088259
Au     -1.0918774500549469     -2.4830467493873911      9.4412403438056902
Au      0.0222554552455105     -4.5321321487047168      7.8105182933558819
Au      1.2814689357293449     -6.4934132782304275      6.1431535585958681
Au      2.6638131219733800     -8.3327013084789172      4.4682096399977720
Au     -3.6243461759445381      6.6907334227467974     -3.2235095058093375
Au     -2.3930787203624488      4.7385698008543296     -4.8995244836840044
Au     -1.1241768548178350      2.7621974806272886     -6.5797192650490519
Au      0.1511298761428286      0.8102595694948045     -8.2227414518633353
Au      2.7389953759982255      4.6540797837824091      4.0080250787799141
Au      3.9969915628923900      2.7037530051560870      2.3364303687553036
Au      5.2743796689189555      0.7141625911535909      0.6449971005244404
Au      6.5299129630116308     -1.2504473829890550     -1.0116565065479968
Au     -7.9823986491296530      4.2257874324967570     -1.2439460380318916
Au     -6.8807610888781490      2.2415285485361389     -2.8859026058630324
Au     -5.6336501391177425      0.2458452299600742     -4.5437767612076403
Au     -4.3511707606681744     -1.6984253016775188     -6.2354175570796047
Au     -2.9944037997850650     -3.5432459653468662     -7.8487158813448801
Au     -1.6933432505618304      6.2056158516147732      1.2931389168688003
Au     -0.4536361324768108      4.2657422928615532     -0.3684632064617084
Au      0.8027113222029456      2.2626532244497781     -2.0552882928469511
Au      2.0987784409005017      0.2902401016557139     -3.7482015743477870
Au      3.3541417212280535     -1.6560726240657253     -5.3904051881859836
Au     -0.2873322197217845      2.2029708161993176      7.0426982331766776
Au      0.9582342914205735      0.2492664400880233      5.4063812097072539
Au      2.2036204737594551     -1.7533757446782108      3.7266525102934676
Au      3.5025186077986605     -3.7135724788208417      2.0374087865439883
Au      4.7496756706581440     -5.6423973194258945      0.3730286173450423
Au     -3.2199439577231264     -0.9777012477479436      8.4734557907962422
Au     -2.0929404970202707     -2.9896756462346907      6.8832555023962581
Au     -0.8599386185507205     -4.9699418585230859      5.1965888782275567
Au      0.4366521701040691     -6.9296296552510057      3.5337396142335304
Au      1.7680553886727037     -8.7467348434307279      1.8686839217349629
Au     -3.9606252594125664      6.2164330385482911     -0.4523546957016134
Au     -2.7280907347008121      4.2769684317243142     -2.1152637290331064
Au     -1.4846358926311822      2.2764369830476756     -3.7989321663988118
Au     -0.1838073934700502      0.3141301420724139     -5.4842348739948870
Au      1.0763808896431428     -1.6289352780720083     -7.1220231707976369
Au      0.1424326665667421      4.1998377931053383      5.0388868360229697
Au      1.3919351321536984      2.2492593865360098      3.3972735785431620
Au      2.6473046695494342      0.2472379787788093      1.7084524040478151
Au      3.9443499907518831     -1.7262433702501774      0.0175344547124503
Au      5.1899174541102511     -3.6618519438217714     -1.6446585957343078
Au     -5.3632151004420585      0.5163267055172422      7.4905950037527926
Au     -4.2336328178099381     -1.4852754593336428      5.9101052144550632
Au     -3.0145144636182675     -3.4554370109868291      4.2447523416618349
Au     -1.7583052977338767     -5.4120398881464311      2.5813642777705557
Au     -0.4701678526128332     -7.3470433188739097      0.9267790443821244
Au      0.8484485507202550     -9.1586225053227590     -0.7344706682584299
Au     -8.3068840518175939      3.7325957279146853      1.4842801996262143
Au     -7.2061460835780071      1.7625102494338369     -0.1550657141430545
Au     -5.9787577690306932     -0.2166872632155901     -1.8035430519847342
Au     -4.7225490126624932     -2.1732891866266097     -3.4669308199786215
Au     -3.4426839442638224     -4.0992562522609859     -5.1383911301632983
Au     -2.0952243170099667     -5.9423523824379636     -6.7407843808730812
Au     -4.2836195603655707      5.7361567085319836      2.3099541358519229
Au     -3.0450588812785000      3.8010561800290072      0.6505961459602929
Au     -1.8169456188197532      1.8012235323510595     -1.0237011344833444
Au     -0.5554110487252411     -0.1636735839868688     -2.6941411666259700
Au      0.7496223952980237     -2.1093344320023721     -4.3740691541733785
Au      2.0016706235568220     -4.0534727010803095     -6.0126091804538984
Au     -2.4470211642592288      3.7294807355190254      6.0573792731834946
Au     -1.1981039548336518      1.7830628331620870      4.4191554024600013
Au      0.0309919621552832     -0.2178438010556123      2.7468623559374148
Au      1.2925262990232083     -2.1827414034035222      1.0764222933450327
Au      2.5965778047012251     -4.1273281474448762     -0.6055105625678383
Au      3.8382692329254202     -6.0601490693254938     -2.2651844280227582
Au      3.4444454676436433     -7.7965819780327568      6.9927795714068406
Au      2.2017745331831704     -5.9319926531369767      8.6404664449079807
Au      1.0006232664321184     -3.9902214995575402     10.2287218830363624
Au      6.5294092000645145     -4.6965482225351334      5.6157331096828731
Au      5.3582158222403953     -2.8126679412872555      7.3550596103900947
Au      4.0547295328282313     -0.8421244689160057      8.8925377049795475
Au      7.0125615790926519     -2.8088385179674979      3.6286482174121719
Au      5.6922989610786097     -0.8481887900814087      5.2965919230600829
Au      4.4706449251088456      1.1503110583076799      6.9944846843814812
Au      7.4324192452495197     -0.8465468444948412      1.6309386728839925
Au      6.1098150279622239      1.1239328341064736      3.2921433106549660
Au      4.8871325877156302      3.1178535905960270      5.0012387426290363
Au      7.7759741034354484      1.1383288226382851     -0.3127162191177888
Au      6.6148265262222399      3.1444276443597277      1.2968742120283068
Au      5.2980028573919071      4.9978818813634502      2.9684484042456809
Au      7.7820607669384341     -2.3011892507009239      6.2080582233328574
Au      6.5672282700405837     -0.4090335892511172      7.8166578361310730
Au      8.2285373074123136     -0.3726583959701024      4.2711157492468406
Au      7.0108210159032192      1.5239889937302005      5.8835338847403928
Au      8.5891985543813121      1.5426677130514515      2.2991267351265261
Au      7.3758743268819966      3.4324748228198789      3.9057297299997931
Au      5.9216177722584931      3.1644107119595271     -4.0963767667468343
Au      4.7821128020037413      5.1468636070148399     -2.4426281919654595
Au      3.4436472705890102      7.0239639174677375     -0.8152116462186054
Au      3.7561601567489209      3.1701574431642179     -5.8701637513204901
Au      2.4606170253775126      5.1110705721641523     -4.1537437495573606
Au      1.2108737561126088      7.1345575662756628     -2.4998634779644160
Au      1.5114691910545746      3.2016888757956505     -7.5958761150085863
Au      0.2098262225786240      5.1419956603707622     -5.8899419262831882
Au     -1.0304471728171474      7.1608385707259323     -4.2300398823629592
Au     -0.7441460501369788      3.2505805124485150     -9.2253557404647708
Au     -2.0158309496997422      5.2442591176337636     -7.6910744277315617
Au     -3.2188255328596611      7.1050051821885374     -5.9485512829507572
Au      4.9413519110394599      5.5283283360163455     -5.1440020382512817
Au      3.7280282846055313      7.4181352001176206     -3.5373984592966217
Au      2.7698880620483304      5.5914959699272924     -6.8668049054408584
Au      1.5521721916426834      7.4881430750484199     -5.2543858771352996
Au      0.5575663115905463      5.5923358950424920     -8.5329250247468771
Au     -0.6572663171502371      7.4844917163831290     -6.9243247929044722
Au     -4.8081433268410008      1.2202460429306576     -9.8459465348292134
Au     -6.0766224967650082      3.1130352582662275     -8.2509236844727774
Au     -7.2519635185388225      5.0266062330028625     -6.6100068773583320
