         216
Au Au   -792.02442846   nogrup     0
Au      4.8646993449551736     -3.2880123230718308      8.6141604977807660
Au      3.8916612079081312     -3.2263218144777808      6.0569616090659419
Au      2.9400747556686198     -3.2826628968488496      3.3928323226008410
Au      1.9578850368489800     -3.2731910323371141      0.7376788152107765
Au      0.9609001698478887     -3.2371951113105801     -1.9205457986233943
Au     -0.0449758924838788     -3.1748898342129896     -4.5661001021787602
Au     -1.0792238759370323     -3.0468539322665888     -7.1967300747406808
Au     -2.0280541071041474     -3.0391594887875577     -9.7637384814019370
Au      9.3720354813698599      3.5577016691497452      1.0094809320922074
Au      8.4846795791570297      3.6927042209580523     -1.6202436986746382
Au      7.4905400852312916      3.7285978555719357     -4.2708776680172260
Au      6.4288166200242127      3.6639680943760049     -6.8379082589834335
Au     -1.0349146040416077      5.5238382384238705      4.9200868687248036
Au     -2.0538269252748251      5.6803891547830077      2.3710312523500483
Au     -3.0557384297978576      5.7165623941863339     -0.3003282747913194
Au     -3.9654978843955662      5.6296441587810602     -2.8936196618706269
Au     -6.0941195068071252     -4.4105158805428717      6.7022685116892795
Au     -7.1958305511837626     -4.3859520552106517      4.1514440321424253
Au     -8.1899680791478122     -4.3500601950895508      1.5008099847282259
Au     -9.0373351141501814     -4.3042561242630137     -1.1451206112116674
Au      6.3011954735867466     -4.3093304144453137      6.5545792448268578
Au      5.4202313140809064     -4.3791909016914143      3.9648707260616409
Au      4.4401447035353225     -4.3799763306184119      1.3107837427018780
Au      3.4468562892184393     -4.3558906811240901     -1.3517502623433164
Au      2.4443596740810802     -4.3079186334002237     -4.0105068081414013
Au      1.4376922541962953     -4.2354039482731016     -6.6536309720543434
Au      0.3992898101712894     -4.0962480901004019     -9.1814602725835801
Au      3.9193272879496655     -5.5364773953036224      7.4312985875887598
Au      2.9865907097422393     -5.6330109796147179      4.8606465024785166
Au      2.0116065624357118     -5.6311676733430680      2.2046815240321567
Au      1.0195365826633043     -5.6064547303855443     -0.4583009585722797
Au      0.0158215494126464     -5.5591111494017635     -3.1166087102088089
Au     -0.9959485089015029     -5.4892259609565821     -5.7578542913535165
Au     -1.9825773976712444     -5.3233971038211827     -8.3047404238294078
Au      2.1543237317305053     -3.5613141337092742      8.2368324011093783
Au      1.1533385925239279     -3.5560413950385890      5.6052921033485887
Au      0.1778234450902494     -3.5861211973424769      2.9231327109386620
Au     -0.8162668382524463     -3.5648231264937404      0.2578752369739585
Au     -1.8199256163385251     -3.5139949747963106     -2.4033935441021326
Au     -2.8482344928636638     -3.4115704651823764     -5.0639578169145221
Au     -3.8243865200060712     -3.3454623431755381     -7.7039878089128866
Au      3.4274369280591492     -1.0788888697861772      7.8015281083867549
Au      2.4327554205331374     -1.0109918339122970      5.1942156373721247
Au      1.4516988128174311     -1.0337711461518488      2.4969983228527988
Au      0.4532644988978536     -1.0110110133162034     -0.1836897009565788
Au     -0.5572808831176922     -0.9612386391494858     -2.8594699300617989
Au     -1.5913809374446992     -0.8657049598607023     -5.5351912981695897
Au     -2.5569101887869703     -0.8628322702126632     -8.1543181883533862
Au      6.0264917348175295     -1.5663599525852192      6.8115630179323574
Au      5.0678361452671030     -1.5392790094498399      4.1644420630797754
Au      4.0976922457267460     -1.5665916548185959      1.4803054904952719
Au      3.1065838717956429     -1.5437565595509357     -1.1860493216799126
Au      2.0999424450869570     -1.4944631167193407     -3.8462203782950155
Au      1.0662621193793478     -1.3948048339898345     -6.5048079216329242
Au      0.0477797165522660     -1.3505049818203727     -9.1292570142582399
Au     -0.5940248500982662     -3.8528512730138713      7.7462214391976492
Au     -1.5966860864072314     -3.8547249452358301      5.1195902088434710
Au     -2.5880704019489316     -3.8817785818827595      2.4351305973915918
Au     -3.5855162569755756     -3.8457674183285384     -0.2243234341968168
Au     -4.6034086432677830     -3.7461723626981502     -2.8971262916567264
Au     -5.5750069388878796     -3.6730218357544571     -5.5343918822967133
Au      1.9457472585163567      1.1347491002166805      6.8745169821526435
Au      0.9577976310414735      1.1907304482625363      4.2688136976260544
Au     -0.0409834208457951      1.1944034975192803      1.5604668826969905
Au     -1.0462555436509364      1.2306980135289742     -1.1198523632989010
Au     -2.0745554535924757      1.3002102095446255     -3.8162366976381210
Au     -3.0439924866465473      1.3148969592193618     -6.4294429675642490
Au      7.1584066381281204      0.1412277489488560      4.8927031235466494
Au      6.2083038687478567      0.1664325581469226      2.2467260222101593
Au      5.2415117789808043      0.1520494547153479     -0.4467853465919176
Au      4.2440650172643881      0.1880624953152652     -3.1062391571742087
Au      3.2015792331538493      0.2749900953702578     -5.7699899816487097
Au      2.1774218001999146      0.3210637247003609     -8.3879099766557328
Au     -3.3528793455258805     -4.1386250417946711      7.2493725431377278
Au     -4.3717195248460907     -4.1603339499098713      4.6125611517642273
Au     -5.3866950074657884     -4.1772621522372919      1.9637524660694496
Au     -6.3634634708307889     -4.0884253190093247     -0.6979543311298815
Au     -7.3293894319987185     -3.9950599452051732     -3.3530535601299087
Au      0.4560664654349715      3.3480582022182217      5.9253339706437984
Au     -0.5363947233791508      3.4064426794330473      3.3107364341671990
Au     -1.5478903394474393      3.4525898403484754      0.6272981441870571
Au     -2.5506119765283533      3.4791641831727054     -2.0596962626844331
Au     -3.5225197308327600      3.4917005049985201     -4.6826235575556590
Au      8.2872969243669470      1.8584339406206172      2.9648520307977990
Au      7.3533528467307185      1.8804647229000799      0.2967917958041753
Au      6.4079348305656652      1.8993747668446974     -2.3776198208633552
Au      5.3616066989302222      1.9523773067807628     -5.0137232344469931
Au      4.3107829826094903      2.0020063751081998     -7.6375738111255558
Au     -4.2462997117412362     -6.4513455665815709      6.0699083334736592
Au     -5.1832180622994866     -6.5740392602547875      3.3854295550949485
Au     -6.1894924837710494     -6.5377089285056247      0.7024379114020110
Au     -7.2475805702487115     -6.3429892893617748     -1.9322977532359402
Au     -2.3007883510652323      3.0900398905473003      5.5122466555227874
Au     -3.3001297446206590      3.1352733556956229      2.8327269923012692
Au     -4.3209277581694625      3.1721278170612806      0.1110093724587986
Au     -5.3302212062253878      3.1994130260036835     -2.5650213522354730
Au      6.8668811338453661      4.1059345140793377      2.0688405745743847
Au      5.8906095241826772      4.1368516051887161     -0.6110717852381531
Au      4.8765914698081136      4.1734623800091502     -3.3147075131298247
Au      3.8497846737247001      4.2148660764698054     -5.9755250053271034
Au     -3.5737554624691446      0.5656788024769785      5.9700228869098826
Au     -4.5669127682254125      0.5879429142709223      3.3063542667660166
Au     -5.6094117458572157      0.6255804711441260      0.5267757693334905
Au     -6.6127374154199838      0.6753958708307637     -2.1327065978255564
Au      4.2493499295963897      4.5961693787526796      3.0904933441430260
Au      3.2579668778695177      4.6193485583491309      0.4261713810291914
Au      2.2154665183394142      4.6569873111930882     -2.3534068887311346
Au      1.2103646073998031      4.7058899460099797     -5.0122354418631572
Au      9.7506235454391348      0.7599186283868526      0.9179147141792039
Au      8.8308740290092302      0.6460720776506601     -1.7728845674321068
Au      7.8245991849188687      0.6824048386087866     -4.4558766793046072
Au      6.7493399819169628      0.8682819700130735     -7.0842924049269662
Au     -4.8693879517932990     -1.9406318983074529      6.3887294398174728
Au     -5.8828914323767414     -1.9288983330459308      3.7225214395931903
Au     -6.8969077785873658     -1.8922889780036247      1.0188850555923952
Au     -7.8864805854078490     -1.8317053089353907     -1.6556373371236923
Au      1.6077035733329819      5.1037079064089177      4.0736086763622197
Au      0.5937416269860107      5.1414094116559967      1.3994703410250380
Au     -0.4270574093161046      5.1782647390165177     -1.3222472998129469
Au     -1.4217311704885622      5.2130837350584089     -4.0036591217076989
Au     -1.5236224056110119     -6.1557172065366430      6.5505031986366689
Au     -2.4754046205649529     -6.2624835818503826      3.9180838792371664
Au     -3.4587237573284235     -6.2458804562628139      1.2126430562108390
Au     -4.4968770057246292     -6.1895017114063862     -1.4716931389611809
Au     -5.5096790371061051     -6.0118077227984088     -4.0773749919719098
Au     -0.8139278289605294      0.8724641844123606      6.4517948678950194
Au     -1.8198354028001638      0.8998072374707682      3.7969300553721577
Au     -2.8284589328182603      0.9144368209182701      1.0732147451647083
Au     -3.8595455480615648      0.9734480139596482     -1.6414749969179891
Au     -4.8475217522798957      1.0180909440946404     -4.3028313209828086
Au      5.7275070593720852      2.3836872238272035      4.0061153488508872
Au      4.7490454247477896      2.4186310370174309      1.3439127689813763
Au      3.7483764881811807      2.4254323247615122     -1.3730102440965219
Au      2.7158308235519626      2.4920391604650023     -4.0771684364224896
Au      1.7022830257649297      2.5290159753086705     -6.7261850760236870
Au      8.6214144817074327     -0.9289592706198577      2.8163129664570490
Au      7.7236637737296867     -1.0078880056625199      0.1640056849047413
Au      6.7102857132056570     -1.0067694822215401     -2.5303715662561688
Au      5.7021906223417034     -0.9349013599589122     -5.2257720469728248
Au      4.6353561982896601     -0.7850421805616852     -7.8115654605457454
Au     -2.0973908671723427     -1.6477268134131930      6.8863059972354908
Au     -3.1036136214714878     -1.6270861742332878      4.2343215823907432
Au     -4.1083951377601613     -1.6224047289827823      1.5189121727438084
Au     -5.1368260963090933     -1.5536805952508079     -1.1867604363168076
Au     -6.1226114638905837     -1.5024029984584610     -3.8459954484302368
Au      3.0966652233935164      2.8872147550185585      5.0123831065593407
Au      2.1116257387877391      2.9253094632324137      2.3498371420966779
Au      1.1009183061163927      2.9388661911312450     -0.3731112205567810
Au      0.0719141564918775      2.9989518458216615     -3.0885676596957352
Au     -0.9369315075502634      3.0328442303669316     -5.7422424552773670
Au      7.4846251143982379     -2.6394184233153721      4.7067568126564971
Au      6.5916825106100578     -2.7099488918897743      2.0651653399318151
Au      5.5962717569266847     -2.7122422706531797     -0.6088493354725788
Au      4.5923972842346839     -2.6759969011269034     -3.2854429240617256
Au      3.5841856068267011     -2.6013631331654308     -5.9536144988617359
Au      2.5207002145227326     -2.4601986985620288     -8.5283757947647061
Au      1.2139901128495780     -5.8700710809054923      7.0148554474827680
Au      0.2596051061848905     -5.9722566304724776      4.3958796312139921
Au     -0.7181881290438769     -5.9654736991215760      1.7153800814375706
Au     -1.7220624925039345     -5.9292303227484231     -0.9612133590238447
Au     -2.7478919868722071     -5.8636757264037831     -3.6228997465443484
Au     -3.7499338591584461     -5.6908566556844500     -6.2202772276725842
Au      0.6667085857330179     -1.3471956465446395      7.3708467591193880
Au     -0.3386978584472378     -1.3187016373122733      4.7212312837690522
Au     -1.3328878425114370     -1.3251057476905348      2.0152346128283152
Au     -2.3410174710071177     -1.2887085746003686     -0.6727050407168513
Au     -3.3711408868931763     -1.2092197083547094     -3.3640618858616680
Au     -4.3560539234216771     -1.1658569702325010     -6.0211625490338312
Au      4.5790514537717222      0.6684567527796952      5.9307905584496954
Au      3.5957087946987678      0.7083179520934539      3.2730535983702675
Au      2.6036111213312805      0.7029920915959220      0.5662869343211665
Au      1.5954806325951112      0.7393902337454124     -2.1216525043562262
Au      0.5632640356470429      0.8178023594551840     -4.8122391348914011
Au     -0.4437125682538086      0.8497988014403148     -7.4612187207598772
Au      8.7666946592993433      2.4375288676519462     -6.2252200453352780
Au      9.7875063518338568      2.3788348261163188     -3.6386593634935873
Au     10.7196245116642590      2.3670162671722452     -1.0181990187793657
Au      5.9294564026915157      5.8758181005943451     -5.1520401093510007
Au      7.0173247094642903      5.9130205479027698     -2.5518253968366880
Au      7.9070470720581678      5.8044172186124179      0.1207305207440941
Au      3.3458664585855993      6.3960653349914134     -4.2577229577640194
Au      4.3617230214707430      6.3045073435489059     -1.5505227232929941
Au      5.3771882285120718      6.3227251967437725      1.1583106354481889
Au      0.7346062156194999      6.8808712679347055     -3.2758849856460874
Au      1.7410337120073862      6.7886134062774675     -0.5610610851988986
Au      2.7686210105785141      6.8074340512597731      2.1473311301178089
Au     -1.8240447478462287      7.3188807328289114     -2.2284985302378368
Au     -0.9013791978118133      7.3702796908434864      0.4378697939630904
Au      0.1561751628152594      7.2473861028442901      3.0512870721511525
Au      5.4256408629236894      7.9607550046146898     -3.4036304711414163
Au      6.3964493774379676      7.9257041123410783     -0.8152013078877132
Au      2.8787219595798752      8.4749839237861959     -2.4449335683429227
Au      3.8518347953056717      8.4398499135888052      0.1496402331865876
Au      0.3167195915323189      8.8977607529208491     -1.4729753862647579
Au      1.2863228774581805      8.8627535494177945      1.1122408109643538
Au     -5.7742197383593190      5.2837347290002965     -0.7745184628273760
Au     -4.8054543403869019      5.3588860953023323      1.8748818238823044
Au     -3.7940012391500892      5.2122418095042002      4.5052681017582437
Au     -7.0966088808705372      2.8461985706644484     -0.3933703008192029
Au     -6.0325379043280023      2.7836411754569537      2.3002358367773756
Au     -5.0625966624045438      2.7727639048484933      5.0298457783162078
Au     -8.3726312598183252      0.3586499773961487      0.0556235029259016
Au     -7.3171131449069371      0.2875282524549070      2.7482249232952740
Au     -6.3413127841418486      0.2853127456896454      5.4716578254604240
Au     -9.5647611990865151     -2.1068628376192899      0.5510758108777294
Au     -8.6909635893169188     -2.1799474794237348      3.2300851694780293
Au     -7.5871742149182584     -2.1782604253153233      5.8238466892713259
Au     -7.4539733584340642      4.8942707294750614      1.3872611195182718
Au     -6.4843711246897211      4.8592648673783847      3.9724777929549826
Au     -8.7493637785958711      2.4841509568874574      1.8351326872832447
Au     -7.7762522089515649      2.4490187003930632      4.4297063712766409
Au     -9.9640695095381968      0.0319189133683986      2.2610161730783891
Au     -8.9932624641465626     -0.0031301658791760      4.8494453869860248
Au     -8.8130620707042286     -6.6196310048425513      0.2455455802980469
Au     -7.8472301762971099     -6.7066479534194130      2.8523427358576234
Au     -6.8601340050609902     -6.6901386582259210      5.4525660275694428
