         216
Au Au   -791.39409367   nogrup     0
Au      0.3874733719668149     -9.3911568789859281      5.7174279383260327
Au      1.3605061339852913     -5.9215088484308520      4.9760256000561540
Au      1.9162822330050897     -4.5163226078262291      2.5912096715535178
Au      2.4316163060541665     -3.0767901168589145      0.2128200496891033
Au      2.9366838181885404     -1.6242683044760149     -2.1705651985022651
Au      3.4301253208968161     -0.1665736029874321     -4.5460997718885956
Au      3.8812863748583180      1.3236931199815025     -6.9151277424545547
Au      3.3840394925678452     -1.0076966639711635     -8.3912542005523854
Au      6.1021914360934533      2.6092022816824976      7.6824233065460810
Au      6.7357548283142403      4.1029347751242309      5.4695226277573710
Au      7.2386951650193812      5.5446276793782179      3.0991944042519535
Au      7.5795169790908457      6.8493966096928975      0.7084676271550343
Au     -4.7915120803449884      2.2209319955025411      5.1565827404047475
Au     -4.4025802306694404      3.7024610053086286      2.8717210028663835
Au     -3.8987385860740815      5.1617953053418981      0.4816085024460470
Au     -3.3071116235772697      6.4815440569689677     -1.8648473211959828
Au     -7.1577130953387131     -8.5006640843133887     -2.6921178173750206
Au     -9.6038343444349845     -2.3287914966108794     -2.0088015192000430
Au     -7.8111847310242188     -3.3992967353126904     -3.8385733722375832
Au     -5.2999872124439653     -2.7781395220358647     -7.8818419714448673
Au      0.9120073355238937     -7.2673992351711103      7.2803559887794620
Au      3.3603892633592918     -6.8175091341617371      3.1625495700409729
Au      3.8595398921918438     -5.3895920483218980      0.7729116231341528
Au      4.3548929892752080     -3.9484919654339805     -1.6162732434094842
Au      4.8430973690893406     -2.4986103092342073     -3.9994924280575237
Au      5.1804492435549605      3.7933744667257887     -6.7343816471362334
Au      3.9175464948625303      0.5510848498829040    -10.4752741315677902
Au      2.7717835737028436     -8.1669419841663995      5.5136216346175466
Au      0.9614439697716470     -8.2227431834492108      3.3882084588155017
Au      1.4687828978316007     -6.8027638402645270      1.0414929183133843
Au      1.9706378443318655     -5.3789100886847532     -1.3264617313104310
Au      2.4570896206513555     -3.9343403767054674     -3.7054111921875492
Au      2.9219879777376585     -2.4829977018858251     -6.0755485556495135
Au      4.3887025796962398      2.7688437115230391     -9.1512242727921738
Au     -1.1192266744003845     -7.2176946641915816      5.3666025324696207
Au     -0.5874641429373415     -5.9183794135670169      2.9294051091136701
Au     -0.0460017393504655     -4.4824043730310255      0.5354946768097655
Au      0.4738943442618537     -3.0358369271468337     -1.8465416441711699
Au      0.9777727395507985     -1.5738185065099088     -4.2265160394952730
Au      1.4480435243850436     -0.0705524724814204     -6.6002893722642160
Au      5.3323852574407224     -1.0389443460171588     -6.3641093253086201
Au     -0.5255200121548207     -4.9324665458454646      6.8575774571960508
Au     -0.0869927549694163     -3.5417604349891487      4.4955051892125404
Au      0.4497623292489870     -2.1106499324703645      2.0797875902113567
Au      0.9626512677509395     -0.6548502626280772     -0.3170405616984766
Au      1.4671555696449130      0.8133603619539329     -2.7100723131271138
Au      1.9430392404650538      2.3123155859726587     -5.1013996019187022
Au      5.7873835133746878      0.4528162012832775     -8.6321157016721681
Au      2.1922015033555224     -4.8312783978353462      7.4172648966913464
Au      2.6992031788509170     -3.4207559073215013      5.1052076069852497
Au      3.2546078878580182     -2.0098679499806558      2.7077056382504949
Au      3.7665082537696408     -0.5691140429980042      0.3264672709336658
Au      4.2633109408400927      0.8863829501194092     -2.0480652938736217
Au      4.7133307153681860      2.3783628673140571     -4.4167501115798622
Au      1.9287668139750282      1.3980231173870488     -8.9284835206625228
Au     -3.0605697547364841     -7.1713671123176859      3.3045495971548604
Au     -2.5368948201657719     -5.8937523851997788      0.8658873086867800
Au     -2.0067653340395664     -4.4460799774812365     -1.5225259723368421
Au     -1.4766424364008481     -2.9889678544404692     -3.8944376248674839
Au     -0.9897538462070543     -1.4664494796320113     -6.2639622833296222
Au     -0.4873114374923151     -0.0260524422797896     -8.5673373082234772
Au     -1.9675829479065288     -2.5579670599917979      6.3148419004818876
Au     -1.5169328838816083     -1.1520458447796607      3.9638433426736626
Au     -0.9913196895378598      0.2982011846537560      1.5401370575458024
Au     -0.4836558422457513      1.7615245058776594     -0.8555431116980898
Au      0.0087740813762589      3.2560764159555440     -3.2618502592929222
Au      0.5314913290436731      4.6553297365492643     -5.6026055179747196
Au      3.5101179704060774     -2.3513992764036917      7.5262156335156121
Au      4.0255904800756941     -0.9293512784192295      5.2171401826179995
Au      4.5863085432778758      0.4914936660026061      2.8172169408219183
Au      5.0883050618718189      1.9316351389720996      0.4519260856922713
Au      5.5392683431710212      3.4207258568413650     -1.9290547644726264
Au      5.9996019441140049      4.8226443533336809     -4.2633659962999140
Au     -5.0315575606690857     -7.0903403448070854      1.2798327155353491
Au     -4.5130421073688023     -5.9178442462549032     -1.2071897079951714
Au     -3.9732345848673143     -4.4106340062233080     -3.5823867830135239
Au     -3.4303446788673622     -2.8728426149361219     -5.9233083100775872
Au     -2.9083753630844829     -1.4156948594434926     -8.2499130582895965
Au     -3.4034345474856948     -0.1682640457235713      5.7590064483182104
Au     -2.9485615127456262      1.2574635405939683      3.4050042548565536
Au     -2.4496811711152313      2.7263867815376708      1.0062248031819827
Au     -1.9355184219139960      4.1870708358519790     -1.3958129663034651
Au     -1.4017234495394961      5.5936528355815121     -3.7505834375083342
Au      4.8307645875718208      0.1368893813658101      7.6305852308102935
Au      5.3442931530740179      1.5759762210333923      5.3088152904310881
Au      5.9195007276492904      3.0227099945133133      2.9641833031649760
Au      6.3477024143272605      4.4539556268583800      0.5787940861431018
Au      6.8204869883587174      5.8570435911154295     -1.7752247539448636
Au     -5.4041805491795216     -9.0208437097993794     -0.5845789156910612
Au     -4.6309713624683537     -8.0846491556818698     -2.9873276571322496
Au     -4.3787799290569476     -6.5457320009685915     -5.2010657560594176
Au     -1.4921564238776306     -3.7233054257674087     -7.7648999341136253
Au     -5.3812195652900527     -0.1285381099505969      3.7627964897785589
Au     -4.8893192616365830      1.3069355169833381      1.3444556622116366
Au     -4.3780906663610377      2.7908641752202250     -1.0768294322236773
Au     -3.8456509808912154      4.2526571646764602     -3.4870359004811213
Au      3.4045147690226498      2.5055027216207142      7.2295375447531001
Au      3.9576621692143599      3.9726278041709433      4.8404140261675899
Au      4.4717712069902928      5.4465793996347402      2.4163176101961383
Au      4.9352077551528577      6.9006614241936033     -0.0024418313110921
Au     -5.8971135941962673     -2.4489647411694975      2.2521373451737894
Au     -5.3907618157454387     -1.0849271542694687     -0.1695797984441114
Au     -4.8694243389870469      0.4373203801145085     -2.6303995747176039
Au     -4.3466237497723812      1.9080597598163642     -5.0196787898659334
Au      0.6462938727735481      2.3861314946010426      6.5920366329427580
Au      1.1607350022381415      3.8277760619208214      4.2041907301549308
Au      1.6882538146360844      5.3404261447921115      1.7159317667967215
Au      2.1821460252355052      6.7969679605858833     -0.6725583393893189
Au      6.7175996768341752     -0.7780918195188278      5.8260169067958500
Au      7.3352672129917007      0.5967027941917129      3.4655017957079188
Au      7.8382953270331832      2.0394570133594119      1.0929102049254595
Au      8.2161646399126376      3.5253975711057528     -1.2489617485042768
Au     -6.4339510090216825     -4.7129430615226813      0.7480069099837188
Au     -5.9066010903102546     -3.4740528118130527     -1.7367001390983123
Au     -5.3920805514990953     -1.9553556098476754     -4.1447412928817418
Au     -4.8603198094476587     -0.4399896061831967     -6.5285698745786096
Au     -2.1151358050293361      2.3024547218439650      5.9300691848334921
Au     -1.6278977856120085      3.7536591840949818      3.5278772866275787
Au     -1.1123181428605757      5.2352925769678009      1.0931807088170906
Au     -0.5857215652902561      6.6931805960931801     -1.3053463942766239
Au     -3.4430428059168490     -9.2448718696617220      1.6010074485014449
Au     -2.8579272907783988     -8.1306398177227308     -0.7880027184419198
Au     -2.3474999057581281     -6.6728185430568772     -3.1467494794077027
Au     -1.9359750968097023     -5.2562989536884270     -5.4949608417669875
Au      0.9268858692792787     -2.3506605332471420     -8.0577235274733816
Au     -3.9529603055577462     -2.5068682314336677      4.3141127568411655
Au     -3.4661352197061568     -1.1175152496747423      1.8974048803269703
Au     -2.9416922807056709      0.3513988995446660     -0.5319154332893703
Au     -2.4435666553982287      1.8569098609936097     -2.9496180630320055
Au     -1.9185168974941831      3.3124523457458857     -5.3298433572298585
Au      2.0912919647879993      0.0090624271005755      7.1166668557454749
Au      2.5762441299319851      1.4644113680394577      4.7388183971075719
Au      3.1242664917152752      2.9193375254020619      2.3103624554504449
Au      3.6041169444307748      4.4147987245855660     -0.1094493444308178
Au      4.1206254449566400      5.8523237761225868     -2.4962900661357423
Au      5.3977690568284311     -3.2649165754695595      5.7248810140016815
Au      6.0058415785337500     -1.8888802041624171      3.3741496845187733
Au      6.5181604300665104     -0.4570273078966629      0.9718595220612798
Au      7.0164180433665129      1.0153608896256019     -1.4057118907095099
Au      7.3993919955847787      2.4915918356470934     -3.7371586386169291
Au     -4.4740013241719652     -4.8108037703739157      2.7898355246713997
Au     -3.9732716568312147     -3.4913109400967617      0.3505695432648110
Au     -3.4529097245185589     -2.0151795889064683     -2.0627494387552652
Au     -2.9506516838839545     -0.4935899629211598     -4.4625490426078915
Au     -2.4258456615768029      0.9548436718216440     -6.8495096869795997
Au     -0.6820118946909421     -0.0895059026737197      6.4728376017669298
Au     -0.1905767408806289      1.3545775760702439      4.0939624241807877
Au      0.3423749757098737      2.8166938441947034      1.6575428855753067
Au      0.8389029072540666      4.3145186257008197     -0.7676307680112799
Au      1.3466757148303876      5.7551697066697614     -3.1551800351476125
Au      4.0825347696885927     -5.7458253300175564      5.6182986313960761
Au      4.6879873424269514     -4.3731397429213796      3.2653779656408339
Au      5.2003218686077188     -2.9432963262874026      0.8658059917717402
Au      5.7024734766397795     -1.4958342798464006     -1.5225899865937169
Au      6.1956185577956999     -0.0283611820202871     -3.8950393042749134
Au      2.4660342808548732      3.7174968805136368     -7.4297108646853776
Au     -1.5092764372857521     -9.3498647582182102      3.6969887744492382
Au     -0.9733961449507229     -8.1745866963615121      1.3194357979014839
Au     -0.4576103164611829     -6.7462492123223097     -1.0367893060275915
Au      0.0412692355235691     -5.3122936049152933     -3.4079640255522481
Au      0.4871117664314051     -3.8662796945325404     -5.7802982321934682
Au      6.5878041394119338      1.4576082915441830     -6.2093110629000208
Au     -2.5279647615022549     -4.8677690230021717      4.8456398464040085
Au     -2.0327880686571467     -3.5165552909242397      2.4245207677185761
Au     -1.5073086459282157     -2.0670215804868839      0.0081423851742990
Au     -0.9941760544217602     -0.5964472678150337     -2.3898742802195621
Au     -0.5060877885244082      0.9118325140090864     -4.7872460831271830
Au      0.0042335522540824      2.3573534901291859     -7.1591543181868360
Au      0.7667658089026760     -2.4710491892643862      7.0019788781031380
Au      1.2431754390570982     -1.0327029799261584      4.6238770226782293
Au      1.7857375045534418      0.4067968369026316      2.2006456410426125
Au      2.2954749039456908      1.8708654292688180     -0.2016133129779298
Au      2.7735090982422466      3.3709420600883959     -2.6046278842441843
Au      3.2868009835411502      4.8111483262414456     -4.9812186567732386
Au      8.9666709399632616      4.5270212997238755      1.2321391583789953
Au      8.5575722518158823      3.1139283091194461      3.5771694280214454
Au      7.9797965434303908      1.6972320997833839      5.8845303885009805
Au      5.7357946051022237      7.8409499826364364      2.5135492166537183
Au      5.3195711885861074      6.4745021084401024      4.9342168099196151
Au      4.7357241581115774      4.9714939279071082      7.2356773437844843
Au      3.0180638984700057      7.8288950252309926      1.8327073296676204
Au      2.5190624619705355      6.3055341775854590      4.2379641461840052
Au      1.9889894557150214      4.8780151789737651      6.6928183686854581
Au      0.2694899147105041      7.7246646363907461      1.1829438197978384
Au     -0.2435070471256013      6.2010014730072935      3.5867398110775639
Au     -0.7604067401291534      4.7750104556618389      6.0452496628876631
Au     -2.4486597379174357      7.5459825768970790      0.5858561348806894
Au     -3.0489262695923722      6.1710471959654756      2.9701470844528721
Au     -3.4516478346922010      4.6746713803050808      5.3178743675363371
Au      3.8103754643855616      8.6757318186387469      4.3126890673123768
Au      3.3202329266408093      7.2685055841976798      6.6305346038882647
Au      1.1004912835977212      8.6276163134550359      3.6996121397435964
Au      0.6078887560340254      7.2152707230456787      6.0284199918915284
Au     -1.5894941434732168      8.4822529689828645      3.0434853294856801
Au     -2.0810275896774471      7.0757028668847877      5.3645399796439470
Au     -5.7125664612445552      5.0957658374563835     -1.6230563119463550
Au     -6.2927297373265603      3.7243732551188993      0.7920803769146048
Au     -6.7291473370539832      2.2112264664032937      3.1365049084836585
Au     -6.2642676961114656      2.8242310282918366     -3.1836235826698029
Au     -6.7981273900278252      1.3491874218123492     -0.7496398434239886
Au     -7.3116153746337984     -0.1020400362390621      1.6766984996602048
Au     -6.7673123013852967      0.4780905224015894     -4.7075356737580254
Au     -7.2601254617450452     -1.0217001094238469     -2.2763681997034659
Au     -9.1866160455165744     -0.0653838806659870     -0.4443836852850467
Au     -7.2281733242729578     -1.8919622701046475     -6.1451575146319080
Au     -9.0485468730305190     -0.9883099876328689     -4.3143483156644304
Au     -8.3272833469286578     -4.6551339603509359     -1.4455088350510614
Au     -8.0794130475981127      3.7065483047220695     -1.3073862328978301
Au     -7.8459215946059908     -2.4197147722359933      0.1391952267056702
Au     -8.6077032430009197      2.2645925034829109      1.0924933458593671
Au     -7.0757238575894670     -6.9166446050112320     -0.6601125009410751
Au     -8.6493606334387927      1.3544635591634071     -2.8428024849108997
Au    -10.2755952224819325      2.2931579680049392     -0.9605733144379602
Au     -3.8914003325140882     -5.0614534665602413     -7.4344529479792083
Au     -5.9047973535752059     -4.3123542634228720     -5.6614590780521148
Au     -6.4298218381768395     -5.8835570467968470     -3.2559208481633028
