         216
Au Au   -792.02442846   nogrup     0
Au     -1.1519235901650582     10.2924455074536638      1.1910879138666139
Au     -1.6155511392641433      7.6007613851397231      1.3635898198248917
Au     -2.2048253079872620      4.8445001372412992      1.6126989403732583
Au     -2.7342999376297499      2.0714217793990519      1.8232129786234452
Au     -3.2410285518445647     -0.7154106167669640      2.0187156827043093
Au     -3.7220107429185001     -3.4994938629289036      2.1980492473248123
Au     -4.1420586096046792     -6.2941582493499579      2.3383497271693745
Au     -4.6552428964763530     -8.9745965427385457      2.5427129803227277
Au      5.2960353226920809      3.8442113956310759      7.6606399077063330
Au      4.9094334523313492      1.1060209351726566      7.9325419148293683
Au      4.4041522470378291     -1.6728548726996015      8.1274846333967332
Au      3.8001166296544526     -4.3828464980348754      8.2377832153135948
Au      5.8631592718708747      2.9343223186839360     -3.5782911073572370
Au      5.4847542014489132      0.2133974319089438     -3.4610284562631444
Au      4.9755226303104125     -2.5872044331876376     -3.2645601854156148
Au      4.3736590385094134     -5.2574192507304156     -3.0036220877698154
Au     -4.4853011633027782      4.5383418348857081     -7.7972326168521660
Au     -5.0074735634614660      1.8097730901844153     -7.7395705500374650
Au     -5.5127570217674124     -0.9691007583978797     -7.5446251673220566
Au     -5.9812287197668672     -3.6887113282002977     -7.2200850281016375
Au     -2.1674832486171374      9.1984055361709931      3.4538739053963230
Au     -2.7470412413293097      6.5392240740349443      3.7374786901010566
Au     -3.2859814894058230      3.7699505859709923      3.9505780298055253
Au     -3.8042300565025426      0.9830292971903924      4.1525127322238795
Au     -4.3003604521902128     -1.8087915850661203      4.3419396587224082
Au     -4.7712082819278736     -4.5930145769236015      4.5184316419561839
Au     -5.1671886175135215     -7.2989632894155294      4.6112024139956240
Au     -3.6738595913709302      9.3053057003107220      1.0732803439508984
Au     -4.2861613787741062      6.6484478248387955      1.3051399078897745
Au     -4.8218749504214342      3.8789457614357303      1.5233386149278552
Au     -5.3393536476947192      1.0919704968679387      1.7264912799783971
Au     -5.8362552373456458     -1.6997943550105346      1.9147003638584223
Au     -6.3103315241806408     -4.4837876155468459      2.0860924211859651
Au     -6.6735693094495785     -7.1920598381064780      2.2306099577668306
Au     -1.9591426673741710      8.9544468748239208     -1.0719548965317776
Au     -2.4928905548769098      6.1961536769325765     -0.8877397543691465
Au     -3.0633606230555062      3.4091807084049863     -0.6556731321007518
Au     -3.5848399286461214      0.6200490042178677     -0.4530294846777059
Au     -4.0787394240915953     -2.1750474002097553     -0.2639267319481720
Au     -4.5267363508876910     -4.9892840175914683     -0.1030556725719229
Au     -4.9978925190519652     -7.7576058639304746      0.1004333117144594
Au      0.6297360736366304      8.5661181827440327     -0.0138199501517935
Au      0.1614255093825614      5.8196961248588961      0.1591874848343817
Au     -0.4049833532185918      3.0155739763585228      0.3916779852381147
Au     -0.9279231818621980      0.2105773566154578      0.5966226336106999
Au     -1.4260699973395043     -2.6000454580963650      0.7856254524307040
Au     -1.8838870593771917     -5.4288102855092673      0.9482939092172806
Au     -2.4118762822448350     -8.1616890934811366      1.1596708282431614
Au      0.4897509630382948      8.7806616962873534      2.7981402774968913
Au     -0.0172248753154998      6.0204690415413067      3.0246621857575775
Au     -0.5842973738931274      3.2332542119693661      3.2620967486899293
Au     -1.1038899968646856      0.4439880868360975      3.4677203963834451
Au     -1.5996746866797276     -2.3509755125563467      3.6538421614715588
Au     -2.0510668804032646     -5.1649720258233236      3.8093443819163362
Au     -2.5489925418766513     -7.9313944503933298      3.9705254317510708
Au     -2.8063966127356954      7.5033468247919979     -3.3204162584273860
Au     -3.3467404052527066      4.7502343503273430     -3.1389636941435892
Au     -3.9174432174823766      1.9544312299806785     -2.9206179374976804
Au     -4.4244071637075004     -0.8336889278874766     -2.7250245531705426
Au     -4.8749440750006743     -3.6543364132001814     -2.5493634010775095
Au     -5.3380423901375975     -6.4197937287056677     -2.3436759571470489
Au      2.3922046520540166      6.7186976766244015     -1.2120223216066481
Au      1.9137217363559151      3.9786941391725379     -1.0322901311214592
Au      1.3683630441238614      1.1524421249620600     -0.8141141615743157
Au      0.8574225553105665     -1.6575539826869692     -0.6169873894779228
Au      0.3724945206679089     -4.4975190931411850     -0.4376670171919823
Au     -0.1438875578837777     -7.2289214994945459     -0.2335681157534424
Au      2.0965103695426759      7.1554138718407501      4.4278646877067427
Au      1.5894081162652491      4.3999422374549226      4.6618474654899025
Au      1.0342602490454045      1.6030340204667057      4.9047717349350766
Au      0.5272979597366785     -1.1850879798051013      5.1003635808041832
Au      0.0612104421414186     -4.0046333962283169      5.2514447616240787
Au     -0.4351247657557273     -6.7677330445770840      5.4046011510248970
Au     -3.6507820326891798      6.0414133863089639     -5.5764223764392886
Au     -4.2147560350347701      3.2767784603237917     -5.4031992995982314
Au     -4.7750067682800568      0.5019011171949801     -5.2220414862936524
Au     -5.2270849850538772     -2.2906632605400672     -5.0126294017636219
Au     -5.6718945944342307     -5.0739666015054672     -4.7966523473700677
Au      4.1498917691014912      4.8482827948650353     -2.4082331018410814
Au      3.6717246626069682      2.0980473358078502     -2.2291597573145205
Au      3.1688321266872377     -0.7191205940999259     -2.0374470284876827
Au      2.6479773173547403     -3.5322121225459933     -1.8341857936427433
Au      2.1277313485229254     -6.2728984313615763     -1.6280585905870222
Au      3.7108697944563724      5.5189959786902616      6.0575210156903427
Au      3.2005903936212938      2.7505496274534602      6.3155955567098996
Au      2.6843331343657453     -0.0274511076322730      6.5662727907044136
Au      2.1882661285239031     -2.8168953530712839      6.7061615261154959
Au      1.6897689736766348     -5.5963900538491922      6.8372866719886414
Au     -6.2254607351417528      5.0902110661262903     -5.6416369073041768
Au     -6.8794885023468497      2.3344496291047232     -5.3635663134478389
Au     -7.3909399146461530     -0.4783474400939349     -5.1662416794858110
Au     -7.7509002517357599     -3.2991487770703278     -5.0531036570435095
Au      3.3442979938488202      3.4570285528394615     -4.7001526483865694
Au      2.8432445510266602      0.6482877687696833     -4.4989783790409712
Au      2.3244126436794748     -2.2051085425712289     -4.2988065400649376
Au      1.8045536856992892     -5.0110247403942081     -4.1060992426337313
Au      5.5216107569774149      3.7165727430338924      4.8981374325058962
Au      5.0107276961997389      0.9192661122562873      5.1218925209512687
Au      4.4953429815673420     -1.9151753913183063      5.3207332758729251
Au      3.9881423560960139     -4.7169900810787562      5.4897671770974643
Au      0.7176559555050508      3.8739330260126259     -5.7628538956588642
Au      0.1975018034786302      1.0864023693393952     -5.5601323789668173
Au     -0.3323608997425760     -1.8276536780852100     -5.3557044337506552
Au     -0.8269442903545068     -4.6208125383513030     -5.1669278663786358
Au      5.6652594119414346      3.5228290988475148      2.0560610778649853
Au      5.1462296225961088      0.7352175259426454      2.2605562499838729
Au      4.6163687819562815     -2.1788397504157908      2.4649824430336000
Au      4.1206648186265280     -4.9719194461293386      2.6519836608051310
Au      2.6266821874379884      4.4620187541663441      8.3477931095426143
Au      1.9835154672255397      1.7054850776893122      8.6430234974647213
Au      1.4720674734139432     -1.1073140612383385      8.8403468443846513
Au      1.1012530068054787     -3.9273467550729420      8.9363237150681947
Au     -1.9008138520907014      4.2433023511606542     -6.8318462937171427
Au     -2.4352472110697079      1.4476681695226006     -6.6453033644040449
Au     -2.9506337992520155     -1.3867721774196005     -6.4464601031799225
Au     -3.4342899760854602     -4.1902567415748821     -6.2402116413188740
Au      5.8161642273711136      3.2816143948642091     -0.7937538763137848
Au      5.3058653693954243      0.4735287616018100     -0.6071929265614688
Au      4.7870345252218796     -2.3798685783504583     -0.4070219000414657
Au      4.2764228116569392     -5.1864405863566896     -0.1997026440837093
Au     -5.3802231801886657      6.5215174049645563     -3.4126752830585509
Au     -6.0143379969709256      3.8036928647724340     -3.1713355379980159
Au     -6.5439125104657299      0.9835044447639500     -2.9418083723877873
Au     -7.0417761705434421     -1.8468455044371153     -2.7749364344785148
Au     -7.4061857833384446     -4.6205455945480560     -2.6310332633853299
Au      1.5806342323479012      5.3185193782766538     -3.5020329655983797
Au      1.0643217900566113      2.5329573687810401     -3.3150347932794766
Au      0.5257673025770440     -0.3131149869602075     -3.1005943571417927
Au      0.0276158206992987     -3.1685619479354612     -2.9150612880016471
Au     -0.4694880138901834     -5.9564248512040523     -2.7110714425969338
Au      3.9017296808350843      5.3583991161563560      3.2556605856997898
Au      3.3967819242388622      2.5753856210079036      3.4696639428205120
Au      2.8529640754023760     -0.2599376365554864      3.6893403481848068
Au      2.3633801675302912     -3.1079741511027530      3.8683614849898813
Au      1.8558684398261973     -5.8931437644722200      4.0449773375572331
Au      1.0358522717983902      6.0662018044702286      6.7269313161384439
Au      0.4359110685138199      3.3459511650754346      7.0222740843055380
Au     -0.1126714164573155      0.5271091369540226      7.2217569896477229
Au     -0.5915215087662951     -2.3045923068907390      7.4186710024953531
Au     -0.9900992561013773     -5.0758690308324939      7.5085704522386809
Au     -1.0470076079369743      5.7095833042754887     -4.5650465271318605
Au     -1.5695140293176246      2.9278170271648101     -4.3787899174186666
Au     -2.1159351888774189      0.0926797297998156     -4.1632236685108914
Au     -2.6029191752715581     -2.7555403959931057     -3.9800891408349637
Au     -3.0928760790198258     -5.5419554220856684     -3.7757259826639498
Au      4.0538291104945356      5.1430107332882224      0.4064649976570784
Au      3.5507151059454056      2.3565114789563708      0.6143204866457310
Au      3.0108439422809505     -0.4894682926346450      0.8266780105667326
Au      2.5140107493041075     -3.3450088476768274      1.0142926648531105
Au      2.0037105330088036     -6.1319353776846741      1.1974247014440369
Au     -0.5784517141248298      7.6645487260338507      5.1048804780144401
Au     -1.1678849147941781      4.9541497544736064      5.3992109434422275
Au     -1.7137745168689591      2.1612871554577948      5.6068763038937615
Au     -2.2240036641523044     -0.6448040308873511      5.8037293684051470
Au     -2.6964751553699742     -3.4525899741998716      5.9889622731139678
Au     -3.1014155617305672     -6.2109179516221902      6.0782743459215709
Au     -4.5442204815495826      7.9459788462288055     -1.1623987475337563
Au     -5.1725141554695488      5.2383377897671863     -0.9294779724080815
Au     -5.7072622516861431      2.4446857676060185     -0.7042038664567176
Au     -6.2174928797800062     -0.3614036776275507     -0.5073500983462216
Au     -6.7011092583781204     -3.1683970164028432     -0.3397256004476574
Au     -7.0671931423484464     -5.9294815303929100     -0.1890018818104551
Au     -0.1889732375305506      7.1595577117090032     -2.3008260722904712
Au     -0.7033596195982730      4.3786869879826158     -2.1156732659082209
Au     -1.2573851742505235      1.5583260799359415     -1.8932152664997846
Au     -1.7697783479942526     -1.2596581300979013     -1.6955277181170150
Au     -2.2446343877791763     -4.0977789033485665     -1.5210311505670147
Au     -2.7418522238833303     -6.8803691376258334     -1.3158948122711012
Au      2.2853286195953553      6.9839702979295764      1.6094214287122650
Au      1.7848968029044388      4.2021092103939024      1.8166260948696387
Au      1.2321956182306359      1.3816535498434108      2.0411754772168038
Au      0.7198026224499041     -1.4363312256861187      2.2388624389204512
Au      0.2436244292062639     -4.2743586303030474      2.4112665111508544
Au     -0.2675453881619401     -7.0559594967430881      2.5943505473723967
Au      3.1111831113601185     -2.6810918529883869     10.2314269393522750
Au      3.5903547897727663      0.0549774826058478     10.0896118797825700
Au      4.1037762330405974      2.7778515561774562      9.8484711951211743
Au      6.0938177481260478     -3.4967034922713873      6.8458490892907626
Au      6.6803739554365098     -0.7412684270173058      6.7484506302644380
Au      7.0989471822410311      2.0311720670990443      6.4580580224921782
Au      6.2555080548425854     -3.7978134265412242      4.0838598548719744
Au      6.7181864439360908     -0.9485850389473915      3.8912364352120363
Au      7.2879469930101850      1.8802551781085075      3.6855324121708524
Au      6.3895849675406637     -4.0238840027161542      1.2645271938253497
Au      6.8509152854258994     -1.1713165892278061      1.0603042032134358
Au      7.4233926992333927      1.6617137751832747      0.8656716197011036
Au      6.4965004515992906     -4.1612749532562541     -1.5292613847422629
Au      7.0760401141472968     -1.4132511769657681     -1.8048880469225095
Au      7.5029664566325653      1.3739529532696348     -1.9175688884726174
Au      8.2715978625369129     -2.5309033266567029      5.4379316817999026
Au      8.7650207473639590      0.1827578940013721      5.2475629683936571
Au      8.4428105207550672     -2.7586376139393733      2.6830910262803744
Au      8.9374048261253165     -0.0385348794244571      2.4922705556231683
Au      8.5240204084943691     -2.9622081215161478     -0.0808302253423090
Au      9.0168305848348140     -0.2519155583929118     -0.2709625112066751
Au      3.9982693119225092     -3.9839891437967543     -5.4773190476691784
Au      4.6069653432755899     -1.2380346310923569     -5.7068718578517856
Au      5.0047371903716762      1.5512372884445123     -5.8656292750496757
Au      1.4368463300326262     -3.6724140406726091     -6.5624922636529650
Au      1.9346352806178397     -0.8224343418483437     -6.7091034644669580
Au      2.4706576987383837      2.0131817845079727     -6.9613515888754964
Au     -1.1556851674552941     -3.2718798558907087     -7.6283612688976348
Au     -0.6679205236141765     -0.4244324763901028     -7.7813449383668978
Au     -0.1232420426570044      2.4061867755885427     -8.0266917986890167
Au     -3.7052750632216780     -2.8013111968378093     -8.6400702521611716
Au     -3.2541010933162342     -0.0362707244589275     -8.9514241315841154
Au     -2.7001412747378897      2.7265608024494643     -9.0278644516983455
Au      3.6095597915753714     -2.6134570260050571     -7.8473596024190782
Au      4.1023714384115344      0.0968348425314467     -8.0374948006905438
Au      1.0887995590594537     -2.2367634182307645     -8.9387655295965356
Au      1.5833949775596894      0.4833386618887410     -9.1295883352798537
Au     -1.4613976432898728     -1.8402047792106453     -9.9435354262175064
Au     -0.9679734467590153      0.8734555067131371    -10.1339057287509586
Au     -8.0068802691225649     -1.8920953451855107     -7.3389161717371749
Au     -7.5624753986471029      0.8464404656047355     -7.5356807620986022
Au     -7.0142789077647896      3.5668458100834561     -7.7218735686503761
