         216
Au Au   -792.02442846   nogrup     0
Au     -4.8626214787899453      8.1904571053812258      4.2369075563736258
Au     -4.2378017359611668      5.6074307248913868      3.5831179055174180
Au     -3.6948437213155634      2.8963947194651318      2.9816552393966012
Au     -3.0949602031288199      0.2053738889177703      2.3388732777326355
Au     -2.4706449453091501     -2.4843636805543916      1.6778352088042405
Au     -1.8255950000336467     -5.1568900893150698      1.0024565373073768
Au     -1.1250153556811595     -7.8033835967707024      0.2872379332674679
Au     -0.5463539558975317    -10.4053113239373598     -0.3332399107535915
Au      4.2466624686556642      3.3174080701585948      8.5130489401081277
Au      4.9711011710625455      0.6966010810784540      7.9406513732856228
Au      5.5936339578725338     -1.9854574181586875      7.2815019045070075
Au      6.0897148509656160     -4.6230142866306920      6.5615896047934159
Au      3.8498740934487259      5.9053307584165022     -2.4691322508102020
Au      4.5578125438361337      3.3462891777063768     -3.1836284679796849
Au      5.1852122611636862      0.6432602412243735     -3.8479320853729218
Au      5.6850141630375646     -2.0010086071937989     -4.4122170473116018
Au     -6.7279194822535429      4.3616839047288742     -6.1009942567372377
Au     -6.1555857870193877      1.7553504656993018     -6.8759383797024096
Au     -5.5330548721541648     -0.9267079483731671     -7.5350873712224358
Au     -4.8848704065102480     -3.5787389107385525     -8.0524522917257269
Au     -5.1202409492438372      6.1948947539929851      6.0534549955917987
Au     -4.6016582904630114      3.5627914092901980      5.5143181150205018
Au     -4.0116192882652335      0.8705894851224998      4.8750637752385648
Au     -3.3971089258317422     -1.8256271891686211      4.2200229884166420
Au     -2.7618512861208915     -4.5137844433167871      3.5517844176711373
Au     -2.1077776855783084     -7.1815919100629859      2.8737481990154139
Au     -1.4244454891712595     -9.7276948455145504      2.1402755152507220
Au     -6.8103835976600733      6.3557178716798379      3.8028154203193791
Au     -6.3285394345634822      3.7271103050909780      3.2147566122342228
Au     -5.7348805794819748      1.0345641206609577      2.5803238333873439
Au     -5.1195061337687227     -1.6617349652643769      1.9264357230385984
Au     -4.4851127415392744     -4.3498101608401640      1.2570455608920925
Au     -3.8346588682309966     -7.0172738571097710      0.5741887708113014
Au     -3.1145884106352248     -9.5668726539183861     -0.1103633926712373
Au     -5.3452744870634232      7.3359212969100112      1.6678574100560875
Au     -4.7579298089267006      4.6634869351413144      1.0044410027535298
Au     -4.1878909480003648      1.9379298197165871      0.3776217144591349
Au     -3.5754167812661866     -0.7617048772427655     -0.2774415774698147
Au     -2.9368940391238763     -3.4517417142487048     -0.9469592921470600
Au     -2.2521319199276855     -6.1322466120548356     -1.6487482195872429
Au     -1.6013854625662418     -8.7938773901397127     -2.2962464906328188
Au     -2.7036801757600362      7.7326465477307131      2.5829128480918699
Au     -2.0621407651399393      5.0998278502116658      1.9130077285705847
Au     -1.4817643077377518      2.3608027214767917      1.2814443186102062
Au     -0.8642958128291363     -0.3539094884636569      0.6237637455332701
Au     -0.2237347804711494     -3.0591660089762813     -0.0505832090338814
Au      0.4577866577121776     -5.7567751898343200     -0.7551422680586724
Au      1.0437391037317467     -8.4123559386103004     -1.3849289508714042
Au     -2.5976355305077607      7.0744731735180011      5.3266888694880903
Au     -1.9802531673496926      4.3991808040019222      4.7032697813247468
Au     -1.4064016696695765      1.6732605476703162      4.0815245584533750
Au     -0.7918106811623482     -1.0265757605030936      3.4292784614124736
Au     -0.1554045319862976     -3.7164111269991533      2.7569428677817394
Au      0.5255459544843717     -6.3965529855033019      2.0500789245555948
Au      1.1462552277414328     -9.0553258553777294      1.3625835481022497
Au     -5.8196942538099821      6.3625908720913307     -0.9218656698472616
Au     -5.2406931526581717      3.6928226657747207     -1.5864093750990529
Au     -4.6690312314774687      0.9633173036762455     -2.2289789019313027
Au     -4.0444279083621471     -1.7276643697001663     -2.8903216526201607
Au     -3.3578745637628717     -4.4189315592563929     -3.5799756563784797
Au     -2.7005884170625860     -7.0754649155232272     -4.2244381045929655
Au     -0.5152197768447322      7.1595930616594678      0.8985136540577328
Au      0.1152919622420985      4.5264308836627061      0.2368648301800755
Au      0.7218309103888996      1.7805048450633478     -0.4148389550731970
Au      1.3513356079695711     -0.9315896065514693     -1.0813712416341748
Au      2.0141610034455386     -3.6544678736573601     -1.7736956033477522
Au      2.6093718027973667     -6.3020857617479411     -2.4098660426155654
Au     -0.3186707870977785      5.8391470995235712      6.4034447025955670
Au      0.2976266127806122      3.1658298093375121      5.7885631700079552
Au      0.8867408387955606      0.4346633750945159      5.1692312591867511
Au      1.5113447267735456     -2.2563183601043857      4.5078878234184439
Au      2.1804467527902771     -4.9459245963321834      3.7949955868100824
Au      2.8004378977010682     -7.5989089815095969      3.1008699563560702
Au     -6.2881864136665433      5.3830662455290428     -3.5220292339385857
Au     -5.7273667242618744      2.6961229603712162     -4.1981190614400496
Au     -5.1583183093277034     -0.0005037531549297     -4.8697097594779226
Au     -4.4801312348742366     -2.6773487703899033     -5.5187177212187732
Au     -3.7980851969361762     -5.3450532495078864     -6.1585992525675959
Au      1.6778842976072157      6.5640006111947713     -0.7909842902959738
Au      2.3125279930416633      3.9222169476367768     -1.4563522441142487
Au      2.9515478747038277      1.2085928669321544     -2.1301394668560603
Au      3.5738373950711968     -1.5118827836216466     -2.7918511978950518
Au      4.1692875396902540     -4.1697154572307582     -3.4289321186639219
Au      1.9715297274188095      4.5971204750917289      7.4768286906840720
Au      2.5925927409442284      1.9044448485070702      6.8809587296949024
Au      3.2110001242237036     -0.7968789800113179      6.2750950194235502
Au      3.8398298733166021     -3.4690268272448010      5.5603597933895079
Au      4.4616345161662121     -6.1309981632959101      4.8402567183134098
Au     -8.2921495846060864      3.5438877682441250     -3.8956136041840987
Au     -7.8054961636411031      0.7993214761586027     -4.4699175653513326
Au     -7.1753645959738703     -1.9154775872391241     -5.1371128535381114
Au     -6.4127383282662356     -4.5531874966275510     -5.8855697812333432
Au      1.2138592469076053      5.6717340058007348     -3.4036470233410929
Au      1.8524046954360518      2.9635429188191860     -4.0658522038996150
Au      2.4916317427768515      0.2095587583520464     -4.7426781116873684
Au      3.1108987900487852     -2.5012912507450631     -5.4122715914836386
Au      4.1913932508383578      4.0717025112509306      5.8434828560314953
Au      4.8190889006508089      1.3632300230213819      5.2061697044120097
Au      5.4540702444610041     -1.3724574956838973      4.5338401851544274
Au      6.0807079936605106     -4.0680300166268264      3.8430407778754185
Au     -1.4738166408948317      5.2861685158806431     -4.3147628431627325
Au     -0.8607307328291163      2.5884380042635922     -4.9692553461705238
Au     -0.2079147565083872     -0.2240925981776609     -5.6604699309887856
Au      0.4292026780791587     -2.9126191711198537     -6.3297188000394078
Au      4.0773546116781585      4.7579524868229575      3.0773258624010777
Au      4.6917006253392541      2.0601012212807599      2.4245109205840398
Au      5.3445177400186736     -0.7524284372829255      1.7332960221879672
Au      5.9803768116203067     -3.4408350515352017      1.0623693959339073
Au      1.6398868226547145      2.5988133295037139      9.3301480399201608
Au      2.1387236679208779     -0.1469119250438498      8.7720678185093881
Au      2.7688572994858021     -2.8617117675616699      8.1048719747416449
Au      3.5193009735309011     -5.4982610047244176      7.3401893387622872
Au     -4.1365077142759858      4.8641359957631014     -5.2461728427266685
Au     -3.5352334470784355      2.1581783475818521     -5.9186677907314493
Au     -2.9002535887915721     -0.5775099630292679     -6.5909972918155937
Au     -2.2471963764367153     -3.2755973005532066     -7.2466145395577408
Au      3.9872725581666200      5.4078322942375081      0.2895051367980299
Au      4.6154446780252627      2.7006284526612818     -0.3865148449895877
Au      5.2546721586505587     -0.0533546032315524     -1.0633415387185350
Au      5.8843146946365028     -2.7651918702563156     -1.7191206435301547
Au     -7.8141950317325994      4.5046124311481925     -1.3304816771283150
Au     -7.3279432794162132      1.8114205286039198     -1.9281396467199299
Au     -6.7079744140429378     -0.9261036171041370     -2.5670442912483500
Au     -6.0620907290406327     -3.6422536627406128     -3.2684476820391097
Au     -5.3181141339699467     -6.2492618806405957     -3.9733797268250148
Au     -0.9810926792707750      6.2566167913274322     -1.7150843020237660
Au     -0.3670086843888751      3.5665524168194969     -2.3839325938906262
Au      0.2529366277594791      0.8070877105640211     -3.0451273621671868
Au      0.9102636003383875     -1.9363248072514736     -3.7363346084220534
Au      1.5447557658048441     -4.6255059567207724     -4.3895039186037508
Au      1.8926159732926966      5.3198474126674409      4.7594622051848612
Au      2.5191846543946923      2.6289583263379495      4.1172302901757130
Au      3.1307778283345757     -0.1246935781884702      3.4642295002591093
Au      3.7923900317617525     -2.8563899326500941      2.7691360180763622
Au      4.4132237843956981     -5.5396856102797045      2.0905936226418662
Au     -0.6154073342385029      3.8196186773779637      8.2556150966895068
Au     -0.0908136839259002      1.1227787228098238      7.7090116594439708
Au      0.5078276126687231     -1.6127165154893666      7.0417033866521122
Au      1.1750402992503597     -4.3308955365047979      6.3687020872680238
Au      1.8806761781935664     -6.9342541859338098      5.6127135052435593
Au     -3.6598273211636085      5.8481837250604300     -2.6343201161056964
Au     -3.0529593237595005      3.1591698747930534     -3.3027843788778339
Au     -2.4442863200253351      0.4057964343360494     -3.9596721251681752
Au     -1.7797559386098660     -2.3261781445255751     -4.6508780089809356
Au     -1.1392228572417205     -5.0113484784302358     -5.3031882236289700
Au      1.7938113231621597      5.9925736386338544      1.9800532361313374
Au      2.4227044209496267      3.3010999983694189      1.3309231838624624
Au      3.0411723476135242      0.5417758290256409      0.6677600564207475
Au      3.6999783968779494     -2.2017765992278564     -0.0214789483905502
Au      4.3196621235053447     -4.8895479162886097     -0.6943674039097472
Au     -2.8901259882097561      5.0262978866494201      7.1779688072840448
Au     -2.3597824202089397      2.3425341266562163      6.6334757737417034
Au     -1.7676958125440638     -0.3715059191643340      5.9818449355235179
Au     -1.1390661888805278     -3.0798305656795231      5.3162395179537105
Au     -0.4764767367562577     -5.7713084076667478      4.6393949246202100
Au      0.2183017644592598     -8.3657375446683737      3.8867045928258035
Au     -7.3396876827606716      5.4496906312313547      1.2528127218322256
Au     -6.8529449106884881      2.7700756829383231      0.6502619214823726
Au     -6.2483587983318865      0.0548464583237926      0.0152797531377757
Au     -5.6197292241371146     -2.6534781334600179     -0.6503248194877225
Au     -4.9696401444369380     -5.3437672756009817     -1.3438163070558726
Au     -4.2312616512277659     -7.9423456741717047     -2.0384483093114802
Au     -3.1733168611490061      6.8204075735399377     -0.0298174623569842
Au     -2.5594705887781855      4.1357256032849605     -0.6989885076527385
Au     -1.9626518931279744      1.3902820575213988     -1.3449094281332048
Au     -1.3313582420754271     -1.3295225827373507     -2.0133361625856141
Au     -0.6605457195602238     -4.0454179886501738     -2.7096089841449684
Au     -0.0280477783358024     -6.7303641356127812     -3.3600930743885025
Au     -0.3971713465327622      6.5562464389988842      3.6669743109135746
Au      0.2323325446420990      3.8700746570984039      3.0186506754569793
Au      0.8306373561673794      1.1244895922961744      2.3747068062820587
Au      1.4619314514885882     -1.5953151983635099      1.7062795987770665
Au      2.1312586587571114     -4.3110684816511409      1.0080299011484550
Au      2.7481005695943854     -6.9945245470459341      0.3366984724866899
Au      5.0309177749703533     -3.9721896690060312      8.9700305590217617
Au      4.4068140758362304     -1.3528319837781906      9.6666343940365422
Au      3.8079863010028143      1.2965618094754552     10.2648926295548968
Au      7.6969223926342565     -2.5435516226091339      5.5240345285548900
Au      7.1688674433497255      0.1230782355225637      6.2698211556065404
Au      6.4585487511759023      2.7917290965880701      6.8352469354986924
Au      7.6495464076219832     -1.9663147543333688      2.8019119251501019
Au      6.9612772357278709      0.7595079027281839      3.4841522412652184
Au      6.3775268646629728      3.5139261622558271      4.1487501692016080
Au      7.5416673121184834     -1.3184889575282464      0.0475678783104687
Au      6.8495781539528355      1.4129681467509494      0.7197504189642290
Au      6.2679614253556171      4.1690196305421336      1.3961934085891263
Au      7.3778094071519424     -0.6112618506688605     -2.6558648413791488
Au      6.8260961040904302      2.0961475198743100     -2.0822598371888086
Au      6.1377898652667167      4.7311168240235588     -1.3429057859405571
Au      9.1655416556331613     -0.4363133771537306      4.4942596274002922
Au      8.5576180649520239      2.1828024778993744      5.1379405918723764
Au      9.0996098791386881      0.2067658937469243      1.8012261611039451
Au      8.4902441867897753      2.8320991442377528      2.4464354016390528
Au      8.9408792266885762      0.8375807708202720     -0.8939870844516857
Au      8.3337114965031809      3.4534450933363363     -0.2511041250095598
Au      4.5748169842525668     -0.3445464810023102     -6.3884030310912250
Au      4.0558159794317978      2.3597498287935452     -5.7712370331800198
Au      3.3347982040090369      4.9978330691922164     -5.0754451671593106
Au      1.9847392886215287     -0.7897255634355798     -7.3521849828210932
Au      1.3335540513350352      1.9378391506499373     -6.6255341649316950
Au      0.7110345392860964      4.6977839579481371     -6.0035601970859762
Au     -0.6657482193828557     -1.1750821470199053     -8.2709539621954669
Au     -1.3258724365460317      1.5480630816790493     -7.5512359773531088
Au     -1.9377657893984583      4.3051604852969847     -6.9241160886565583
Au     -3.2975771993649348     -1.4973819950355933     -9.1165271859956327
Au     -3.9775303060315812      1.1837025948314421     -8.5730155481828838
Au     -4.5359473141334163      3.8378996008510113     -7.8053157934370123
Au      3.4268992810109027      1.3622581276313017     -8.2365504867351795
Au      2.8197318581575881      3.9781231821689498     -7.5936678666702315
Au      0.8484730946964083      0.9918933012353484     -9.1862067890338466
Au      0.2391079635744644      3.6172270690375647     -8.5409973205045802
Au     -1.7547972002928010      0.6027991617933108    -10.0475508451400231
Au     -2.3627193025286433      3.2219156048994257     -9.4038704224187768
Au     -7.4434545214926624     -2.7852030630988045     -7.6411655391407480
Au     -8.1065685175229270     -0.1621328865451579     -6.9965133703960358
Au     -8.6663834997749234      2.4835486998690768     -6.3463060676980234
