         216
Au Au   -791.88310512   nogrup     0
Au     -5.3696362709326024     -6.5550371205009084      7.0811122694941915
Au     -3.4083303213176173     -3.5871574709025245      6.1373675554092237
Au     -1.1881183791128582     -3.1665951384923554      4.4416161223106450
Au      1.0047188220405336     -2.7132585833593952      2.7128607950821788
Au      3.1960023144043870     -2.2488077891989464      0.9729779047276423
Au      5.3761234280271157     -1.7742475811570628     -0.7673474162786249
Au      7.5328173311533462     -1.2571349955808957     -2.5297998306501590
Au      7.3155099943131781     -2.0637390309672154     -5.1964743404246683
Au      0.3348833518838861      5.5170337630483814      8.4936470395728385
Au      2.5248017803869267      6.0906273574054000      6.9431681439546757
Au      4.7035436197865081      6.5509563653292453      5.2146589219404866
Au      6.7431536650308219      6.8704819758500637      3.4070427705824748
Au     -6.3232554787075772      3.7479252057476882     -0.3304348302657516
Au     -4.2754264288842867      4.2828127775361384     -2.0886624291002533
Au     -2.0782551418774844      4.7518010988870403     -3.8338061252272020
Au      0.1255330844384208      5.1136387566111106     -5.4478716533343121
Au     -6.1040746787861258     -7.2277051583277983     -2.9623895076920164
Au     -6.4934233110993542     -3.4212845860989765     -6.9726608642411385
Au     -4.1922171132682875     -4.9373454589524171     -6.7634355009169660
Au      0.3772797909117873     -5.8266094066004195     -8.0184396292219073
Au     -5.4841570998944436     -3.9776981144810604      7.8286311149758454
Au     -0.9782039998368522     -5.0221040779069055      6.4934541668434598
Au      1.2019085363298696     -4.5887903740571625      4.7461391943066360
Au      3.3829487850907434     -4.1411249048257472      2.9977912379593583
Au      5.5592905097834517     -3.6812797483988122      1.2497391395605071
Au      9.1664821455072136     -0.8151974334148209     -0.2891342671428418
Au      9.5833931975748516     -0.8449090081354935     -4.2514991547933221
Au     -3.1846219792610988     -5.4009183194561148      8.1328421360921404
Au     -3.2278797820448668     -6.3325880671041856      5.4994360920266203
Au     -1.0721019299313634     -5.8894097923902988      3.7829805868891810
Au      1.0939100100520103     -5.4516008671398337      2.0542292891153586
Au      3.2629831353215453     -4.9952094901317077      0.3101295884008266
Au      5.4285648605506731     -4.5264916754090487     -1.4451065371190772
Au     11.0612853371039961     -0.4510809851401412     -2.1160804377286908
Au     -5.7940433483585476     -4.7460900608997791      5.1618732462616421
Au     -3.5820792261105510     -4.4323131229578800      3.4525121469936835
Au     -1.3562715793254918     -3.9870984491266865      1.7297898990455280
Au      0.8443895438881042     -3.5298872609869010     -0.0018350888699388
Au      3.0303383848097747     -3.0545646092412815     -1.7415466955394834
Au      5.1887947891153283     -2.5331000517616298     -3.5064033534180812
Au      7.5160742618729888     -3.9738788250831840     -3.1895519594401680
Au     -5.7778902978623892     -2.0449308673958564      5.8591679557526817
Au     -3.6636237008075634     -1.6281750624089577      4.1119068431242027
Au     -1.4312948046491900     -1.1914875303120116      2.3794014323018686
Au      0.7757096480819183     -0.7286897541785589      0.6337224737996401
Au      2.9758504019590815     -0.2540047236601524     -1.1187020078455134
Au      5.1606028073738965      0.2503910846424695     -2.8946258560291032
Au      9.7832280957179485     -2.7407509114466579     -2.2609572859341149
Au     -4.0724517032456102     -1.6219304888593928      8.0142479030824134
Au     -1.9331788051420253     -1.1711488256600884      6.3360146012636420
Au      0.2961627795608850     -0.7493769954560996      4.6326711527982063
Au      2.4883940152847650     -0.2949736345719867      2.9020262454978933
Au      4.6704012898364065      0.1762325881834093      1.1609755301461604
Au      6.8336279068989434      0.6824976694325153     -0.6121388542991930
Au      7.3112447335206845      0.6706948149343734     -4.5874053237242656
Au     -5.9332666577946647     -5.5775488022359978      2.4556412147255990
Au     -3.7295480073194245     -5.2442980986914227      0.7502760666331554
Au     -1.5038024194495936     -4.7988534962793947     -0.9858506086680059
Au      0.6865251188795223     -4.3274514249752114     -2.7110607016687975
Au      2.8598507035754483     -3.8038002961207988     -4.4740779286223766
Au      5.0080525424589943     -3.3244717686122280     -6.1498001607842703
Au     -5.9917135147810541     -0.1208802081111573      3.7962500674778745
Au     -3.8722255783675514      0.3210915707336550      2.0605288029886637
Au     -1.6398592109596182      0.7733291621223657      0.3107559481685414
Au      0.5640274821109017      1.2437951781793783     -1.4381606506413860
Au      2.7689812569590222      1.7369376075205820     -3.2137505050375150
Au      4.9360284041963167      2.1662135156062985     -4.8961751303133472
Au     -2.6053771373182175      0.7641722746209751      8.1963220778630088
Au     -0.4591427258182230      1.2290185205265391      6.5231435731402136
Au      1.7772549084481712      1.6603795695397414      4.8193351084334104
Au      3.9516564490837194      2.1198572666517226      3.0942259029612806
Au      6.1083279546594964      2.6172872845873405      1.3101653306351650
Au      8.2212833805150645      3.0579614973485132     -0.4049347755310606
Au     -6.0801134430649801     -6.3892412002145891     -0.2559537873994486
Au     -3.8597789140274230     -6.0423444557240673     -1.9729115173966107
Au     -1.6674213472363120     -5.6020445216078665     -3.7224507358207042
Au      0.5160997985082403     -5.0701253424805044     -5.4300093321199121
Au      2.6949859672426548     -4.5985960067082408     -7.1092940382800034
Au     -6.1901069478362611      1.8197149456441726      1.7347108612345394
Au     -4.0602214112391799      2.2812405255104879     -0.0088664622473331
Au     -1.8590860524241024      2.7585802862434972     -1.7659890951378792
Au      0.3532958867012759      3.2236027559083333     -3.5137466201973862
Au      2.5412506317060588      3.6595417845142522     -5.1990746547886388
Au     -1.1314976190108448      3.1581355844472094      8.3766142240366079
Au      1.0247984593654287      3.6349984568362537      6.6888354029024661
Au      3.2427549411300403      4.1123870803289826      5.0241894621552206
Au      5.3722798035839903      4.5539476982576490      3.2391036828808097
Au      7.5100770497461422      4.9836655443483027      1.5151592900875599
Au     -5.7793886555171019     -8.9558371824679703     -0.9118269885763581
Au     -3.7243307708969882     -8.6800630783925854     -2.6530745949721961
Au     -1.5669473141005035     -8.2388554117135193     -4.3620961225933925
Au      2.8882712892847717     -6.4923059011269091     -5.1125053366324611
Au     -6.4105768940505881      1.0177090205135344     -0.9423541921069365
Au     -4.2103074648827885      1.4774186720710212     -2.7195206985051374
Au     -1.9860955253594810      1.9551755767695993     -4.4867329476037163
Au      0.2551495033228373      2.4258224336846994     -6.2268703298658270
Au     -1.4228293544525508      5.1385467504491089      6.4287290824626524
Au      0.8119442865559516      5.6183170078743956      4.7128080301109918
Au      3.0403994462887693      6.0892216568492064      2.9447166642188662
Au      5.2227889622416503      6.5411422496000275      1.1530250636169868
Au     -6.3557295800770000     -1.7579094662247661     -1.6092050436084300
Au     -4.1686784549277887     -1.3178905047483545     -3.3685726077204503
Au     -1.9094245566731902     -0.8298114220731927     -5.1645436815201826
Au      0.3221945188775435     -0.3537067563749154     -6.8889562569441960
Au     -3.1148884748028229      4.6717450387850725      4.2022785739965620
Au     -0.9146225924068336      5.1284931848589670      2.4699394390099130
Au      1.3735923873943945      5.6122248114858229      0.6547161325397965
Au      3.5603468651283094      6.0797574373644947     -1.0967615144296907
Au      1.2065996410763480      1.7081661911178574      8.6762000463852900
Au      3.4497834063393862      2.1139232769587202      7.0508373499175185
Au      5.6291945998500417      2.5730324878027946      5.3205985516013250
Au      7.7059496657294861      3.0787698990620660      3.5165116391658522
Au     -6.2887437039156975     -4.5190887339654315     -2.2983507186080274
Au     -4.0831512033072652     -4.1023160783808725     -4.0472892136759437
Au     -1.8715877406093036     -3.6227082914747326     -5.8081689257296691
Au      0.3742243613391187     -3.1263079717545574     -7.5413750606856791
Au     -4.7869092705018765      4.2283078966000947      1.9464835376355332
Au     -2.5953382095194666      4.6902839024464429      0.1835447475480798
Au     -0.3556508682730631      5.1650211015396241     -1.5928439040944795
Au      1.8621193326862195      5.6313143848061600     -3.3295159379670896
Au     -5.6648415508380277     -8.1881890707648246      1.7475220356463517
Au     -3.5176714696667748     -7.9575339896319770      0.0754101879914018
Au     -1.3861719193696274     -7.5278013912956920     -1.6682004320568815
Au      0.7786539900989575     -7.0683718018445889     -3.3794869397036944
Au      5.2056141159370473     -5.2261652853269576     -4.1492368839487703
Au     -6.2104536422615881     -0.9211821478138287      1.0976980237364629
Au     -4.0324493357739559     -0.4991439209758335     -0.6585047139985605
Au     -1.7908243208124832     -0.0350396731878098     -2.4168805033149994
Au      0.4242142950169323      0.4624870213841881     -4.2006280108926539
Au      2.6367338524506145      0.9294701468186739     -5.9206957885608773
Au     -2.8884133448402469      2.7325745901027494      6.2492553469080612
Au     -0.7138801639498069      3.2030181510666829      4.4998940716414069
Au      1.5392660469823654      3.6559434703006204      2.7573443347303339
Au      3.7441110009623237      4.1460206481765587      0.9625941900474189
Au      5.9423766894054451      4.5962163032127537     -0.7670149648284443
Au     -0.2673440539561349     -0.6835482636756005      8.4983544560193103
Au      1.9624917089530844     -0.2753047734315750      6.8719447649577674
Au      4.1641857015262609      0.1614699764874539      5.1309835853848504
Au      6.3494102364056637      0.6445409704426410      3.3865029283802599
Au      8.4189291595704052      1.1490103273115322      1.6020219634155275
Au     -6.1465900022197157     -3.6640610913439273      0.4215294686598234
Au     -3.9658615567084023     -3.2721241697764318     -1.3158248534861201
Au     -1.7285840297002562     -2.8085374130573140     -3.0684984792466210
Au      0.4765360095022400     -2.2998604718266780     -4.8479794754596774
Au      2.6922566511914683     -1.8512214535599867     -6.5698460588024972
Au     -4.5837250974928274      2.2801516626968534      4.0011530833046400
Au     -2.4053891904106228      2.7435824974385992      2.2598583943570922
Au     -0.1561562166375785      3.2007093893120380      0.5002473198798789
Au      2.0664758296107877      3.6910398808766391     -1.2871891118627836
Au      4.2589167476992182      4.1431594350708973     -3.0231784490919775
Au     -1.7327969395581229     -3.0701169143694331      8.3206261943161692
Au      0.4948542957727620     -2.6688557910252584      6.6894405130921442
Au      2.6936132820565017     -2.2349251336022258      4.9488049411758936
Au      4.8819466282422610     -1.7789494949075140      3.2061413161531611
Au      7.0548257567415344     -1.3001189736371845      1.4639427650950303
Au      8.9589719654648103      1.1551296585564117     -2.3602707104124203
Au     -5.5240990003250081     -7.3715248042379331      4.4461972100383313
Au     -3.3875771079894470     -7.1442916472960905      2.7880435875078966
Au     -1.2211430719519425     -6.7030843992897866      1.0622014279774525
Au      0.9365792621700988     -6.2613080967272277     -0.6671003042802326
Au      3.1036663332710539     -5.7915941829491002     -2.4191556353709167
Au      7.7238954395780333     -3.2185296770598564     -0.5003717065075897
Au     -5.9990976834467489     -2.8377730614747385      3.1354357694606811
Au     -3.8172397084202485     -2.4581772660307601      1.4000474400225897
Au     -1.5865850529101637     -2.0060607449378915     -0.3448396927042126
Au      0.6235357934951451     -1.5314540664837555     -2.0975749231835437
Au      2.8161692619076675     -1.0235987436783489     -3.8778243598342961
Au      5.0109449901856848     -0.5718406522445258     -5.6038941414414776
Au     -4.3580247623412500      0.3408689140861538      6.0561384159185181
Au     -2.1933175939048075      0.7955249896987944      4.3065188429948122
Au      0.0497775189918175      1.2361565613759198      2.5691997410215066
Au      2.2598222535487489      1.7045492410777876      0.8160790134082418
Au      4.4567887173955389      2.2019636536241505     -0.9677554140779847
Au      6.6383453589080101      2.6579774938517819     -2.6963686376114104
Au      6.9377279200313833      4.9745466697725886      5.3977553647442491
Au      4.8519834025654829      4.5355632867083600      7.1625906662180974
Au      2.6622527521124733      4.0721433737809960      8.7908864843061281
Au      4.4552312446354119      8.3932531261659094      3.1119238145910266
Au      2.3260574796107871      8.0245317001209067      4.9093942987569505
Au      0.1156429031161921      7.4773863775618379      6.5561842171023308
Au      2.8461357554196303      8.0134941689195767      0.8499281155891474
Au      0.6298028936313009      7.4895661734628742      2.6303143649121559
Au     -1.6202353178847773      7.0715102371433289      4.3944092401754347
Au      1.1729420797074808      7.5591140239596992     -1.3820556003537305
Au     -1.0529359949315023      7.0329156995074227      0.3883692688228138
Au     -3.2958575085166011      6.6167047158536016      2.1632277512651150
Au     -0.5274504226557225      7.0563551583950037     -3.5347556530907180
Au     -2.7736206788733777      6.6569524792852226     -1.8815430174781831
Au     -4.8775474581390741      6.1377375601751334     -0.0848062792034838
Au      2.0740719706790518      9.7642517127892390      2.8076873285693758
Au     -0.0556373509457377      9.3152348443591926      4.4979697680752082
Au      0.4194581746227697      9.3765836624386463      0.6092183337327128
Au     -1.7202045182193064      8.9257046134144638      2.3069775248854150
Au     -1.2154593248882830      8.8835138667092188     -1.5751371382979933
Au     -3.3481536860174668      8.4340915008197257      0.1164807908742951
Au     -2.1402450141684071      3.8269036889175729     -6.4526365199504045
Au     -4.3865093606367696      3.4418201968030195     -4.7710623443211659
Au     -6.5120182684702739      2.9011981273179863     -2.9890985849816474
Au     -2.0398534406355262      1.1347938333313796     -7.1807151908771729
Au     -4.3215607525766524      0.6441691979785222     -5.4309390623291698
Au     -6.5457672833962635      0.1853439452785919     -3.6202006013873049
Au     -1.9815985982799189     -1.6704209858654160     -7.8473621380074796
Au     -4.2615159254801647     -2.1306639482608514     -6.0932304775236723
Au     -6.4847357420414431     -2.6152635748194069     -4.3016430557510930
Au     -1.9569800356156346     -4.4143362199784884     -8.4023710629171475
Au     -4.3038259441626394     -2.9616702321827235     -8.6884042767323173
Au     -6.3178163856593521     -5.3297063873260955     -4.9735901755000516
Au     -4.4287176126306376      2.5558282305274336     -7.3756888045901974
Au     -6.6721885293872534     -0.6718767484255741     -6.2642061332479262
Au     -6.6047119497092819      1.1868531591172369     -8.1890776443938815
Au     -6.6207621490673967      2.0954700614443578     -5.6475270667828052
Au     -4.2983768468407586     -0.1754856774558462     -8.1286847305795824
Au     -6.5427177455471668     -1.4597476342876847     -8.8215219481663549
Au      0.5679135961844131     -7.7072977608046367     -6.0311416430784561
Au     -1.8141381694798415     -6.4074931034043159     -6.4549659633124001
Au     -3.9948945962351132     -6.8700113098805700     -4.7245630064442317
