         216
Au Au   -792.02442846   nogrup     0
Au     -0.2113724039041007      9.3333881951106932      4.6393153024952660
Au     -0.3254251848297147      6.6235750876207806      4.2735583589254791
Au     -0.4675682444727625      3.8084829967609566      4.0259244979230431
Au     -0.5965445959549105      0.9985048637231988      3.7065354732246831
Au     -0.7205442247895228     -1.8164889062622489      3.3574496979530775
Au     -0.8388322466895963     -4.6198286526787236      2.9807341944692212
Au     -0.9436757053784883     -7.4117550652683715      2.5330439808529110
Au     -1.0686537284309146    -10.1283515872119878      2.2258746019609887
Au      9.0984686525881067      3.5128152116516640      2.5277133618116459
Au      9.1108956441380879      0.7585484104560565      2.1603758714435113
Au      8.9872501978747845     -2.0484080721690239      1.8122886293231257
Au      8.7324088240209079     -4.7973780856595631      1.4971762769741996
Au      1.3104514387220814      4.8379366363045664     -5.5378830858520800
Au      1.2151396703896005      2.1304216404098364     -6.0076223200045051
Au      1.0905275155101615     -0.6984824335879694     -6.3584331582394773
Au      0.9459608252372806     -3.4365875156088821     -6.5640013101632402
Au     -8.8834380577170418      4.7035838240377847     -0.6871462422743804
Au     -9.1202346547348796      1.9658214385720152     -1.0990439037324169
Au     -9.2438801178831973     -0.8411344741367959     -1.4471351884066692
Au     -9.2494985511769325     -3.6066082589327113     -1.7176934424581045
Au      0.7772982971357245      7.6352038563664504      6.5067160097417567
Au      0.6641961778011876      4.9087313945349127      6.3039368306760029
Au      0.5305313348710436      2.0996810765537277      5.9939242490842002
Au      0.4033575970117660     -0.7192904318182451      5.6570121431659590
Au      0.2823060124058450     -3.5354334885157641      5.2951170906428029
Au      0.1688696796405074     -6.3359973563943939      4.9094843258740628
Au      0.0432520348325824     -9.0288708044810360      4.4402124987300748
Au     -1.9920105021175769      7.8185873560343211      6.0116101750277782
Au     -2.1653080125860238      5.0961007832579250      5.7980691376306677
Au     -2.2930408474452855      2.2866577565433257      5.4891169782033149
Au     -2.4187974949198376     -0.5324072927058738      5.1524578880043119
Au     -2.5412663738434689     -3.3484557519885243      4.7903090833735664
Au     -2.6606350958752016     -6.1486262328702033      4.4036149239804967
Au     -2.7260570068139747     -8.8454856557397843      3.9451051606703782
Au     -2.3760576473171970      8.2809620674331974      3.3089990097671524
Au     -2.5275649609954045      5.4889079880062663      2.9796333605835752
Au     -2.6684229612083432      2.6520582955860803      2.6986490364023918
Au     -2.7972227545973021     -0.1699147251713296      2.3637789711802739
Au     -2.9168919663988100     -2.9886001633701014      1.9991537799825050
Au     -3.0252584582667432     -5.8095621416907210      1.5785150287365735
Au     -3.1196558387640700     -8.5999712064621736      1.2156020674732151
Au      0.1757383929014527      8.3264413723992607      2.1011021238430363
Au      0.0604161413166704      5.5631910086422023      1.7226493774331821
Au     -0.0768683359446647      2.7108534833962872      1.4340413659598852
Au     -0.2045336871697336     -0.1270272976760030      1.0969828182102681
Au     -0.3267338555358923     -2.9615139699314410      0.7306145965980555
Au     -0.4400829730029119     -5.7989856266759077      0.3136318795210453
Au     -0.5685605898213013     -8.5704057339131214      0.0057327642411646
Au      2.1259644088051499      7.9828376356918636      4.1138845810988069
Au      2.0236726401264979      5.1875247773940112      3.7933174235931961
Au      1.8890600551032506      2.3502614356929996      3.5134497837255587
Au      1.7637273729725251     -0.4719418481229782      3.1792003492032777
Au      1.6405910227892697     -3.2903979883841084      2.8139559194880768
Au      1.5259796588615546     -6.1109471406932343      2.3922014292511289
Au      1.3823664956960755     -8.8980974029211932      2.0204898710046599
Au     -4.5542258265241244      7.1084859064532591      1.9823523817426292
Au     -4.7124030941038946      4.3203282987757072      1.6572660651135660
Au     -4.8631804369314615      1.4775107151893994      1.3647798497234476
Au     -4.9872372291322922     -1.3387849912705443      1.0155320364754594
Au     -5.0863630321688245     -4.1691746037983393      0.6044856357189818
Au     -5.1737329797257026     -6.9553541234763614      0.2383011012631897
Au      0.5580870952361350      7.1981717857501710     -0.4554128861404365
Au      0.4405394468866484      4.4374175710085231     -0.8204970243785255
Au      0.3078205148899626      1.5715424526796711     -1.1396600897344324
Au      0.1827905621639156     -1.2668497436263104     -1.4916473570219964
Au      0.0633922435443117     -4.1244516440603061     -1.8822495532002748
Au     -0.0625091314457276     -6.8903941775389548     -2.2025279468818990
Au      4.4592302587995496      6.5116132070883683      3.5938045912143455
Au      4.3621614767261896      3.7194089686673601      3.2796440154562791
Au      4.2399773277557431      0.8746976031079572      2.9922714764896856
Au      4.1159203878835875     -1.9415987054002235      2.6430253949745151
Au      3.9882021246025818     -4.7700959653977080      2.2268683175166935
Au      3.8397245244344149     -7.5522294747568761      1.8497590290635699
Au     -6.7356308874443744      5.9277289046159165      0.6455341159156696
Au     -6.9156268003189663      3.1245143287279324      0.3279357380350039
Au     -7.0869978069661848      0.3109468186585991      0.0099460727151133
Au     -7.1633491778979153     -2.4991896521058923     -0.3694591861047751
Au     -7.2302077261659985     -5.2999776281520159     -0.7468110481088495
Au      0.9392789478021242      6.0464644388448789     -3.0141439444001428
Au      0.8217573146975754      3.2761394991335457     -3.3829200667009278
Au      0.6984778729067584      0.4337905268203830     -3.7461684142250755
Au      0.5712397667064280     -2.4110170298256275     -4.0881810315873883
Au      0.4444437463793478     -5.1871023662042628     -4.4072116127581236
Au      6.7979567583540241      5.0315310788797518      3.0651085722129157
Au      6.7166674403694113      2.2217795566010339      2.7651594142035805
Au      6.6261694326937519     -0.5971436734427114      2.4616317698154582
Au      6.4689455233183999     -3.4019255857502078      2.0677701122007139
Au      6.3033813572215953     -6.1961776402273046      1.6727723666100065
Au     -8.5149480096227990      4.4251590835559762      2.0996073370584423
Au     -8.6802065627342628      1.5899772866830397      1.9159559226864182
Au     -8.8053619441102118     -1.2512438325284361      1.5636163202543365
Au     -8.8882318950462960     -4.0489775646603992      1.0487299457888799
Au     -1.2438492149384346      4.9488874241350702     -4.3804289151898432
Au     -1.3592083155538162      2.1132806262837218     -4.7362135127184040
Au     -1.4861698921060849     -0.7689514437453351     -5.0936380931753273
Au     -1.6206344256178258     -3.6047408950063851     -5.4411605141432418
Au      7.2403244738383403      3.9504649658435955      0.5141695622545175
Au      7.1344026561419751      1.1193167526208296      0.1834559524445822
Au      7.0082850469544038     -1.7437671656154832     -0.1715918388526987
Au      6.8650759410488487     -4.5683209889077521     -0.5422352205379664
Au     -3.8255902749421806      4.9226203698187465     -3.1409443265519696
Au     -3.9534728664127301      2.1024720779699151     -3.4762046471675978
Au     -4.0831337508049952     -0.8410326606395078     -3.8412283025696743
Au     -4.2035631977507570     -3.6579702858004826     -4.2050208530574018
Au      5.2700315339458523      4.3203029992565067     -1.5148025340303111
Au      5.1442132432977914      1.5000180743704625     -1.8496918602814940
Au      5.0145534290583011     -1.4434864714521778     -2.2147131120580426
Au      4.8920602741523869     -4.2602876359703856     -2.5788733664579206
Au      7.7587443057067205      3.3475125830421728      5.0090679001945837
Au      7.6134492658728048      0.5110080283272955      4.8289899869694359
Au      7.4882944400417699     -2.3302147749363264      4.4766529256493985
Au      7.3854618622341981     -5.1266282992343157      3.9581993879857045
Au     -6.4049835884705306      4.8540633168684097     -1.9253787463068210
Au     -6.5541952527198308      2.0257822217510295     -2.2638348349579367
Au     -6.6803130982774146     -0.8373018281332687     -2.6188858448319170
Au     -6.7802333351567583     -3.6647219751157483     -2.9817924656681773
Au      3.3004033087271614      4.6479638676759851     -3.5679943071015554
Au      3.1680453269238051      1.8134828639705725     -3.9268169046968051
Au      3.0410842151780573     -1.0687489399915409     -4.2842401439992157
Au      2.9236186528589374     -3.9056640960660118     -4.6287228127707500
Au     -6.3518221676637534      5.5818441340027301      3.4089219487072508
Au     -6.5313636315897732      2.7942928657383233      3.1985867705203042
Au     -6.6451895432024877     -0.0641555562409204      2.8777898605622969
Au     -6.7827840836444029     -2.9133461345267380      2.4907835911483893
Au     -6.8475872548299144     -5.6728136764092074      2.0132345816726662
Au     -1.6274759062587516      6.0903199091707148     -1.8189618560746670
Au     -1.7642644656377491      3.2758378066104905     -2.1666490692887912
Au     -1.8944959873871556      0.3933333576313358     -2.4988660098575117
Au     -2.0179528508364943     -2.4832986134830568     -2.8808371142484326
Au     -2.1291526929057008     -5.2985638687078307     -3.2312919957180579
Au      4.8883160984191765      5.4367580531802417      1.0398437733400474
Au      4.7789249796990676      2.6224375390297148      0.7028492176161976
Au      4.6486129037558062     -0.2520068840134666      0.3809169324524628
Au      4.5260456777418741     -3.1183540347190162     -0.0090607194574126
Au      4.3876822171333307     -5.9284844509032162     -0.3695497698432124
Au      5.4434291941120723      4.8007618407236201      5.5177125745937179
Au      5.3267099206505577      2.0090503650439944      5.3186109022890840
Au      5.1779358579599499     -0.8470851135378634      4.9915682248120667
Au      5.0752903259721371     -3.6985917197656581      4.6108116267017731
Au      4.9476659039984998     -6.4539006677974253      4.1220321263139272
Au     -4.2093912770233146      6.0392113952103763     -0.5866707700015592
Au     -4.3510598536225569      3.2270286025079584     -0.9294374531376466
Au     -4.4861553607863680      0.3529011244303160     -1.2522268986499281
Au     -4.6039399971677231     -2.5137623028873666     -1.6413512773778418
Au     -4.7100266310613144     -5.3260298357863984     -1.9960702920898150
Au      2.9192190012540316      5.7892351789371617     -1.0060907245365538
Au      2.8066935243705240      2.9731465135178987     -1.3494390467349202
Au      2.6740406662707823      0.0908028470241344     -1.6820882568023627
Au      2.5530061813850109     -2.7859899743117706     -2.0636253809381859
Au      2.4175429150783492     -5.5996488318189783     -2.4184178276925703
Au      3.1113766894461925      6.2431266646142705      6.0400671143394771
Au      3.0008162734671084      3.4634793496664109      5.8359610398457296
Au      2.8591114666931938      0.6312735686004332      5.5201643616103730
Au      2.7342549657648911     -2.2031730653387545      5.1686672999635022
Au      2.6267603905517403     -5.0282104534649363      4.7829129620509860
Au      2.4939913507845555     -7.7725520775107437      4.3019923617658531
Au     -4.1792544349566576      6.7259123090228901      4.7366256771090018
Au     -4.3612540742569426      3.9509956409244831      4.5197473488876660
Au     -4.4824750777444677      1.1174341855091763      4.2076121146134025
Au     -4.6073318678351001     -1.7170110614490453      3.8561132893780723
Au     -4.7353108717979779     -4.5406909938154705      3.4666960064704462
Au     -4.7966409764978923     -7.2897626767216224      2.9985469396219440
Au     -2.0123274143895045      7.2102651364079522      0.7425698623264978
Au     -2.1492799422361935      4.4010531200724188      0.3937295107239542
Au     -2.2849627275641828      1.5379734427601388      0.0851278019829937
Au     -2.4103482854176455     -1.3084878871731380     -0.2678603018463281
Au     -2.5264386871765931     -4.1610714024541355     -0.6680555581615870
Au     -2.6370306325808710     -6.9715414847148480     -1.0161094898822292
Au      2.5364035142170422      6.9090467197207195      1.5558054305694995
Au      2.4251034113728740      4.0981363336842751      1.2115516559013635
Au      2.2918541603269080      1.2348951263608905      0.9033856902545949
Au      2.1664688067441169     -1.6115663158095881      0.5503979943214521
Au      2.0479454574583906     -4.4639893675821885      0.1497685600450662
Au      1.9117012861729534     -7.2727609191745550     -0.2028709178275285
Au      9.6680482759802935     -3.7009547775993497      3.7923113079015156
Au      9.8138494467860689     -0.9507416007826537      4.1807217676841599
Au      9.9109423870701541      1.8131527247280679      4.4761090869338105
Au      9.2583070303207098     -3.1560465293643638     -0.7418548974542514
Au      9.5093249042048971     -0.3701882220893786     -0.3926593823818845
Au      9.5042678740748023      2.4276890604198784     -0.0494226696587194
Au      7.3618439525023014     -2.8991065010289141     -2.7624505625731048
Au      7.4560715599554062     -0.0354685036101312     -2.3624813769325570
Au      7.6144877550327905      2.8363402679577518     -2.0512045159604408
Au      5.4025302043721073     -2.5665449709565413     -4.7794327786281725
Au      5.4872772147995175      0.3020882101979581     -4.3851796151403191
Au      5.6555095923694205      3.1765074046945783     -4.0672423144875003
Au      3.4407721149675354     -2.1604288743143343     -6.7344622644175001
Au      3.5571496451215960      0.6493690969359656     -6.5000184724779242
Au      3.6870611671262288      3.4307349421036508     -6.0411067542328105
Au      9.6910790736225181     -1.4630759064821879     -2.8876158677398944
Au      9.8118225048697525      1.2780077408217894     -2.5476976138815157
Au      7.8042434101943829     -1.1351719068656054     -4.8882802075461669
Au      7.9252738825601465      1.6124183722540026     -4.5475552350684003
Au      5.8486079918870271     -0.8037496840285927     -6.8255328260593293
Au      5.9692017158045436      1.9339315153270547     -6.4860359035609942
Au     -1.1519440473551321     -1.8562953675253837     -7.5555641175356651
Au     -0.9819673335641927      0.9499533535240596     -7.3115361990066949
Au     -0.9056550187510157      3.7348687469509927     -6.8622064800206424
Au     -3.7025240432572386     -1.9636017512879294     -6.4072656111867667
Au     -3.5507550114013200      0.9005930865182195     -6.0010280965090894
Au     -3.4495437427955902      3.7794508841065251     -5.6950709829824691
Au     -6.2628062775120608     -1.9968736446492379     -5.1983128138924215
Au     -6.1224633555921653      0.8637105767420041     -4.7900954175761523
Au     -6.0101605755276513      3.7385734350209523     -4.4870601599069158
Au     -8.7562293749360052     -1.9631135113308265     -3.9625561825553239
Au     -8.7541006110966855      0.8392259332983545     -3.6578541252210144
Au     -8.5102672885589143      3.6206214666523948     -3.2701168005888936
Au     -3.1860768546285914     -0.2054652115077156     -8.4407835309083730
Au     -3.0654827990840601      2.5322161408649126     -8.1012844574279761
Au     -5.7152848223822907     -0.2398981585567004     -7.3053463566086272
Au     -5.5942540213354768      2.5076920469591517     -6.9646177816621382
Au     -8.2019474927292926     -0.2781868619195000     -6.0865910341241447
Au     -8.0812035226585728      2.4628962549028675     -5.7466684927647940
Au    -10.7712703655920858     -2.3474550763094868      0.1380966373454289
Au    -10.6893913164478853      0.4069899826660990      0.5150825735685434
Au    -10.5283756315755443      3.1666504351000340      0.8219024951922282
