         216
Au Au   -792.02442846   nogrup     0
Au     -1.1046675312138357      9.0171050253500429      5.1138650246098702
Au     -0.8841817160654699      6.3345482045269046      4.6187305537892769
Au     -0.6686504656712255      3.5390652190573304      4.2378258022932069
Au     -0.4461350118078120      0.7534111142694861      3.7847881418727436
Au     -0.2202470162791017     -2.0352991518550079      3.3015647531396723
Au      0.0076766216653592     -4.8105496793950104      2.7910181945672878
Au      0.2420802287600066     -7.5697303653477670      2.2094208753765319
Au      0.4570390364248911    -10.2629159385474829      1.7730568221912915
Au      8.7131919140308156      4.6127845467286797      2.0769774296907997
Au      9.0644730703212772      1.9035401172999471      1.5693624109908253
Au      9.2897165406646920     -0.8772067529087844      1.0875221949943832
Au      9.3800417349347445     -3.6198131364894488      0.6504561080489228
Au      0.2388240373251467      5.1966822791382654     -5.3599011076545153
Au      0.4697752338888046      2.5232659881658943     -5.9598017656767537
Au      0.6967791506577439     -0.2792227031517962     -6.4454116827822077
Au      0.9028098713319410     -3.0005778415635040     -6.7803062698874896
Au     -9.4564563695259931      3.4728182943765269      0.1621450817580783
Au     -9.3570002344324745      0.7477758416039357     -0.3720143870768222
Au     -9.1317563204119789     -2.0329698222820776     -0.8538598717993153
Au     -8.7896061097949598     -4.7597757971160251     -1.2643921786036643
Au      0.2375230008840088      7.3936866073151100      6.8201842279402634
Au      0.4733097056582070      4.6880183407374973      6.4865173745577209
Au      0.6917659049221925      1.9022541451488610      6.0431901902553218
Au      0.9159527364920477     -0.8913305582164943      5.5721109940268381
Au      1.1439517106799613     -3.6802451902616875      5.0758653861345486
Au      1.3756364570406252     -6.4517180882227612      4.5562453181513138
Au      1.5747242131276231     -9.1147945890081061      3.9596257560873163
Au     -2.5606987956318918      7.2181218323659291      6.5252919470337076
Au     -2.3857349942051411      4.5086381502566528      6.1852141825925866
Au     -2.1612843136644107      1.7232502123210600      5.7425177560999696
Au     -1.9356655707906847     -1.0702442182422738      5.2715875488206621
Au     -1.7090976687582633     -3.8592486612000725      4.7751898714866208
Au     -1.4834075534578237     -6.6310970261261852      4.2549366761470768
Au     -1.2234961440066678     -9.2903570078711688      3.6647259787318891
Au     -3.2031963779053725      7.7353856952087714      3.8823712071879690
Au     -3.0060752489331262      4.9648152115048800      3.4218481903547673
Au     -2.7888648414061650      2.1493527456742112      3.0065129603942928
Au     -2.5657330387545323     -0.6475084767878423      2.5374246600769830
Au     -2.3362318327845979     -3.4386378010270393      2.0382331623347874
Au     -2.0994317898492931     -6.2281587254781536      1.4823452059587225
Au     -1.8485865301287476     -8.9879248843969961      0.9845800284092601
Au     -0.7773179361036862      8.1783759887106005      2.5070085664668298
Au     -0.5519246715183841      5.4432820315853920      1.9965805633530103
Au     -0.3296905596085087      2.6132935517307612      1.5726148660101913
Au     -0.1034840142025262     -0.1990670907892964      1.1004563559212404
Au      0.1254875257977845     -3.0061091758266505      0.5988943549619030
Au      0.3598322406108925     -5.8128018339380825      0.0461456395766078
Au      0.5785698750449852     -8.5606987949229882     -0.3935083653590841
Au      1.3458293900068765      8.0207947343757962      4.3617725099192413
Au      1.5926793829235362      5.2533429582204150      3.9064916108889776
Au      1.8161997462534099      2.4382768095455067      3.4918231773972259
Au      2.0428348758905512     -0.3583649442303987      3.0231062990677060
Au      2.2688323644912809     -3.1497143765922937      2.5235478955116957
Au      2.4993226266792368     -5.9396312327642677      1.9669966272133781
Au      2.7004383377309420     -8.7025180004406977      1.4639927468908507
Au     -5.2988075617257504      6.3328525116330479      2.6493173518349451
Au     -5.1084781513214974      3.5650521825076567      2.1937116966067087
Au     -4.9011340156238283      0.7428067895587027      1.7672876036581062
Au     -4.6751408935522836     -2.0471920421030356      1.2838395269365126
Au     -4.4272394834856907     -4.8451822094845349      0.7363951284303454
Au     -4.1702561659039983     -7.5996681850889933      0.2351063573955390
Au     -0.4398994951808790      7.2196728933939545     -0.1239578398593864
Au     -0.2160413530701559      4.4861929474745903     -0.6207875783774917
Au      0.0102287067107967      1.6446938656564232     -1.0762004190463887
Au      0.2379953937992534     -1.1671950751536597     -1.5634396129733172
Au      0.4710052214353091     -3.9957303966464801     -2.0905200003321802
Au      0.6906368358127213     -6.7373414575330708     -2.5424040962065781
Au      3.8087537345042684      6.9042651305000131      3.6091243739547405
Au      4.0608293389834866      4.1403371419951513      3.1600283337084623
Au      4.2970644940773877      1.3199041048710267      2.7366539829448886
Au      4.5230569648720085     -1.4700950766483425      2.2532101697314921
Au      4.7420677338372137     -4.2698980696440172      1.7027250030768819
Au      4.9373053112612055     -7.0282586170092811      1.1949318263417883
Au     -7.3972747346712922      4.9221035047918127      1.4059259221755518
Au     -7.2259471220475913      2.1361141438413411      0.9584998709457704
Au     -7.0447478159673977     -0.6589300411286514      0.5095661501797775
Au     -6.7746742830216622     -3.4350794069511190     -0.0068717293103582
Au     -6.4963091060874856     -6.2007645194770520     -0.5214346025062664
Au     -0.1006699389998369      6.2377059952120089     -2.7582512103562458
Au      0.1242114120413196      3.4949089027999780     -3.2592509621035051
Au      0.3533949883116438      0.6798098127925547     -3.7580308911334521
Au      0.5805758137456256     -2.1391433370619435     -4.2355088712219873
Au      0.8007651859962259     -4.8909677360873447     -4.6866073563396240
Au      6.2776114036135171      5.7800692366934117      2.8470677168578575
Au      6.5486753666908797      3.0003360007567368      2.4101577383047363
Au      6.8115921527057210      0.2104178449383989      1.9698419844019952
Au      6.9999483358452963     -2.5708581061428539      1.4447976874147166
Au      7.1785772950593252     -5.3428020907751881      0.9197275371280895
Au     -8.8475318876555740      3.1320194596658721      2.8993659430797756
Au     -8.6474028426329053      0.3108482767402032      2.5827599366653295
Au     -8.4194105342623953     -2.5038442379889458      2.0950311308741991
Au     -8.1675279885092529     -5.2629925456308131      1.4446834412637184
Au     -2.2141005327568197      4.9102758163587295     -4.0266327883622548
Au     -1.9774303364931236      2.1026197896401153     -4.5181730276737655
Au     -1.7461462247602504     -0.7526988494093798     -5.0129382718966866
Au     -1.5277171218755439     -3.5634831277141688     -5.4949524581034970
Au      6.6684839975401697      4.8760395630994129      0.2199732769184433
Au      6.9157570690861974      2.0730447281951765     -0.2470018459778345
Au      7.1455045753589541     -0.7633055424706381     -0.7384766132675846
Au      7.3520730742567562     -3.5632026360558848     -1.2423550875239329
Au     -4.6697785048238565      4.4809097536041325     -2.6167737721977051
Au     -4.4460107438860064      1.6859974762708645     -3.0862197631031227
Au     -4.2098091427491937     -1.2300218920484403     -3.5915038971812532
Au     -3.9812290603989253     -4.0195588314037307     -4.0897244893223057
Au      4.5208096253613688      5.0575243067435283     -1.6482144591058336
Au      4.7466622979013753      2.2627419687854622     -2.1174363229640871
Au      4.9828631341835248     -0.6532773554538887     -2.6227163910091029
Au      5.2093572193625715     -3.4429456869085824     -3.1211533097382151
Au      7.5960633198585050      4.1636964942647410      4.6322950639277067
Au      7.8163629982435339      1.3437902289827304      4.3178216572053358
Au      8.0443560969522867     -1.4709034709443092      3.8301000047699230
Au      8.2760683080680781     -4.2313185633814827      3.1776310072009295
Au     -7.1192907645725505      4.0109955808263145     -1.2330679618599731
Au     -6.9157584554836493      1.2052574992070340     -1.7046580612265743
Au     -6.6860106971617768     -1.6310919534561297     -2.1961378643373024
Au     -6.4357009887158902     -4.4282442902080534     -2.6954110529762048
Au      2.3775972961191583      5.1983557168636088     -3.5427332974702717
Au      2.5970920753744346      2.3896229866667524     -4.0360810535428806
Au      2.8283753814907397     -0.4656958368483117     -4.5308439965635730
Au      3.0639806192187744     -3.2754026753872330     -5.0110462961189111
Au     -6.7659784482105909      4.5175896659526202      4.1153715401768487
Au     -6.5882909884686818      1.7427214555745105      3.7755879283751383
Au     -6.3444587437351441     -1.0887851078141315      3.3176347350693902
Au     -6.1302841829690866     -3.9116252470419459      2.7958068813758121
Au     -5.8628524868039804     -6.6319813484841275      2.1833836984359696
Au     -2.5541664438140965      5.8816264710269213     -1.3899719897884228
Au     -2.3408802693514530      3.0916232143254123     -1.8709016612819607
Au     -2.1109123787392030      0.2345447661336548     -2.3403415586634448
Au     -1.8787387062746865     -2.6137373687541956     -2.8595173387979180
Au     -1.6402660399265119     -5.4009135739316934     -3.3449931315925019
Au      4.1854479053749971      6.0046972877682858      0.9802429922520783
Au      4.4265859119537661      3.2181454357603920      0.5081069422712439
Au      4.6561678532234216      0.3686066394106629      0.0493335592474367
Au      4.8872551080936715     -2.4690421081526486     -0.4773536028178071
Au      5.0974510982567889     -5.2544233257848161     -0.9707083342848897
Au      5.1524184479551458      5.2653560730315228      5.3714033979446949
Au      5.3935831958559524      2.4944694866762913      5.0383141097337880
Au      5.6021021378382994     -0.3392529412712797      4.5766448037958263
Au      5.8515904912452132     -3.1598780548133183      4.0585442161614989
Au      6.0555452057189685     -5.8842176517418627      3.4394355994336667
Au     -5.0072461264775505      5.4279473640762026      0.0114628500413598
Au     -4.7987218105691234      2.6393500869681468     -0.4641138900080719
Au     -4.5739726643453373     -0.2104912314446699     -0.9234012799444553
Au     -4.3380520489985486     -3.0478366576655498     -1.4495826389130144
Au     -4.0952424033038408     -5.8311714404869930     -1.9395035558166116
Au      2.0400003004108180      6.1698637731962682     -0.9058125421466272
Au      2.2778021796400907      3.3813980851237337     -1.3841561378759337
Au      2.5053224485761527      0.5241658823342332     -1.8538519433170713
Au      2.7399433405489271     -2.3239627754543077     -2.3727683294326463
Au      2.9538997348642613     -5.1126775301424869     -2.8608259686511914
Au      2.6947028206534989      6.3533928211122923      6.1247600947192016
Au      2.9399762225646602      3.5954937983734876      5.7868808130144949
Au      3.1531360113627573      0.7859545813692348      5.3371564027541041
Au      3.3805843421070314     -2.0220262378995759      4.8505961084004348
Au      3.6213871287692778     -4.8169068494316702      4.3291995074844820
Au      3.8193853615404771     -7.5314186031160650      3.7188324650376305
Au     -4.6720443444466220      5.8911974843505472      5.3484094710261321
Au     -4.4989552938242738      3.1287710908188369      5.0029208431888144
Au     -4.2650974793295617      0.3205307991081261      4.5553746412875800
Au     -4.0376484738301670     -2.4874501765598289      4.0688106599131633
Au     -3.8175438947112199     -5.2836290451397909      3.5452292132573096
Au     -3.5473618131794296     -7.9936114886691891      2.9424667117221475
Au     -2.8925767864468521      6.8315402316959011      1.2457390256935188
Au     -2.6802401643579414      4.0467782664205529      0.7639413782151490
Au     -2.4564839400680731      1.2072042687395852      0.3193958343176870
Au     -2.2280697392875290     -1.6126781432587798     -0.1692293942721417
Au     -1.9931730434575905     -4.4353983172015417     -0.7058374570354022
Au     -1.7545579365879989     -7.2178446488938990     -1.1887173754940381
Au      1.7036457562207150      7.1199082323740459      1.7301149511080318
Au      1.9419023049535216      4.3367723065283617      1.2510505412522477
Au      2.1681175263996875      1.4973517048732861      0.8067659165163974
Au      2.3965312368368665     -1.3225313711377016      0.3181425515657548
Au      2.6289693429391980     -4.1454057076749971     -0.2187227161438212
Au      2.8416647281634266     -6.9294784816555461     -0.7043323381442548
Au     10.3299538093110090     -2.5020987771737131      2.9294012748161311
Au     10.1371606484014141      0.2238342166976670      3.4470057501499412
Au      9.8874760849874637      2.9605218919469367      3.8759488613835504
Au      9.5145775027080983     -1.8307615926324017     -1.5324310522174542
Au      9.4181060350718084      0.9464230868285481     -1.0592587908044742
Au      9.0665115106716296      3.7008360573377872     -0.5739304730522239
Au      7.4555111159499283     -1.7513040803884410     -3.4030807819830473
Au      7.1975216522416066      1.0793852336755401     -2.8646429627044752
Au      6.9952718119403343      3.9305878071740512     -2.4185384707608861
Au      5.3245399939157991     -1.6057150950620116     -5.2619761397448368
Au      5.0560907653171157      1.2288622920605090     -4.7283311910330603
Au      4.8636916588634644      4.0837115196465135     -4.2761279183814400
Au      3.1859865315932039     -1.3902222761269876     -7.0552189587490624
Au      2.9447128524863873      1.3970541049534075     -6.6859669642408379
Au      2.7373269992836691      4.1487333648672227     -6.0954424755011791
Au      9.5571578314406676     -0.0071596695636273     -3.6133907336047031
Au      9.3372003238524730      2.7083293151999568     -3.1428579300844328
Au      7.4996532825227629      0.1430240173716406     -5.4612126180352529
Au      7.2791747012246528      2.8649588040059757     -4.9895638943066976
Au      5.3784118497143876      0.2846831896761692     -7.2409783036024695
Au      5.1587287406554827      2.9968009012263366     -6.7710302305583383
Au     -1.4546812674851375     -1.6813737958595523     -7.5442849127030769
Au     -1.6417963291356990      1.1093007245687838     -7.1693227022406969
Au     -1.9033424169531608      3.8575825967965294     -6.5845030976335615
Au     -3.8755765194736429     -2.1829237991394379     -6.2315493086167191
Au     -4.0763062717874927      0.6559015148397931     -5.6907629394007424
Au     -4.3364265124340111      3.5065025423203746     -5.2456923236658426
Au     -6.3113878779303150     -2.6150327280567023     -4.8539337164043213
Au     -6.5227822716434236      0.2185788964591788     -4.3105802643449591
Au     -6.7716288329420529      3.0668585562479516     -3.8693818190474065
Au     -8.6880412666068541     -2.9727892985361359     -3.4507499046417038
Au     -9.0360009383200861     -0.2113843137534106     -3.0040769169117842
Au     -9.1361083170552799      2.5588060044624643     -2.4922404926163315
Au     -3.7506024294598892     -0.2880623025333620     -8.2030559576156747
Au     -3.9702872110829053      2.4240554174901878     -7.7331033747462410
Au     -6.1610285382755983     -0.7140370597929362     -6.9008688081081218
Au     -6.3815084544105378      2.0078979256777858     -6.4292146251036879
Au     -8.5226840388494161     -1.1414817648733289     -5.5187685315008599
Au     -8.7426424971236774      1.5740068230390145     -5.0482315920459522
Au    -10.3227601131878135     -3.7978522964943275      0.7528725529724554
Au    -10.5801408471754481     -1.0759721798548787      1.2636758089576556
Au    -10.7652359489831291      1.6647658124664462      1.6994319549765429
