         216
Au Au   -792.02442846   nogrup     0
Au     -1.7272581513472849      9.3704231007972769      4.2298704227088173
Au     -2.0214657922777306      6.7240189311487608      3.5975260489266727
Au     -2.4344179170321265      3.9848001397575090      3.0209604648690203
Au     -2.7880659356254682      1.2451004546662077      2.4016028298670768
Au     -3.1187251529690094     -1.5016907294008126      1.7634548362781608
Au     -3.4244365423716729     -4.2393075665098250      1.1102954344542582
Au     -3.6701036768245174     -6.9712590616045711      0.4157717163295569
Au     -4.0132989988763264     -9.6197906954986259     -0.1820303490720629
Au      5.3219569911353748      1.7456346602278581      8.3750125694786330
Au      5.1108967088490314     -0.9693537118350539      7.8224115173735793
Au      4.7811818394416168     -3.7083019529815990      7.1860868664880737
Au      4.3458127284567718     -6.3632151101277907      6.4911278634790381
Au      5.5456775546651000      4.2568124214379761     -2.6298484347244830
Au      5.3362945562245647      1.6047702667386563     -3.3249777098732118
Au      5.0040016053187530     -1.1555926607021592     -3.9662784564225633
Au      4.5737236451299514     -3.8172304894463247     -4.5056487120525794
Au     -5.0231452177125426      6.3337939213206447     -6.0135184534799038
Au     -5.3775841492120424      3.6823965887549699     -6.7655426404305627
Au     -5.7072966501328182      0.9434490917607299     -7.4018701736033563
Au     -5.9992830039164566     -1.7750544099529648     -7.8974099904265556
Au     -2.5945128580520702      7.5870432672961909      6.0780882390843711
Au     -3.0024046207188242      4.9306973668654148      5.5632914647477349
Au     -3.3656334689038125      2.1932096837641408      4.9476858782034245
Au     -3.7075516359617229     -0.5563614082905524      4.3158302470188943
Au     -4.0275530510935234     -3.3053768614226930      3.6702279989433979
Au     -4.3232497538391463     -6.0415921225915143      3.0141554546972351
Au     -4.5519324375461991     -8.6732898673650567      2.3004069931670958
Au     -4.1877121049257582      8.2936429652084591      3.8621780088970858
Au     -4.6302342847061055      5.6526552837454078      3.2992159823516509
Au     -4.9900500533683712      2.9136539028708772      2.6883569476644897
Au     -5.3311540285852033      0.1637223167097872      2.0576345259860798
Au     -5.6519702831592653     -2.5849311929815419      1.4108984354028102
Au     -5.9510786352111200     -5.3196331063493956      0.7500785603692561
Au     -6.1451304871230992     -7.9666898468946377      0.0844952836746105
Au     -2.5317893526164639      8.7135295172231153      1.6834167697843085
Au     -2.8915183810537339      5.9954343938423040      1.0434501641658187
Au     -3.2844629358754815      3.2333081030031048      0.4411501828424393
Au     -3.6294455560611087      0.4812015696631651     -0.1906394537394931
Au     -3.9470338858779499     -2.2706863638456456     -0.8375650586686954
Au     -4.2186745615392773     -5.0292922155248609     -1.5178697737306788
Au     -4.5146797780329848     -7.7584057173590582     -2.1434255722907780
Au      0.1115310515192425      8.2054679583605896      2.5363379929555467
Au     -0.1840318342158849      5.5064620266098334      1.8881941913140601
Au     -0.5718770210912218      2.7281530909934597      1.2811124041568611
Au     -0.9172794668536177     -0.0398466763676169      0.6468022895823138
Au     -1.2381729569322673     -2.8067815100701266     -0.0047905666760224
Au     -1.5186717829800109     -5.5804269801829980     -0.6875650204170309
Au     -1.8732291275953745     -8.2819952770987157     -1.2941100710589089
Au      0.0582514299405368      7.5648207606767945      5.2857875679892530
Au     -0.2731638178690927      4.8341681431447077      4.6852005096204223
Au     -0.6625159992745324      2.0704480285580309      4.0878983378408265
Au     -1.0055039845086169     -0.6825435444510770      3.4588836850931557
Au     -1.3250873491951207     -3.4335463768712744      2.8091841165645732
Au     -1.6003216949882901     -6.1905592777636516      2.1238836140628798
Au     -1.9246411140423509     -8.9071156704686345      1.4589475788015900
Au     -3.3689294002933927      7.9418600494364942     -0.8822861084563591
Au     -3.7356475073725388      5.2290716043667942     -1.5232373290315229
Au     -4.1287757602466506      2.4625957306399027     -2.1412646388135235
Au     -4.4595865787001898     -0.2854653212522997     -2.7797082622051494
Au     -4.7328514683869720     -3.0547442196567784     -3.4477758643681460
Au     -5.0209127792388770     -5.7812346777435346     -4.0705057329423786
Au      1.9387099291215528      6.9218832818035034      0.8133243181213219
Au      1.6328504568817053      4.2263002961511900      0.1736752284488796
Au      1.2668317114263097      1.4325998254637566     -0.4540076216344140
Au      0.9334244619103771     -1.3370223913498140     -1.0974595940344312
Au      0.6271439838383985     -4.1281276179889383     -1.7672653513192671
Au      0.2838193302490195     -6.8253376416691642     -2.3804966077727396
Au      1.8165689399896543      5.6420404593864983      6.3299841783319390
Au      1.4850054381221893      2.9136590586118087      5.7379299124239900
Au      1.1083260576885898      0.1398873449737943      5.1427842330012581
Au      0.7775139975437124     -2.6081736934582453      4.5043420923948485
Au      0.4877983116740392     -5.3701568472446857      3.8133960875365531
Au      0.1645803198191551     -8.0810560013216985      3.1417707665272623
Au     -4.2028214888111393      7.1623100432479792     -3.4584701329384639
Au     -4.5927068219987905      4.4393842479131393     -4.1103453516097437
Au     -4.9779805447307286      1.7045985171070490     -4.7577698859149029
Au     -5.2532829019895892     -1.0480659665576226     -5.3852190203459216
Au     -5.5216606559389785     -3.7933657458937171     -6.0037503207645697
Au      3.7625758822157920      5.6154814189668869     -0.9145837063603270
Au      3.4576236732387944      2.9103704135093942     -1.5579230453568371
Au      3.1324852318853615      0.1360736281968551     -2.2088101484748544
Au      2.7895905324433725     -2.6389943379665697     -2.8471778093620328
Au      2.4430427979528972     -5.3459121217220060     -3.4611874537286420
Au      3.5831372054591690      3.7091591533292174      7.3706605901646753
Au      3.2500363946325956      0.9610466643962559      6.7977691579021702
Au      2.9112867861618503     -1.7943739995458055      6.2150608792514053
Au      2.5894565243640559     -4.5264031443866903      5.5229004450152885
Au      2.2642909257911010     -7.2465179912585151      4.8253878793072289
Au     -6.7161977124170384      6.1005411117705206     -3.7644119368305691
Au     -7.1927482959370330      3.3487873837516662     -4.3121762381751374
Au     -7.5264862762396483      0.5764044471188736     -4.9562713247346686
Au     -7.7115936271376366     -2.1682811847040195     -5.6854702833340118
Au      2.9618551592200406      4.9165575852177543     -3.5045276087549624
Au      2.6383792270993940      2.1476007448061138     -4.1438991687222906
Au      2.2998229185609129     -0.6647985178921640     -4.7972894865291202
Au      1.9571182044561475     -3.4298287037849677     -5.4436011768980030
Au      5.4571290508117301      2.4601810587525192      5.6973741973938399
Au      5.1239537994460056     -0.3052629166935494      5.0831231810658632
Au      4.7876455705087784     -3.0989778772815795      4.4340748653011683
Au      4.4564821515069131     -5.8522066668592787      3.7662027128766997
Au      0.2789793006341306      5.4506231146789998     -4.3526729118511103
Au     -0.0647732452625256      2.7001078736962714     -4.9839304468180430
Au     -0.4105264590522255     -0.1720797692755687     -5.6512118165829257
Au     -0.7289234598393213     -2.9220718942211255     -6.2978600668228344
Au      5.5117475717178506      3.1298353881488081      2.9253449729023444
Au      5.1691813179482118      0.3787928488467625      2.2957403874831090
Au      4.8234267133643804     -2.4933946384482217      1.6284607996009814
Au      4.5038408235893055     -5.2428603597873069      0.9801622719248755
Au      2.6461576481673683      1.9482446007577936      9.2572598382677427
Au      2.1810865658605665     -0.8086033377620323      8.7254730000306608
Au      1.8473467127029255     -3.5809881986495080      8.0813800383231840
Au      1.6507552073757532     -6.3205811227182922      7.3362087595569090
Au     -2.3931020976487094      5.9418405101766503     -5.2211523034525502
Au     -2.7511804796444075      3.1874428940971233     -5.8700451798782778
Au     -3.0874866913744992      0.3937266110487760     -6.5190963675193796
Au     -3.3937432554132290     -2.3705472408957098     -7.1523305661541601
Au      5.5761915841350165      3.7570713777189964      0.1316344924834940
Au      5.2429356451123814      0.9924518110577631     -0.5213384777660792
Au      4.9043784673551816     -1.8199478646113025     -1.1747282770733785
Au      4.5714524515132737     -4.5893149079651012     -1.8074371010639458
Au     -5.8805658924534363      6.8590160786017815     -1.2231977221537012
Au     -6.3408372447097516      4.1556616849528680     -1.7949868365998416
Au     -6.6910727927459099      1.3654375229120825     -2.4102783442622071
Au     -7.0112744073653737     -1.4136912948309925     -3.0888888608034555
Au     -7.2025729213621918     -4.1229597083209280     -3.7745882159592083
Au      1.1326331233192617      6.2134865959507648     -1.7773711013528306
Au      0.7920379416860444      3.4697791839523418     -2.4231038719233107
Au      0.4338700682631345      0.6587735892731246     -3.0603809138094928
Au      0.1155509708642972     -2.1498220634853222     -3.7286774606549287
Au     -0.2051427892699200     -4.8994616898981702     -4.3591862028863337
Au      3.6842733896446340      4.4016465091602370      4.6461662164401769
Au      3.3558143768367397      1.6531171532233779      4.0267859417083987
Au      2.9919314365796308     -1.1495635306428795      3.3978024229547490
Au      2.6814804664654739     -3.9485827511033635      2.7253737078714533
Au      2.3492721703110875     -6.6882323565643924      2.0697146666506399
Au      0.9053148936090754      3.8494122559445452      8.2149726422431684
Au      0.4811828593942957      1.1300287096109667      7.6934520881252819
Au      0.1108395690736357     -1.6512795870831489      7.0501991417077932
Au     -0.1892572118046658     -4.4393266861271359      6.3995543975318885
Au     -0.4166977996629164     -7.1325670158414249      5.6635887412251087
Au     -1.5496948179978913      6.7229654238359684     -2.6335194944933518
Au     -1.8967229136732637      3.9826720792226036     -3.2787282205149562
Au     -2.2633559967127361      1.1812117423136801     -3.9115416673167793
Au     -2.5710537509638556     -1.6190283487520380     -4.5801441240703680
Au     -2.8846918771051371     -4.3669130078850396     -5.2099765082823026
Au      3.7483747951281168      5.0533772813799693      1.8607448754398508
Au      3.4217380798752703      2.3034789533599440      1.2344271560402120
Au      3.0621763397261046     -0.5069082594620253      0.5952129078886061
Au      2.7452500344379236     -3.3161219140561391     -0.0711445945993061
Au      2.4105969937178511     -6.0595706188500005     -0.7210674780009763
Au     -0.8586357057398795      5.7437770870947951      7.1701782307988751
Au     -1.2729145380140761      3.0347921605267811      6.6504683525226778
Au     -1.6418465443219539      0.2759794134662261      6.0227407749853175
Au     -1.9747905746157404     -2.4897935579235773      5.3801838920676595
Au     -2.2703781934493019     -5.2511583545870204      4.7254375391742904
Au     -2.5049671036348187     -7.9323246101262699      3.9928808095612407
Au     -5.0529801486854762      7.6040091375419365      1.3364555267532943
Au     -5.5083565004665722      4.9132517957432764      0.7595838018048875
Au     -5.8655038100570671      2.1492130564796277      0.1482451147273052
Au     -6.1984470011732729     -0.6165587980292866     -0.4943133693819712
Au     -6.5058186103788920     -3.3726962701613212     -1.1654501610832018
Au     -6.6993077971282116     -6.0720892844178698     -1.8408458788963706
Au     -0.7011771615516453      7.4896138116750590     -0.0532859727801158
Au     -1.0401979999661517      4.7510543148876589     -0.6994082663371994
Au     -1.4150655718263643      1.9611021400728039     -1.3211099884390221
Au     -1.7494205461407475     -0.8163936251406358     -1.9663914578422297
Au     -2.0459336280312614     -3.6036236661908978     -2.6404083798130955
Au     -2.3670189318170607     -6.3485897222699039     -3.2682457576434145
Au      1.9157358364051169      6.3289859919282119      3.5864590787185691
Au      1.5914723121515806      3.5838809280697972      2.9608628296343973
Au      1.2180049796927834      0.7933078726296277      2.3411095262338169
Au      0.8836497085571589     -1.9841878124241434      1.6958282578922574
Au      0.5857354024818431     -4.7707966312150356      1.0198652992367663
Au      0.2498922213173911     -7.5092179360158431      0.3715021169258295
Au      3.6264108936752755     -5.3816427683816341      8.9127364041193715
Au      3.9345362120526954     -2.7010248309926554      9.5873775601444784
Au      4.2741169864861090     -0.0011336972573437     10.1627610435702032
Au      6.5313677186818371     -4.9496029426065364      5.3916506199587353
Au      6.9470173547686933     -2.2564305433152212      6.1127707473236832
Au      7.1872533401725498      0.4988472987468917      6.6574590556274540
Au      6.6132813716502588     -4.4047732058157623      2.6636757572101715
Au      6.8963411896250779     -1.6024084670688570      3.3239045640997968
Au      7.2869875971659299      1.1917114143613539      3.9638763086171007
Au      6.6611020727271493     -3.7733165413802494     -0.0961610475050882
Au      6.9422062494169436     -0.9644164531864625      0.5540187353671460
Au      7.3357018720063421      1.8305900354688327      1.2057644622619250
Au      6.6773874651060572     -3.0668369079726352     -2.8047005566573899
Au      7.0801902074781351     -0.3282476211293313     -2.2557479907195415
Au      7.3341454756920337      2.3888605449953091     -1.5372067943297569
Au      8.5959201451007807     -3.4632637474467343      4.3025446236803280
Au      8.9178977630100071     -0.7885926084784680      4.9239362044969539
Au      8.6831633633626346     -2.8500259726557742      1.6031638632726875
Au      9.0059054197139883     -0.1690059185106705      2.2260308885641908
Au      8.6788473478660197     -2.2172005920441986     -1.0962448822717308
Au      9.0004253741693958      0.4541502655215206     -0.4756243541747169
Au      4.0351714177380664     -1.8949841207574973     -6.4796429498494650
Au      4.4688088457608366      0.8299296294019749     -5.8878015477920940
Au      4.6919275113061252      3.5607136363032232     -5.2121488076285925
Au      1.4229120107850415     -1.4501203142931116     -7.3817286374150060
Au      1.7425722689449881      1.3416781917201632     -6.6779200314151996
Au      2.0975088933369745      4.1537845750111924     -6.0798018462573067
Au     -1.2250591235640531     -0.9283833924464346     -8.2383257403443189
Au     -0.9154718411706231      1.8622158339358297     -7.5411953178289552
Au     -0.5513562553722018      4.6681019399768928     -6.9381205673875685
Au     -3.8325012757085535     -0.3531147707105058     -9.0229954411281366
Au     -3.5600420284684784      2.4035626806554209     -8.5010256972430724
Au     -3.1766196847704382      5.0953345606979097     -7.7571817490743422
Au      3.4811402417712287      0.0880405966710578     -8.3255057242111103
Au      3.8027160649381928      2.7593910075063870     -7.7048851889263101
Au      0.9052988939454396      0.5995435519817027     -9.2147215018298123
Au      1.2280383348989901      3.2805633492589563     -8.5918538141524650
Au     -1.6980449700867268      1.1022227638075606    -10.0148710977664024
Au     -1.3760693821118615      3.7768935429657278     -9.3934773955535018
Au     -8.1324465490949134     -0.1664666798979004     -7.4421388301346028
Au     -7.8610973737275209      2.5304602044889966     -6.8186433150797221
Au     -7.4847447003986485      5.2140413706979230     -6.1921093384117736
