         216
Au Au   -791.33323192   nogrup     0
Au     -7.0708495489828582      3.8531408415119381      6.5330393630534331
Au     -6.0561132298269165      2.1560800943707967      4.5886510417144990
Au     -4.9315094787370768      0.2589832597110533      2.7927630187725008
Au     -3.6317215399130958     -1.5903836541739746      1.0616067911865219
Au     -2.2848064158737436     -3.4304872570069644     -0.6717938685213944
Au     -0.9499364708485416     -5.2395194058362602     -2.4411042755507797
Au      0.6799672739365192     -6.8343002320127706     -4.1688056566368710
Au      2.1241132673412606     -8.3894019106205562     -5.7963014029118991
Au      2.1628700656200355     -1.3907559327934464      9.5851268547506550
Au      3.5686717502943628     -3.1228454905734697      7.9518755965301366
Au      4.9287370330801856     -4.8554867184339212      6.2045169804703448
Au      6.2014565393455632     -6.5265983801873535      4.4010866236961128
Au      2.6127774437121660      6.7175104520971587      1.8519210018136913
Au      3.9878812337077880      5.0970267162811780      0.1163604942528842
Au      5.3053490960074274      3.3268599674416439     -1.6590490825711122
Au      6.4800595721569820      1.5331145172832183     -3.3655134870009729
Au     -6.4814562190885709      6.4135109148497218     -4.5788127074427951
Au     -5.2969138250625249      4.7434402458953322     -6.4654246876450232
Au     -4.0099471744345596      2.9093872652399924     -8.2019544646424549
Au     -2.6587800710090064      1.0745991657629244     -9.7204768469053491
Au     -7.1534526482964402      0.9235909464065468      6.6869147149443293
Au     -5.9372420274094395     -0.9610031837555102      5.0624772047352913
Au     -4.6294207067274478     -2.7887575287483752      3.3546946035442140
Au     -3.2762660248577107     -4.5920405907416608      1.6599526692033866
Au     -1.8935577255217644     -6.3656555956432364     -0.0451157887198761
Au     -0.4697803121883548     -8.0125573007687123     -1.8691549740352595
Au      1.0316562450591293     -9.4701287772897835     -3.5947885620412681
Au     -8.7992378128164415      2.4499865318561413      5.1862997873755567
Au     -7.9033202842877195      0.3219482754758172      3.7475187338603231
Au     -6.7617566633235384     -1.6715149023926781      2.1972294070897984
Au     -5.5176180982956566     -3.5572093384976000      0.6375758595474093
Au     -4.2473881233366217     -5.4014626768658154     -0.9257176546868564
Au     -2.9825958837977145     -7.2556159808727312     -2.4094065200960131
Au     -1.9729681478136389     -6.8129188058872217     -4.8574718750041566
Au     -7.0933617038480588      4.5990133502807424      3.8267280016085401
Au     -5.9290055968632682      2.9055994978693418      1.8905093715636170
Au     -4.6739579716067698      1.0694877729255143      0.1229512042266165
Au     -3.3646613395592309     -0.7658729152201493     -1.6011063446021332
Au     -2.0381192902364105     -2.6207456415943078     -3.3396866167600940
Au     -0.6326514653651225     -4.4510056181302051     -5.1444649231371020
Au      0.9915724305026614     -6.0988013938189720     -6.8328274467034191
Au     -4.7702007410261142      4.5892594499246684      5.3177163860270440
Au     -3.5668969076292405      2.8480033732869714      3.5076324459679515
Au     -2.3408461648582226      0.9925881277443560      1.7362358691282527
Au     -1.0288626704205304     -0.8152244733479437     -0.0152992990189631
Au      0.3077113192731142     -2.6038236476539200     -1.7731384583566268
Au      1.7398070595498536     -4.2997415968474915     -3.5525368979848739
Au      3.1976518338614239     -5.9592760171352097     -5.2588963208472155
Au     -4.9000631440610771      2.4284849808339404      7.1928887633399405
Au     -3.6974514120419841      0.7015816794717171      5.3788044035066491
Au     -2.4300806638855632     -1.1106784931281641      3.6237539170191511
Au     -1.0881415483065973     -2.8961092858708355      1.8890753081370431
Au      0.2813464413888811     -4.6556750722650442      0.1387421795944981
Au      1.7405806674315711     -6.3490142938259506     -1.6036445619546864
Au      3.2240564327487671     -7.9815607060876896     -3.3445096794084268
Au     -6.9167165973387181      5.2793006166577605      0.9796407368785349
Au     -5.7136485966498913      3.5413204070892501     -0.8701636671890469
Au     -4.4528757600857478      1.6812187755760091     -2.6350752019566617
Au     -3.1523601919457422     -0.1462762734411704     -4.3443756477972419
Au     -1.7922375969601601     -1.9668286990215549     -6.0663019628296224
Au     -0.5154005737689920     -3.7369670229582574     -7.7731325810243259
Au     -2.3418875384717830      5.3023903960931209      4.1539007916232045
Au     -1.0709407466551228      3.5787336724750904      2.4009357025010818
Au      0.2111155791458250      1.7551736776508813      0.6238818071763657
Au      1.5288684931029031     -0.0278158144409462     -1.1407958424954092
Au      2.8995455103473051     -1.7719769641329570     -2.9224799574817091
Au      4.2170412418965206     -3.4569904041082662     -4.6595105190543658
Au     -2.5806168428185505      1.1418809120371156      7.9695569137487396
Au     -1.2958594884536838     -0.5971195203861113      6.2349821974924886
Au      0.0228531734546191     -2.3921207704737171      4.4899995920853755
Au      1.3860838447994945     -4.1442284512810641      2.7453178217572365
Au      2.8007581253228304     -5.8587624125387361      0.9833068030520469
Au      4.2081256356465291     -7.5100049364759904     -0.7651777179787356
Au     -6.7227981868180446      5.8850037014132131     -1.8332084529603438
Au     -5.4807159738042923      4.1103425719280651     -3.6493515542516448
Au     -4.2419456838964535      2.3015718080971670     -5.4255951371123539
Au     -2.8860644696403317      0.4783030464400291     -7.0837089592041380
Au     -1.6252681523512376     -1.3188624561649096     -8.7523445263839186
Au      0.1318160244563824      6.0361365794301207      3.0162182392112395
Au      1.4414416502807788      4.3202568785232902      1.2665040977280597
Au      2.7600956852040852      2.5380988169036884     -0.5131037186737597
Au      4.0859752295232177      0.7626103095599994     -2.2895647017855278
Au      5.3618412398790927     -0.9703014100077034     -4.0339671992983268
Au     -0.2160358258213670     -0.1171227441932432      8.8006996424206498
Au      1.1123969295762386     -1.8844859487694148      7.0937366872853396
Au      2.4619923027445001     -3.6615977840548037      5.3664954794140627
Au      3.8428017002094341     -5.3727171769620945      3.5921224850764890
Au      5.2268836937280430     -7.0394684283113929      1.8150226062596193
Au     -7.9816958814429171      3.6019401672455649     -2.6865565408033021
Au     -6.7865299430750277      1.6679377188719986     -4.3515918942480312
Au     -5.4743423296613738     -0.1856288172902785     -6.0110381516635254
Au     -4.0680054734106861     -1.9685983450019364     -7.6136506365756293
Au      0.3133083827599998      6.7521860902616506      0.3033427123122401
Au      1.6428797986748294      4.9714911378769475     -1.4759263228498423
Au      2.9755803383317048      3.1570651823067823     -3.2801243484335956
Au      4.2727255900388412      1.3753376427882023     -5.0663662985404443
Au      2.2573452525138968      0.6813739210524181      7.7521226674934560
Au      3.6102199487123912     -1.0863729879803579      6.0065013468207624
Au      4.9845562214742536     -2.8541731182762700      4.2207771211566651
Au      6.3521664436050447     -4.5697586886412047      2.4331738623349839
Au     -1.9988880704994858      6.6816940659135247     -1.3056439725071680
Au     -0.7077871216067617      4.8859296849324094     -3.0881891387237292
Au      0.6493896086581508      3.0196149457038985     -4.9261604459064561
Au      1.9573172528075802      1.2359809845566989     -6.6851978932079659
Au      2.3478980748120533      2.7386617841273866      5.8188424743590694
Au      3.6786638005879784      0.9861726001092057      4.0550675643520400
Au      5.0690192791667776     -0.8244628495737611      2.2264055256337745
Au      6.4212070334940368     -2.5495600543858341      0.4567801087394692
Au     -0.1999731127159246     -2.8291236510166407      9.3009482731256021
Au      1.0761828761785703     -4.6815705989397802      7.5902101592166247
Au      2.4584419045621058     -6.4397650442953402      5.8263813876552781
Au      3.9311866321571105     -8.0722026729482970      4.0343928985489708
Au     -4.2894443683528909      6.6223526121151819     -2.9477126772458746
Au     -3.0123945779182955      4.8081040226434020     -4.7702587144056672
Au     -1.6910177627458673      2.9679404008515711     -6.5594816639617584
Au     -0.3481046122181479      1.1402180906853783     -8.2864324101962978
Au      2.4777180532918499      4.7906855961874069      3.8701075308415351
Au      3.8155464078833634      3.0398469502130965      2.0779842045610390
Au      5.1702194714408147      1.2522155261637726      0.2750800374182703
Au      6.5027359098157405     -0.5132664245477665     -1.4965341558242677
Au     -8.2663168627842154      3.1426562287044018     -0.0352860945827249
Au     -7.0497594310121414      1.1900711258375312     -1.6322715755120889
Au     -5.7416848424756584     -0.7038034821540577     -3.2558202973991257
Au     -4.4330124740598276     -2.5454777552470347     -4.8896104481129328
Au     -3.1043236337110920     -4.3622916115386499     -6.4103691221753998
Au     -2.1773987768715979      6.0302251446354198      1.4451837472811651
Au     -0.8806169357202043      4.2617645435044142     -0.3417495624792277
Au      0.4287242978650536      2.4253735446676563     -2.1347829208061206
Au      1.7755909370808283      0.6298198786623415     -3.9243552188588833
Au      3.0775513830178478     -1.1259251075611374     -5.6825284410882766
Au     -0.1220698909329361      1.9515291515931370      6.9156713401745691
Au      1.2041448894943918      0.2047528717283695      5.1678363862180987
Au      2.5398272043706349     -1.5867088654474060      3.3887536923547739
Au      3.9343633964091307     -3.3335456853523002      1.6096970352753210
Au      5.2982513467508792     -5.0341611138180831     -0.1552057352917764
Au     -2.5445136699401254     -1.5801172623779998      8.4607496434579765
Au     -1.2747220300317035     -3.4081072796802374      6.7928050390746577
Au      0.0874254994106720     -5.1838948866703873      5.0266834994271896
Au      1.5001890016369372     -6.9507838675313671      3.2654177737166314
Au      2.9536270422241668     -8.5531767983384057      1.4826593526897955
Au     -4.4920171590077516      6.0005835172784989     -0.1693305281933863
Au     -3.1948067604730501      4.2121527674228449     -1.9685974633947687
Au     -1.8972397936629437      2.3552951773210982     -3.7628923144080328
Au     -0.5412846320193516      0.5346214635762960     -5.5294602229404282
Au      0.7257146563742800     -1.2665056587996943     -7.2781979139610327
Au     -0.0078201965071685      4.0263435138436972      4.9894933782376079
Au      1.3091442534806221      2.2719498654228127      3.2287761380295468
Au      2.6314967633967132      0.4709943330034436      1.4376820255111795
Au      4.0067011377476183     -1.2891819435886553     -0.3475270540747246
Au      5.3467378726851651     -3.0002528376021527     -2.1205493346693025
Au     -4.8863969222039003     -0.3384666077368701      7.6010399900272816
Au     -3.6215087740980976     -2.1650046677987529      5.9470885241983034
Au     -2.2795447809413631     -3.9512697304885069      4.2162548015525161
Au     -0.8919757476848948     -5.7287623638453358      2.4811641252571732
Au      0.5200401881031513     -7.4799971367148732      0.7100171516104243
Au      1.9718467722379476     -9.0515101288916107     -1.0766465944535550
Au     -8.5888247482068021      2.7292876124415208      2.5769606445768751
Au     -7.3856894000783573      0.7193689235804923      1.0675236944188704
Au     -6.0741887152909033     -1.1866720135702966     -0.5045460391863585
Au     -4.7647092594270379     -3.0440862412296230     -2.1024384269886394
Au     -3.4919514615300966     -4.9141368426846093     -3.6728767036849685
Au     -1.5465519258956903     -6.2066494747364924     -7.4118133154826022
Au     -4.6676023575845491      5.3311277833154715      2.5990309089588184
Au     -3.3920799469698868      3.5650156779387769      0.7843474562984696
Au     -2.1014463626330664      1.7177318448986645     -0.9961302571636690
Au     -0.7868243025196771     -0.1090138544459602     -2.7552617060485538
Au      0.5658080664702889     -1.8978908323998684     -4.5247715976605480
Au      1.9118908088180731     -3.6051629827545231     -6.2818696832874563
Au     -2.4720251282864862      3.2418625844619746      6.0949323856926760
Au     -1.1897262813329190      1.4950429279855459      4.3233570915700774
Au      0.1025959638433385     -0.3112064182927456      2.5541663170540705
Au      1.4441472170342426     -2.0817579046179731      0.7928537415228245
Au      2.8436524761011412     -3.8056926059897975     -0.9724510238719724
Au      4.2371343317058079     -5.4831890578851681     -2.7229215556686857
Au      4.8036242757732222     -7.4998407112699201      6.5241293692447400
Au      3.4431379011277805     -5.8400696346799243      8.2921818616382197
Au      2.1042787151275304     -4.0766569536276602      9.9716794403365903
Au      7.3233402861946288     -4.0340430037520409      4.9975137848143270
Au      6.0500139125442054     -2.3524849209329410      6.8426455634692864
Au      4.6281487563546548     -0.5884421445043788      8.4915666843001638
Au      7.4783783764075054     -2.0708390372583612      3.0474433687032931
Au      6.0616729774426723     -0.3264721006129321      4.8366387409019218
Au      4.7312209657016666      1.4705826902254371      6.6414292680679701
Au      7.5636836571165276     -0.0585523627746403      1.0921275330224276
Au      6.1579954331231113      1.7078834399140073      2.8735003824896701
Au      4.8374294505453861      3.4974349213987459      4.6995721729420588
Au      7.5753376659941782      1.9630840824081641     -0.8068659146858614
Au      6.3321744760724332      3.7922957538656075      0.9231847244982490
Au      4.9376511269067338      5.4434397047154617      2.7194849104688075
Au      8.3525124233302499     -1.5458576538180164      5.6007235368491841
Au      7.0296023880899732      0.1469304914294298      7.3266075613912527
Au      8.4868239082051442      0.4485537972083264      3.6965539962313354
Au      7.1702765658289227      2.1482758068872778      5.4312717192392590
Au      8.5302074239912873      2.4127760166355143      1.7571717624396541
Au      7.2284574912576911      4.1133337085524388      3.4915269339255115
Au      5.3567810185055160      3.8659690980398422     -4.4020161344681901
Au      4.1607258350370486      5.6926542354422844     -2.6322953884820297
Au      2.7588342292818711      7.3870685108836778     -0.8777092115579865
Au      3.1357764955010721      3.7469671001510871     -6.0674349809100425
Au      1.7972168686885188      5.5225858529999421     -4.2326113745603919
Au      0.4786109947848733      7.3791570360398619     -2.4571781335201042
Au      0.8411679900682214      3.6352123904517057     -7.6838552759378311
Au     -0.5082748471343175      5.4231055762468205     -5.8655768844996174
Au     -1.8084092324867789      7.2944350908019695     -4.0836762893827272
Au     -1.4849229456797226      3.5369425217162469     -9.2074324829822984
Au     -2.8245888316139331      5.3884973220361712     -7.5658482613951534
Au     -4.0658952297581425      7.1270084520517916     -5.7077245771349476
Au      4.1775337290023877      6.1817475524328538     -5.3278384686135638
Au      2.9083160438564026      7.9137121794575158     -3.5956917481553266
Au      1.9439254715997203      6.1112315134882573     -6.9525413767754456
Au      0.6753116404066049      7.8577179721470793     -5.2198577764189817
Au     -0.3332771117855442      5.9630665937637435     -8.5143140322618613
Au     -1.5970779831774111      7.7127674143812381     -6.7920905903752447
Au     -5.0887837788393337      0.4154116473719895     -8.6441768162537276
Au     -6.4372595770245020      2.2344277863998148     -7.0474679556195534
Au     -7.6553667727513570      4.0578293692984584     -5.3519974329081483
