         216
Au Au   -791.53215403   nogrup     0
Au     -4.0232588283639226    -10.2779706486835316      0.5050940265566624
Au     -2.2101694372086946     -7.3571173706190161      1.8182165193829931
Au     -0.3553193587175647     -5.5418605486887786      0.7026974569891919
Au      1.4665685413588365     -3.6842495688963526     -0.4056621179013185
Au      3.2836752407201173     -1.8121733864406560     -1.5124673482849893
Au      5.0855431304889667      0.0620384462102077     -2.6105025909697268
Au      6.8231657095442024      1.9928712600105003     -3.6836585813106204
Au      6.1911874863007714      3.3141992995578500     -6.0830985850733246
Au      2.1564704881122880     -2.5553864706960168      9.5857475726920001
Au      4.0142905181638007     -0.7489058269072979      8.6824696222887248
Au      5.8240134109876909      1.1114099087976852      7.5807898349262999
Au      7.4777978977763748      2.9185862885556793      6.3441771049619433
Au     -6.1472124678779689      1.8986537796902381      3.5382976101220258
Au     -4.4708365399127254      3.8138428373489441      2.4934645967227063
Au     -2.6473616640696109      5.6952894858254535      1.3854067772896990
Au     -0.7939301578526603      7.4099481833903846      0.2812944925757748
Au     -6.7254056147063652     -3.4297888721246901     -6.3988418690689173
Au     -7.7960970641801728      1.9999220289638711     -6.0970934429685659
Au     -5.5377459138596370      1.1370049308753165     -7.4365010818344626
Au     -1.3290695129306984      2.0626416978071802     -9.5966149134189713
Au     -3.9239643215375426     -9.1304473716024823      2.9315982445895941
Au      0.2055482598570579     -8.2574996559370959      0.6158169286776918
Au      2.0115598876696108     -6.4010312725452509     -0.5174486357274226
Au      3.8191043597665288     -4.5345961948336919     -1.6398362335891719
Au      5.6237523636801097     -2.6615690457576475     -2.7491408630773790
Au      8.8908710660982866      0.8849021414862692     -2.1578757518492786
Au      8.5279334753520946      3.7863581683552692     -4.7388289175208769
Au     -1.6461512773935634    -10.0017521233319293      1.7238783099198578
Au     -2.2275350114955019     -8.6884257132430953     -0.6725641864621963
Au     -0.4392010754821767     -6.8510138708409576     -1.7749803898149388
Au      1.3563385505784611     -5.0069055078179554     -2.8905691740811434
Au      3.1520053082796631     -3.1401033980538164     -4.0012214852703174
Au      4.9436718461370699     -1.2652165391203178     -5.1049535530138552
Au      9.0580496443681859      1.1691240180509608     -4.8720586954291552
Au     -4.7693257662311748     -7.7186686743589652      0.6752713581325729
Au     -2.9276840802089579     -5.9653456076948759     -0.5275289225060469
Au     -1.0720584196885588     -4.1126855192789700     -1.6430583229302087
Au      0.7569910513733147     -2.2483219521974691     -2.7519835804484245
Au      2.5701054035814730     -0.3671511585276450     -3.8517189455255796
Au      4.3540913778568306      1.5504563508215572     -4.9406122671163715
Au      6.6951748639035618      0.6007484716408484     -6.1245202520443840
Au     -4.5481784393987281     -6.4348693861908410      3.1423414298975949
Au     -2.8071466967557264     -4.5978792485518385      2.0064166903814247
Au     -0.9472662262857892     -2.7429873036250543      0.8771818097257160
Au      0.8855297769367647     -0.8639155022851961     -0.2374880739356939
Au      2.7096217640810520      1.0284190904079615     -1.3468654831409843
Au      4.5021821616957460      2.9648770792012389     -2.4414446157222400
Au      5.8098591208029973      5.8568588568062614     -5.8262627886698422
Au     -2.4435611238199337     -7.5185343167219694      4.6012569014526541
Au     -0.6635558627853899     -5.7065270479599102      3.5318435732889988
Au      1.1985963189965947     -3.8837939169467104      2.4109419792448605
Au      3.0192127821673678     -2.0243071980398435      1.3026132074433576
Au      4.8264503490008490     -0.1485924705383308      0.2023966290958974
Au      6.6002214789035900      1.7745979979059108     -0.8895331557822246
Au      6.3428215666738961      4.8046869414692743     -3.5014383399617124
Au     -5.4564812907327980     -6.2977119005841660     -1.6794068118169676
Au     -3.6214247934962467     -4.5353862350492475     -2.8639002260164013
Au     -1.7679971039009326     -2.6725211093295060     -3.9882372741650620
Au      0.0537274100095004     -0.8047770301845594     -5.0817058506571833
Au      1.8537510547000320      1.1231584443447264     -6.1611951596644037
Au      3.6386575698273145      2.9559402595932909     -7.2197448223201146
Au     -5.1126708179002183     -3.6660296604683031      3.2741379452038117
Au     -3.3637510005329196     -1.8200343477877654      2.1637799614106612
Au     -1.5069852880072694      0.0579657270609255      1.0350777588122178
Au      0.3219326320757885      1.9441464335715706     -0.0750353527240044
Au      2.1441118630767848      3.8677550731674537     -1.1853021240130062
Au      3.9492890234535416      5.6802892425175173     -2.2735153954796665
Au     -0.9081293127991397     -5.8764058050284165      6.2827111600054089
Au      0.8800997350023811     -4.0577398753670044      5.2257455577023961
Au      2.7498066957382834     -2.2269393750593318      4.1103013521385563
Au      4.5554667238350124     -0.3693727052434452      3.0114228367417404
Au      6.3354470835094183      1.5539928771323215      1.9046225131491106
Au      8.0889945295953503      3.3784098055163669      0.7960685314667302
Au     -6.1513265351985131     -4.8608913992465643     -4.0217344530741244
Au     -4.3016992844616384     -3.0787991793408560     -5.2060168308907233
Au     -2.4835281066091186     -1.2141052920186040     -6.3379941389061187
Au     -0.6637638897618148      0.6793509568913798     -7.3741313191842277
Au      1.1525459557180167      2.5110999140419707     -8.4389981202223936
Au     -5.6614212924468461     -0.8851611639242902      3.4169047920069389
Au     -3.9034324935498965      0.9810192888872233      2.3144842998744721
Au     -2.0783257965874009      2.8772467058558462      1.2044765328174236
Au     -0.2414298738917546      4.7604772863488325      0.0895881709996722
Au      1.5852419010800860      6.5765106182939785     -1.0028924028852479
Au      0.6344397164392319     -4.2269166851069757      7.9674059551017535
Au      2.4300665331767064     -2.3881663084714235      6.9080074727631349
Au      4.2908936813719798     -0.5579906152910334      5.8547981082033971
Au      6.0413042204241432      1.3253914081999980      4.7096245723810952
Au      7.8118705294373534      3.1556162736624165      3.5940442038321656
Au     -6.0492356384475947     -6.0448126485020692     -6.4084857351745015
Au     -4.3682924368833946     -4.3135395159648704     -7.6369721462884623
Au     -2.5762742724238796     -2.4827474925861113     -8.7365612770007886
Au      1.6908758959221961     -0.1918769637912092     -8.5818932383063409
Au     -6.4222190321740413      0.5232116565131122      1.1153665996726261
Au     -4.6016286513157185      2.4218994162620104     -0.0209180753519860
Au     -2.7549853081473152      4.3281445291612926     -1.1413722253225203
Au     -0.8859456223810720      6.2122164665615056     -2.2517485343470085
Au      0.0179384754946055     -1.5157091192726755      8.2277861227344076
Au      1.8848089121504099      0.3557478564811323      7.1406508822539294
Au      3.7356883319144734      2.2586642579578289      6.0143952198524211
Au      5.5365312745526829      4.1604040747066575      4.8660027875233745
Au     -6.5692203102736659     -0.8234493062534822     -1.3985096825081804
Au     -4.7583125346386437      1.0473388012358038     -2.5359928900272735
Au     -2.8823261468404411      2.9862711551539594     -3.6727415664808554
Au     -1.0197792785340742      4.8612625531877240     -4.7675093567738287
Au     -2.0902256816923499     -0.4072272496422196      6.6888278331005822
Au     -0.2611255914566670      1.4565129495941180      5.5794200758296419
Au      1.6390867944380636      3.4105899599788403      4.4232278029678618
Au      3.4527080623587612      5.2931310724072516      3.3105414250849314
Au      2.9483465040243564     -5.1070047351959795      6.7300368837732734
Au      4.8396748541844676     -3.3500336714234189      5.6446543760155379
Au      6.6496649158387608     -1.4885064320679282      4.5404647322893332
Au      8.3457041872468558      0.4443378680439292      3.4365641901743729
Au     -6.7080882624402669     -2.1424922778480271     -3.9177629464125623
Au     -4.8774910158475082     -0.2923965062727243     -5.0684910188865171
Au     -3.0420613919552268      1.6089239166222695     -6.1815808250905953
Au     -1.1689222242917174      3.5057515638587491     -7.2699130370840788
Au     -4.1830708695539274      0.7414288823714719      5.1444826316896517
Au     -2.3684670628560105      2.6301645842147270      4.0206350673694295
Au     -0.5093367831214333      4.5438503182160250      2.8903276269107465
Au      1.3376205180986327      6.4194131444156257      1.7819746407281123
Au     -5.3973423951504698     -7.4765363648237146     -4.1282064665750706
Au     -3.6136490868243927     -5.8141749640680453     -5.3593471883934480
Au     -1.8542925713439296     -3.9686576439894337     -6.4861064835332645
Au     -0.0545987481738637     -2.1228496355331385     -7.5748283021361669
Au      4.1877018520001315      0.2395835964570034     -7.3534229569657885
Au     -5.8759225233199963     -2.2403847216943555      0.9597097620199015
Au     -4.0740765757427138     -0.3849470632721035     -0.1876162540697912
Au     -2.2091581562226663      1.5084236948750203     -1.3147807361774291
Au     -0.3737706666633027      3.4385581104124778     -2.4307202793695843
Au      1.4698007783196010      5.3010974069228531     -3.5250524624423107
Au     -1.5166724350807863     -3.1725638267572487      6.5333525383354356
Au      0.2841739661888880     -1.2905687644302608      5.4269516791431869
Au      2.1630073908552099      0.5850058031656840      4.3001962725200080
Au      3.9859311921209226      2.5168484981158636      3.1752136074534967
Au      5.8177030916114791      4.3719537891859339      2.0657152683149178
Au      1.4063348746764266     -6.7569436318859717      5.0490146391471562
Au      3.2843352280827274     -4.9992615008170320      3.9672345203594581
Au      5.1133381256751331     -3.1411354779309564      2.8366368861944089
Au      6.9272100253515205     -1.2507183266423150      1.7401912019101893
Au      8.6210549722486149      0.6669311390376382      0.6383703549725155
Au     -6.0151295629271830     -3.5571617139286316     -1.5370340920910621
Au     -4.2073563325271124     -1.7352469518254567     -2.6950379183356397
Au     -2.3451759809122961      0.1531083205697152     -3.8183654600439816
Au     -0.5181253693377901      2.0863792416900102     -4.9216084329854652
Au      1.3242897303702650      3.9380050373134647     -6.0362479851434561
Au     -3.6311355179725684     -2.0388080051240172      4.9909242860092426
Au     -1.8252686121475361     -0.1668507585969552      3.8842627162773020
Au      0.0459547776185882      1.7237911078279806      2.7504498762417882
Au      1.8857826084359335      3.6543138186578492      1.6279442113109504
Au      3.7101518848702160      5.5153295392746946      0.5129068075338203
Au     -0.1266748300325364     -8.4026311117740491      3.3701413454158811
Au      1.7480239626268732     -6.6466508660477368      2.2808094727475030
Au      3.5738253291104476     -4.7917324860457358      1.1494470621465886
Au      5.3900391156221978     -2.9209794437434384      0.0350949891059820
Au      7.1962094510726260     -1.0330092156619815     -1.0604253335382445
Au      8.3664577618121889      3.5896672822223241     -1.9973079937045490
Au     -4.7108711361849247     -8.9013922276560322     -1.7897093450725983
Au     -2.9350637798026016     -7.2529977352153390     -3.0127324017657848
Au     -1.1379756807722878     -5.4082649808202889     -4.1244976856315656
Au      0.6500132095848734     -3.5615082584056408     -5.2368537550090632
Au      2.4450252177159593     -1.6784207632506112     -6.3443621903068177
Au      7.4317969041723231     -0.7790440068664291     -3.8449033628860185
Au     -5.3185019753890410     -4.9859893388859122      0.8175380896909878
Au     -3.5098277990807079     -3.1735447206526457     -0.3485161492438529
Au     -1.6533774215284684     -1.2991226383724870     -1.4741329259160523
Au      0.1824130384787583      0.5941093496438343     -2.5856458540512044
Au      1.9979717762617781      2.5265204319787333     -3.6913841201009703
Au      3.8436539751558003      4.3977614378978966     -4.8203471797954300
Au     -3.0568238049813430     -4.8103858266416788      4.8407541565433583
Au     -1.2660880999697128     -2.9399883631235406      3.7240999797573373
Au      0.6031070510018894     -1.0777726420681821      2.5931754325703551
Au      2.4367475953399191      0.8102560104680245      1.4780061538319380
Au      4.2493948518781668      2.7400893561783812      0.3693407673655784
Au      6.0793844802267003      4.5895262796749892     -0.7215363518475364
Au      8.0100610266959968      0.2195492850809222      6.1876068001534321
Au      6.2991911569291617     -1.6412742988242668      7.3156454936895834
Au      4.4594514811269512     -3.4316173654828388      8.3518977600252100
Au      5.2150650955976481      3.8501762508323836      7.6321415090096565
Au      3.4703730181925687      2.0063345864356643      8.8388648549233082
Au      1.6119158384071754      0.1442389164348672      9.8272654238883881
Au      3.1838799492881851      5.0533974837454423      6.1222809975634327
Au      1.3462185777069644      3.1076777378604765      7.2156456535302702
Au     -0.5247998887775935      1.2399217329661152      8.3824798265671099
Au      1.0937839163417191      6.1768934918279275      4.5859752355656553
Au     -0.7553903525749051      4.2356798786324559      5.6728450379072832
Au     -2.6172807575009820      2.3621329681949312      6.8467248739200208
Au     -1.0085569666383898      7.2072712639963212      3.0692681326513522
Au     -2.8972314577674236      5.4337419226776635      4.1774276113126305
Au     -4.6208346423212889      3.4933338605840776      5.2675696556943521
Au      2.8558332241635060      4.6760957550656199      8.8134394310681294
Au      1.0876834378699494      2.8576566554920912      9.8913725254403637
Au      0.7924855269981546      5.8213945213197213      7.3459585274350800
Au     -0.9842069649192116      3.9949556715541910      8.4289101319155293
Au     -1.2514500789902638      6.8891878073505808      5.8061784530390774
Au     -3.0225889639873991      5.0691334977499674      6.8850379422837733
Au     -3.2428329123251833      6.9985355934010043     -0.9948550990627076
Au     -5.1257484149084220      5.2138545869837767      0.1422604395629889
Au     -6.8743862996815821      3.2677015661300119      1.2102293104542809
Au     -3.3549974913638483      5.7582286182698503     -3.4925668167297026
Au     -5.2619015192250984      3.8486038451334754     -2.3849088412843180
Au     -7.0997319984157006      1.9228454721053554     -1.2224050015726178
Au     -3.5001314367133460      4.3925367282137771     -6.0284512237551446
Au     -5.4029429038988921      2.4999563407316776     -4.8956683415004374
Au     -7.2440223038628480      0.5711677219185738     -3.7651790243486154
Au     -3.6556017709971904      2.9806378709023038     -8.4414584102133166
Au     -5.9744530415283972      3.8521480056739947     -7.1918599581579610
Au     -7.2806895463940027     -0.7164987174237831     -6.2529597290874488
Au     -5.6989617356739810      6.5361077289550709     -2.2018041861123017
Au     -7.7626545572935015      3.2823532041104491     -3.5579328119154603
Au     -8.0262979852715297      5.9428191600574696     -3.4273521290811075
Au     -7.5214004097846017      4.6741384733727607     -1.0990634151037959
Au     -5.7882328677985129      5.2922433217110605     -4.7490574847692795
Au     -8.1569337479459296      4.6576213544854861     -5.8229902361963912
Au     -0.7962598184570271     -0.6242244048256032     -9.7395110685974391
Au     -3.1831515584760171      0.2414094594056824     -8.6891133471612552
Au     -4.9935159422175586     -1.6218181376551533     -7.5877782101522140
