         216
Au Au   -791.82903499   nogrup     0
Au     -0.8973363054160419    -10.8474669355793463      1.8044262842265333
Au     -0.2070143178877020     -7.3674725390087836      2.7850514722295330
Au      1.1729133055864436     -5.2265101467453494      1.5622061077399749
Au      2.5085603032475996     -3.0547576975414223      0.3361672314902862
Au      3.8355710062604453     -0.8703930984715633     -0.8921307010546364
Au      5.1465812252963827      1.3114351221199811     -2.1137364622116728
Au      6.3985188649083709      3.5219992109133944     -3.3017425618012055
Au      6.1055384677813125      2.7187651824161421     -7.8552587397565183
Au      1.4728149682181533     -0.5100831313050804     10.0379307939383686
Au      2.8300211446407779      1.6495011757743816      9.0274244971499442
Au      4.1524522835665119      3.8201809259642414      7.8088126474221689
Au      5.3620477848066956      5.8754732409579287      6.4512457086723920
Au     -6.8603932684157725      0.3693388615298803      2.6167694571886244
Au     -5.6861300015899188      2.5577622964456799      1.4308323403115857
Au     -4.3530706338431138      4.7505727026309401      0.2008471622607040
Au     -2.9447547297793619      6.7950409385435364     -0.9950215342467850
Au     -4.5194453164451645     -6.1020767667349762     -6.3287164859702454
Au     -7.1533781455443695     -1.2692028467168637     -7.0109839926606661
Au     -4.5839548799529126     -1.5612209352128392     -7.9831632837133100
Au     -0.5798745245647581      0.3252391641012755     -9.8782831865148548
Au     -1.4648827992902547     -9.4256651097912414      4.0113719743217331
Au      2.5050090044666922     -7.6261219997023968      1.9672514932571978
Au      3.8287930322828840     -5.4636267985786127      0.7158638060322815
Au      5.1497398845633091     -3.2894918103906718     -0.5262870562636088
Au      6.4663744519999424     -1.1084570555018693     -1.7546091671249400
Au      8.4578464352751617      3.3198390494058798     -1.4149727737360536
Au      7.6791240793245334      5.5986785279744424     -4.4089087095996113
Au      1.1091879549015111     -9.7001073316852082      3.1713365365527366
Au      0.4996890221644925     -8.9450223631288175      0.5516340076383095
Au      1.8087262482305171     -6.8015777526789911     -0.6682072613068328
Au      3.1251118827585262     -4.6502296635051579     -1.9017055944695365
Au      4.4364243437847906     -2.4740016610489928     -3.1351983301920043
Au      5.7436535961482429     -0.2868130499607702     -4.3554865595699752
Au      8.9497783764332510      3.2818699948692331     -4.0826015464378624
Au     -2.3702942454338780     -8.6410490955660180      1.4889778448748281
Au     -0.9728501372100391     -6.5726759917244237      0.1896470255468046
Au      0.3981487926093301     -4.3956182204520999     -1.0403863949322485
Au      1.7415388979761328     -2.2133920357101822     -2.2695883184538488
Au      3.0671038320448059     -0.0152193737627710     -3.4987576606688791
Au      4.3691182490964158      2.2059407997173945     -4.7499926947434563
Au      7.0422760750108564      1.9124295994495553     -5.5102824803146202
Au     -2.8692323522252234     -7.0492164142136708      3.7249569602379786
Au     -1.6007274493604426     -4.9254731021227389      2.4691385879027514
Au     -0.2253209936649530     -2.7481465690254261      1.2273206862679871
Au      1.1157518078576105     -0.5553918261183268     -0.0063200955852345
Au      2.4450890377210888      1.6460657720423599     -1.2373408734315063
Au      3.7413073419690805      3.8731839738065816     -2.4715310560069383
Au      5.6711352819507335      4.4140992831142611     -5.8623956456786477
Au     -0.7584359823777485     -7.2381483140170477      5.5249403647861257
Au      0.5449577316157219     -5.1179550121732511      4.3416609617094295
Au      1.9305229303634688     -2.9691759126291419      3.1137580648922842
Au      3.2643614280102939     -0.7973975399513993      1.8885659726472888
Au      4.5795177322687026      1.3860671783876626      0.6684558827973852
Au      5.8502246251820269      3.6055246707629713     -0.5460797621463591
Au      5.0873127238039748      6.0084897334598351     -3.6414174575221985
Au     -3.1154528153415226     -7.8123099184227591     -1.1159978219717956
Au     -1.7297345452132196     -5.7354963287378879     -2.3999044647214589
Au     -0.3624847163337774     -3.5515611170619099     -3.6403017453846118
Au      0.9704927166680370     -1.3674013867607950     -4.8545902366224531
Au      2.2681626188656505      0.8641513299806256     -6.0751314629584225
Au      3.5447872058607457      3.0455944463595737     -7.2702896566462254
Au     -4.2273179817681585     -4.5947370970489203      3.3544906971492203
Au     -2.9569261885097826     -2.4571114629990323      2.1228471741875090
Au     -1.5906591360699722     -0.2592116007488672      0.8772501921329443
Au     -0.2546576882635412      1.9392902569774568     -0.3542625064807368
Au      1.0690546580222415      4.1674153917309535     -1.5949033792739904
Au      2.4077045351577659      6.2888371758072816     -2.7893900514281214
Au     -0.0113342581081239     -5.0040006680372748      7.0505912289928396
Au      1.2962051176495226     -2.8736339841313541      5.8798560803248101
Au      2.6855583513343495     -0.7146798407204145      4.6576806566077344
Au      4.0041146989386496      1.4515637886747479      3.4421478340172733
Au      5.2797603917197415      3.6711309750609273      2.2083494331498343
Au      6.5591236760535248      5.7932757649874125      0.9880548010646741
Au     -3.8765156198836670     -6.9706158737360138     -3.7112915613322812
Au     -2.4838513085112019     -4.8720835742004347     -4.9975034019225220
Au     -1.1513048089496247     -2.7000149894322245     -6.2477314396980077
Au      0.1590429915315452     -0.4885564978612127     -7.4089920610418805
Au      1.4782718774957075      1.6568062438827313     -8.5939169917483138
Au     -5.5749105556729868     -2.1223796931083960      2.9937625828404464
Au     -4.3023025678236753      0.0377327197485098      1.7670529240293433
Au     -2.9727497857613114      2.2451971563969373      0.5335109528973483
Au     -1.6255039396150583      4.4416623181548260     -0.7025171767363787
Au     -0.2733340469545933      6.5735145996302515     -1.9040002411486121
Au      0.7390784240074035     -2.7602032732806041      8.5794671153396500
Au      2.0483236497915343     -0.6090461650302599      7.4044602414558938
Au      3.4213038416865009      1.5546462765597830      6.2431585183199871
Au      4.6866504975717858      3.7229108396580308      4.9734169767551961
Au      5.9828072467759652      5.8521792662259982      3.7421339236572919
Au     -3.1185953021510811     -8.3633787613155306     -5.8544293179679041
Au     -1.8646048518235885     -6.3710482432815354     -7.1906071693975200
Au     -0.5532864841064029     -4.2356616657363233     -8.4061610437014309
Au      2.7918755812413103     -0.7530703191064836     -8.2518003025028861
Au     -6.3919248834321660     -1.3207252965956648      0.4349684260494335
Au     -5.0639356793661632      0.8848625087472408     -0.8250380605661789
Au     -3.7140213473528356      3.1062096472703367     -2.0694392455861852
Au     -2.3410465161887495      5.3137229931242054     -3.2962456053915119
Au     -0.6689909193963537     -0.3594361342782326      8.3393255309012346
Au      0.7028321618541149      1.8411579851601010      7.1380937972013889
Au      2.0554088746070063      4.0612688533385564      5.8910436007706259
Au      3.3645453730974610      6.2616895079146317      4.6174477660472633
Au     -5.7991381482836113     -2.9554425130176689     -1.8286734746123550
Au     -4.4727723454906432     -0.7793015773009762     -3.0866021017605405
Au     -3.1040049234398301      1.4798586297645224     -4.3489520393546890
Au     -1.7416786502442361      3.6803882870414628     -5.5588415402000866
Au     -2.7771593174536089     -0.1572556069678823      6.4549123461573146
Au     -1.4357026129035853      2.0215376829491030      5.2287132637769531
Au     -0.0467764788350804      4.3011399857432577      3.9478798476310502
Au      1.2749543392268263      6.4920403616352607      2.7142099309887477
Au      3.3543387340778361     -3.0367972322525834      7.7169106815486828
Au      4.7814878362270088     -0.9365790581485047      6.5390649393184326
Au      6.1039320319079389      1.2346202705099980      5.3190853783224838
Au      7.2986019886946165      3.4392228573214223      4.0796475162719119
Au     -5.2085849231758123     -4.5638067176702179     -4.1003597848242030
Au     -3.8576135643752445     -2.4032221162120173     -5.3666668171725007
Au     -2.5223068515237137     -0.1879621098255582     -6.6027361892058973
Au     -1.1559339295282358      2.0371948286365003     -7.8102338769639168
Au     -4.8821596516834509      0.0864417765605792      4.5607947085852203
Au     -3.5593471917256876      2.2823401858944887      3.3143099096013415
Au     -2.2001693830060760      4.5143405124598308      2.0610734889656612
Au     -0.8453544108554745      6.7087987143964787      0.8353801315241256
Au     -2.3900881040510416     -9.2218074234662115     -3.3241915652165979
Au     -1.0189703562407710     -7.2620443359923801     -4.6421789917731200
Au      0.2634686040380698     -5.1257386410320525     -5.8892607389740341
Au      1.5764264390030256     -2.9731758932975190     -7.0965677214570668
Au      4.9110438843769098      0.5485073571896244     -6.9194211608923055
Au     -5.0503925012052679     -3.7788841726068565      0.7802952786763377
Au     -3.7265886798464889     -1.6208637662375391     -0.4850640754769060
Au     -2.3558254936725751      0.5938134778298858     -1.7319411732917764
Au     -1.0216814460283281      2.8334473362278394     -2.9772733092751942
Au      0.3323331018099580      5.0163718147300242     -4.1853364789674643
Au     -1.4086907289810355     -2.6092509509233306      6.8031066655325283
Au     -0.1002831714158248     -0.4212898838744268      5.5748730928545100
Au      1.2868300752924053      1.7815355183328450      4.3347345643998985
Au      2.6042838016471226      4.0203319198620662      3.0811427835419281
Au      3.9494357323642353      6.1905876670791145      1.8544692053879466
Au      2.6039918177663033     -5.2800595345408787      6.1909584715840751
Au      4.0176741689232740     -3.1828287768298527      5.0145075727452060
Au      5.3622270306947621     -1.0130230101159343      3.7698412794853198
Au      6.6783377993806239      1.1873862590090400      2.5550604928867955
Au      7.8769201683521191      3.3797616726996891      1.3270599790449218
Au     -4.4609115993157040     -5.3809779243296294     -1.4709976353122940
Au     -3.1210053958142190     -3.2539943231229973     -2.7413757162653560
Au     -1.7526662651930947     -1.0442094574030447     -3.9840138403393759
Au     -0.4306086630889192      1.1980519675353047     -5.2173856505008906
Au      0.9142047012354730      3.3729731253680924     -6.4359830087381962
Au     -3.5305388657173000     -2.3859901453731549      4.9115568267577459
Au     -2.2139822625765353     -0.2060858707616831      3.6843857948583576
Au     -0.8368084819890598      2.0076795813899695      2.4332257232788344
Au      0.4982638116365621      4.2500150037255366      1.1826870230255437
Au      1.8358981446444318      6.4227827941697431     -0.0479376978565575
Au      1.8598085806934197     -7.5160583364608353      4.6679521084398132
Au      3.2717648263128778     -5.4221622334968202      3.4831021118563825
Au      4.6144751637978816     -3.2560855880117732      2.2365185832080492
Au      5.9408699160378555     -1.0760000075660416      1.0046452329903097
Au      7.2508912061801452      1.1215985715450998     -0.2059759392843112
Au      7.1357484452699973      5.7343455633734726     -1.7546908201110334
Au     -1.6396389423833959    -10.0546586790316024     -0.7350453552317084
Au     -0.2727142195196093     -8.1086498429080276     -2.0432280798131366
Au      1.0439872898733009     -5.9583527732671069     -3.2721983508699672
Au      2.3518871093453342     -3.8100617664003948     -4.5025004497426533
Au      3.6511799917482923     -1.6304753788414743     -5.7302607161763301
Au      7.7901258725983018      1.0799368567859435     -2.9506645413569998
Au     -3.7048210168679088     -6.2148457832661457      1.1363157631910603
Au     -2.3601438292680528     -4.0970858078346151     -0.1395478819462710
Au     -0.9928281567813246     -1.9021339005094511     -1.3825045184727891
Au      0.3493689737331973      0.3049095642707975     -2.6164853949376869
Au      1.6693746267654026      2.5367961302051141     -3.8568087091157786
Au      3.0031084631260185      4.7155882237308635     -5.0568162982542564
Au     -2.1600769369196264     -4.8426205738451404      5.2656143196983258
Au     -0.8565515888134585     -2.6698765438925864      4.0278368645118690
Au      0.5259789540545095     -0.4830360368164950      2.7845709843898589
Au      1.8655631636167911      1.7190114299455619      1.5493123711998535
Au      3.1731005529673544      3.9542687705499682      0.3093776574595104
Au      4.5143933702306720      6.1208688459445861     -0.9062274819830698
Au      6.6713415512511096      3.4735578773822788      6.7862277890368503
Au      5.4388250216223524      1.3359309753535102      8.0385047160031959
Au      4.0762222414909699     -0.7862977851871378      9.1780627713138792
Au      2.7738544132326508      6.2229030115861175      7.3570990915350833
Au      1.4930880859794327      4.1013127885820486      8.6833833039218575
Au      0.1397984242160737      1.8995638008106219      9.7871934095460773
Au      0.7069379283137023      6.5413676751479084      5.4921414690530099
Au     -0.6168983071730638      4.2808232978633587      6.7149223511877345
Au     -2.0047710281056026      2.0927275638321685      7.9942126456898421
Au     -1.3885377142362838      6.7634072434882002      3.6083873763519172
Au     -2.7237501275271390      4.5029816199414627      4.8231635448509600
Au     -4.1024546324684446      2.3133603327276537      6.1118729568165655
Au     -3.4712318873764190      6.8953600298876214      1.7582233466485384
Au     -4.8957171781441451      4.7839060635796677      2.9636776283579458
Au     -6.1131632582614666      2.5631537062807350      4.1941327225574021
Au      0.1392046557077373      6.4272427263887453      8.1679691315323772
Au     -1.1535394174270586      4.3059227657738610      9.3612479600337402
Au     -1.9470465036819951      6.6869698422491117      6.3508631111214733
Au     -3.2462611954207636      4.5563915202423617      7.5498922949226959
Au     -3.9824115543666849      6.8701145267787691      4.4770282137769613
Au     -5.2777991629311085      4.7469413929559323      5.6719122151870138
Au     -4.9733723266602352      5.4930390310909667     -2.4030157906002358
Au     -6.3924861639396324      3.3774959585520734     -1.1658263646499059
Au     -7.6299864065486434      1.1409644757255908      0.0417678769664782
Au     -4.3858173731509771      3.9709726528578213     -4.6645779295369785
Au     -5.7844877239370405      1.7268325280798571     -3.4382959572188945
Au     -7.1235244829442124     -0.5059922270682504     -2.1498058682968875
Au     -3.7881312931510438      2.3157576813653158     -6.9459507840824450
Au     -5.1904982030088922      0.0910924506284800     -5.6977079456824082
Au     -6.5259658071084292     -2.1489711581710846     -4.4395772825939055
Au     -3.2027567671957566      0.6274350327780533     -9.1005350732603105
Au     -5.8198834595489712      0.8968707609751414     -8.2242666412757277
Au     -5.8539104712730010     -3.6936404333033312     -6.6761710914191035
Au     -7.0064082610339860      4.1498091907614691     -3.7341991076661927
Au     -7.8335880814214196      0.2758124487955849     -4.7234845758352932
Au     -8.8763051317478485      2.7199094499817242     -5.0505794305518386
Au     -8.3394141342973889      1.9752249766187511     -2.5126776610597474
Au     -6.3893158949807667      2.6240456237366674     -6.0420308506842630
Au     -8.3056356695946256      1.1611605248864736     -7.2072238399165780
Au      0.7221042572810008     -2.0663847000882640     -9.5361869392353178
Au     -1.9275747612098346     -1.8447469540142958     -8.8555298864649554
Au     -3.2459004431176215     -4.0169229982062991     -7.6345796699914903
