         216
Au Au   -791.70678377   nogrup     0
Au     -4.7838548948703501      2.5262649536808612      8.8597618750287612
Au     -3.4822795981042276      0.9245066186999227      7.0427212531950563
Au     -2.2083046888691387     -0.7804620217477819      5.2070690820811567
Au     -0.9681068683090257     -2.3876905822816599      3.2754443960680142
Au      0.2690070534460025     -3.9521515447431308      1.2942336878429028
Au      1.4944282589427083     -5.4629512673987044     -0.7227557946972230
Au      2.6874973605540369     -6.8778090673884114     -2.8379942978925472
Au      3.8015476073636387     -8.3308473055966914     -4.8895355666886040
Au      6.3745310766736925      3.6348891014357063      7.0504099766451471
Au      7.8052132028136674      2.1576608391708882      5.1876005713982085
Au      9.0566798881565411      0.5750675106440175      3.1833979417385745
Au     10.0590339010572318     -1.0244855652493228      1.1497327076277521
Au     -0.8883545259980101      7.3671506181733060     -0.4615818452722902
Au      0.3371553661478075      5.9543685837933902     -2.4755200809639843
Au      1.5874442067398684      4.3732538713258586     -4.4778369842750099
Au      2.7776764652306745      2.7310891924016181     -6.3326733621125317
Au     -9.9228481498356302      0.7979242597734455     -0.9008592028861013
Au     -8.8041959537732701     -0.7435369971935186     -2.9129546108306306
Au     -7.5652725904009621     -2.3102772749911402     -4.8970670865159773
Au     -6.2476864517336868     -3.8496808876802850     -6.7865683872856346
Au     -3.5898615081141418      0.3106094540171965      9.6972294879874905
Au     -2.5301540606199344     -1.5451439148227777      7.9182979321040978
Au     -1.3296993166837412     -3.3147259745734092      5.9284614705743781
Au     -0.0705659149112381     -4.9807338260373450      3.8889572696415531
Au      1.2389193562202137     -6.5630714251459397      1.8148328686718020
Au      2.6042722032566634     -8.0382988477293775     -0.3044664261915901
Au      3.9672574245617032     -9.2463592991708179     -2.4054810232087096
Au     -5.7973582870308125      0.0286657889892335      8.1871025481174247
Au     -4.6903624864970954     -1.6534233141177073      6.3235362667803976
Au     -3.4849683586394580     -3.2593581017081510      4.3736114292665196
Au     -2.2624118153447377     -4.8332815259264104      2.4038705472414126
Au     -1.0188701909979709     -6.3780068067342484      0.4241776607311696
Au      0.2385689721668136     -7.8865988538969223     -1.5701098812207297
Au      1.5400317485053678     -9.2502694352524628     -3.5636805029597189
Au     -6.0579350903691900      2.1251668059622220      6.4809949396522306
Au     -4.8237239575576547      0.5076815254195320      4.5775840082956343
Au     -3.5672032347906075     -1.1219994523445960      2.6498342508068458
Au     -2.3280537332370264     -2.7000580363986710      0.6783933518361103
Au     -1.0915838916614851     -4.2526665789925939     -1.3148166174532099
Au      0.1324285335965540     -5.7598643012373154     -3.3595791148802716
Au      1.3490345783726256     -7.2416745746907205     -5.3811016305271764
Au     -3.7719675018906713      3.7401058344124807      6.6376905682555538
Au     -2.5235471167497696      2.1790337824481285      4.7140161144848616
Au     -1.2729499760542886      0.5244151266655546      2.7886648839057244
Au     -0.0315083720384166     -1.0588428591787917      0.8164309460795280
Au      1.2065924689513059     -2.6112199800633138     -1.1822724298798359
Au      2.4449553227913361     -4.1041481135715019     -3.2429350484034183
Au      3.6377890754599065     -5.6302915104155051     -5.2288830518779417
Au     -2.0289972247084815      2.7316773197697084      8.5504180983166425
Au     -0.6545143138496861      1.1988285825541913      6.6609682079852650
Au      0.6134144002513311     -0.4145798875490396      4.7129381407440611
Au      1.8577980161403485     -1.9931668370562079      2.7339327043307566
Au      3.0960117982099451     -3.5540597280477200      0.7371059204062753
Au      4.3176503358145339     -5.0889309439954689     -1.3018381610121059
Au      5.3981907853755082     -6.6607071190841349     -3.3440702500232380
Au     -7.3540013370040160      1.6930808305289702      4.0358932756101424
Au     -6.1542470052378668      0.0920562260791776      2.1018400257079204
Au     -4.9158166681943811     -1.5287443487559405      0.1373572561995839
Au     -3.6754703100629653     -3.0972841786128367     -1.8490329652206228
Au     -2.4219422254289471     -4.6278107893117406     -3.8753719669481361
Au     -1.1732796808684665     -6.1230475828995186     -5.8624136093093053
Au     -2.8001162582832109      4.9570440145623049      4.3011931854020062
Au     -1.5807051741941924      3.4289877284999468      2.3475927346339382
Au     -0.3281155465664800      1.8067093743356044      0.3737575540840012
Au      0.9156763296194708      0.2338093777353421     -1.6181524727178624
Au      2.1670493055697531     -1.3104286765573481     -3.6543695292625058
Au      3.3800504016634836     -2.8584056664888418     -5.5962357387218136
Au      0.8103661584029775      3.0447782688239120      8.0751665045497543
Au      2.1573527366201293      1.5214113856040170      6.1693488411456503
Au      3.4296962291202355     -0.0937092496954968      4.2084185607995348
Au      4.6657789118917616     -1.6568476824806355      2.2288553611260280
Au      5.8935446762866928     -3.2033402100614023      0.1859028005267760
Au      6.9964578038037510     -4.7780845818992619     -1.8317439085199512
Au     -8.6646821284991198      1.2606833336752470      1.5754406972464352
Au     -7.4805048714646922     -0.3486497039935552     -0.3873660699748012
Au     -6.2650460373801984     -1.9523909139213453     -2.3703376736084882
Au     -4.9943317550894895     -3.4926603783311347     -4.3689267837425811
Au     -3.7142221562154099     -4.9996617355929720     -6.3526337805695938
Au     -1.8509289001139511      6.1912407611177676      1.9305793623901337
Au     -0.6274968649624313      4.6761143747199529     -0.0488621076753883
Au      0.6264775207138009      3.0936558660996907     -2.0516936887705350
Au      1.8754853459353442      1.5108429697000412     -4.0573460535185069
Au      3.0957188820269059     -0.0642919568396901     -5.9913960578586192
Au      3.6307584320018855      3.3604135552767400      7.5849359725565808
Au      4.9586002677271974      1.8194517409180386      5.6524115532385597
Au      6.2625126394278130      0.2424175912496952      3.7190016639984176
Au      7.4352128549983743     -1.3124461643333893      1.6861546183345020
Au      8.5750341084844912     -2.8920625348644857     -0.3332423789611578
Au     -9.6875885095093608     -1.2373799339708849      0.9639180546713249
Au     -8.4964374484471232     -2.9391298682174565     -0.9641220885298516
Au     -7.2432975448929273     -4.5238519288098367     -2.9710106641255836
Au     -5.9437640281036295     -5.9718237617387180     -5.0317676607255448
Au     -3.1887996717933396      5.8211015505035828     -0.5111784534713468
Au     -1.9285869832560270      4.2561574051387474     -2.5197647047934941
Au     -0.6599638316419534      2.6518561974727470     -4.5514427041905439
Au      0.5802132810870226      1.0548083231724525     -6.5471880315092967
Au      4.5629977239297457      4.6440823684554324      5.2884031772650459
Au      5.8827441085619370      3.0547471734401084      3.3098060000669456
Au      7.1534356210050953      1.4478444915077826      1.2748144999493309
Au      8.3504824807951437     -0.1455351220996925     -0.7772036065522077
Au     -5.4587344459272060      4.1557778971998562     -0.6076295495647805
Au     -4.2250019905057918      2.5761401448876806     -2.5940324422695680
Au     -2.9358774146922011      0.9459144827804941     -4.6585419788972304
Au     -1.6860375642186924     -0.6151709784198192     -6.6495350780588716
Au      2.7106917930400085      5.5667968539877180      3.4067917013344005
Au      3.9747498081191801      3.9915148086638061      1.4206971333098721
Au      5.2714811248355886      2.3516769111899136     -0.6559994841862125
Au      6.5004140260180057      0.7743356662456341     -2.6623997870946674
Au      4.2366848785802951      0.7369382927247237      8.0537304553663436
Au      5.4588884580604891     -0.9398171392995350      6.1506402898215828
Au      6.6993334437177143     -2.5084912989649863      4.1640640244465672
Au      7.9520949772754248     -3.9616098045049473      2.1034685760261134
Au     -7.7339100615816641      2.4953920937856853     -0.7458674990989955
Au     -6.5171419947005926      0.8966307829166726     -2.7429813903465661
Au     -5.2552461468973579     -0.6991603495930718     -4.7638836137969687
Au     -3.9790021506190110     -2.2530589019509644     -6.7592841644882640
Au      0.8904439437994467      6.5178776645755825      1.4939173012684073
Au      2.1378742813042133      4.9520432022135195     -0.5260965791411323
Au      3.4089657579222550      3.3446258900719656     -2.5617302681132337
Au      4.6644976318476941      1.7452215950388799     -4.5501757555821722
Au     -8.4020609187830004     -0.7973531811000883      3.3885557053077733
Au     -7.2449911923111472     -2.4763286682755643      1.4781421613750148
Au     -5.9810871437061230     -4.0769026992204500     -0.5154184481155220
Au     -4.7350455998229570     -5.6504094062885164     -2.5415045239162035
Au     -3.4367194391864375     -7.0765322171008913     -4.5633775868906765
Au     -4.1321093905351569      4.5842583853630003      1.8538805985683862
Au     -2.9087915619134490      3.0123402000572677     -0.1330158680001556
Au     -1.6465270336115130      1.3993275317304552     -2.1330965353446834
Au     -0.3893385306142001     -0.1737599108299357     -4.1678729834852399
Au      0.8634065277751755     -1.7330705699843776     -6.1463471540441468
Au      1.7727857746593121      4.3274776444564669      5.7869337083353880
Au      3.0559711438660098      2.7779786198227439      3.7938129540019485
Au      4.3367338963327855      1.1569288868861087      1.7943847883274415
Au      5.5861213005325157     -0.4216301329922634     -0.2581847509840856
Au      6.7950669207544765     -2.0236633197598684     -2.2561783845168444
Au      1.5965407119147930      0.4981846642892239      8.6193742456564717
Au      2.7555957223119805     -1.1826903036509651      6.6910824637144835
Au      3.9693618017954031     -2.7960121078395170      4.6863803304081273
Au      5.2592537140026794     -4.3488496909881675      2.6814534737976281
Au      6.5683415647800292     -5.7892459897908752      0.6569591747131263
Au     -6.4098216048897765      2.9248566827364719      1.7288632413112186
Au     -5.1940636835828160      1.3432819235895710     -0.2488493426308089
Au     -3.9374931801846831     -0.2721577311883431     -2.2437490536498226
Au     -2.6788396995312835     -1.8374676923711313     -4.2769321734954087
Au     -1.4224284779497167     -3.3821946717965337     -6.2583538438810660
Au     -0.0582609067334730      5.2705120234552476      3.8769270550605288
Au      1.2002419424675013      3.7179106112174400      1.8887593423591760
Au      2.4663690757758152      2.1012485881199710     -0.1191809211138626
Au      3.7278516616569255      0.5215024834204471     -2.1591705503648058
Au      4.9503645332698900     -1.0633840554723215     -4.1443158359800352
Au     -0.9953898184732486      0.3119823828055713      9.2232970295782959
Au      0.0906205733590713     -1.4213002995151667      7.2796609497945699
Au      1.2775792528924383     -3.0639092416969338      5.2522808257236004
Au      2.5398690941156046     -4.6602236787189986      3.2307153890345095
Au      3.8745838296090982     -6.2065832604333089      1.2196030830045093
Au      5.2636093209550854     -7.6033163404533983     -0.8005691211497510
Au     -7.1132974982890342     -0.3798523776575851      5.8145231556367616
Au     -5.9689032428318836     -2.0544024826118261      3.9113831148999036
Au     -4.7286127655860586     -3.6502075775166736      1.9368318733414540
Au     -3.4836962861242959     -5.2245330393094376     -0.0568869119025752
Au     -2.2373166177630841     -6.7733814699952015     -2.0647122530226545
Au     -0.9379071297132322     -8.1892742903489637     -4.0753031086075495
Au     -5.0823371211353008      3.3472468906225714      4.1887438332700757
Au     -3.8569342611063702      1.7615699230035364      2.2296226425345473
Au     -2.6052580343179867      0.1426350171152018      0.2657783609653119
Au     -1.3615300177666096     -1.4301828392190057     -1.7260269902126799
Au     -0.1174288362598546     -2.9674090639752344     -3.7591198419713949
Au      1.1235493944132346     -4.5007158937436875     -5.7498614375140846
Au     -1.0124451061555755      4.0177667439458045      6.2525780942970997
Au      0.2649011328760378      2.4665477527612509      4.2771947632502343
Au      1.5281278664180489      0.8489397099702924      2.2962628888553827
Au      2.7763455482122996     -0.7295518726614693      0.2972633329803056
Au      4.0233171203749327     -2.2863319049597171     -1.7418477314592060
Au      5.2256797216747257     -3.8709475143094996     -3.7376774864898268
Au      9.3239351004863522     -2.0944422411402113      3.5475682263442838
Au      8.1482781514009996     -0.5799766084311103      5.5458850533225075
Au      6.8874026676795559      0.9868065086189587      7.4496775121401324
Au      9.8131368461383133      1.7071714881090150      0.7648254022972019
Au      8.6935092357956556      3.3164912288379313      2.8095657041830648
Au      7.3230308127103383      4.8561306687181425      4.7526959374057345
Au      8.0450342055598121      2.6341064143067392     -1.1559153613420836
Au      6.7554676314614888      4.2017390181102980      0.9003936487252080
Au      5.5023557683301849      5.8495552006164226      2.9161507418581625
Au      6.2067579567650100      3.5713627705271311     -3.0392290117995877
Au      4.9021604803068080      5.1447534463521638     -1.0014924357972781
Au      3.6669587305633309      6.7831768883881258      1.0282246017958947
Au      4.3398501314610094      4.5118471712167558     -4.8491627903569867
Au      3.0903733728516714      6.1750327562505909     -2.9463625798945330
Au      1.8611168615465155      7.6464455172253833     -0.8795052841652691
Au      9.4106002968473419      4.4223418071041802      0.4211425248930549
Au      8.1930531059340161      5.9620388150244166      2.3710305078753127
Au      7.6353752403125137      5.3884469495984346     -1.4523284286911693
Au      6.4165199578757566      6.9298011465031433      0.4996546913757278
Au      5.7947086857151051      6.2760152735603141     -3.2969254821689056
Au      4.5793395258608891      7.8129657537483848     -1.3505243242715004
Au      0.2472885786422414      3.8148288223925428     -6.8504625728512130
Au     -0.9487883801304928      5.4851809988644229     -4.9237734341741515
Au     -2.2290917241615471      6.9464574630818179     -2.8845823722352177
Au     -1.9728459243304837      2.1714838481683021     -7.0334389040439405
Au     -3.2153724827785473      3.7513735812055655     -4.9699929708203729
Au     -4.5077337356140710      5.3771005048383715     -2.9738600242166289
Au     -4.2367935271561086      0.5253490927982815     -7.1408571945894881
Au     -5.4963788168790213      2.0888420602603643     -5.0814972100879743
Au     -6.7677237682360349      3.7259601481793267     -3.0876178233140017
Au     -6.4866660007984898     -1.0855096430052731     -7.1716207190459560
Au     -7.8340589439896444      0.4698334920377202     -5.2627556838259908
Au     -8.9542675953621558      2.0350159304341040     -3.2198013526556233
Au     -2.2689537999862655      4.8931138317961631     -7.2384485255123767
Au     -3.4833212586339108      6.4288010374325069     -5.2936609799836738
Au     -4.5135812210930464      3.2999513144473500     -7.3858237028506277
Au     -5.7303108176149173      4.8386261888604336     -5.4372530471501737
Au     -6.7218357946321436      1.6521205139596835     -7.4587527591280445
Au     -7.9356158823830434      3.1870656051442032     -5.5149055710992858
Au     -8.3613747505449076     -4.8114029400373095     -5.3716297358955147
Au     -9.6412388550408892     -3.3077840176233488     -3.4082246307478812
Au    -10.8113126837963200     -1.7132107360885585     -1.4480860228033086
