         216
Au Au   -791.70678378   nogrup     0
Au     -1.6155103778343514      9.6063074214657629      3.5877081340900396
Au     -1.7605629678628190      6.8611242193787394      3.5222635951246257
Au     -1.9951704330998186      4.0605978272605912      3.4828387928244204
Au     -2.1937033758415105      1.2709232796891810      3.3074522964152475
Au     -2.3679393656785970     -1.5249967461710785      3.0714950338390867
Au     -2.5166671089303692     -4.3076887375838098      2.7766119853459283
Au     -2.6295222444605018     -7.0827438890821028      2.3454940817487699
Au     -2.8246964033741748     -9.7969618316694174      1.9501917051529176
Au      7.4188458317225150      3.2260438476768560      6.1732317244010826
Au      7.4513448280899528      0.4536994164457422      6.0629793187586856
Au      7.2750891967705407     -2.3746502498712729      5.8242802214657097
Au      6.8999252064937631     -5.1010341401153170      5.4704647886683127
Au      4.1899873983692482      4.2974606136629525     -4.3878158495138901
Au      4.1062359814785427      1.5716172547125895     -4.7291849018134755
Au      3.9301428952190891     -1.2540737705912761     -4.9676572362518208
Au      3.6736552326221457     -3.9878859333837937     -5.0870537773866644
Au     -6.9392832382079934      5.0625354417161903     -5.1115860142161500
Au     -7.1881392708474934      2.3216867682348612     -5.4306982542502933
Au     -7.3626326210043231     -0.4783174172664157     -5.6670002064979803
Au     -7.4569034155700464     -3.2434462574330247     -5.8125568123511995
Au     -2.1574808280205047      8.2771876300803235      5.8183639163062466
Au     -2.6504406901658384      5.5407056820647247      5.8107076498763952
Au     -2.9880665906826462      2.6434792499691468      5.6555765681114476
Au     -3.2149077763546692     -0.2582991026839201      5.4345338955330114
Au     -3.3498467232366145     -3.1617651351672205      5.1656530078731251
Au     -3.3736054836344516     -6.0634321731193221      4.8313953411421586
Au     -3.2218670710823631     -8.8023846572856357      4.3769553089554396
Au     -4.0492542333838735      8.3053011227202358      3.9069767118283227
Au     -4.3948122824779592      5.5870744641753216      3.7670592859479441
Au     -4.6191894863902814      2.8045953335713816      3.5629020022970899
Au     -4.8102056798595960      0.0183536139593423      3.3345569271954112
Au     -4.9665205564913055     -2.7688965325127572      3.0925344337489289
Au     -5.0890180657494550     -5.5525406844431728      2.8269456191462172
Au     -5.0826765730000467     -8.2775459358367307      2.5074874591022276
Au     -2.9158926674022756      8.5215522421405403      1.4487792478903003
Au     -3.1247461873509565      5.7473755432374691      1.2976994696487374
Au     -3.3257637504647515      2.9390630599019452      1.1431004034337704
Au     -3.5071410902062667      0.1407302614184065      0.9222407662197085
Au     -3.6744329982018269     -2.6559097281470683      0.6709210967294474
Au     -3.8227778477256895     -5.4536702437324269      0.3524039270303163
Au     -3.9591062537664112     -8.2184154881687270      0.0360315278664061
Au     -0.1295986931072579      8.3307215897641242      1.6903717377913789
Au     -0.2911844357919011      5.5677169489752831      1.5013950198708699
Au     -0.5130490490445001      2.7500687362641454      1.3586678862755228
Au     -0.6961724223231927     -0.0528865084340930      1.1407217977003903
Au     -0.8622715991697141     -2.8537764508713863      0.8857376368437659
Au     -0.9909579294726458     -5.6612566035605134      0.5537400266860644
Au     -1.1732070625653841     -8.4155721686233136      0.2770860630394001
Au      0.5744365657333126      8.0809958214481501      4.3653217067412324
Au      0.5271422056245276      5.2897948842169082      4.2396069722428731
Au      0.3447471697612601      2.4716146577535731      4.0659843484642035
Au      0.1666877954519128     -0.3346103482925749      3.8417168920072378
Au     -0.0049005547797045     -3.1391299815198632      3.5924692165839236
Au     -0.1731346973156276     -5.9474236303801202      3.2912517060886799
Au     -0.4716161356620909     -8.7046674358372496      2.9487073778160404
Au     -4.2554869069956816      7.3883581934128069     -0.7344214344713311
Au     -4.4803123800075255      4.6217720028298643     -0.9311560207520344
Au     -4.6902567269610849      1.8043279013139779     -1.1256591093623483
Au     -4.8649489897786999     -0.9988913154698071     -1.3622325893522662
Au     -5.0059768851965316     -3.8133477078977656     -1.6430255133262452
Au     -5.1259936668771910     -6.5802594996721169     -1.9132840286179151
Au      1.3244927878688100      7.0043786440486091     -0.3123993258442548
Au      1.1619865206941520      4.2558512688553565     -0.5525287678354385
Au      0.9613612271579064      1.4241656257016948     -0.7477187784270320
Au      0.7861832728557858     -1.3868433458359775     -0.9849516382919106
Au      0.6341447366380906     -4.2141963563475571     -1.2673513908295364
Au      0.4540627202735066     -6.9630042160896402     -1.4911648381835816
Au      2.8933149553193505      6.4653207275885345      4.9964040496347479
Au      2.8311309599889922      3.6833186067462238      4.8422740073604249
Au      2.6504775818842012      0.8535885469239268      4.6614133382856533
Au      2.4763896066487092     -1.9399913024984352      4.4256491489923100
Au      2.3049301836699954     -4.7605772428464821      4.1296513141013307
Au      2.0220719630423782     -7.5154060843713673      3.8165014737422496
Au     -5.6067578060398464      6.2527833527334344     -2.9351508566422710
Au     -5.8497213344105443      3.4712382177590935     -3.1560869049675810
Au     -6.0662266079357092      0.6635113227592706     -3.3825758993154436
Au     -6.1998795901198847     -2.1475884073599953     -3.6302791983572771
Au     -6.3039932564982681     -4.9354104642878092     -3.8793624188615667
Au      2.7718588791638439      5.6776704466713017     -2.3591010991979502
Au      2.6200419038929335      2.9176990498831339     -2.6238460096356757
Au      2.4458043716925806      0.0889948042062763     -2.8605477409037583
Au      2.2675169992978832     -2.7391195496544647     -3.1012494603058469
Au      2.0751608538804067     -5.5019146129716212     -3.3025955345325988
Au      5.1991456607796209      4.8513798513100950      5.6070570241162017
Au      5.1100788700006801      2.0523972240259658      5.4334793035955293
Au      4.9791954153566174     -0.7548469382130127      5.2675085192505513
Au      4.7612759676258687     -3.5448153795206867      4.9611008164747439
Au      4.5028002605663424     -6.3228173699422143      4.6640067007121395
Au     -8.0457850150204262      4.9956694291714348     -2.5726125366271448
Au     -8.3434556410937493      2.1809960521603311     -2.7179965504696613
Au     -8.5199511670907047     -0.6511458176930880     -2.9570108619479321
Au     -8.5730761401277729     -3.4655064220966203     -3.2866807238599769
Au      1.4420094303321549      4.6032203537951331     -4.5875837383416123
Au      1.2838326984501998      1.7773723423771788     -4.8348993930068378
Au      1.1051568736784509     -1.0897553433526950     -5.0768680271011331
Au      0.9111723488795196     -3.9148672919093670     -5.3064610668556007
Au      6.6690210363662157      3.6088144124229431      3.5855619444980888
Au      6.5403450563415939      0.7573853342202659      3.3975305002755967
Au      6.3613825333192429     -2.1144123228142311      3.1551650229230557
Au      6.1355942631414848     -4.9510145096098679      2.8631521182314774
Au     -1.3635531381697708      4.7960895640044559     -4.7513934761117493
Au     -1.5505413676907183      1.9901048969083774     -4.9851232798722585
Au     -1.7321045906123502     -0.9233546693746986     -5.2310020185510941
Au     -1.8949094257272221     -3.7303191022490001     -5.4709708595616817
Au      5.8274234337965876      3.8876946949328559      0.9328598257394098
Au      5.6660516769789426      1.0684764744467445      0.7094943367910851
Au      5.4834197201711037     -1.8621762998178824      0.4621622939103371
Au      5.2936764097480369     -4.6771988582302573      0.2100245395882041
Au      3.9343662250616047      3.3648717158134041      7.5202117570302836
Au      3.6773433408410918      0.5639685792094165      7.3940721054455185
Au      3.5026377836081402     -2.2394966266627891      7.1574715534957871
Au      3.4110796745447889     -5.0321619878139749      6.8115382037068422
Au     -4.1711899010943601      4.9676490789661871     -4.9518033206919139
Au     -4.3838980374716527      2.1529503572663407     -5.1910791024764631
Au     -4.5616266948505420     -0.6989712715109002     -5.4317634504514363
Au     -4.7000412074171507     -3.5185565820559219     -5.6679852138650144
Au      5.0275531765639423      4.1456314584042522     -1.7449400323729218
Au      4.8588217201318651      1.3186404166237127     -2.0057462986042207
Au      4.6797995542420789     -1.5540652099423413     -2.2481872828897140
Au      4.4960094808162125     -4.3838493485046026     -2.4647841160926003
Au     -6.7095308708344987      6.1256965787882631     -0.4133247473827639
Au     -7.0170875598008884      3.3529375053888204     -0.5703826857240690
Au     -7.1955479689478850      0.5148318640699960     -0.7869168869807126
Au     -7.3705940782351060     -2.3196326175696047     -1.0491111927096668
Au     -7.4088632280862488     -5.0961584747284210     -1.3603778776750657
Au     -0.0028878884396950      5.9218018723133046     -2.5414339064059073
Au     -0.1925934152739499      3.1252771518535241     -2.7836137964570042
Au     -0.3807281548187880      0.2768757708333398     -2.9996093185129000
Au     -0.5474384054531916     -2.5687631111527471     -3.2641569116112397
Au     -0.7064687610164184     -5.3682195754342050     -3.4942449200025134
Au      4.3854479135098190      5.2117447459893835      2.9939905895061116
Au      4.2552220775367200      2.3924544817911664      2.7601400772928866
Au      4.0756571215660218     -0.4697154720182830      2.5561568183153440
Au      3.8988768804087388     -3.3257614674277107      2.2775508922468397
Au      3.6781094480058347     -6.1387652369097907      2.0360624835256527
Au      1.8169970915801930      4.9759607962301677      7.0020747529684773
Au      1.5090737124472196      2.1896213470229111      6.8330778708201141
Au      1.2842407795812489     -0.6365382886812645      6.5940374359276319
Au      1.1564514312983647     -3.4687898359676446      6.3555339355200200
Au      1.1167476452291378     -6.2606359390524009      6.0537565027256299
Au     -2.8113285324890236      6.1037260160512741     -2.7332354052372274
Au     -3.0127742629699887      3.3116410570254522     -2.9666283646475167
Au     -3.2066067136429788      0.4681847425322729     -3.1797527129810241
Au     -3.3670235776917887     -2.3728396671616041     -3.4463628609138013
Au     -3.5137649059969616     -5.1679333646249290     -3.6844930417287900
Au      3.5722601620063550      5.4726630754018872      0.3180220473782036
Au      3.4216524653177269      2.6677324581151094      0.0795030972508828
Au      3.2337337156273076     -0.1897810483112643     -0.1391252879731182
Au      3.0656610159610920     -3.0447464032385305     -0.4025998983899157
Au      2.8668374375763048     -5.8469944201306827     -0.6372979392931128
Au     -0.2282001150917616      6.6158354114418918      6.5066085359143209
Au     -0.6260335129442027      3.8285066897843709      6.3223726301888235
Au     -0.8910881979568290      0.9854051269767590      6.0696923485995917
Au     -1.0688746231664843     -1.8674489743969600      5.8289264457997163
Au     -1.1589867643223752     -4.7235073263104610      5.6006270083609895
Au     -1.1097537635360237     -7.5299498565759642      5.3127821612694106
Au     -5.3857022203133234      7.2422595128963962      1.7595256791263232
Au     -5.6995862017403507      4.4832828936039073      1.6006952872694580
Au     -5.8919468498309158      1.6724097292291509      1.3867702880819497
Au     -6.0672834174419723     -1.1411504267645025      1.1493238823436087
Au     -6.2251521788474626     -3.9502531555937477      0.8889583712968392
Au     -6.2554621405260331     -6.7143726444580931      0.5816735302911660
Au     -1.4541013380108745      7.2245294116646708     -0.5211387977402646
Au     -1.6504036616787761      4.4370301902422167     -0.7343321311158677
Au     -1.8491655193681233      1.6141095101058687     -0.9239067242418990
Au     -2.0243343744996340     -1.1967527323606832     -1.1611259523129966
Au     -2.1770827224747600     -4.0143647737440542     -1.4475772811226513
Au     -2.3281527135667690     -6.8009653320182970     -1.7048038078852983
Au      2.1090556653669781      6.7948244570063947      2.3758060963911749
Au      1.9739153683387731      3.9890110943746393      2.1540337936315286
Au      1.7841101593529163      1.1498201371487555      1.9553931780712848
Au      1.6083107920328128     -1.6711900267669115      1.7173152310934139
Au      1.4445775907083123     -4.5051270162730379      1.4371746809246240
Au      1.2304697579157802     -7.3035354535524331      1.1859817185689696
Au      5.7225491977399923     -3.7768484163804406      7.5429283072185136
Au      5.9103625673730882     -1.0301366038901145      7.8418252370715980
Au      6.0657133941350105      1.7298267975863921      8.0076668503531554
Au      8.5088836905882115     -3.6884927816144195      3.7136067983366470
Au      8.8029871700724271     -0.8881470908128746      4.0234866134469378
Au      8.8595876267994811      1.9392200479085320      4.1885596843334607
Au      7.7318607800159125     -3.4764329159264822      1.0629647338102775
Au      7.8714314234291223     -0.6030815202883399      1.3335906968321289
Au      8.0899711541685750      2.2700976693685235      1.5479445161615697
Au      6.9103373501851237     -3.1978328374620126     -1.5926078052419923
Au      7.0418228037095929     -0.3253098780908052     -1.3451744102105048
Au      7.2680453742746138      2.5421904862903086     -1.1081785467189453
Au      6.0719714726552851     -2.8553381708082561     -4.2051860154622247
Au      6.2995812141518206     -0.0479509667354288     -4.0835533672270987
Au      6.4210807824138509      2.7466786799908283     -3.7324050239484476
Au      9.9909419850025039     -2.1767441159568479      1.9330396072338214
Au     10.1624208898085939      0.5749506141026215      2.1652699368275830
Au      9.2360785332967037     -1.9086626040995132     -0.7038119050555958
Au      9.4077428704419717      0.8459886252295048     -0.4713321615459360
Au      8.3812168263818840     -1.6318062991168336     -3.3059130501009877
Au      8.5523915886236921      1.1149692883501086     -3.0740984768486896
Au      2.4764166967039465     -2.3884756186451135     -7.0502092824520073
Au      2.7495900578765022      0.4103109728418710     -6.8921947718852419
Au      2.8251958488870148      3.2082197049119641     -6.5778801740787811
Au     -0.2802142151965152     -2.2648907470494679     -7.2710704855440653
Au     -0.0970485233120923      0.5952882516087978     -6.9820103720032911
Au      0.0768056251565290      3.4640340230307141     -6.7875832183439258
Au     -3.0689737547940736     -2.0714418239406021     -7.4504226561251157
Au     -2.9095710705254603      0.7858540557128295     -7.1632324681431285
Au     -2.7125100032435960      3.6485377199522997     -6.9676913265138980
Au     -5.8212695791641824     -1.8163879611160203     -7.5829349665158814
Au     -5.7381435264903740      0.9857026959159549     -7.4425768998831883
Au     -5.4737248781520975      3.7604665144348894     -7.1122836077851321
Au      1.2905559194670144     -0.7162125690452124     -8.9054674481636713
Au      1.4615915401310746      2.0282944492804740     -8.6738467695837524
Au     -1.4500461361477268     -0.5288356995977672     -9.1340123668336215
Au     -1.2786777755721972      2.2210106548591972     -8.9019423141044971
Au     -4.1970225961241105     -0.3433485918385548     -9.2635146684326930
Au     -4.0260697298477588      2.3998317555255353     -9.0320069534676044
Au     -9.6290842683869364     -1.7679474702872717     -5.1060405386037200
Au     -9.5277101336336223      1.0048183676919846     -4.8707283437994988
Au     -9.2840275131215826      3.7689976804542882     -4.6387590783808808
