         216
Au Au   -792.02442846   nogrup     0
Au      3.4284207532668125     -3.1457172681989101      9.3290118041461056
Au      2.8278568888129296     -3.1468206268612184      6.6589567911682295
Au      2.2572105092371384     -3.2712923744394167      3.8903565739250183
Au      1.6585458076395800     -3.3282470731492091      1.1239535317855500
Au      1.0470921530372654     -3.3581580734447072     -1.6485297670469925
Au      0.4264707402450247     -3.3608492636164540     -4.4106753271084251
Au     -0.2208013220766172     -3.2959554193354688     -7.1644187203881877
Au     -0.7989265700981748     -3.3525108491904905     -9.8388246917811983
Au      9.3138709974452674      3.1474415324264706      2.2037998965637344
Au      8.8120769583391958      3.2123334372540460     -0.5284276685735483
Au      8.2023684300314041      3.1825093542124292     -3.2929933264625060
Au      7.5087864246594620      3.0591452405406661     -5.9808928445569860
Au     -1.4189580003341158      5.7714747976790868      4.5241279352154891
Au     -2.0609792381642063      5.8675683562712262      1.8522467096834330
Au     -2.6754539620871221      5.8375098567710673     -0.9339344264593903
Au     -3.2162934948190118      5.6835532022826154     -3.6254327841691705
Au     -7.1985320326881386     -3.8258762809893110      5.9207408710441349
Au     -7.9291816757502955     -3.8576344524718307      3.2400278483318079
Au     -8.5388883914213771     -3.8874611423578793      0.4754608719659643
Au     -9.0036136783736378     -3.9141795153667749     -2.2639540787972305
Au      5.0829478080855148     -4.3210803188334106      7.5319180560864805
Au      4.5709833710592349     -4.4592337037344558      4.8474486649200603
Au      3.9737036555450391     -4.5264786608406746      2.0827635034689918
Au      3.3658763312347055     -4.5686348057699924     -0.6930357965600278
Au      2.7496839648532534     -4.5863539488288003     -3.4672533132051147
Au      2.1284818193853923     -4.5787141946424734     -6.2274699610253892
Au      1.4632917979387947     -4.4981448801211927     -8.8805058210767864
Au      2.5399507299920794     -5.3950067538807236      8.1043472320916141
Au      1.9727118074569396     -5.5565028780773753      5.4323204439675941
Au      1.3808803834573877     -5.6214475767621481      2.6664094292696952
Au      0.7743536139493383     -5.6630556239769936     -0.1096825963445252
Au      0.1568602431000932     -5.6813248011735222     -2.8836073072771633
Au     -0.4697898932854891     -5.6759864242419003     -5.6425979241679816
Au     -1.0797038823396203     -5.5720742168662376     -8.3080763929952219
Au      0.7869709732760508     -3.3055545643916471      8.5804114254529331
Au      0.1661920766254472     -3.3647989619600569      5.8348464643647659
Au     -0.4241914082888987     -3.4626927127900187      3.0440800678300750
Au     -1.0325786010893330     -3.5077087070808810      0.2655722663247486
Au     -1.6494163362965844     -3.5226287102876030     -2.5113967475265340
Au     -2.2879837767624323     -3.4848537876115291     -5.2930001272214513
Au     -2.8797896134123819     -3.4849271623166880     -8.0455931788658610
Au      2.2385863782211839     -0.9073371461414812      8.2426108296919871
Au      1.6239732576619732     -0.9033521453893718      5.5196865884230490
Au      1.0306079472266301     -0.9943384172835739      2.7129779814834860
Au      0.4201648909589808     -1.0383463237137209     -0.0814628513476903
Au     -0.2015046250889951     -1.0546109123153182     -2.8737272823912576
Au     -0.8440410587968755     -1.0240832464320790     -5.6709017409698275
Au     -1.4316315572961016     -1.0868775763657335     -8.3990647917343662
Au      4.9210822032973480     -1.5596878905636262      7.6498219315358966
Au      4.3454959586704867     -1.5998466232472737      4.8940839327242518
Au      3.7608463345150174     -1.6953185286184072      2.1020266448803424
Au      3.1556427926926229     -1.7389897796305052     -0.6771976147279402
Au      2.5356213494238435     -1.7552534089864071     -3.4534492004142199
Au      1.8913193225296150     -1.7198988259140351     -6.2337616306129284
Au      1.2543201185204740     -1.7390572366297619     -8.9761815957198952
Au     -1.8771227956075038     -3.4866117101672653      7.7150009707540654
Au     -2.5006257757690804     -3.5526984172246268      4.9743072767175409
Au     -3.1062165702443991     -3.6469147666092674      2.1789036498802501
Au     -3.7179525931468040     -3.6768398288767763     -0.5948620531245599
Au     -4.3446570333781622     -3.6429059898925544     -3.3869921364161168
Au     -4.9319731213903575     -3.6360510848594911     -6.1364533366369560
Au      1.0210898684851986      1.3327884370982559      7.0365918410634052
Au      0.4122730940795190      1.3246309254535373      4.3166386966616326
Au     -0.1956514764342250      1.2604119519548458      1.4954647410062396
Au     -0.8121874337773183      1.2302523233733749     -1.3000625932274827
Au     -1.4474771134181157      1.2336552177188280     -4.1159308291946708
Au     -2.0391329548171764      1.1830879066132571     -6.8392106531441303
Au      6.3997425376414796      0.0087726272771447      5.8518768374052019
Au      5.8323520036802323     -0.0336157653860343      3.0985523367487922
Au      5.2530165488437257     -0.1167433038178843      0.2972389076678761
Au      4.6412802166545379     -0.1466670879172588     -2.4765256684305426
Au      3.9883196523697251     -0.1238191878909214     -5.2627443779163467
Au      3.3448893768104844     -0.1406607384095837     -7.9995743096288159
Au     -4.5504235980316690     -3.6616817516569604      6.8417226851555899
Au     -5.1895512400103616     -3.7472269872036730      4.0893637988079572
Au     -5.8229227039662534     -3.8286961854131869      1.3255159764882318
Au     -6.4110927294234497     -3.8069835587551406     -1.4494139568713393
Au     -6.9892280819243995     -3.7809862622259507     -4.2164280547352879
Au     -0.2012205869726384      3.5720222044484760      5.8075172774369150
Au     -0.8131238398190103      3.5660976157843067      3.0780391426500717
Au     -1.4348523297894533      3.5459327149349544      0.2781928984972089
Au     -2.0484483083044882      3.5056681758914849     -2.5232301169106086
Au     -2.6412996411252081      3.4526583807048445     -5.2564012289819866
Au      7.8771827338663805      1.5865939121461619      4.0442682059005968
Au      7.3286930861754040      1.5393279827692457      1.2715065995751100
Au      6.7695842606466776      1.4892230373334239     -1.5090571202374110
Au      6.1071501739970788      1.4795755131092585     -4.2672694663218405
Au      5.4383746778862676      1.4672972541246230     -7.0138798561387414
Au     -5.3914179550301782     -5.9774231752420937      5.6300772311256004
Au     -5.9482362650887390     -6.1696764280972323      2.8457837888755968
Au     -6.5653862196993709     -6.1998669753025641      0.0474689216397088
Au     -7.2321103051285345     -6.0674685176002274     -2.7160877979681528
Au     -2.8828024819492968      3.4281237130163311      5.0163972813349336
Au     -3.4931129858460328      3.4066363111319604      2.2221856948631258
Au     -4.1191711215810081      3.3760108129022770     -0.6165186686682089
Au     -4.7407632564376954      3.3372360888061325     -3.4080546357357266
Au      6.7177233728088908      3.8589185270863582      2.8764185798189139
Au      6.1295174083568646      3.8220303954225168      0.0856042721318433
Au      5.5076171990928007      3.7916101329031315     -2.7342418053448112
Au      4.8673295859368944      3.7684051945118826     -5.5137173599746161
Au     -4.3396487654340703      0.9890059243333176      5.3779354659911167
Au     -4.9472854306648726      0.9449769054549961      2.6010972969027861
Au     -5.5866528570360474      0.9137001956320365     -0.2979554839338654
Au     -6.2034651639093417      0.8978308764587062     -3.0730732365605005
Au      4.0126678547803252      4.5162569053475528      3.4978302848101901
Au      3.4069264182098911      4.4730306422993698      0.7205661537497630
Au      2.7675578514531436      4.4417553751079764     -2.1784866560096128
Au      2.1488495819136171      4.4250862835035969     -4.9531776010404300
Au      9.5523646134619167      0.3334541165819689      2.2662308081568252
Au      9.0138766394176368      0.1489439814485347     -0.5221884008226771
Au      8.3967255951890163      0.1187553165349737     -3.3205026613019899
Au      7.7116690926219409      0.2434150934813155     -6.0799331928515361
Au     -5.8124739811151080     -1.4326840037443040      5.6969649370589543
Au     -6.4404306279674497     -1.4863615028629398      2.9150979346878909
Au     -7.0623297267449168     -1.5167839708917872      0.0952513801092429
Au     -7.6628649552651265     -1.5232034629196423     -2.6931729487960845
Au      1.2900876205671425      5.1903698589430256      4.0770808465793849
Au      0.6641680468353706      5.1622914512828535      1.2863834997988359
Au      0.0381092585503287      5.1316665726342521     -1.5523213921829151
Au     -0.5678737338820747      5.0994842496102297     -4.3473712618986182
Au     -2.7510853484191973     -5.7914900039065440      6.4817878158084756
Au     -3.3290460650778204     -5.9649231202748778      3.7463165198028427
Au     -3.9214032835024986     -6.0168491957301438      0.9297549658271143
Au     -4.5688192169681532     -6.0255710425187932     -1.8751298746811536
Au     -5.1957435118919193     -5.9110800778878776     -4.6029089758355388
Au     -1.6621577711542395      1.1843570872818319      6.2356923631912586
Au     -2.2833642997186927      1.1463785228744525      3.4655715374447453
Au     -2.8982860291875943      1.0929078206880494      0.6274083152488243
Au     -3.5343236581358650      1.0851837552530363     -2.2065916082061414
Au     -4.1359733731187367      1.0633422154889580     -4.9811991483866347
Au      5.2283301386205983      2.2769668719539622      4.6920387250244744
Au      4.6356913140532487      2.2449558068789441      1.9182895846490675
Au      4.0272671909725073      2.1835849823499753     -0.9117471531668446
Au      3.3887154106699535      2.1839586799634407     -3.7358053589743530
Au      2.7596481305384994      2.1562077699638937     -6.5015662206336158
Au      8.0802399146544062     -1.2173370329602620      4.0436548068899079
Au      7.5599655672948494     -1.3664073158683536      1.2951986400225897
Au      6.9355154501683707     -1.4318851029610458     -1.5141384811284415
Au      6.3201910874348943     -1.4270520175160328     -4.3262469150433827
Au      5.6355793999829231     -1.3369199993680811     -7.0410404291145463
Au     -3.1259016947034173     -1.2510913246129460      6.5725771385818508
Au     -3.7481790472057019     -1.2956208916300471      3.8054993333094060
Au     -4.3609946812308351     -1.3588479895296786      0.9764504521933564
Au     -4.9951538173320058     -1.3566212479383937     -1.8485970620527028
Au     -5.5945817439071606     -1.3718559697374768     -4.6210305476950237
Au      2.5129755817795072      2.9475490433455893      5.2958694322328697
Au      1.9140491824363648      2.9189810175163613      2.5207338464332798
Au      1.2969033197441020      2.8645720263763819     -0.3169288542732289
Au      0.6630891330427600      2.8577875201648766     -3.1514289872348478
Au      0.0391590727963680      2.8265370131646539     -5.9210202486071681
Au      6.6005882327210941     -2.7896436624594867      5.8128990405070518
Au      6.0840130875062277     -2.9301048911297878      3.0754281922915947
Au      5.4742934758973858     -2.9989746022258470      0.2889070653382895
Au      4.8586152426947660     -3.0290915882544271     -2.5027350772707329
Au      4.2395076562622842     -3.0203314846721381     -5.2880234794307102
Au      3.5561994372178605     -2.9385650843255671     -7.9911198151067548
Au     -0.0942410066259018     -5.6169206628105668      7.3199065205617249
Au     -0.6764151859337932     -5.7850861400201010      4.5972018540000299
Au     -1.2673243287320652     -5.8460128521955852      1.8064464467164987
Au     -1.8830027925930308     -5.8761307981951703     -0.9851952810632465
Au     -2.5209199579229775     -5.8753165170322124     -3.7662497287655041
Au     -3.1386288040017458     -5.7658478953485899     -6.4841128502426484
Au     -0.4449077938121753     -1.0620673437035502      7.4339014711374816
Au     -1.0662918756205482     -1.0986971454597843      4.6690039981930269
Au     -1.6705431400139863     -1.1730907891423910      1.8511647963721254
Au     -2.2888315208099925     -1.2033363499521790     -0.9523106780009041
Au     -2.9260981572922766     -1.1896761085964969     -3.7638187723001222
Au     -3.5253830379079276     -1.2127596068846049     -6.5337358192116088
Au      3.7320957391706600      0.7019134186843174      6.4936573036722951
Au      3.1342661703637091      0.6752321804827448      3.7234577188527851
Au      2.5322499124128264      0.6017827914778078      0.9051154494306424
Au      1.9139611107431744      0.5715375108043803     -1.8983595241531028
Au      1.2744599962554533      0.5842551835964725     -4.7093642070811921
Au      0.6516190599072667      0.5512242965962482     -7.4739783897901937
Au      9.6692901607270887      1.7500610864000883     -4.9991930685931054
Au     10.3131349256576055      1.7531321082207727     -2.2934126737259950
Au     10.8670281802381314      1.8086490865230751      0.4316399648990581
Au      6.8964221989859205      5.3620860603522589     -4.4625806939468013
Au      7.6097479356333846      5.4582478988848919     -1.7371679388557606
Au      8.1092836141455980      5.4214138579529587      1.0368292706723947
Au      4.2443561992686174      6.0423350694744542     -3.9633754278232738
Au      4.8646556152613858      6.0179851903435679     -1.1377931120699563
Au      5.4901716456269902      6.1032746969297849      1.6854557591853876
Au      1.5507891704019692      6.6922602162736204     -3.3802654602284479
Au      2.1606608918067103      6.6679859052069848     -0.5484563530916953
Au      2.7982561050103687      6.7532815278823417      2.2760562604558254
Au     -1.1024307879451167      7.2957735494453146     -2.7231805080845093
Au     -0.5609549376016598      7.4167841033189648      0.0437007714506432
Au      0.1120436217845968      7.3551819292666600      2.7835451171222099
Au      6.2641480862260419      7.5412488909491193     -2.8785323621253758
Au      6.8595475505159662      7.5703734089615944     -0.1788448656395056
Au      3.6390011001938909      8.2164896489674479     -2.3102171596936434
Au      4.2358140357986018      8.2456830000691141      0.3958791979646943
Au      0.9922241491093551      8.8017472661781220     -1.7276840079206486
Au      1.5868849197370365      8.8308361211903623      0.9686523840488555
Au     -5.3198253745097475      5.5147310508589475     -1.7738463286422728
Au     -4.7291315154843998      5.6565271589236312      0.9819552894122614
Au     -4.1053513247891340      5.5741402662442505      3.7328789974123708
Au     -6.8101875697484742      3.1613473167513209     -1.4982121685449736
Au     -6.1387723810016057      3.1630644488451209      1.3197427381081086
Au     -5.5627210427874365      3.2223709370596985      4.1581088953152943
Au     -8.2668682676894854      0.7587380219026525     -1.1471027106978968
Au     -7.6042237220762088      0.7522733334836497      1.6689474828309212
Au     -7.0210547011456761      0.8196817425344256      4.5017285239599563
Au     -9.6459419941126789     -1.6238919017528315     -0.7388988251096729
Au     -9.1611673078240958     -1.6242466109206068      2.0379610183588088
Au     -8.4330823396814463     -1.5645597544055616      4.7605125525338270
Au     -7.3041374782262114      5.2981229283139495      0.1398238931480975
Au     -6.7094769726415251      5.3272128630257392      2.8361602110741595
Au     -8.7756955390124673      2.9736587149795533      0.4843248287838984
Au     -8.1788823848194863      3.0028546694348166      3.1904216268501724
Au    -10.1666380535414405      0.6023922665766072      0.8200317849627323
Au     -9.5712391206721588      0.6315192142736389      3.5197191587785248
Au     -9.0996956423381263     -6.1762358672151185     -0.7742954393801886
Au     -8.5145511786226411     -6.1979504001557757      1.9446985304607844
Au     -7.9019606265045406     -6.1176431064072174      4.6565388542388391
