         216
Au Au   -792.02442846   nogrup     0
Au     -6.0566862674468620      3.0835815645061908      7.9049427413369209
Au     -4.6925827970831087      1.4646671380375484      6.1705237942183615
Au     -3.3286705307711988     -0.3147405107504014      4.4443362723549882
Au     -1.9382148980611160     -2.0376635329981578      2.6800264887357912
Au     -0.5335702101928819     -3.7421806033181970      0.8959240674487958
Au      0.8769456153040260     -5.4181978050697923     -0.8974057523753718
Au      2.3108610160756298     -7.0339167026894200     -2.7248658756849480
Au      3.6544631120261171     -8.7007677963301084     -4.4296273409513294
Au      5.0983232188526628      2.4578305859529297      8.3353168227058347
Au      6.5896376642449415      0.8350711157312809      6.6430679158973334
Au      7.9902717459451917     -0.8645775613524097      4.8640587484148057
Au      9.2449999948021659     -2.5741000056950729      3.0684345530187063
Au      0.0528692186524640      7.4561261163027917     -0.4409873812155425
Au      1.4577330688391272      5.9155013414051760     -2.2335301224462363
Au      2.8693182118859522      4.2025610912585787     -4.0264488499500466
Au      4.1817452999668339      2.4457886380229032     -5.6852623661404191
Au     -9.5284378440589936      1.9113326397385397     -2.6583820082305039
Au     -8.2398463200264942      0.2809968596866271     -4.5029996456254162
Au     -6.8392128066125562     -1.4186545263293429     -6.2820077712425766
Au     -5.3817638702827821     -3.1206049539598486     -7.9252615158944471
Au     -4.8598944323705897      0.8113371597466296      8.7727441955815948
Au     -3.5280643513298107     -0.9331140099373666      7.1385213905989495
Au     -2.1443313471807426     -2.6629242458108617      5.3784704659844600
Au     -0.7433987324193612     -4.3793391611351336      3.5986976230969798
Au      0.6675175799590760     -6.0750623105015515      1.8070160127506227
Au      2.0829091062094149     -7.7419498434245950      0.0117743968692512
Au      3.4552610052435884     -9.2789867376702038     -1.7887064413842566
Au     -7.1124922875284682      0.7271730047666489      7.0796567400568975
Au     -5.8296262750287173     -1.0191070080136315      5.4086317424337125
Au     -4.4410680079504132     -2.7487364712480709      3.6522081349298663
Au     -3.0389836812482618     -4.4651084507456078      1.8733016886839557
Au     -1.6292204292242372     -6.1608748832106404      0.0807544688748347
Au     -0.2186553636796313     -7.8279432639187378     -1.7181128171833446
Au      1.2026594991962973     -9.3631515609284062     -3.4817911505317323
Au     -6.9751174782140222      2.8620786940556822      5.3221875694409704
Au     -5.6097552161664836      1.1538781812361434      3.5488185104847485
Au     -4.2253380654183559     -0.6167484311573622      1.7896200790165384
Au     -2.8247557471434432     -2.3369756382620110      0.0087646783438693
Au     -1.4107245972646090     -4.0322444093930754     -1.7853473263786466
Au      0.0280305385529762     -5.6875010177449727     -3.6119879460621283
Au      1.4482424869273101     -7.3595585907362198     -5.3767035199962914
Au     -4.5842550265848292      4.2537157697143142      5.8877533848494146
Au     -3.1910479457564427      2.6069204830930763      4.1159979862650875
Au     -1.7939391974062526      0.8317725721537003      2.3454314300292260
Au     -0.3838494057552135     -0.8975661764827402      0.5553178882167487
Au      1.0364964894424460     -2.6029228322673945     -1.2496332328422195
Au      2.4785263227642336     -4.2730322483352978     -3.0851857169313757
Au      3.8470458776230809     -5.9775556862082420     -4.8212252979387973
Au     -3.3131036007467816      2.9989024275854086      8.0746135378388217
Au     -1.9077084645773339      1.2921971308050835      6.3313337515302095
Au     -0.5182110477718012     -0.4782397314281129      4.5759536271891896
Au      0.8851917701576366     -2.1983615145528983      2.7972176747947302
Au      2.2964032982431797     -3.8937347439934222      1.0009851003137680
Au      3.7300795102445856     -5.5491798349470063     -0.8294747802406022
Au      5.1102594052964294     -7.2227320555680352     -2.6242804714908718
Au     -7.8451298166835794      2.5532179914435731      2.6713771393615051
Au     -6.4883252124842024      0.8433373553465936      0.8993969729643609
Au     -5.1061644896802747     -0.9252952846258263     -0.8758394020848392
Au     -3.7008707619726873     -2.6306012733129656     -2.6607664823965695
Au     -2.2521770638899983     -4.2971747137273049     -4.4811270293764114
Au     -0.8274624576493519     -5.9626328516178910     -6.2420808884387977
Au     -3.0499773142568931      5.3527897101877837      3.7918105297997471
Au     -1.6632646057323437      3.6978749322487401      2.0290988488079105
Au     -0.2477945292224408      1.9358266485265316      0.2334525460162329
Au      1.1685249574949119      0.2171415675151562     -1.5654797002802869
Au      2.6089932088167047     -1.4864535651222939     -3.3972905323098725
Au      3.9800278090205694     -3.1780293169143357     -5.1373200696664103
Au     -0.5134458952339216      2.8271503793898902      8.1819837068702803
Au      0.8930655591671934      1.1191273654841076      6.4473636164705681
Au      2.2984849336036253     -0.6486354720505526      4.6896082512869839
Au      3.7037792842460000     -2.3539401065869847      2.9046798705917229
Au      5.1292161813543320     -4.0213810054714472      1.0668374253854118
Au      6.5042258347280244     -5.6886941815114813     -0.7314780586520371
Au     -8.7110552726513149      2.2451806371809386      0.0077159499303185
Au     -7.3665811659099187      0.5153643884974396     -1.7787346342762227
Au     -6.0096715982876692     -1.2195209045080238     -3.5663632257632880
Au     -4.5604285067151054     -2.8898668975345552     -5.3429565963437167
Au     -3.1085807254457154     -4.5533531334257393     -7.1082419067139044
Au     -1.5042823572427158      6.4371624853236158      1.6814076208474820
Au     -0.1117870784523167      4.7783002026526207     -0.0888016316947500
Au      1.3108355451753353      3.0651620623255220     -1.8963954016251918
Au      2.7260276448473300      1.3346492531963150     -3.6932397092952112
Au      4.1011162551293321     -0.3649157443683201     -5.4382663302313921
Au      2.2973735187887940      2.6564861547113314      8.2818211229392240
Au      3.7221381275059224      0.9296716289687726      6.5557165991794832
Au      5.1448317687956191     -0.8027541263840375      4.8175313619368296
Au      6.5282923194881803     -2.4755556837078920      2.9914925159939223
Au      7.8998523329046346     -4.1420393951610617      1.1658595891210179
Au     -9.7927321279860333     -0.1599722894514067     -0.7559755428477306
Au     -8.4540531959669867     -2.0026516389979965     -2.4623655257182637
Au     -7.0363218039415063     -3.7230516920727665     -4.2630909707204836
Au     -5.5642508648189661     -5.2911816745364382     -6.1267619216544444
Au     -2.4060425306859838      6.2063171588888899     -0.9588578680011732
Au     -0.9821770163320953      4.4941446432000038     -2.7537469549062141
Au      0.4560179437578702      2.7489135755922152     -4.5804639689759741
Au      1.8621024544104972      1.0269777150151083     -6.3800245162266886
Au      3.8559990072909001      3.7959902927046936      6.2461644051298002
Au      5.2790334233725265      2.0711782789526398      4.4752930690000845
Au      6.7076741604343546      0.3375429298646029      2.6607112322934476
Au      8.1067602428322534     -1.3622470194309888      0.8470790488730753
Au     -4.8393381885558746      4.7996319550911943     -1.5090446423099095
Au     -3.4388194461416437      3.0811095303511200     -3.2887123863830592
Au     -1.9700501031795974      1.2987768403601299     -5.1542632332369678
Au     -0.5577392695607650     -0.3960347963942522     -6.9472994843948488
Au      2.5591825740107321      5.0760627921230581      4.0517962537457564
Au      3.9613804847226666      3.3576049093544755      2.2733903742147898
Au      5.4301501472425242      1.5752731913182414      0.4078390176321296
Au      6.8407827335870648     -0.1196000031846903     -1.3864592340929391
Au      3.4445403067519198      0.3346086533369421      9.1933603472172010
Au      4.7994579407640634     -1.5074625629730165      7.4991747819218766
Au      6.2171913932784388     -3.2278592868013205      5.6984484211261872
Au      7.6730255625395039     -4.7965937107861274      3.8225718679209528
Au     -7.2433058729140658      3.3812879689398341     -2.0962444679878356
Au     -5.8554848585552115      1.6551578214035776     -3.8935812701246171
Au     -4.4268443399702324     -0.0784793825771362     -5.7081624288619537
Au     -2.9925468224694662     -1.7769559787310789     -7.4953276555480963
Au      1.2903232012102133      6.3444245370037926      1.8193863599159688
Au      2.7003622552442792      4.6317359133734710      0.0141046009606125
Au      4.1385574707920911      2.8865057058017856     -1.8126126112030754
Au      5.5584687241215613      1.1650867539873757     -3.6017806526072338
Au     -8.9227741422275653      0.1472286631310843      1.8670262096817094
Au     -7.6130960218307600     -1.6470386839783964      0.1604897422967504
Au     -6.1853553825446852     -3.3990662952206709     -1.6223601369404506
Au     -4.7650601650686646     -5.1030944048767823     -3.4569298204994769
Au     -3.3068499666615669     -6.6676247735784866     -5.2660135912865078
Au     -3.9492671641593842      5.1125110132919938      1.1466571674121759
Au     -2.5557945622318745      3.4047905594828083     -0.6429879446017157
Au     -1.1265726167400518      1.6410318079436537     -2.4547927481514513
Au      0.3179371926976602     -0.0824457424578978     -4.2930458135491554
Au      1.7336325351296522     -1.7836148700321939     -6.0714535285521993
Au      1.0318544660176485      3.9703483117759450      6.1405902148166476
Au      2.4451439283886263      2.2607478353414381      4.3725949037955179
Au      3.8676228321958712      0.4952698506591811      2.5718480622159845
Au      5.3097220936482259     -1.2153778240464459      0.7341636079027563
Au      6.7029589700933130     -2.9114576080412333     -1.0625374865492674
Au      0.6716646094552412      0.5057028317453435      9.0783536193589853
Au      2.0324429548446927     -1.2866541749224227      7.4102241202248003
Au      3.4317580565942172     -3.0397428626167624      5.6060070876330741
Au      4.8804822413099904     -4.7427066440205348      3.7928026500435177
Au      6.2875946736654074     -6.3091440164327377      1.9453106025344198
Au     -6.3683614637586992      3.6938550490372504      0.5784743568797328
Au     -4.9813277213053251      1.9832725168888130     -1.2092546370025890
Au     -3.5627396807744032      0.2176476974601796     -3.0129254676977677
Au     -2.1167502679145493     -1.4928560802795801     -4.8476851218873103
Au     -0.6972592465460452     -3.1879564016513258     -6.6246516498760366
Au     -0.2509144403348094      5.2506921076168487      3.9263952354069254
Au      1.1622943886206680      3.5437096841025180      2.1515837915468925
Au      2.5895461553204573      1.7798777093884097      0.3382984744223343
Au      4.0360261130577246      0.0564749361578153     -1.4984738937726902
Au      5.4319857610113571     -1.6454307558484071     -3.2917161461720124
Au     -2.1130306415223328      0.6563731425692553      8.9579003268774855
Au     -0.7519740334822518     -1.1229885519661158      7.2960577946321798
Au      0.6382599106521019     -2.8661871246350623      5.5156905303066708
Au      2.0526117950064378     -4.5824826785252171      3.7192592966522238
Au      3.4852688980209057     -6.2648205800532981      1.9141473468076367
Au      4.8806102071280426     -7.8303084455439160      0.0749650828482178
Au     -8.0433417359137565      0.4347997590965064      4.5005871730198095
Au     -6.7403944982719128     -1.3467324779937311      2.7950686759423142
Au     -5.3334997370079034     -3.0893087484829995      1.0272252417134773
Au     -3.9191491021585381     -4.8056046899752278     -0.7692052917967800
Au     -2.5031553879036914     -6.4885666763785332     -2.5868394763614102
Au     -1.0497062843325566     -8.0518856533749599     -4.3823442634947298
Au     -5.4826932413719582      4.0037237163339423      3.2402249000168624
Au     -4.0917181686845705      2.3003819585224150      1.4525079538912298
Au     -2.6827892521731953      0.5322392593206438     -0.3361953033601335
Au     -1.2624433643797306     -1.1913320630261355     -2.1402414425981053
Au      0.1806670957046066     -2.8841021516527783     -3.9740432552777802
Au      1.5938376038400879     -4.5835556564852302     -5.7479995198214171
Au     -1.7826849376865730      4.1419664760097126      6.0212076367132852
Au     -0.3708438870663930      2.4394045456243383      4.2491735932523138
Au      1.0400643325501258      0.6713360144764400      2.4619586814018710
Au      2.4604103695631534     -1.0522344619466026      0.6579124011344888
Au      3.9015421908042862     -2.7450773759927523     -1.1773777760063417
Au      5.2938476288454854     -4.4453094053264142     -2.9670183732325164
Au      8.8812745107198445     -3.2465409368476652      5.6685766848851351
Au      7.5172623878591125     -1.6095193156780327      7.4561504587410994
Au      6.1298071671190879      0.0923215056168548      9.1633388835558343
Au      9.4216788796544702      0.2245596304625841      2.7219013101263663
Au      8.1365414304764894      1.9346210661751546      4.5576753289944740
Au      6.6354685575065897      3.6055852388003387      6.2607931650896589
Au      8.2405586916630753      1.4364170996645838      0.5124321311622033
Au      6.7738876964170505      3.1325036149557808      2.3403933439840436
Au      5.3786464051812679      4.9093067372818977      4.1474765342297051
Au      6.9685361810799158      2.6847985519943651     -1.6878461658917470
Au      5.4929762370263662      4.3864047165896771      0.1339480814513774
Au      4.1028296022955146      6.1622947343727974      1.9520184305567110
Au      5.6416816230162699      3.9395113105076609     -3.8093352544553207
Au      4.2625200728443415      5.7193706956121106     -2.1083100124107936
Au      2.8517660594635568      7.3250367897437600     -0.2657356036824936
Au      9.4717418763098582      2.9743618430827095      2.4156142824964242
Au      8.1039771468256543      4.6341246146043185      4.1528736849228274
Au      8.2577484091252611      4.2226869643911371      0.2619584637823280
Au      6.8867375330019014      5.8863897562114040      2.0033422472117444
Au      6.9690585097047482      5.4150947198319921     -1.8839071994812020
Au      5.6029929977339652      7.0727975363482187     -0.1488040963797861
Au      1.9058939615016721      3.7999297085007839     -6.6172085572383956
Au      0.5703313243253336      5.5814182570144260     -4.8834139574039499
Au     -0.8840214794521928      7.1854562071396648     -3.0736093423940130
Au     -0.4376569622820985      2.4080780215419049     -7.2544520526641225
Au     -1.8587004800232028      4.1117217177339622     -5.3916829319784592
Au     -3.3033631479982906      5.8855756741051124     -3.6145877274473355
Au     -2.8419432337137605      1.0223368776957047     -7.8173448951691480
Au     -4.2711036829514306      2.7198264322474577     -5.9611909889202090
Au     -5.7038540560107709      4.4952296668467779     -4.1823013512389187
Au     -5.2316247256670643     -0.3229363661329666     -8.2917453629467026
Au     -6.7192126009674382      1.3795624086709239     -6.6081372191024972
Au     -8.0178339106670897      3.0580933752032515     -4.7528543771766483
Au     -0.3798955324820383      5.1405135026808830     -7.4074912744530295
Au     -1.7459614288772820      6.7982169342047643     -5.6723885398861480
Au     -2.7392463524630108      3.8118024929498460     -8.0035497308927042
Au     -4.1102569254661461      5.4755066665831125     -6.2621665498114893
Au     -5.0827238243166182      2.4305587898312564     -8.5237454654219373
Au     -6.4504875824180452      4.0903229904643634     -6.7864860358580232
Au     -7.7443851572628031     -3.8677288897299147     -6.8275195846386367
Au     -9.1603907770314255     -2.2326467394400362     -5.0790266834851483
Au    -10.4958501169073219     -0.5288600638255886     -3.3327585277292275
