         216
Au Au   -791.82903499   nogrup     0
Au     -0.5457772848769191     -9.7159520518034164      5.1991467699403486
Au      0.2478614060454269     -6.1308580586012518      4.9426894326051887
Au      1.4239706660071461     -4.5252532881801528      2.9371797158009230
Au      2.5555442357419862     -2.8897700855157407      0.9251244244924202
Au      3.6781474222116142     -1.2426881132767722     -1.0918047926198220
Au      4.7858768202150079      0.4046361897307920     -3.0994648647031120
Au      5.8396377350651401      2.0918135052732669     -5.0764116985225431
Au      4.9133189629331619     -0.0702796261392979     -9.0680049717378992
Au      2.8791254858681361      2.5689666908336912      9.3968326830807740
Au      4.0625658751238403      4.2588203415751718      7.5882986770321139
Au      5.1821133548271670      5.8960640275738898      5.5853676545722735
Au      6.1712782228352632      7.3847590598938924      3.5031389742697847
Au     -6.4250672861183222      1.4104583201714735      3.2829802206951868
Au     -5.4477296154886155      3.0800643260658083      1.3254903111721070
Au     -4.3194453926782010      4.7344292621938120     -0.6964847632865130
Au     -3.1106432525822099      6.2556634916826086     -2.6504425315212927
Au     -5.3180155509478002     -7.5927872045056244     -3.4324416559745075
Au     -8.0609265329188293     -3.1160455231088555     -5.2198999744982579
Au     -5.6521881727125338     -3.7879012996322157     -6.3941808052368874
Au     -1.9711283687035837     -2.7276604896964027     -9.3111228744124279
Au     -0.8075967607836869     -7.6611791988718423      6.9090001673175720
Au      2.8192891111246086     -6.7284034215166297      3.8836976248880291
Au      3.9356151994570459     -5.1091317659917408      1.8523103101988951
Au      5.0503424045696788     -3.4758376407785168     -0.1736298960667817
Au      6.1626974507081380     -1.8315507259588948     -2.1881264905888713
Au      8.1462539607221309      2.4088699988737261     -3.5205844955329404
Au      6.9342741300345301      3.6757575062184262     -6.9395431398092438
Au      1.6242541346917383     -8.2755962332359232      5.8528700972741099
Au      0.6449623916269509     -8.3468758864389550      3.2374557359705811
Au      1.7512971524669192     -6.7354051594143396      1.2436840329857120
Au      2.8629148215490803     -5.1209187667850529     -0.7663965945780618
Au      3.9693097647319719     -3.4826049686339218     -2.7835308363588709
Au      5.0734387268991243     -1.8296415541570994     -4.7911056421529974
Au      8.2569816788570201      1.5291477913965874     -6.0844698830255961
Au     -2.0663308151498940     -7.6635147713767537      4.4163227008914490
Au     -0.8830902243417587     -6.1511968565160693      2.3591132042424370
Au      0.2828737145962590     -4.5131958288231893      0.3368180552268605
Au      1.4215815434090651     -2.8690212267374022     -1.6825328774839505
Au      2.5425187345827229     -1.2090360185424434     -3.7043863977194569
Au      3.6368422957777264      0.4668159127021552     -5.7509345705679653
Au      6.1781960151390320     -0.1446393343185104     -6.7396742950938204
Au     -2.2575069655420728     -5.4406878759122623      6.0911260129518325
Au     -1.1962153650739973     -3.8575991996713270      4.0751993926054055
Au     -0.0275548617019497     -2.2231503475765511      2.0411362447662533
Au      1.1081470820645016     -0.5702614449040304      0.0146473119667867
Au      2.2325308273540365      1.0921343675592610     -2.0104857886612706
Au      3.3234742168267903      2.7791346490526321     -4.0420691348581634
Au      4.7508713901255168      2.1732896801693151     -7.6628809131540887
Au      0.0877029484385869     -5.1397995199070223      7.5541893470598325
Au      1.1938014702643658     -3.5388980732408939      5.6028144890140297
Au      2.3747134484742078     -1.9276358072605380      3.5893427891598471
Au      3.5046161486155452     -0.2917999154567550      1.5783225394742253
Au      4.6166476923775805      1.3573922397117082     -0.4290072172045569
Au      5.6851724866158380      3.0441252640949470     -2.4362362588642590
Au      4.4735252317260672      4.3969904426437960     -5.9913822448921934
Au     -3.1784394905800797     -7.6553157466970276      1.8103461154153813
Au     -2.0046968300824184     -6.1297779523557949     -0.2333875016237457
Au     -0.8439625615733806     -4.4883135344060268     -2.2670588345658480
Au      0.2865268456535111     -2.8373067276132353     -4.2715658991649370
Au      1.3807977318842415     -1.1419197491002766     -6.2918952605167320
Au      2.4582238606659557      0.5144751272445847     -8.2698675848561507
Au     -3.6741158010540698     -3.1737536771459069      5.1635807721827867
Au     -2.6076571604518310     -1.5700593607396520      3.1658035284909651
Au     -1.4487438827611174      0.0831004316961366      1.1230248873053874
Au     -0.3178087978539361      1.7422935636963821     -0.9025610607399486
Au      0.7994333051599520      3.4272545116501254     -2.9442810324082416
Au      1.9388432255057522      5.0245701190678282     -4.9113954903592685
Au      1.0245760011270804     -2.5718488297839084      8.1906563446138989
Au      2.1364656019653347     -0.9575485906789556      6.2473405825776887
Au      3.3218538605010757      0.6650169447899437      4.2355668039443657
Au      4.4380361563410924      2.2991400422885269      2.2374422444130566
Au      5.5087296046348362      3.9798359394181704      0.2113907604082215
Au      6.5857983406400011      5.5720060854984048     -1.7721164459904948
Au     -4.3050304284877763     -7.6312317785123867     -0.7883895190628927
Au     -3.1249119485225205     -6.0860232451661282     -2.8420067974530951
Au     -1.9998241788017794     -4.4576152596211944     -4.8764838919196460
Au     -0.8844720592324293     -2.7634329045487576     -6.8365399680931649
Au      0.2368656616467999     -1.1397019476634167     -8.7994690932801927
Au     -5.0791082091003590     -0.8871989484781437      4.2381876880780673
Au     -4.0099404577977538      0.7393084048210055      2.2377403505431879
Au     -2.8857484788981829      2.4066238598953831      0.2083343523269292
Au     -1.7443028166184591      4.0620744924691383     -1.8224000402128340
Au     -0.5925813246401175      5.6666435506076009     -3.8011911924672006
Au      1.9651011707317512      0.0061499335423445      8.8266963765333379
Au      3.0779080288611169      1.6388202250523118      6.8726523103784025
Au      4.2556432617122475      3.2853264391401140      4.9188824221957219
Au      5.3114813939674326      4.9065246965034444      2.8764237153288690
Au      6.4035655821029076      6.5014526744811407      0.8780699939973999
Au     -3.8459801554339874     -9.6455844122519068     -2.4733004887329848
Au     -2.8093362538666184     -8.2117111798193925     -4.5218658863275323
Au     -1.7000714372280696     -6.6066527911070398     -6.5094076338115503
Au      1.6050775101769172     -3.3714120521403199     -7.9064013387310119
Au     -6.2556113609991009     -0.8878272688929201      1.6938932086947673
Au     -5.1366869060451119      0.7695683586274145     -0.3596001054062761
Au     -3.9939823089838886      2.4459722671927002     -2.4063254317402389
Au     -2.8258533751148733      4.1138388597790341     -4.4353465111419972
Au      0.5178400429500138      2.2642062470416660      8.0452656607035600
Au      1.6884950778709893      3.9334576243895096      6.0426090664113801
Au      2.8334703872787799      5.6077706961243923      3.9934151616311091
Au      3.9318546756033399      7.2567372938816277      1.9313295814079083
Au     -5.9750879541175355     -3.1633779691251434     -0.0063833433312261
Au     -4.8572382699266186     -1.5332609411012701     -2.0485264066108009
Au     -3.6987099862598569      0.1728302040356979     -4.1264870034394470
Au     -2.5386782123328473      1.8396849162074878     -6.1359686763364412
Au     -1.8367922439565552      1.9496740823184080      6.4983218936305889
Au     -0.6995464766079387      3.5915861431508924      4.4831283594079281
Au      0.4761624437983238      5.3106478978674740      2.3786636066456808
Au      1.5927283800227432      6.9624686344068270      0.3553669933628072
Au      4.4345653572681423     -0.6187812598069655      7.7444301617395688
Au      5.6641034641567041      0.9603210610710606      5.7874782197816153
Au      6.7834668102046640      2.5976350151188701      3.7830970662402024
Au      7.7733221204441767      4.2653113107673288      1.7674691054611209
Au     -5.6981243251468063     -5.4162971344394180     -1.7221299237211412
Au     -4.5569732628899944     -3.8044501778607991     -3.7706669123315422
Au     -3.4275042511923424     -2.1307206543736612     -5.8056646981950610
Au     -2.2633286934535448     -0.4398720907990477     -7.8211221009500100
Au     -4.1899947757455331      1.6714721342958532      4.9288838327885571
Au     -3.0742076760666421      3.3240357007845258      2.8918319272551969
Au     -1.9236675304708533      5.0074911042646386      0.8322139097663666
Au     -0.7732530220258336      6.6639578529404959     -1.1892116365902936
Au     -2.7606656953898683     -9.7045227231226221      0.0739217498152485
Au     -1.6052401738851709     -8.3002240352120253     -1.9633952852615550
Au     -0.5290226465076633     -6.7030010436688343     -3.9769241288954902
Au      0.5828898728069714     -5.0791285646512847     -5.9622861941080867
Au      3.8805003802692246     -1.7993066418975463     -7.3485923470309142
Au     -4.8589077316696923     -3.1654375284783516      2.6012084369859387
Au     -3.7444974100098998     -1.5547444945722830      0.5580737626665488
Au     -2.5814493158159904      0.1137973667893588     -1.4917498022255558
Au     -1.4546362945142950      1.8078626528636468     -3.5428931364847607
Au     -0.3024314125625946      3.4588564712472669     -5.5440362475772389
Au     -0.4130665371826883     -0.3221721565421856      7.4027320977036446
Au      0.6910991573471872      1.3290234228964195      5.3872841117202128
Au      1.8713795854572899      2.9877958463086109      3.3452564847115127
Au      2.9805106432827326      4.6791162182405888      1.2888883210744240
Au      4.1214171139720222      6.3126343932469062     -0.7245968074335529
Au      3.4945137124914094     -3.1953684305481804      7.1109628731850769
Au      4.7109411852195970     -1.6181827305252803      5.1580934367260909
Au      5.8487167283491841      0.0093614237867268      3.1279116097143742
Au      6.9623078146839754      1.6762689573141154      1.1201838691143884
Au      7.9577508490485860      3.3357235217794763     -0.8814140851900056
Au     -4.5801777373681949     -5.4060469438773513      0.9028309935275374
Au     -3.4502833324623632     -3.8269844742637655     -1.1375528789881635
Au     -2.2889967941445701     -2.1616913812531067     -3.1815346468357220
Au     -1.1724814309456542     -0.4609878797406228     -5.2205977520394846
Au     -0.0308080090360874      1.1794749728973937     -7.2278959321437917
Au     -2.7824207759089674     -0.6183848182642855      5.8443788681233819
Au     -1.6699720137933691      1.0251874531785514      3.8313263695105562
Au     -0.5011752852638214      2.6913044949408969      1.7768833201733472
Au      0.6257995007363810      4.3862918469433847     -0.2801239928337331
Au      1.7586863547302407      6.0212463842259636     -2.2970802415553067
Au      2.5609183542338769     -5.7643658834311768      6.4771614287008177
Au      3.7744787299646259     -4.1928855699728977      4.5176684805601894
Au      4.9101902543788460     -2.5694117601053676      2.4870971787021432
Au      6.0317136629080368     -0.9274805031048157      0.4682235142960884
Au      7.1398867966653432      0.7382642571419362     -1.5338852236527210
Au      6.7699357332828294      4.6460314569684780     -4.4116790748691557
Au     -1.6455203260291245     -9.7217214133208607      2.6655713701434536
Au     -0.4927511013094596     -8.3273032196906982      0.6423329781847613
Au      0.6198276910319667     -6.7124263541066984     -1.3632056380526372
Au      1.7235211895331650     -5.0995463819826057     -3.3681687546552936
Au      2.8187996849847323     -3.4558300063802747     -5.3793164780773779
Au      7.2865937976441435     -0.1705422447417160     -4.1755468466804047
Au     -3.4568760733256374     -5.4187933447540733      3.5111107123751850
Au     -2.3229588735374609     -3.8503653720835178      1.4677905887916474
Au     -1.1626102700794250     -2.1992277240055866     -0.5717295894995829
Au     -0.0259590987011205     -0.5329079860941786     -2.6031439380578334
Au      1.0876277420321205      1.1558602517522791     -4.6452309456244230
Au      2.2209264109756850      2.8061580438819842     -6.6347399696598277
Au     -1.3558572649291607     -2.8928925503282539      6.7554736132080890
Au     -0.2577484124814342     -1.2589330687471776      4.7364592864788513
Au      0.9176827596431645      0.3838491468995260      2.6970968736392251
Au      2.0516074216056888      2.0451212281363169      0.6663946345703735
Au      3.1528792705499269      3.7376661817473966     -1.3746730814589334
Au      4.2915582563052466      5.3712764799470163     -3.3760838696207145
Au      7.5341520305483547      5.1585617574852067      4.3876051127467157
Au      6.5081004173075963      3.5598744607725159      6.3996100033849821
Au      5.3372330755190065      1.9456585227718444      8.3185968861753494
Au      3.7341471022282180      8.0894146828758746      4.6003507531478363
Au      2.6706475345836367      6.5306304538982420      6.6835436802340489
Au      1.5045966117677869      4.8294516080973562      8.5924176486369923
Au      1.4221575417989012      7.8898957429680934      3.0298335786611368
Au      0.3025348496204820      6.1686057298054786      5.0648771446658536
Au     -0.8730907153670424      4.5359771689776176      7.1392356631122098
Au     -0.9199766284661006      7.5939754732896700      1.4755851565281972
Au     -2.0519927410811123      5.8707346467370733      3.5046199416639361
Au     -3.2171998088675271      4.2392390389577619      5.5870583805051659
Au     -3.2439880486795967      7.2223894918077285     -0.0207534089668897
Au     -4.4669017587091453      5.6410603918992335      1.9652980988863114
Au     -5.4804417573044573      3.9560867771420591      3.9806233922875869
Au      1.2387763791236548      8.6303969356530050      5.6591741692305604
Au      0.1446422386237414      7.0311342074309415      7.6188487353734367
Au     -1.0851225113563912      8.3905812485379716      4.1545959242222459
Au     -2.1847760001950061      6.7845365361680878      6.1234477797959990
Au     -3.3660351133341444      8.0585880371279419      2.6135813428764223
Au     -4.4625455167205832      6.4581574517680167      4.5757047628984999
Au     -5.3070936850056212      4.6564536018052101     -3.2915964035256877
Au     -6.5201768860634246      3.0808688020447930     -1.2751625695175939
Au     -7.5566701653343706      1.3745555897164090      0.7263218900835575
Au     -5.0323679924435263      2.4887750664574240     -5.0243005692350842
Au     -6.2257109258750880      0.7868795271754809     -2.9808499547205116
Au     -7.3513315359766018     -0.8871772860596945     -0.8905772319170708
Au     -4.7493326774095754      0.1880808495419934     -6.7355327368200992
Au     -5.9433920276417762     -1.4883786416059817     -4.6769950484497933
Au     -7.0697060463289798     -3.1788397921961469     -2.6135021307071362
Au     -4.4603181455275029     -2.1043774288583244     -8.3155421726635925
Au     -6.9296371370182523     -1.4819341943597735     -7.2178974069306356
Au     -6.7076210520252975     -5.3633387487474575     -4.3272310056877394
Au     -7.4967434971851539      3.0420084052127416     -3.8470712758304941
Au     -8.4238994325238412     -0.9151631033463499     -3.4572965445620341
Au     -9.5221041639099049      1.3438616047737773     -4.3839138577105530
Au     -8.6263176306837934      1.4023423693341890     -1.8387420088575155
Au     -7.1992800375024277      0.8554198384106071     -5.6261679198936143
Au     -9.2489878443604994     -0.8255813680552855     -6.0042234721653411
Au     -0.6145747639057375     -4.9416106667947215     -8.4221735481060733
Au     -3.1433448503160122     -4.4239524916360331     -7.4891298966089774
Au     -4.2584862309191438     -6.0620415874821134     -5.4840935622124913
