         216
Au Au   -792.02442846   nogrup     0
Au     -7.2767143278569222      3.3401699457973537      6.6762820122334574
Au     -5.6457782385600304      1.6658313174477124      5.2527265624921249
Au     -4.0164520605393754     -0.1685815358807972      3.8432940776952336
Au     -2.3546335893412924     -1.9478134283111808      2.3985383671651768
Au     -0.6755486701233715     -3.7093068724107794      0.9359224223335936
Au      1.0108603075152027     -5.4426292527516722     -0.5358926492324638
Au      2.7260038935556286     -7.1168289058447254     -2.0397574410842179
Au      4.3318089130195219     -8.8380859771003522     -3.4356572324592527
Au      3.6541585012644524      2.7958338226503616      8.9633599710773524
Au      5.4036034227004386      1.1199620140710078      7.6024870593036908
Au      7.0778959300093049     -0.6365000544570711      6.1440461042474759
Au      8.6110179035458767     -2.4042959875610852      4.6455425421041987
Au      0.1278375466558517      7.4347442846895806     -0.7066292442702657
Au      1.8085952341329463      5.8367148351488689     -2.1836977313384764
Au      3.4959775199037590      4.0665189404858415     -3.6535415211349900
Au      5.0634165413865970      2.2569317712249810     -5.0059115228445101
Au     -8.9584890049107386      1.7555914507857970     -4.2631790820768654
Au     -7.3838512592058407      0.0653027256755330     -5.8073666115328848
Au     -5.7095597068994994     -1.6911585911338576     -7.2658081869731301
Au     -4.0016299964891218     -3.4445364977330004     -8.5809966409900156
Au     -6.2403993129121336      1.1087857445570850      7.8144658878082609
Au     -4.6578745142410316     -0.6874612078260780      6.4890681585688803
Au     -3.0033929205597780     -2.4734550808039182      5.0476605791423665
Au     -1.3286880389438473     -4.2466975952937833      3.5891481927732016
Au      0.3578361578273781     -5.9996483168677734      2.1197653566503689
Au      2.0493721646215901     -7.7238909310905886      0.6465267999886066
Au      3.6993764746896156     -9.3188194346951132     -0.8438607810387104
Au     -8.1828128819505555      0.9485847246311965      5.7775095936296417
Au     -6.6425090945026195     -0.8511448236264747      4.4078358344171313
Au     -4.9838660015521885     -2.6367963454737491      2.9707911234088886
Au     -3.3081676679583283     -4.4099576289602958      1.5133210127946235
Au     -1.6226382130540178     -6.1629904925313266      0.0428953537409225
Au      0.0647365622991596     -7.8875754105575329     -1.4347071242299947
Au      1.7569616175223366     -9.4790220931738407     -2.8808174068107810
Au     -7.7565127816893842      3.0174021641557527      3.9876350606288717
Au     -6.1179435415835641      1.2523987309014220      2.5292601515400115
Au     -4.4629426377063250     -0.5743479227699479      1.0903429271751630
Au     -2.7884057969491161     -2.3514433401596544     -0.3691518340537616
Au     -1.0984075426112700     -4.1040120408246068     -1.8404344719982966
Au      0.6213590099657291     -5.8176620029195600     -3.3412061720887962
Au      2.3126135594441344     -7.5459052155582711     -4.7833683938358158
Au     -5.4911834826357655      4.4430147571369183      4.8868883921029997
Au     -3.8253931795816691      2.7395955720011331      3.4323830954912005
Au     -2.1560010556541696      0.9079822607920307      1.9845244671754543
Au     -0.4705633311284720     -0.8785066943297268      0.5178156773189215
Au      1.2274471035810364     -2.6415230424661016     -0.9627278464011066
Au      2.9519077702631495     -4.3703286134160368     -2.4711832668834308
Au      4.5874335801805248     -6.1302495896651443     -3.8923841135198298
Au     -4.5987608914788609      3.2778390577308238      7.2990853926968988
Au     -2.9256719321959630      1.5156831483069753      5.8769104998062609
Au     -1.2662908887785798     -0.3107011276846636      4.4425864309435603
Au      0.4106781333429623     -2.0875946637491043      2.9856416371272836
Au      2.0982449241258685     -3.8403635398311109      1.5118090276906582
Au      3.8136308111475077     -5.5543750562435488      0.0064439772690292
Au      5.4703655582885959     -7.2854654588448522     -1.4719196258961507
Au     -8.1773625499591045      2.6050860648886922      1.2431870884319807
Au     -6.5474634552010365      0.8384053057924876     -0.2151660719721278
Au     -4.8920410020548051     -0.9869581576658737     -1.6703380465616373
Au     -3.2121791125502468     -2.7492650540962411     -3.1336316176994856
Au     -1.4836503040474258     -4.4739316575510060     -4.6261495094315794
Au      0.2114273915062039     -6.1954127968930646     -6.0641119825966543
Au     -3.6316873015472058      5.4722802898401586      3.0327493135833503
Au     -1.9737986030798722      3.7610458626518186      1.5863917793362354
Au     -0.2821542609072392      1.9416964424002034      0.1163486063195140
Au      1.4108871251952468      0.1655619244865538     -1.3584250321204436
Au      3.1331772153803259     -1.5965751782201920     -2.8621891058155544
Au      4.7718470480239379     -3.3436910568320273     -4.2873959752397539
Au     -1.8552562866403606      3.1265063815689595      7.8730098324691511
Au     -0.1824950936285630      1.3633624243972828      6.4596035183286489
Au      1.4929824791848489     -0.4603453532693571      5.0254627810192254
Au      3.1728448386997683     -2.2226520463330606      3.5621694966901742
Au      4.8813178187316666     -3.9489731053072723      2.0486208064237665
Au      6.5335328115296925     -5.6739895798136430      0.5657098678058254
Au     -8.5920612266107756      2.1931372743630755     -1.5132828550667359
Au     -6.9719433462553670      0.4059265035308035     -2.9871812397507806
Au     -5.3393675667559535     -1.3863200383907892     -4.4600013959907745
Au     -3.6175193412073976     -3.1131242792543321     -5.9091515274486612
Au     -1.8949651928906248     -4.8326374439574291     -7.3469837943763174
Au     -1.7585510378632985      6.4863834507312017      1.1667934616595144
Au     -0.0937236793915579      4.7709587752336944     -0.2858512949778849
Au      1.6069655597504577      3.0000823728649686     -1.7683315952453142
Au      3.2985454685411457      1.2122002920225938     -3.2407876432291403
Au      4.9420353449766825     -0.5430614484148975     -4.6699500144348960
Au      0.9005006304231284      2.9760468407399254      8.4413092891866519
Au      2.5898523521725432      1.1945469769041692      7.0400128884081141
Au      4.2791533055620361     -0.5930213843025545      5.6266789342194876
Au      5.9442764884814263     -2.3245046937686511      4.1180438349069455
Au      7.5975962480233949     -4.0497285200516320      2.6076081899068839
Au     -9.5338556999349180     -0.2450191050583084     -2.3537786575399515
Au     -7.9327067886234932     -2.1420680005687136     -3.7454778387661047
Au     -6.2379762192704789     -3.9199711944182609     -5.2217235143132701
Au     -4.4792061523808631     -5.5477384902770517     -6.7567799645339068
Au     -2.2124231675044297      6.1522371406547336     -1.5754334638750329
Au     -0.5126037340252112      4.3828053772148596     -3.0452232874305274
Au      1.2065871569109343      2.5792385400390416     -4.5427753637499979
Au      2.8896370162722183      0.7997742056048716     -6.0197338702770331
Au      2.7740795152314712      4.0480983082315474      6.6490799201916886
Au      4.4691117171317938      2.2669234918651764      5.2033005554873810
Au      6.1768826861769455      0.4753390854405852      3.7156969180047028
Au      7.8553600384137745     -1.2825601978650667      2.2228819336650965
Au     -4.5221490315098016      4.7119103078381830     -2.4659572257074398
Au     -2.8478698580621260      2.9365644785669045     -3.9243558441017186
Au     -1.0921304471739428      1.0946564478542646     -5.4537446476729379
Au      0.5959952765711494     -0.6574227687751262     -6.9242672334416318
Au      1.8575922609098083      5.2380852809784191      4.2243003020927965
Au      3.5333190608797600      3.4628583349237054      2.7674198708127289
Au      5.2890587139132155      1.6209503081346970      1.2380315619595503
Au      6.9757371671389921     -0.1312486282443865     -0.2340094434565323
Au      1.8806352829688400      0.6964036301943926      9.6162872478773522
Au      3.4957867151706412     -1.1994899216316361      8.2392716828312089
Au      5.1905174293612770     -2.9773942484539568      6.7630272115683425
Au      6.9352849805129777     -4.6063166456161984      5.2132874354335819
Au     -6.7968454092104498      3.2587258678634825     -3.3876873064298110
Au     -5.1321771200718640      1.4750470390837656     -4.8653071025795667
Au     -3.4244067031536711     -0.3165366363893436     -6.3529110773254587
Au     -1.7155653966055460     -2.0719311410833066     -7.8138848045898763
Au      0.9749519755186236      6.4151178285349459      1.7670773601748202
Au      2.6628482113260805      4.6447027014988684      0.2847847807531139
Au      4.3820392503340218      2.8411364159236663     -1.2127674565645670
Au      6.0770113351953565      1.0626555258084480     -2.6772223109252806
Au     -9.1084719348140695      0.1646038142449964      0.3633154085867005
Au     -7.5358843702178149     -1.6842427862647451     -1.0351321869194585
Au     -5.8342437144418948     -3.4930302037975918     -2.4909181416324166
Au     -4.1313947156953983     -5.2558185029392597     -4.0007138867385752
Au     -2.3953001973893397     -6.8780392214173158     -5.4843900048899457
Au     -4.0823196054058180      5.1285397198476268      0.2864668930855867
Au     -2.4133403998403060      3.3635745721149859     -1.1833335827986584
Au     -0.7054673644507141      1.5419951212199834     -2.6669702524013523
Au      1.0218641137097584     -0.2402257910975769     -4.1756693697335230
Au      2.7109112601166907     -1.9980952607082600     -5.6309763485189963
Au      0.0061279751121663      4.2019588571618192      6.0727904449647880
Au      1.6910804104936479      2.4360361156495665      4.6276663334047186
Au      3.3904783613832525      0.6131098732533191      3.1538806848967180
Au      5.1153439633279234     -1.1562840023587482      1.6448611751480282
Au      6.7852590417682030     -2.9098798360257478      0.1676294091212682
Au     -0.8351946891352386      0.8469491723186384      9.0392772721761254
Au      0.7814572787721827     -0.9982619212074755      7.6870375647485574
Au      2.4585850820926076     -2.8090688757745341      6.2055458841833122
Au      4.1859465946748431     -4.5698361012532036      4.7214575122282127
Au      5.8779772300200293     -6.1956911939506583      3.1915737235744288
Au     -6.3750745100745956      3.6756631993276176     -0.6190021989065180
Au     -4.7127621462013902      1.9078722435329449     -2.0878676442711601
Au     -3.0167190541953093      0.0846696273665133     -3.5651712230980248
Au     -1.2884988687966552     -1.6844476985755277     -5.0706726613617183
Au      0.4040570014697815     -3.4361761344151245     -6.5241627038378658
Au     -0.8932323510245870      5.3915621901397008      3.6307751964092105
Au      0.7927655693903604      3.6280008334247515      2.1788216801645408
Au      2.4989399787644411      1.8062812176535288      0.6934029515367950
Au      4.2279709236069429      0.0242006652776721     -0.8135146936453594
Au      5.8999995014529443     -1.7350722994770855     -2.2866688879951784
Au     -3.5617921516918032      0.9768146512465088      8.4557187286147553
Au     -1.9458978660373334     -0.8551743602466950      7.1092322648657600
Au     -0.2816581107566019     -2.6552642980032393      5.6493771517552780
Au      1.4090301868906092     -4.4289283005912665      4.1766539111083851
Au      3.1192176885720260     -6.1688770743561641      2.6971159458730014
Au      4.7982687299341871     -7.7935431104772892      1.1734462233852163
Au     -8.6754940579063398      0.5550597876959285      3.0931167310887719
Au     -7.1097074921180976     -1.2810630554641023      1.6940843898590128
Au     -5.4311001612094607     -3.0799694974459029      0.2492954946856223
Au     -3.7404123371984412     -4.8536348143383954     -1.2234276675006690
Au     -2.0445929233110696     -6.5947686315699077     -2.7180339391487607
Au     -0.3154338199405760     -8.2153018466949028     -4.1891571672815022
Au     -5.9405866341690245      4.0894843255223181      2.1387711933474876
Au     -4.2743871600232914      2.3289520588363466      0.6702949334385035
Au     -2.5903420478885750      0.5037324754972083     -0.7937538724060875
Au     -0.8924876338043455     -1.2774513796984817     -2.2727203441954984
Au      0.8327418589590545     -3.0288293702683036     -3.7784195090920925
Au      2.5185654916254139     -4.7848336069837565     -5.2298204138240783
Au     -2.7500727701754548      4.3526241041574210      5.4845778016301345
Au     -1.0658797117333090      2.5935765835569011      4.0349698919276626
Au      0.6198724467210504      0.7684983524824747      2.5727105000103503
Au      2.3177275075451318     -1.0126851420068936      1.0937438343045205
Au      4.0412496701253886     -2.7642040744739593     -0.4137452500486631
Au      5.7090801322570579     -4.5216921769874237     -1.8840149259853440
Au      7.8230105544190138     -2.9816600005152112      7.1735668422070411
Au      6.1834015345263342     -1.2872479186816093      8.6488456552851432
Au      4.5339584040965279      0.4688104132352089     10.0385917202037298
Au      8.8435514375801496      0.3805188577206831      4.2277691393095722
Au      7.2738114200138604      2.1501685077595929      5.7608093451943141
Au      5.5129674927188770      3.8745585785817980      7.1289709257529772
Au      8.0436386980029617      1.5024506613905149      1.8097524421848448
Au      6.2961368294152384      3.2567879297360429      3.3056853337220957
Au      4.6225624572367234      5.0914248645129287      4.7897799570039936
Au      7.1525678007546727      2.6606940746188803     -0.6155698312904008
Au      5.3973192347283216      4.4202658499533527      0.8726110595916090
Au      3.7269570384446618      6.2544285294294166      2.3684089050727870
Au      6.1944200177316464      3.8278766007654816     -2.9725181806061691
Au      4.5542046305226185      5.6617151021879817     -1.5904168254263631
Au      2.8594081057942002      7.3265665082393845     -0.0674578319395049
Au      8.9445437692489929      3.1172697692701457      3.8306234796710861
Au      7.3095436090841881      4.8325104516006308      5.2548380192717161
Au      8.1030146607416729      4.2775281349493852      1.4608227902008011
Au      6.4641340946903787      5.9968410890008021      2.8884180703436169
Au      7.1865055255430779      5.3817641585921798     -0.9115122492103556
Au      5.5535367283989263      7.0948772213887068      0.5109342602949418
Au      2.9730514420567991      3.5621923360420675     -6.3506765473108286
Au      1.3704318669682829      5.3991315634594876     -4.9291509368518494
Au     -0.3619603886192175      7.0608821149511822     -3.4456159467835832
Au      0.7662106812116050      2.1339749363159148     -7.3127649791331812
Au     -0.9420286754818341      3.8974236897328165     -5.7752859858170797
Au     -2.6594005605564131      5.7277090295807902     -4.3287845620413368
Au     -1.5127978774028334      0.7142757459537106     -8.2118178694550821
Au     -3.2279540409821581      2.4712806763657689     -6.6819648534204550
Au     -4.9338725578977378      4.3032493944123811     -5.2317891709765050
Au     -3.7919844721794695     -0.6616090640588750     -9.0227693670903726
Au     -5.5362970113650736      1.0936429759602975     -7.6727987407422855
Au     -7.1225669697039891      2.8324301801122842     -6.1215673192981210
Au      0.8495050119554115      4.8591160402699050     -7.5569469431235019
Au     -0.7834643735197635      6.5722288840465346     -6.1345000952937383
Au     -1.3796899457185119      3.4954351344645538     -8.4834245321133093
Au     -3.0185701707243076      5.2147484697531796     -7.0558289266942351
Au     -3.6057653351620638      2.0821721423865980     -9.3305382196345157
Au     -5.2407640754463003      3.7974134737024245     -7.9063237755541893
Au     -6.5132832052479177     -4.1640596800133576     -7.8605126380351713
Au     -8.1977273136415878     -2.4733463660336619     -6.4322508550304818
Au     -9.8023346787724268     -0.7135912756106055     -4.9954872184876740
