         216
Au Au   -791.79764700   nogrup     0
Au     -5.3089274560195046     -4.6481411785941553      7.8205706443670735
Au     -3.9623289246698272     -4.3457151883561540      5.5246132717364347
Au     -2.5662407543135757     -4.1241759058341998      3.0982746789999744
Au     -1.1526676047670252     -3.8213583232354651      0.6741527562500096
Au      0.2752629300884442     -3.5029850859604377     -1.7699977197627916
Au      1.7146163021212808     -3.1833643723199199     -4.2459674540730301
Au      3.2116549599225905     -2.9328378001812840     -6.8916874425153107
Au      4.7675669157745162     -1.7943038481623077     -9.1357433908865531
Au      5.6974497013051186     -2.8940375304972417      8.0111794682862012
Au      7.2360793916687260     -2.6423567951672329      5.7498403488389549
Au      8.6472062781998265     -2.3243320320969527      3.3279499995551696
Au      9.8556742776739057     -1.9638804637281044      0.8920405636870008
Au     -1.2189480732375662      5.4142564319132163      5.0889247188599320
Au      0.1705442311686954      5.8576972402650807      2.7524376455605832
Au      1.5934948189393401      6.1697658972782952      0.3163846169833313
Au      2.9656423285223932      6.3524641327805105     -2.0519411349442436
Au     -9.8871838238605445      1.0394598531051074     -0.5860401228155645
Au     -7.9323194773582086      6.0156454191981998     -1.9833973228969874
Au     -7.6385508484003930      3.9079093535550271     -3.7447177253394663
Au     -5.7468070848209392      2.0036418957272204     -7.7670520386250583
Au     -4.9500474798757264     -6.7381042123005557      6.2129303549091404
Au     -3.6074306027695302     -6.5966821214848501      3.8520868453429813
Au     -2.1877515423212115     -6.3020488994423296      1.4303161463129399
Au     -0.7628616742685617     -6.0003365110742592     -0.9772556982007252
Au      0.6575804464211146     -5.7035857883999412     -3.3604576404191349
Au      2.0482387460405640     -5.4638216342925041     -5.7052123807266213
Au      5.3410753737130170     -4.2179897537772781     -8.3796487065277550
Au     -6.1282571375965791     -5.4111029463049007      4.1336455338832785
Au     -4.7842709806611108     -5.2048742273391326      1.7103355845033974
Au     -3.3607738683322657     -4.9184008445117975     -0.7099643040722654
Au     -1.9419405982903142     -4.6221454891076394     -3.1133614029193168
Au     -0.5299535982035652     -4.3321365053329668     -5.4938295985354149
Au      0.8697083102765070     -4.1561396729610056     -7.8628423224267827
Au      3.1971199291676120     -5.6569464873059516     -8.0557023964219887
Au     -6.5001460227760370     -3.2337482127628032      5.8086273450462116
Au     -5.1472044225574392     -2.9238597245052151      3.4098227033195627
Au     -3.7365254727272434     -2.6746381853601502      0.9587253812737089
Au     -2.3137530174654453     -2.3704502688287175     -1.4831459181291287
Au     -0.8722156333460380     -2.0494956949591963     -3.9380905586315329
Au      0.6054077503730300     -1.7409173707593197     -6.4361102417180955
Au      2.1124178416637047     -1.0976728607997916     -8.7248112339380910
Au     -4.3689095704226970     -2.1560790814995077      7.2691420817280701
Au     -2.9663064478121566     -1.7999674903849456      4.8906035413120641
Au     -1.5408402627762083     -1.5442433512828408      2.4252152728218270
Au     -0.1116569415386672     -1.2394544323528471     -0.0296525841820632
Au      1.3229278183672315     -0.9280187511359035     -2.4919615180102568
Au      2.7596320806728913     -0.6056156226952023     -4.9595171380273442
Au      4.2262414219633406     -0.1045580560046595     -7.2027195410749503
Au     -2.6132886293343338     -4.2248347356526352      7.9601304654518543
Au     -1.1871738770471134     -3.9355101929024858      5.6043973033613241
Au      0.2292060285939346     -3.6877583245388479      3.1593614871197673
Au      1.6454743620629664     -3.3833388315762090      0.7227212805383907
Au      3.0658710680162296     -3.0596632862384503     -1.7273838801563812
Au      4.4812523824650494     -2.6991805081637317     -4.2058233818655122
Au      5.8809481997772748     -2.2884996940364264     -6.5480911917636959
Au     -7.6521619939584999     -1.8035293986774885      3.6778569074205869
Au     -6.2991200024912226     -1.4907539180808271      1.2784394266043897
Au     -4.8883487157163996     -1.2298683426452168     -1.1881147600245612
Au     -3.4678815669530021     -0.9154741402739806     -3.6250784451727611
Au     -2.0062785299366483     -0.5780953250896879     -6.0783461072073273
Au     -0.5260098901780035     -0.1082111490308506     -8.4039169106074443
Au     -3.3349999290789727      0.3783235521163721      6.5677038841460771
Au     -1.9376977562748847      0.7282097675533805      4.1866156143164872
Au     -0.5018736612071804      1.0118790272723022      1.7129141185191550
Au      0.9261869234377325      1.3205504518376507     -0.7388657302576398
Au      2.3652638709458951      1.6520612322015253     -3.1957488261501013
Au      3.7933493594816028      2.0059496202987592     -5.5107573044984157
Au      0.1688389123851876     -3.7934428567557905      8.0017849086387329
Au      1.5911907709937514     -3.5045717197775055      5.6468543286498658
Au      3.0226457739182040     -3.2508508946706254      3.1967758639585782
Au      4.4292796670113432     -2.9368148256866125      0.7717575041735572
Au      5.8403630378085554     -2.5546702970084976     -1.6778694543145498
Au      7.2062022576576963     -2.2307165675263523     -4.0395799097897331
Au     -8.8057175210661498     -0.3809975278931557      1.5411147047041176
Au     -7.4335751870497626     -0.0478534827885699     -0.8725719334852933
Au     -6.0681582723119316      0.2443413080315260     -3.3311707962071537
Au     -4.6089171968198688      0.5646965810319085     -5.7521818884247420
Au     -3.1261525152340646      0.9844049883496826     -8.1177323192154276
Au     -2.2883588876589078      2.9128529836189241      5.8562693348518522
Au     -0.8894350466493013      3.2699657104524764      3.4585693173970569
Au      0.5419724474063711      3.5899512594024543      1.0078258614177251
Au      1.9698656776796581      3.8930920216478873     -1.4418543486151663
Au      3.3890091530933173      4.1901530733504817     -3.8078386851273720
Au      2.9560103115681091     -3.3588872822111284      8.0344382484408001
Au      4.3828883467142195     -3.0553612405355910      5.6625994048449577
Au      5.8422361021229721     -2.7916985113393320      3.2661937658552986
Au      7.1964991529021329     -2.4219060022754864      0.8233548329504892
Au      8.5663101871600649     -2.1090042473520967     -1.5700765785428032
Au     -9.5091374601194492     -1.1042416315517123     -2.2514289231082465
Au     -8.1828920072739830     -0.8228988942634459     -4.6612204541898237
Au     -6.7602721070335967     -0.5042104548576898     -7.0456645239780773
Au     -2.6765123118543670     -1.2952015352869442     -9.5383338565489240
Au     -3.4738903278853206      4.3708521233240001      3.7896455225190486
Au     -2.0453961025174534      4.7185931645061681      1.3164688010379884
Au     -0.6050360716076939      5.0364422632054282     -1.1540711199940112
Au      0.8473796111293801      5.3572847692965251     -3.5880049292576786
Au      3.9836085086649042     -0.8316731229663965      7.4531235617558664
Au      5.4538331721681335     -0.5420488960320480      5.0140193823162775
Au      6.8994438103483269     -0.2168151254528823      2.5397184006519495
Au      8.3047122105989430      0.1365387767344153      0.0827585908059731
Au     -5.6820970060325902      3.2609420782684833      2.3514552834114859
Au     -4.2696303107582967      3.6077580535902714     -0.1138009354939769
Au     -2.8068050648649168      3.9301658334800695     -2.6254697817634778
Au     -1.3620772484993753      4.2632034173851192     -5.0356977782127661
Au      2.2152436462183358      1.2576336130784522      6.7140527650084465
Au      3.6470655255583564      1.5648108967189991      4.2769437603343405
Au      5.1320419284128542      1.8981313424522313      1.7401500172432556
Au      6.5605547328521974      2.2351774060317169     -0.6778312666711628
Au      3.3313947763349434     -5.5277415932625154      6.3588217138138212
Au      4.7626987552860198     -5.3451075002871526      3.9591800157002517
Au      6.1789922556681427     -5.0273162940327971      1.5353359294934883
Au      7.5509851583679408     -4.5807670697245086     -0.8746399142428345
Au     -7.8777185598131849      2.1614088844264465      0.9066521130387493
Au     -6.4664280044372902      2.5011079846788871     -1.5843814998057155
Au     -5.0291698396953652      2.8130576438986115     -4.0466656340117186
Au     -3.5739501036108958      3.1686927012956421     -6.4577608652606209
Au      0.4719471909979071      3.3713928327243892      5.9559720594346963
Au      1.8979816808990808      3.7076193814245082      3.5032346325621546
Au      3.3502915124753567      4.0308306731912111      1.0206736139048331
Au      4.7945109407132724      4.3449521456897067     -1.4035180135466270
Au     -8.4312950673172988     -2.5397169550031737     -0.1310231681267524
Au     -7.0908188459108521     -2.3340872487076787     -2.5717644108462601
Au     -5.6853377782591146     -2.0198333901025869     -4.9731666821903531
Au     -4.2297845332915376     -1.7365943983453480     -7.3368388295704694
Au     -0.0241914173862354     -2.4110860301716315     -9.7050188421932528
Au     -4.5184901748995641      1.8386473325925543      4.4875437050825724
Au     -3.1068653407883406      2.1798393608828235      2.0404298291485645
Au     -1.6636415878355486      2.4684153101820936     -0.4455403254944059
Au     -0.2200798950437299      2.8048660361236202     -2.9180687717970493
Au      1.2303266079054669      3.1618654621827744     -5.2956779766138595
Au      1.1939660285840807     -1.2803991358183122      7.4148280413620427
Au      2.6225757251000399     -0.9461128855684411      4.9847488909346040
Au      4.0735880487019962     -0.6628684672398606      2.5025781205358157
Au      5.5110935635400793     -0.3001962710767074      0.0278564304758184
Au      6.9462602724708926      0.0016163778467586     -2.3788046121285333
Au      0.5441940769521196     -5.9656411101937294      6.3268557232017031
Au      1.9704406893260582     -5.7760166746891954      3.9423252473042503
Au      3.3889573522834713     -5.4777297853464084      1.4993518953261393
Au      4.8345717863738109     -5.1420384446106020     -0.9309857818063207
Au      6.1932277139537790     -4.7057418013137724     -3.3430852753585114
Au     -6.7174052494284693      0.7302835039320250      3.0401151886975377
Au     -5.2925672308695555      1.0799519897497163      0.5995292813535329
Au     -3.8563385698002000      1.3599724568609464     -1.8854534954214728
Au     -2.4105935141494426      1.6977722652273339     -4.3542831704400342
Au     -0.9588672864700756      2.0780987513880156     -6.7190310350308096
Au     -0.5707122456946887      0.8331460760530138      6.6688786552884451
Au      0.8603596889481572      1.1610857174956646      4.2401632227282740
Au      2.3092455474488576      1.4557852658711710      1.7507302859195484
Au      3.7586680238316363      1.8004211214963188     -0.7240479676990610
Au      5.1891954529852944      2.1233003256799776     -3.1174529840858334
Au     -2.2386655569254144     -6.4022920902644280      6.2846428537701939
Au     -0.8208985814700855     -6.2130063959113428      3.8999440377634293
Au      0.5970313895319883     -5.9184240093993630      1.4685175190824644
Au      2.0317672370084798     -5.6033491484098192     -0.9509986302995053
Au      3.4768305183804635     -5.2775992345148630     -3.3638285607231175
Au      4.8080172397065741     -4.9187279021525256     -5.8105080943243408
Au     -7.2807920329731415     -3.9730026024484388      2.0050833422452321
Au     -5.9432902022142509     -3.7629934364923123     -0.4227928548291118
Au     -4.5195526596568856     -3.4749324303097140     -2.8444820383956468
Au     -3.0962411780885528     -3.1741958532179613     -5.2313451267538955
Au     -1.6552483881071185     -2.8900175775578756     -7.6130876775863090
Au      2.8143123178277092     -3.5440548749627503     -9.6432293038708323
Au     -5.5563074442881222     -0.6976828432916378      5.1777609336666046
Au     -4.1365614030970983     -0.3602704571314828      2.7459531570042479
Au     -2.7027746986409520     -0.0903834760095741      0.2694996694278231
Au     -1.2661454516477841      0.2184058480861530     -2.1948219583110955
Au      0.1790533366895610      0.5474603207200399     -4.6587609005603792
Au      1.6347088177828153      0.9902466310586409     -6.9888132257696203
Au     -1.5954184260723163     -1.7077574251259193      7.3693894506664073
Au     -0.1696960192673396     -1.3753418623166311      4.9448359084423075
Au      1.2672920001024890     -1.1019251876320606      2.4680313284329181
Au      2.6995686612079828     -0.7879455270309599      0.0053899820881433
Au      4.1363717156219559     -0.4354838256990341     -2.4607654171007241
Au      5.5899081719034198     -0.1027082088248914     -4.8147033187959245
Au      8.8418396205038263     -4.4265850425758746      1.5842954208519622
Au      7.5099566322683060     -4.8041404165173880      3.9863430547972705
Au      6.0708896084860919     -5.0512067024422684      6.3407137931212105
Au      9.5749884422952896      0.2145362145211340      2.5771404898248491
Au      8.2699750724120076     -0.1236905938552901      5.0400750098091187
Au      6.7542595701899799     -0.4174434617194027      7.3887827837105107
Au      7.9243977368775269      2.3388514219204488      1.7964073032868448
Au      6.4427154141751046      1.9678531779066031      4.2439790872600263
Au      5.0178552302623070      1.6835386022585190      6.7428620612216683
Au      6.1752368173653416      4.4335620002892249      1.0525303707547273
Au      4.6859189725876655      4.0704859318960045      3.4957060912316535
Au      3.2679889114200247      3.7743501470676319      5.9984407486695872
Au      4.3794833788706118      6.4585252085513822      0.3652005596118961
Au      2.9601477647565764      6.2537852597819228      2.7791884092534360
Au      1.5547164506913198      5.8188479160024933      5.1792299023894657
Au      9.1150648315936973      2.3624932417340307      4.2588704686288708
Au      7.7280216148898706      2.0514324848249679      6.6176590471657732
Au      7.4361275367314787      4.4611407039048006      3.5485512416774796
Au      6.0421574967063174      4.1458572308786596      5.9168210484315296
Au      5.6880580230119815      6.4823281081879047      2.8015835161743787
Au      4.2997595913158024      6.1662720918086658      5.1616039421822357
Au      0.4070858215217714      7.4695040331886151     -1.8375165283908110
Au     -0.9914294246791073      7.2504283451988734      0.5979093303632581
Au     -2.4240619415167464      6.8221625164625070      2.9987549834775642
Au     -1.7235036955293552      6.4475410725136602     -3.3229088721828965
Au     -3.2070339957809901      6.1329012241122625     -0.8550515191456007
Au     -4.6357902738911640      5.7697149841612738      1.6592326877221453
Au     -3.9587967143474625      5.3384504355738409     -4.7757946621906004
Au     -5.4102940668011108      5.0296430496403151     -2.2959778184369135
Au     -6.8606535615837485      4.6558074767076176      0.2013122648279690
Au     -6.1458227061056609      4.1927214059680962     -6.0997820983909481
Au     -6.5274414010147810      6.3514994676265211     -4.4009451315904329
Au     -8.9571618307761049      3.5371208613862768     -1.2784520299003255
Au     -2.1391839202952632      8.5477527522931869     -1.5427623664436787
Au     -3.5546220909700708      8.2140561183684611      0.8779511411699445
Au     -4.6758843920669344      9.4240908418335483     -1.2564782810116775
Au     -5.8123765920206223      7.1343238894841079     -0.4567389948823042
Au     -4.2854822794363363      7.4990952439139722     -3.0748561187949086
Au     -6.7782884896360214      8.3686248617846601     -2.6276179509816089
Au     -5.2219973157204516     -0.1924937001166462     -9.2569651468933039
Au     -7.2417923265508941      1.7022379422367564     -5.4536983788452531
Au     -8.6660889625672617      1.3891708218557319     -3.0335858699981166
