         216
Au Au   -792.02442846   nogrup     0
Au      2.4653065519387409      9.7578751920176021      2.7177592176533869
Au      1.4131881886002877      7.2332946465963648      2.8148330814173823
Au      0.2748316087837557      4.6522385213095436      3.0351903049249271
Au     -0.8367059209752794      2.0531697315456086      3.1899374195986594
Au     -1.9402435704184668     -0.5596949554847734      3.3186564463364165
Au     -3.0292450056233129     -3.1708839456139213      3.4205850385778289
Au     -4.0889565470966724     -5.7942370257078473      3.4566153590412787
Au     -5.1641046694909720     -8.3064303441142844      3.6076719151965220
Au      9.1357341996249239      0.9001467274083161      4.1520376304180227
Au      8.1823145575095992     -1.7062890124340182      4.2882792652313340
Au      7.0819278534073389     -4.3116933181543597      4.4166309849606060
Au      5.8779617905103265     -6.8133378939130438      4.5320322347857802
Au      4.0006028708108881      2.5608963266270077     -5.7643796911954635
Au      2.9851285899368523      0.0056704943669361     -5.7615777733778604
Au      1.8761377470778526     -2.6201056700798233     -5.6322235289342526
Au      0.7568151757139105     -5.1194813462389668     -5.3860201727430264
Au     -6.1963973607269756      6.9845918788224095     -3.7856928658630444
Au     -7.3623159404677709      4.4624846849724227     -3.7594665866414809
Au     -8.4627010470737716      1.8570787581525252     -3.6311159894929723
Au     -9.4541655348374434     -0.7288961125991058     -3.4057025789075137
Au      2.3925718946536225      8.3701096545280684      5.0452706505478746
Au      1.3057204164252008      5.8718513842903421      5.3002707912227711
Au      0.1885754360048781      3.2775520690512225      5.4625403875919600
Au     -0.9215312641613744      0.6652161646008032      5.6026894678127226
Au     -2.0205090175085232     -1.9529350062763680      5.7202127292788552
Au     -3.1024518748082608     -4.5654546199805974      5.8144497012709868
Au     -4.1400973543325623     -7.0974111211193076      5.8072558489854744
Au      0.0313424469944423      9.3071474611087179      3.8228167250987246
Au     -1.1068340185895438      6.8292566818022031      4.0512459486815535
Au     -2.2189209966177641      4.2329485047479141      4.2161338788090452
Au     -3.3278199632543357      1.6201326670849721      4.3569084235293269
Au     -4.4280054386020309     -0.9975398767876404      4.4738056539879443
Au     -5.5150056067607141     -3.6080525547416080      4.5654238138113508
Au     -6.5013264349837288     -6.1603774345353646      4.5848004847467072
Au      0.3419874224226098      9.1594507790908590      1.0756223201239576
Au     -0.7815396845870501      6.5814441442979179      1.2119013040311346
Au     -1.9208622776033071      3.9716030447680044      1.4047285311436726
Au     -3.0339393300324113      1.3575827192984180      1.5469190006760387
Au     -4.1321189405533234     -1.2640329942306447      1.6626529946454083
Au     -5.2107772845822042     -3.9057490028064077      1.7285351182246851
Au     -6.2756925704689897     -6.5093621128289865      1.8475221366999319
Au      2.8978478792689213      8.0645047351256380      0.5842812233363786
Au      1.8268615241289148      5.4884181806359162      0.6783180548484635
Au      0.6863661238517640      2.8613603474226132      0.8675441895604932
Au     -0.4312387421266082      0.2319254739463110      1.0107347596572565
Au     -1.5373212022208094     -2.4037061835122078      1.1269201704320002
Au     -2.6273505250516402     -5.0579050410970989      1.1978664533240737
Au     -3.7260711689524006     -7.6190760446976835      1.3569098634769459
Au      4.1806005039912844      7.6361250866438688      3.0629457191157874
Au      3.0990375705509088      5.0414658133657788      3.2209486274681511
Au      1.9650397318681629      2.4295119441752546      3.4165329658000667
Au      0.8549180638907463     -0.1856813937730566      3.5602543743006825
Au     -0.2462187070231252     -2.8061229683925220      3.6744593088742770
Au     -1.3302020515018880     -5.4457254440093816      3.7375855407460667
Au     -2.4370811414138887     -8.0326844304895726      3.8348486204345074
Au     -1.8391922556356715      8.4570104643500414     -0.5455336696718209
Au     -2.9680986663659743      5.8858096371207687     -0.4076076765754433
Au     -4.1166056725485269      3.2707964630501469     -0.2272380370133407
Au     -5.2206522641424824      0.6567221161458408     -0.0984609020161846
Au     -6.2961611090241325     -1.9941129210316291     -0.0194188054859472
Au     -7.3525115770077276     -4.5969898137907386      0.0975493547707940
Au      3.2839445537516618      6.2575012936948466     -1.5465897549107268
Au      2.2094606158377514      3.6878367987560403     -1.4408745175641551
Au      1.0735565246646257      1.0391355295236098     -1.2771072764774232
Au     -0.0391527401071614     -1.5954476280287846     -1.1473189561759982
Au     -1.1469723387044097     -4.2592527710391774     -1.0493740118252486
Au     -2.2390689236093930     -6.8194445914278319     -0.9023745840501860
Au      5.8460601126448566      5.4071736283684162      3.4332656506395418
Au      4.7692578036752717      2.8152963172308025      3.5981663754238005
Au      3.6451294617718939      0.1906092586614125      3.7911592051356306
Au      2.5410815710573798     -2.4234642445654604      3.9199373714093353
Au      1.4411920135677050     -5.0646227725298782      3.9863597204555541
Au      0.3327368125517465     -7.6468216573399808      4.0763544434617556
Au     -4.0245830159533904      7.7454676175695676     -2.1757421339814131
Au     -5.1803216242602188      5.1695430028270666     -2.0337457494591087
Au     -6.3320180096528036      2.5812965348396109     -1.8880669926458866
Au     -7.3849307149380730     -0.0503565499602070     -1.7765977857043600
Au     -8.4260779393829388     -2.6760453641084609     -1.6623461996900488
Au      3.6606173059881635      4.4289607510700861     -3.6757659046064548
Au      2.5832392313250852      1.8496252670345017     -3.5718761537351531
Au      1.4726705516711376     -0.7920161272885249     -3.4516335852909510
Au      0.3537540479574881     -3.4291686865391959     -3.3118256575653335
Au     -0.7431782576723078     -5.9979872139477468     -3.1621003239443395
Au      7.5147240665987951      3.1661770453542046      3.7983725424868569
Au      6.4431471739759631      0.5568537094714614      3.9839423687876563
Au      5.3604055612721098     -2.0587560791081483      4.1653222299870238
Au      4.2385357585360843     -4.6630426998452581      4.2410927020256812
Au      3.1132242639458978     -7.2553308002038914      4.3117742618946968
Au     -6.4674998679262936      7.3264228214687641     -0.9948222359951950
Au     -7.6459302766718631      4.7509673819304439     -0.7162014213163950
Au     -8.7597486482678946      2.1137561460630279     -0.5862850847978995
Au     -9.7895394495733115     -0.5392398124752464     -0.6073357950579190
Au      1.5101024773748983      3.7861696568808965     -5.3489567033893861
Au      0.4079170483149568      1.1500163563144330     -5.2207471143196713
Au     -0.7219783385298659     -1.5252590308051941     -5.0889542793391200
Au     -1.8430991279340887     -4.1532718278507108     -4.9578352202803453
Au      7.9720807340045337      1.3841485800042017      1.6801466829995926
Au      6.8756315724025754     -1.2445707956654291      1.8338381641024499
Au      5.7532421413831001     -3.9020727458454161      1.9647559518694910
Au      4.6325358395885301     -6.5229502910095416      2.0696790161105847
Au     -1.0714990599534944      4.9164101618584652     -4.8387687031897073
Au     -2.1829883726355703      2.3036558509025267     -4.6970292144221233
Au     -3.3369035166247967     -0.4284935046804437     -4.5624349883866628
Au     -4.4352690637129788     -3.0480582928392757     -4.4464142519289283
Au      6.6838118174423791      1.8387679358367777     -0.8236996440041837
Au      5.5740817782733227     -0.7746846987625515     -0.6810476316604852
Au      4.4201655711598811     -3.5068327649107349     -0.5464529576768822
Au      3.3200378316469550     -6.1256983031516334     -0.4313422235637727
Au      7.4081346204359413      1.8199797421012320      6.1888538763553465
Au      6.2467251082830773     -0.7622300263206654      6.4762884561865635
Au      5.1329065971523491     -3.3994399732750669      6.6062064970433232
Au      4.0860928180836869     -6.0456787408302226      6.5763449351985939
Au     -3.6624840680121498      6.0012435654456562     -4.3432843497317020
Au     -4.7958438142389825      3.3871712138698715     -4.2087036132145093
Au     -5.9182323545107112      0.7296684985958155     -4.0777874535782495
Au     -7.0020248110180274     -1.9058586183197708     -3.9537568665520073
Au      5.3847233108451418      2.2485517634719083     -3.3429935072856880
Au      4.2680437636053172     -0.3818493547675477     -3.2222866628606344
Au      3.1381475049136571     -3.0571242014662534     -3.0904935220706848
Au      2.0315194600297062     -5.6908879932158243     -2.9518696306678436
Au     -4.3027915880423837      8.0149115534676589      0.6087249897825702
Au     -5.4715787700283505      5.4806139761399608      0.8499583746419708
Au     -6.5872233044311139      2.8321351268365116      1.0157884742935108
Au     -7.7090935537930987      0.1828048054323821      1.1109444736464402
Au     -8.7148532027574994     -2.4316185134806432      1.1233544168420595
Au      1.1268764095606325      5.6068430510156295     -3.2160177910628613
Au      0.0116455195775931      2.9989456883637491     -3.0893870125302181
Au     -1.1258675891978918      0.3309470841211590     -2.9344604403311250
Au     -2.2460563204585560     -2.3466600902017696     -2.8260452829053477
Au     -3.3378047547913647     -4.9642706586179095     -2.6952508262652701
Au      6.2942037556828234      3.6343278690008920      1.3076294937809303
Au      5.2020289051993194      1.0204454423088425      1.4515115401543079
Au      4.0656056235567419     -1.6375496060603920      1.6147736188051605
Au      2.9515175004655672     -4.3081315657951098      1.7140155373292396
Au      1.8387878086832035     -6.9148388192112886      1.8273197592516572
Au      5.7543363627309452      4.0238147649244489      5.8154886778827342
Au      4.6391132391976919      1.4682611474117691      6.0844537587848508
Au      3.4936697429988839     -1.1683914301759399      6.2348582752728445
Au      2.4015969738243688     -3.8295451075978679      6.3454432442377540
Au      1.3422708955025455     -6.4227102230588411      6.3301235542627827
Au     -1.4628848503049205      6.7126739732464742     -2.7083602425874478
Au     -2.5825811320485617      4.1097130468841669     -2.5787271218207684
Au     -3.7230821385553066      1.4533354959327394     -2.4175784667402826
Au     -4.8330910094026960     -1.2188657199571109     -2.3162255388656989
Au     -5.9182966795548024     -3.8364969880544493     -2.1886746653426936
Au      5.0035801925845336      4.0683995661553478     -1.2089756620294150
Au      3.9090372510473701      1.4522925215547744     -1.0716342520672351
Au      2.7694587231732575     -1.2148863799085046     -0.9177755125707385
Au      1.6513338574469600     -3.8933125453781496     -0.8082912703516891
Au      0.5388969325855082     -6.5027125881380599     -0.6882059844427761
Au      4.0787686488518906      6.2266753788049929      5.4526936768447749
Au      2.9745652838632126      3.6788298245063511      5.7163979374968568
Au      1.8424821441653956      1.0645640774149490      5.8751341186984414
Au      0.7313190196987405     -1.5663559525533195      6.0047430062750822
Au     -0.3543575187999726     -4.2031167902850211      6.1046916446485406
Au     -1.4156737819485770     -6.7826131808742058      6.0935794871167408
Au     -2.1375303727058377      8.6935682648811525      2.2343982560403246
Au     -3.3026460835197904      6.1698949036618096      2.4665684329513669
Au     -4.4172630625547242      3.5486972773412822      2.6343457816432432
Au     -5.5284254858891773      0.9177758981989932      2.7639531945681943
Au     -6.6315661234077004     -1.7120554344961407      2.8548583362765028
Au     -7.6319702664068503     -4.3157257726544671      2.8752797419622746
Au      0.7344825815044151      7.4083634497617474     -1.0795770736875578
Au     -0.3787171784378738      4.8050226744458637     -0.9550055999849052
Au     -1.5181739263238008      2.1625352706933363     -0.7824694839322230
Au     -2.6340459623409291     -0.4795380842578378     -0.6523122540202229
Au     -3.7352492898586087     -3.1423055907904587     -0.5634945151930184
Au     -4.8250818015237096     -5.7551302091551673     -0.4310993737505573
Au      4.6129225992828431      5.8692321485636132      0.9283639999397986
Au      3.5215948567870949      3.2572113713755657      1.0642592681706224
Au      2.3842131528352986      0.6139010754759617      1.2378703538180984
Au      1.2683401795240732     -2.0281718026968178      1.3680278760377744
Au      0.1650609870021595     -4.6901151685268712      1.4557724629968041
Au     -0.9466451494429595     -7.2942596061069178      1.5768448431471223
Au      6.7259321169875825     -5.5292887627116638      6.7630351247218714
Au      7.8179681832638916     -2.9723927375901873      6.6886638312549307
Au      8.8875777660860553     -0.4111186735815320      6.5108954625525870
Au      7.3740839199730353     -6.0632522879047208      2.2554573174000181
Au      8.5822377175977458     -3.5180344164871915      2.1649750048552638
Au      9.5630272244996881     -0.8804532710252690      2.0001334583810744
Au      6.1092058433286365     -5.7332104937708941     -0.2014817959520858
Au      7.1947021714399524     -3.0533528501879825     -0.2981322075059660
Au      8.3576240631730325     -0.4095942122039613     -0.4637425193569493
Au      4.8148116175021372     -5.3130174474419665     -2.6845651167518563
Au      5.8945828896997812     -2.6270066040488498     -2.7899830399182539
Au      7.0662107465056145      0.0176578697946361     -2.9471721128177153
Au      3.5345618700616619     -4.8091616783326536     -5.1223212721560731
Au      4.6498760335194307     -2.2279621135770213     -5.3609770311417853
Au      5.7264180354871383      0.3805321774386705     -5.3779822408067233
Au      8.7880179993949881     -5.2120530947500416      0.0342004827251188
Au      9.8625817850726882     -2.6677921150170967     -0.0911391574836156
Au      7.5548690765613014     -4.8153936951720731     -2.4137223426727132
Au      8.6319837354772169     -2.2650932174066014     -2.5393597401353238
Au      6.2490284224113211     -4.3769810495201344     -4.8199379006077514
Au      7.3222579389522240     -1.8358782707245336     -4.9451213112743009
Au     -0.3813792350986307     -3.2551456725927430     -7.1496792405126346
Au      0.7796350983787423     -0.6920816190588939     -7.3646745077193785
Au      1.8104748973116931      1.9345488703800804     -7.4053394898246401
Au     -2.9485373853090540     -2.2321843070238501     -6.7037993974045182
Au     -1.8116228197626727      0.4311492333819213     -6.7796306308859773
Au     -0.6971409036043843      3.0984925417760834     -6.9664043386143497
Au     -5.5077397706164453     -1.1231057509226039     -6.2157962837506400
Au     -4.3829270659065056      1.5411489381662831     -6.2920885525262715
Au     -3.2593260203668573      4.2005127348382505     -6.4780536923621659
Au     -7.9858651393051447      0.0322338997247549     -5.6966792956544321
Au     -6.9899276603782665      2.6616684752879562     -5.8970272010087772
Au     -5.7969251025930832      5.2150348390205448     -5.9519995602060582
Au     -1.4543215823395812     -1.3199568109192956     -8.8081091492253734
Au     -0.3810935134917863      1.2211470230970782     -8.9332911943146094
Au     -3.9724467636197280     -0.2408556654707263     -8.3816330535808543
Au     -2.8953338194526754      2.3094457935280484     -8.5072677702190624
Au     -6.4683264310257629      0.8423211849924694     -7.8642974446582254
Au     -5.3937648112683609      3.3865833922383262     -7.9896354554497977
Au    -10.7014887451119733      1.3866532571666088     -2.2594696093799520
Au     -9.6639555705851450      3.9651797165184259     -2.3620566927853961
Au     -8.5398435662928982      6.5048257931530031     -2.5116061162925734
