         216
Au Au   -792.02442846   nogrup     0
Au     -3.3198266121017190      9.3273026410666908      3.2649996354838393
Au     -3.1503601432775334      6.6177816948508887      2.9191001318962151
Au     -3.0814494576265834      3.8027931064019223      2.6409583171101012
Au     -2.9542057523767373      0.9930271611718293      2.3190183899288392
Au     -2.8031532009125386     -1.8217106097573952      1.9786321858357780
Au     -2.6291860419425030     -4.6247519358625535      1.6218150491569165
Au     -2.3972233695354368     -7.4162725461918217      1.2219613034704864
Au     -2.2755067925155648    -10.1326666779247674      0.9117049494431795
Au      4.9647412299342122      3.5230301449877262      8.0281348872223646
Au      5.2283084304773864      0.7692429557564502      7.7668581270037294
Au      5.3789307187583173     -2.0374583506878752      7.4274416694683811
Au      5.4106677858800332     -4.7864067907953167      7.0232696018763185
Au      4.7096936678305559      4.8467292181956001     -3.1810535173294254
Au      4.9634532710269692      2.1396630566947739     -3.5906524458231206
Au      5.1152517756119220     -0.6889823725574660     -3.9327207934138033
Au      5.1537044267042846     -3.4270391153854458     -4.1816012274600212
Au     -6.0708639507947471      4.6913764286080264     -6.5304629252800357
Au     -5.9602467402006774      1.9537817314807842     -6.9935144061446248
Au     -5.8096240746623309     -0.8529192396707659     -7.3329286025618430
Au     -5.6249355217348675     -3.6180603092259389     -7.5353209567278476
Au     -3.8565999285945698      7.6282558789278987      5.3079388366009237
Au     -3.7969417704042541      4.9018739281072516      5.0824474264471711
Au     -3.6795044685052472      2.0930172369286284      4.7642173568401525
Au     -3.5390337533093867     -0.7257176432788910      4.4306243376605625
Au     -3.3771246900788152     -3.5415845058253836      4.0828245969533441
Au     -3.1935499503862208     -6.3418314910628819      3.7227455647168366
Au     -2.9624059950759283     -9.0343025704460675      3.2929339077901005
Au     -5.5561416659818956      7.8081865615659405      3.0658377857706771
Au     -5.5334257912741105      5.0857159868976547      2.7916102244095971
Au     -5.4123479414533975      2.2764740424384127      2.4781834779292566
Au     -5.2710075338002600     -0.5423527490778772      2.1457379577274089
Au     -5.1099674919655715     -3.3581277625684613      1.7967917586269717
Au     -4.9300327314062553     -6.1579899672049354      1.4319098429925781
Au     -4.6619454438319856     -8.8543722042065358      1.0508342089655605
Au     -4.0062203977408384      8.2733503779605453      0.8193391973280386
Au     -3.8888007759176850      5.4814881710297234      0.4747846454273938
Au     -3.7962842328942838      2.6447857484333412      0.1730096939459029
Au     -3.6583882114909154     -0.1769558767778179     -0.1601847687540099
Au     -3.4936065058771173     -2.9953599450326607     -0.5090526303102276
Au     -3.2825239763047951     -5.8159547203056903     -0.8914151296941393
Au     -3.1003865308678109     -8.6060478318742284     -1.2218864105822389
Au     -1.3119093145982839      8.3240776446769509      1.6624623824345619
Au     -1.1346619152240405      5.5611328130309943      1.3063770789442071
Au     -1.0343190082011726      2.7089577491505490      1.0014247269017993
Au     -0.8940738352876716     -0.1286866860144702      0.6673923852065506
Au     -0.7299397881238265     -2.9628933308839756      0.3155280324542140
Au     -0.5249668752373866     -5.8000097836177265     -0.0675259169792337
Au     -0.4052222443695390     -8.5712323017527954     -0.3806877012714898
Au     -1.2433029393727826      7.9808391553147233      4.4642882251715132
Au     -1.0956795528538366      5.1857789578794904      4.1595796026953948
Au     -0.9993300610144389      2.3486704104949374      3.8628602935291774
Au     -0.8593057671499937     -0.4732967212239201      3.5324722198485592
Au     -0.6966522824878778     -3.2914756019172327      3.1807971500655228
Au     -0.4894033805981013     -6.1116646298397406      2.7933792618124844
Au     -0.3374709706314358     -8.8985598504003640      2.4230616251367216
Au     -4.7047800437502065      7.0993230696135061     -1.6327598633096247
Au     -4.5951723497614285      4.3113420849686399     -1.9786932752726551
Au     -4.5021329349514243      1.4686712539765918     -2.2956466943188101
Au     -4.3510101905455212     -1.3473681304794480     -2.6361896877669597
Au     -4.1396242452516550     -4.1773890914969929     -3.0052348377567339
Au     -3.9501111733677088     -6.9632385282216749     -3.3333450781527962
Au      0.7051550077206188      7.1995454583305731      0.0432572845600765
Au      0.8716952952255372      4.4390771620719081     -0.3045141207947379
Au      0.9961432953056772      1.5734096163328553     -0.6288212926304704
Au      1.1484509155893050     -1.2647240137202846     -0.9720367497806652
Au      1.3311253756064283     -4.1220118030190385     -1.3398066230477550
Au      1.4611485289171215     -6.8877372237105909     -1.6603183500899172
Au      0.8268310601188129      6.5136885758136067      5.6647588269929283
Au      0.9739416062712394      3.7217367596487603      5.3682991673425651
Au      1.0845292990088906      0.8772078890073667      5.0744942191204867
Au      1.2356520336845116     -1.9388320365376428      4.7339496611841234
Au      1.4294890255780113     -4.7669954533902175      4.3417551453822369
Au      1.5814977802499617     -7.5488739980867425      3.9641706231893910
Au     -5.3988048255196759      5.9170218143230198     -4.0945278376525236
Au     -5.3102808366102128      3.1139421909348370     -4.4497549507110543
Au     -5.2151329926254775      0.3005225695709468     -4.7994186472442433
Au     -5.0085112254825948     -2.5092502019808762     -5.1297665045889600
Au     -4.7963223899204390     -5.3096638279423516     -5.4521694872452304
Au      2.7229171939336139      6.0515770336359003     -1.5783593312807227
Au      2.8919994249446774      3.2815426885690755     -1.9288252805920267
Au      3.0532391340720935      0.4394695528310759     -2.2791275153158077
Au      3.1971719424784601     -2.4050948415342983     -2.6165106228639914
Au      3.3257108366363459     -5.1809653744135105     -2.9367118886145804
Au      2.9068392808432670      5.0376985622071988      6.8626011114828032
Au      3.0559407591770511      2.2282054148790573      6.5872874826957730
Au      3.2007212435586889     -0.5904689272844754      6.3030983796961433
Au      3.3577097726691223     -3.3949879174809059      5.9072726201090671
Au      3.5093192657891961     -6.1889881025869737      5.5049538944451140
Au     -7.6896390687365344      4.4100378207776050     -4.2326996632700169
Au     -7.6810722531769837      1.5748453246207377     -4.4794964294197497
Au     -7.5286115408815864     -1.2661192321036081     -4.8230526464894892
Au     -7.2349135091840626     -4.0633324181102672     -5.2573809718150546
Au      2.0474533968751629      4.9524906081389171     -4.0629564217027907
Au      2.2094381286092344      2.1171617533568949     -4.4024028722753332
Au      2.3640983928480424     -0.7648067582310203     -4.7509190931417207
Au      2.5064417139919026     -3.6003567193150694     -5.0972528229286862
Au      4.9641355189258771      3.9604524205868095      5.2881968208263626
Au      5.1160437598695729      1.1295647700677529      4.9735707387603068
Au      5.2696772200313724     -1.7332587584174686      4.6273677820201993
Au      5.4212544665294828     -4.5575578383481705      4.2581094509367130
Au     -0.6903248785410461      4.9208912140646239     -4.9031802312097810
Au     -0.5514933224737351      2.1009769756588867     -5.2360393023707434
Au     -0.3935441815377656     -0.8422589247148329     -5.5919643564565256
Au     -0.2298878784414935     -3.6589165199245386     -5.9407359440887673
Au      4.8917138833893992      4.3299182141338717      2.4608625689154966
Au      5.0318125341768329      1.5098697591841597      2.1296735307140455
Au      5.1897608257616286     -1.4333675149456768      1.7737464685776363
Au      5.3521487550145466     -4.2498914478760312      1.4233028837887201
Au      2.2976252431749487      3.3526788284901961      8.9428852078116581
Au      2.3184443643800829      0.5161896099447114      8.7122475897922769
Au      2.4709049532865239     -2.3247732988807766      8.3686885639999105
Au      2.7523476873837538     -5.1206892871778162      7.9181970107498145
Au     -3.4100733406916039      4.8470350530342152     -5.7593841835414281
Au     -3.2847322755780985      2.0189598150294477     -6.1090564823818854
Au     -3.1310980200719380     -0.8438632767755037     -6.4552572240653356
Au     -2.9529519856706812     -3.6709744315941162     -6.7894655502289956
Au      4.8362881432334861      4.6572354227270587     -0.3838165365831632
Au      4.9878409899934342      1.8230108411779820     -0.7370254488384242
Au      5.1425018247263754     -1.0589582177321439     -1.0855428524770314
Au      5.2952760545695412     -3.8956132337660332     -1.4181141797254240
Au     -6.9903458014465230      5.5682745711777910     -1.8035395268307841
Au     -6.9742677299683571      2.7807258825490573     -2.0796380993302082
Au     -6.8348429783278242     -0.0774879102342059     -2.3923303413464296
Au     -6.6679941313939715     -2.9263970529645675     -2.7697983283315502
Au     -6.3864178757308707     -5.6853634665686901     -3.1644396074953294
Au      0.0260660123313801      6.0901770559085655     -2.4409802123299977
Au      0.1667707340961413      3.2759316479159342     -2.7890128505458343
Au      0.3019318999374989      0.3936546323048544     -3.1212229399156901
Au      0.4758060175145262     -2.4826793120080062     -3.4854008126579381
Au      0.6371948507282830     -5.2976679692673141     -3.8181118898951638
Au      2.8764041729557577      5.4426373060140110      4.0791248313269186
Au      3.0299903422258465      2.6285798211617690      3.7575304137544201
Au      3.1581026790631572     -0.2456510046428555      3.4328188495399949
Au      3.3380412915483779     -3.1116892261397560      3.0633580257183048
Au      3.4862638532404571     -5.9215705783590948      2.7048478771235782
Au      0.2484708249205947      4.8018955818822384      7.7461894905930073
Au      0.3031036292345433      2.0102649519761671      7.5209518009408622
Au      0.4210804687568337     -0.8456772393255161      7.1799618185954142
Au      0.6093760021681662     -3.6968558261924951      6.8307874674429812
Au      0.8523955518110755     -6.4517403185307032      6.3852846096727216
Au     -2.7069130098965490      6.0337462320998316     -3.2866060507851569
Au     -2.5731367167111165      3.2217862138043261     -3.6343323665172602
Au     -2.4479599847532776      0.3478663267933539     -3.9629144137916867
Au     -2.2650846666495288     -2.5184820196978830     -4.3285017416342830
Au     -2.0970513796866208     -5.3304600951544430     -4.6608783880078093
Au      2.8163997558065361      5.7947633467279402      1.2401376177948524
Au      2.9719954986074999      2.9789414186239593      0.9117492309063469
Au      3.1056707211040409      0.0968212280403922      0.5775767081466832
Au      3.2810304259898686     -2.7796703805296570      0.2153590821687370
Au      3.4275274075653606     -5.5930829145843823     -0.1369964560929411
Au     -1.8222598445104592      6.2401863453669097      6.5482162463147588
Au     -1.7597309006346413      3.4606351120470320      6.3234780275610678
Au     -1.6442339543436062      0.6286188956744674      5.9955463954862473
Au     -1.4921378336002173     -2.2055690952506115      5.6528072528736661
Au     -1.3040674886509325     -5.0302801340057606      5.2966708493280645
Au     -1.0701790696036473     -7.7742150537784074      4.8534531311991387
Au     -6.2965636742676026      6.7138839001992876      0.6455398995739730
Au     -6.2778777138087971      3.9389744252059726      0.3629633245818287
Au     -6.1498097854619171      1.1056274252136058      0.0516166257872737
Au     -5.9977130630729878     -1.7285614392992183     -0.2911208854129406
Au     -5.8222127558157251     -4.5519422439663177     -0.6638414001501669
Au     -5.5444800803937309     -7.3005188216646246     -1.0492209989440147
Au     -1.9962238025634194      7.2063753956125449     -0.8197849077958255
Au     -1.8548677407565042      4.3974010770548784     -1.1687769264641625
Au     -1.7397667023154431      1.5345108899409374     -1.4873332542904771
Au     -1.5870259190158502     -1.3116911225403376     -1.8315237035053187
Au     -1.3954234229511040     -4.1639440892882256     -2.2040991634498468
Au     -1.2352260709506360     -6.9741403159587527     -2.5346343920910241
Au      0.7953588475155104      6.9108294402435266      2.8629812774626746
Au      0.9524584619895062      4.1001880879265862      2.5347581171490248
Au      1.0690534534811755      1.2371394646824228      2.2181708775104187
Au      1.2217945075788259     -1.6090628349391851      1.8739793428460096
Au      1.4119018629341682     -4.4611578582375202      1.4994336697998492
Au      1.5563555189082734     -7.2696875998426336      1.1481300589405388
Au      4.5394507921466412     -3.6914617992603667      9.3443223274990039
Au      4.3778715874423444     -0.9415218454365064      9.7284014218947235
Au      4.2435624252592508      1.8221430056396168     10.0110869090983634
Au      7.3125662861647118     -3.1415240222655161      5.7344929453043036
Au      7.2548314431582792     -0.3557355879560866      6.1611156180346747
Au      7.0129420521838224      2.4417029284923872      6.4096770242228231
Au      7.2889319379312489     -2.8848582413937578      2.9633998086230733
Au      7.0813957222132888     -0.0215837000219388      3.3209842868495958
Au      6.9811672748853688      2.8500666606471303      3.6569283420100174
Au      7.2165168039053267     -2.5526686241520524      0.1523280168625121
Au      7.0058815168005477      0.3155943136624249      0.4992807475129801
Au      6.9083437178920732      3.1898611342257328      0.8467748517237164
Au      7.1001455749049338     -2.1470070007651989     -2.6148836073811266
Au      7.0212563269187473      0.6626660192637557     -2.3639079223994415
Au      6.8001237634940956      3.4436473866030952     -1.9388037988862354
Au      9.0826729794169765     -1.4452545245217907      4.4510895842635740
Au      8.9355860003441911      1.2955789421751103      4.7825408591190097
Au      9.0524591950696394     -1.1176359959336839      1.7011665823198907
Au      8.9050225665963296      1.6297042384348304      2.0334043888493056
Au      8.9286729828999807     -0.7866797949390891     -1.0488228710741794
Au      8.7817689582206260      1.9507516012743995     -0.7177834916897243
Au      4.2815681141620372     -1.8486011771839488     -6.3332604802073700
Au      4.2355728466407605      0.9575878772423119     -6.0388904850693024
Au      3.9815457807661589      3.7420515656890849     -5.6571822019888947
Au      1.6286909887184928     -1.9610807294379349     -7.2193476059512243
Au      1.4591865266211703      0.9028263628117141     -6.8181345703098843
Au      1.3205168409259564      3.7814470558879116     -6.5249029656104272
Au     -1.0725967159177663     -1.9996174125909194     -8.0674502057299922
Au     -1.2518336426083487      0.8606603943723901     -7.6725328799301149
Au     -1.3803636481508668      3.7353065995730774     -7.3739262836738826
Au     -3.7430625870753711     -1.9710574940698082     -8.8505159686880486
Au     -3.9535439163188681      0.8309019177733612     -8.6254035090036361
Au     -4.0426886355315386      3.6121692208611118     -8.1753374325419248
Au      3.3840328008220508     -0.1996646847055858     -8.3635281906672958
Au      3.2371278582561924      2.5377660767431376     -8.0324896548365317
Au      0.7554429541163667     -0.2392250531281928     -9.2445770529808140
Au      0.6080060955789781      2.5081145605196502     -8.9123405636018340
Au     -1.8983859095543019     -0.2826832822570413    -10.0355444157556200
Au     -2.0454734771306513      2.4581501301934754     -9.7040956673716536
Au     -8.0042816530828631     -2.3634495766204422     -7.2038475073627684
Au     -8.2050925236174539      0.3906438018175127     -6.8715238314540041
Au     -8.3001710978090273      3.1501565409689745     -6.5370896134992114
