         216
Au Au   -791.86711185   nogrup     0
Au     -8.9219528558749808      0.9725805513848806      5.3601271258931344
Au     -6.9731930995938445     -0.1022853486145294      3.7668056601641577
Au     -5.0362492017232796     -1.3242184493191580      2.1066611844059455
Au     -3.0577794940528729     -2.4879915904431513      0.4552203400348436
Au     -1.0585723787063723     -3.6312982114140802     -1.2001832698446009
Au      0.9491347773436707     -4.7471410081995415     -2.8494177162984400
Au      2.9973160364413034     -5.8042211678887661     -4.4890784196950033
Au      4.9068655515159820     -6.9358436573513913     -6.0905552514410477
Au      0.8223956606073919     -2.2969394609164304      9.7600414735253604
Au      2.8624140759144048     -3.4235541652619794      8.2467627108974799
Au      4.8580563850088563     -4.5648208864353084      6.5943101002118691
Au      6.7305789602176294     -5.6757086275267934      4.8678865927698798
Au      0.4303713615706939      6.7416546670089534      3.0188444230038396
Au      2.4373945014796163      5.7488162450618834      1.4132305180258857
Au      4.4450989307085562      4.6006503235291492     -0.2492103391445806
Au      6.3177810828325507      3.3747635075808540     -1.8561108525595227
Au     -7.3017600999764802      4.8185990882569776     -4.9525224592157482
Au     -2.7425127909680911      7.6870366935004011     -6.2014826655678519
Au     -3.1066581109349864      5.1954664750802912     -7.3401205003443835
Au     -1.3827084884076517      1.4336100079390555     -9.8536766566468827
Au     -8.3149973090843154     -1.6644133766536893      5.4963600008486164
Au     -6.4468166598940559     -2.8829692544620009      3.9128919865593392
Au     -4.4774149576926483     -4.0521388640720524      2.2559987245233213
Au     -2.4832998056219275     -5.2069205786831940      0.5971196922045916
Au     -0.4746799783703852     -6.3412231642230985     -1.0583856882767861
Au      1.5406374376731986     -7.4508354180289409     -2.7009613979881220
Au      3.5242431331290245     -8.4350378502754975     -4.3068895328917787
Au     -9.5631139639762726     -0.5661508595037539      3.2200471255217256
Au     -7.7208528551042406     -1.7567911373211036      1.5829848269672073
Au     -5.7490357370128553     -2.9214338343395774     -0.0744092674035564
Au     -3.7601470238772579     -4.0732639179500421     -1.7278694584151619
Au     -1.7576308607078395     -5.2040396417049397     -3.3794125717789427
Au      0.2555112381145968     -6.3183166021803547     -5.0216850295404551
Au      2.2675139912331574     -7.3318526433211133     -6.5760708451677683
Au     -8.5867310676457329      1.9943721495074564      2.8313600450809009
Au     -6.6203035736399514      0.8564699058326708      1.1658535705384043
Au     -4.6502727327156475     -0.3481071980293020     -0.5094021635076853
Au     -2.6545999710612924     -1.5058912241225944     -2.1658751795903548
Au     -0.6462643333785310     -2.6379208080536145     -3.8248424592027153
Au      1.4042786481515399     -3.7326305914803335     -5.4787443770392343
Au      3.4089327312534570     -4.8657106646674659     -7.1014154406861643
Au     -6.6620296669662498      2.4690675759194116      4.8434384823979730
Au     -4.6712540831448237      1.3779763257815159      3.2169250802852698
Au     -2.6853752166446365      0.1696676166192104      1.5363720569745976
Au     -0.6778745812769174     -0.9938401792678766     -0.1322611547228263
Au      1.3436452503432610     -2.1344488135515309     -1.7997791620316121
Au      3.4005679147075414     -3.2381383294144879     -3.4667888928081592
Au      5.3463835567278162     -4.3983043972384834     -5.0998936279298945
Au     -6.5520640385118725      0.2064297264497643      6.5260824911240913
Au     -4.5664610285072946     -0.9529912035461763      4.9015196260096676
Au     -2.5934203403362184     -2.1617138697562375      3.2328497600857009
Au     -0.5962797123379500     -3.3209655275209915      1.5735100825320618
Au      1.4152406138126241     -4.4541859282989495     -0.0864425170273719
Au      3.4627023123293443     -5.5447082377151276     -1.7468709400226512
Au      5.4457756772394248     -6.6548938506785937     -3.4084933564350752
Au     -8.1837784077099620      2.9540744553861535      0.2313138339065048
Au     -6.2235004840351351      1.8194761859581270     -1.4376800366162179
Au     -4.2417316092154440      0.6192113006018927     -3.1282158412228025
Au     -2.2487799558259014     -0.5205185276052724     -4.7784401725811438
Au     -0.1881886156366663     -1.6319996681656903     -6.4351011628526145
Au      1.8174961214506040     -2.7654572730743414     -8.0500455026621136
Au     -4.3129688303124087      3.9187204001212219      4.2530095598618001
Au     -2.3329073473975179      2.8207413345860468      2.6228873791460838
Au     -0.3218556683575224      1.6309053029805618      0.9345644404754179
Au      1.6937485759385118      0.4782216485220205     -0.7344173270114087
Au      3.7464085093017823     -0.6558981156729233     -2.4109713480207375
Au      5.6991748334373202     -1.8070249410347916     -4.0373507329462957
Au     -4.1066829006107479     -0.6267343765423066      7.6235155146450548
Au     -2.1247709003304140     -1.7914257996825640      6.0054139417647736
Au     -0.1363285299824701     -3.0011958507223326      4.3412712205938622
Au      1.8656881704309498     -4.1461075580525844      2.6835409172124347
Au      3.9099238668395455     -5.2425440133388950      1.0085044508488696
Au      5.8906985039639741     -6.3440348918432221     -0.6546198796638389
Au     -7.7829108847252506      3.9304549060666134     -2.3692694640826737
Au     -5.7885142258136106      2.7783605963490237     -4.0475686474354529
Au     -3.8575407938457507      1.6267827600443319     -5.7822342998826066
Au     -1.7879862390182741      0.4905378799906641     -7.3601267482425605
Au      0.2350829270316055     -0.6548773770780576     -9.0084110695415855
Au     -1.9484793554403210      5.3572480496832835      3.6536067065968023
Au      0.0379646993062557      4.2608316775256903      2.0084895210833817
Au      2.0591401736202437      3.1154549997546552      0.3351029103736920
Au      4.0741810632220172      1.9526002951758752     -1.3336214887182152
Au      6.0383577278130680      0.7897358075933631     -2.9597382603324380
Au     -1.6477201607814433     -1.4592044450280479      8.7189772796180147
Au      0.3454062258121797     -2.6490298664141303      7.1058321916367415
Au      2.3414033682875530     -3.8398541261430612      5.4796753136309473
Au      4.3435700850198664     -4.9354968357463793      3.7952315411126545
Au      6.3344802649974632     -6.0240611122527827      2.1094736771742664
Au     -8.4133856833072080      2.3357984793574698     -4.4766639281573468
Au     -6.5573321040268926      1.1448219961796147     -6.1969634724315288
Au     -4.4896830003380117     -0.0376255976028776     -7.9090393598721915
Au     -2.4090879251575044     -1.0979413269189298     -9.4484038357155349
Au     -1.5759624108248347      6.3935842666690075      1.0857562188385383
Au      0.4503891552910524      5.2542999362499510     -0.6139365024555996
Au      2.4835776226922408      4.0915599243549412     -2.2974788612302017
Au      4.5167690454693892      2.9092728267367187     -3.9592113252590639
Au      0.6955676548274614     -0.0036790812908780      8.2033936448785543
Au      2.7068530817350984     -1.1743533421948706      6.5539551362849533
Au      4.7423803662700950     -2.3384289912134903      4.8684766145495200
Au      6.7521556741373505     -3.4673173184277104      3.1883545181869035
Au     -3.5468802316773256      5.9135220156828163     -0.9456795086771521
Au     -1.5366583180249624      4.7809583166059424     -2.6416533012583354
Au      0.5336383990307692      3.5969971212889034     -4.3559217497778366
Au      2.5600520601955981      2.4210894162732624     -6.0024053462971185
Au      0.5665356767219722      2.2906617846840698      6.5140490030695073
Au      2.5619684016677060      1.1346531971221241      4.8524886175012814
Au      4.6536313880749187     -0.0615257279282941      3.1205276489100644
Au      6.6651463707047629     -1.1970089753317428      1.4642133820078502
Au     -1.1070455745797765     -4.1476070069967932      8.8476854989202263
Au      0.8053278765258296     -5.4371510915076353      7.1818386148179076
Au      2.8245834587245078     -6.5919203615623410      5.5098351429740209
Au      4.9160335871515173     -7.5920817647672525      3.8603947296796814
Au     -5.4946279886683715      5.4248469038159479     -2.9773649741649475
Au     -3.4835467566070695      4.2733052315649465     -4.6957112196848154
Au     -1.4572208490146026      3.1144897389152710     -6.3735703916475934
Au      0.5983807157696461      1.9403765436013138     -8.0225613416108690
Au      0.4807849911339028      4.5818773281188934      4.8011630937196639
Au      2.4935113125927844      3.4422503285088499      3.1211982523940787
Au      4.5400241454126649      2.2718912891349161      1.4266227670393388
Au      6.5572636644491666      1.1068624517602021     -0.2303468769773058
Au     -8.8536053415478744      1.3729153638665021     -1.9350336417903904
Au     -6.9687004066938254      0.1558705640537159     -3.6248441589060185
Au     -4.9671193911419493     -0.9906831730491197     -5.3144996733173109
Au     -2.9378997485483018     -2.1492653295127351     -6.9624688400374879
Au     -0.8677591314964701     -3.1940330400866035     -8.5475558007435222
Au     -3.9325740706095504      4.9456643211477580      1.6724047372675965
Au     -1.9318293327027551      3.8174658044437857     -0.0087178318016097
Au      0.0900190627751938      2.6262271536961679     -1.7050905581675799
Au      2.1500312552859526      1.4831306776551614     -3.3886231724671472
Au      4.1618042959476469      0.3166503824922406     -5.0299871858457674
Au     -1.7722698218809803      0.8377344532662168      7.1009230027479315
Au      0.2299909574212369     -0.3168061686419135      5.4564886848183054
Au      2.2527924185541046     -1.5122552799432665      3.7651041148289455
Au      4.3110882898047187     -2.6507017082239077      2.0772161830427773
Au      6.3076348282853267     -3.7829982984545669      0.4105165391707857
Au     -3.5249814332873872     -3.3172206064750789      7.7546073802910218
Au     -1.6174034232531942     -4.5733563034347693      6.1342694600222512
Au      0.3857735217389537     -5.7507609812937641      4.4376596424084180
Au      2.4382384090444167     -6.8926936813636637      2.7760762126693361
Au      4.4732877309332011     -7.8912677837350227      1.1317991027048944
Au     -5.8836418389784431      4.4537100639514779     -0.3564695718736743
Au     -3.8776588670765482      3.3281360173698942     -2.0309644171981986
Au     -1.8718879101745167      2.1329418406562253     -3.7337699831899887
Au      0.1957666513237797      0.9986250706961091     -5.4038846252233785
Au      2.2005615333274253     -0.1694853923586663     -7.0504354978310673
Au     -1.8796581900246054      3.1360884213114342      5.4018302432406617
Au      0.1251139217694162      1.9894065343875056      3.7503326793125087
Au      2.1565031592253661      0.8000722614683129      2.0518071250577972
Au      4.2171448557925437     -0.3507432082055342      0.3620060385544530
Au      6.2150211080271074     -1.4930951414613407     -1.3008105316039078
Au     -5.9514557402471535     -2.5008446082873270      6.6430072942227785
Au     -4.0461936798406448     -3.7475220067986399      5.0336604279787718
Au     -2.0618701642010122     -4.9226829411424724      3.3571500060699098
Au     -0.0481286786061430     -6.0743004252470119      1.6897118461670377
Au      1.9866415684996284     -7.1975777879206824      0.0382910863019994
Au      4.0072865616244702     -8.1960490100193599     -1.6031331370606399
Au     -9.2426032831365958      0.3955430292733944      0.6547660280932650
Au     -7.3670464765257790     -0.8129247235594015     -1.0217421747918394
Au     -5.3752271890784282     -1.9839713260427807     -2.6923426307033669
Au     -3.3766079520203767     -3.1269425750330004     -4.3472599616131138
Au     -1.3490869644461134     -4.2544781324072947     -6.0047945832507743
Au      0.7052925806885000     -5.2934637066861328     -7.5823934330535394
Au     -6.2800160708163180      3.4869292197154591      2.2581860961491156
Au     -4.2824356697873931      2.3544953948337541      0.5898227580160569
Au     -2.2799614987327215      1.1581372464884545     -1.0978311844279514
Au     -0.2595331743303348      0.0026943873114460     -2.7708072790217315
Au      1.7963363501276617     -1.1218340945819341     -4.4435853383408830
Au      3.8000371779045752     -2.2776536107407246     -6.0884050199564523
Au     -4.2254342500519648      1.6792547876076149      5.9890995338568498
Au     -2.2213418577959865      0.5341927008784015      4.3441323476955009
Au     -0.2149194477388043     -0.6647181450190995      2.6585307674645922
Au      1.8083758894749686     -1.8217998552624621      0.9831805593061116
Au      3.8639838660911123     -2.9458821854597055     -0.6947018642318845
Au      5.8555701700548113     -4.0858686125970234     -2.3582786190922711
Au      5.2154215906608741     -7.2070106144451724      6.5122785448114247
Au      3.2472461127082992     -6.1331900931799836      8.1575421219795121
Au      1.2956732101767707     -4.9653877784964191      9.7579472185453451
Au      7.1337114414348868     -3.0847047579917000      5.9210722638741640
Au      5.2157902167559911     -1.9824595805345506      7.6682179035249991
Au      3.1639192376176197     -0.8144616129060323      9.2081815100993243
Au      7.1110853090652846     -0.8707393515902684      4.2346474089652322
Au      5.0348552997255327      0.2639354884518283      5.8982316963525623
Au      3.0343076827415998      1.4606855825894156      7.6103436182595292
Au      7.0046899217683603      1.3936094009502176      2.5383560232965028
Au      4.9242738653270717      2.5375544581973832      4.1944082143561072
Au      2.9246815497088980      3.7268825252686284      5.9167269570737719
Au      6.8157776812032065      3.6455500001265650      0.8876428654071500
Au      4.8784703451110314      4.8838073106417754      2.5186517019454318
Au      2.8449873403526436      5.9163640287613166      4.1755783024645385
Au      7.4041170337927369     -0.5244430952952941      6.9358826807752489
Au      5.4555596444755015      0.5898972532025697      8.5493479338017178
Au      7.3294641742838760      1.7077994118101092      5.2988701652176093
Au      5.3766626486674021      2.8245660917056012      6.9158486498124230
Au      7.1837633365775275      3.9047653112135343      3.6148512976645772
Au      5.2385958584203589      5.0171666221117253      5.2255089842908600
Au      4.7545206753945122      5.4592620961497893     -2.8762115030438178
Au      2.8196950276801451      6.6908112353765636     -1.2157088745209688
Au      0.7657411597343093      7.7403649207739704      0.4266194767812959
Au      2.9126153348882600      4.9884933542118688     -4.9302814466856528
Au      0.8440049990907987      6.1990331345339058     -3.2620747488049808
Au     -1.2035058791016424      7.3424203311621250     -1.5220083397568107
Au      0.9268888132571287      4.4992996695617569     -6.9865208318851195
Au     -1.1133587599086723      5.7119240324298710     -5.2895335359696123
Au     -3.1859144027059627      6.8513296213183095     -3.5809951917211649
Au     -1.0654860420250847      4.0057045963740041     -8.9024192023229922
Au     -0.7515755992135147      6.5484597576523544     -7.8500384826746696
Au     -5.0553920605508633      6.2874526638682209     -5.5986562273155780
Au      3.1554085942990513      7.5273708361483322     -3.8165914476195404
Au      1.1571668057255664      8.6701248987149437     -2.1619870105096481
Au      1.4645644777430800      9.4172786651594986     -4.7353185472434074
Au     -0.8707084656630069      8.2647859888579287     -4.1191156337413997
Au      1.3019375990504960      7.0222935718617361     -5.9181316030352704
Au     -0.4025183656751974      8.9456701196127337     -6.6644522544304348
Au     -3.4110018892410827      2.5943879109602292     -8.3958048664504226
Au     -5.9979983706650266      2.0101642115627589     -8.6320161531287987
Au     -5.4553401360329445      3.7635042767470064     -6.7030306141428042
