         216
Au Au   -792.02442846   nogrup     0
Au     -0.4000490863532575     10.0874663254675099      2.6005840515437502
Au     -1.0168232042007728      7.4244774849741200      2.4666089969038492
Au     -1.7564088049661346      4.6938705787306487      2.4111914247381492
Au     -2.4407156838931292      1.9486679851482402      2.3101709164153252
Au     -3.1044871929637678     -0.8093243248985189      2.1905340698375539
Au     -3.7437927554344381     -3.5637738293825754      2.0529877955612008
Au     -4.3263339767811697     -6.3266476705993115      1.8701066323400219
Au     -4.9890991996770584     -8.9801884010777719      1.7734583978258591
Au      6.1340678141901783      2.5089330311766327      7.5887935221075669
Au      5.5990688915387370     -0.2173263964381880      7.5401749679495449
Au      4.9371902928709401     -2.9674438966724672      7.4208811220696642
Au      4.1745299285574058     -5.6329843028231705      7.2356160689172118
Au      5.7255294547211593      3.0775316295981772     -3.6794241727177122
Au      5.1871806185385250      0.3885531379076372     -3.8793002945438522
Au      4.5201282558226801     -2.3830665759429541     -3.9995303358940415
Au      3.7744053912868014     -5.0294365543954305     -4.0310946979004907
Au     -4.8103998031641986      5.7636348723441699     -6.7195190454274716
Au     -5.4970838959633319      3.0824841559808975     -6.9664493553379288
Au     -6.1589602098866916      0.3323672214602755     -7.0857449392166103
Au     -6.7699314599466174     -2.3782825436311699     -7.0727029803649071
Au     -1.2948836201202849      8.7555811190935469      4.7854942668521492
Au     -2.0158759211034325      6.1159531050413669      4.7757500791636449
Au     -2.7091490655921135      3.3746623339913167      4.6786137840421222
Au     -3.3838618235941307      0.6163224203861009      4.5663433102226403
Au     -4.0379026480144429     -2.1463454201111114      4.4391208541309162
Au     -4.6673703544543859     -4.9010788320810414      4.2978473278834333
Au     -5.2242517299267792     -7.5710598482184279      4.0772696251746545
Au     -2.9803912807097839      9.2568204152169749      2.5819393287694137
Au     -3.7380209405952241      6.6280873636472455      2.5242961959849843
Au     -4.4276825967556892      3.8857231720177943      2.4318795960102104
Au     -5.1015324520449639      1.1271266964014552      2.3207361051816733
Au     -5.7564342413324781     -1.6352839696104837      2.1923866075062115
Au     -6.3895119720750149     -4.3889432457943753      2.0463934776124244
Au     -6.9097563681824141     -7.0698187580049217      1.8737131490178509
Au     -1.4716151333964738      9.1067773062550046      0.2653754249485019
Au     -2.1613810713742150      6.3799348622812087      0.1406570218070673
Au     -2.8855853034044574      3.6202296580883053      0.0627885794295349
Au     -3.5635921603692418      0.8597736166207577     -0.0487780710310322
Au     -4.2156441861834129     -1.9062092111610554     -0.1769393404635675
Au     -4.8255432576627975     -4.6897496658689990     -0.3395288462756518
Au     -5.4521135880294498     -7.4323299136313148     -0.4520666525649659
Au      1.1651970790610529      8.4472533224350865      1.0302243294144002
Au      0.5403557101955685      5.7302645234955945      0.8901374378998117
Au     -0.1808555190838566      2.9533202406513674      0.8101258609848401
Au     -0.8611276930058787      0.1769311478220348      0.6989256215222337
Au     -1.5183916122943333     -2.6041850862426390      0.5690500635668307
Au     -2.1388292112588920     -5.4018351178307897      0.4072450547307049
Au     -2.8190549826742255     -8.1074442353542544      0.3121084838708814
Au      1.2684878899029632      8.2919178242777924      3.8476589778739747
Au      0.6086757646443055      5.5561676511041922      3.7621035819091961
Au     -0.1117290619227069      2.7953326654299291      3.6892060033324565
Au     -0.7876262645855818      0.0342490346415492      3.5803985089723671
Au     -1.4417893586873727     -2.7311065966377637      3.4494784984717999
Au     -2.0554899785513219     -5.5135169671627127      3.2819202472283724
Au     -2.7120145281075652     -8.2471896856615956      3.1302216114193477
Au     -2.5889446216687726      8.0142798292613922     -2.0663910163376249
Au     -3.2851699858787993      5.2932747575217638     -2.1925856569110227
Au     -4.0112792368628014      2.5266713696347320     -2.2851192808554694
Au     -4.6753569827214942     -0.2325962496370533     -2.4048120908604362
Au     -5.2869812157007701     -3.0243220278363490     -2.5533903704896490
Au     -5.9051763555988597     -5.7647780347892867     -2.6641065661576082
Au      2.7042692179502126      6.6872913868959323     -0.5473506277011957
Au      2.0702615698705458      3.9762856414418377     -0.6790657534195628
Au      1.3674278856776834      1.1782567466215443     -0.7779306548068057
Au      0.6981385874378909     -1.6026592739109491     -0.8985630266100966
Au      0.0513846969551404     -4.4122103919002535     -1.0429460382255762
Au     -0.6177953697140270     -7.1159893920201318     -1.1461149887263957
Au      2.8969897667879931      6.3828565907392285      5.1056664633132254
Au      2.2379552859609340      3.6507915115085017      5.0280992318762365
Au      1.5292464820540164      0.8790128504296062      4.9583191323818951
Au      0.8651669800595805     -1.8802546301290226      4.8386274343928655
Au      0.2361386911112948     -4.6668052781924514      4.6672985438513344
Au     -0.4192501766756460     -7.3962013127383992      4.5079597303546812
Au     -3.7047176836258848      6.9119168667547166     -4.4072560677172801
Au     -4.4258432584574781      4.1818290642932867     -4.5409553165872270
Au     -5.1432656707806270      1.4403531515774315     -4.6684634000831586
Au     -5.7519037667433626     -1.3279985053023386     -4.7799631931339466
Au     -6.3521937475236925     -4.0884363765117469     -4.8844351043755436
Au      4.2372991834633922      4.9045533030002675     -2.1254840668787125
Au      3.6029057107045546      2.1834920990028381     -2.2591922100748425
Au      2.9407285806512800     -0.6042175608713203     -2.3868098751771516
Au      2.2618814339468098     -3.3885016686353362     -2.5008980728193002
Au      1.5884375572958280     -6.1015393725467968     -2.6029129583795294
Au      4.5323391847957506      4.4623558169882820      6.3614986415051469
Au      3.8712875039728818      1.7144018553206770      6.3063441288023547
Au      3.2030854613517774     -1.0417120024224644      6.2431895080960373
Au      2.5452223411331056     -3.7954260448391466      6.0673404920287961
Au      1.8848543339515622     -6.5379984986168624      5.8843283944584321
Au     -6.3309740164152366      6.1125591819928129     -4.3646485584782519
Au     -7.1325768012048307      3.3819389743904211     -4.3856327953824907
Au     -7.8025324476982334      0.5982502148106397     -4.5063847915286095
Au     -8.3291625734878654     -2.1899837240533886     -4.7248001949685259
Au      3.1616418890143798      3.8749237655309972     -4.4961962798382968
Au      2.5025964639077731      1.0941969545300134     -4.6135514273274030
Au      1.8229697481284646     -1.7296713035251656     -4.7360479683743746
Au      1.1447070788092044     -4.5054984665161024     -4.8597292553404756
Au      6.1254216696392465      2.7392504191778615      4.8237483608159408
Au      5.4591561236285422     -0.0326594717138047      4.7310448249595964
Au      4.7840426837836585     -2.8377672546117267      4.6093656941358745
Au      4.1166980804027791     -5.6070341191953714      4.4617054033583585
Au      0.4886958050999137      4.5652961785264221     -5.2585277045011596
Au     -0.1878852629198158      1.8063445142470012     -5.3699306015106618
Au     -0.8819596802936300     -1.0775561213662082     -5.4950309907859785
Au     -1.5345961922936779     -3.8415427658868539     -5.6232063868849256
Au      6.0246370673804179      2.9189968247994234      1.9789119849716581
Au      5.3493112289464904      0.1596722698178246      1.8691540312266177
Au      4.6552348008489046     -2.7242276594809756      1.7440563293765425
Au      4.0013400584326559     -5.4878407441240613      1.6142400745287944
Au      3.5738132965737024      3.1670449547991315      8.5844268607020044
Au      2.7843584425955341      0.4328113669373255      8.5793300863214323
Au      2.1143997203617362     -2.3508777483028531      8.4585799282507370
Au      1.5756162681098633     -5.1354988498002934      8.2242809432214781
Au     -2.1796301355940284      5.2090353747225793     -6.0339045365210673
Au     -2.8722417609237394      2.4449609106475503     -6.1610572930438625
Au     -3.5473526522167247     -0.3601473437513532     -6.2827391041755121
Au     -4.1883475739900504     -3.1372496893330259     -6.3959550206643048
Au      5.9274471021234616      3.0524172847978455     -0.8803082896166696
Au      5.2580547860836102      0.2747678248965615     -1.0111880593700153
Au      4.5784272463013593     -2.5491001672147240     -1.1336831788322392
Au      3.9105087374909142     -5.3280036765685024     -1.2438377956202054
Au     -5.2184865019062538      7.1881720845867685     -2.0545034313922592
Au     -6.0008831607280566      4.4989646543713944     -2.1086694465298823
Au     -6.6867088545556097      1.7046054105486710     -2.1969505378379210
Au     -7.3467349924398206     -1.0930996319893600     -2.3512444626723950
Au     -7.8723174501114599     -3.8385878396542648     -2.5328281555883070
Au      1.6222606030583466      5.6488844218579235     -2.9167915237808790
Au      0.9483447546210759      2.8937784961653037     -3.0438130127429011
Au      0.2507253091866541      0.0762782050457091     -3.1495198836109140
Au     -0.4096514312692761     -2.7487386140479675     -3.2885782938718835
Au     -1.0632224251417495     -5.5093812048015076     -3.4008215592407254
Au      4.4838771342047270      4.6671003087158676      3.5564378034255970
Au      3.8236231097714786      1.9103291875352943      3.4554083867417020
Au      3.1218700880915162     -0.8969564331918907      3.3567256236207861
Au      2.4699499036879948     -3.7142139823035105      3.2114271868699564
Au      1.8039633898567651     -6.4680017047757064      3.0734207049362130
Au      1.9605538355051806      5.0532507737657291      7.3310473126935367
Au      1.2163906318337281      2.3526723329669910      7.3268723611846891
Au      0.5092908976961783     -0.4353621230291438      7.2107842582736037
Au     -0.1294672532829204     -3.2393928663436027      7.0842995911859870
Au     -0.6932872244888872     -5.9735106510772580      6.8527283196253865
Au     -1.0533349470936586      6.3137748604980057     -3.6826602078780315
Au     -1.7332321094362180      3.5628453593147613     -3.8093754923589174
Au     -2.4378948138157601      0.7564249624828916     -3.9118664030645496
Au     -3.0869020820587836     -2.0616984276797341     -4.0533605877426284
Au     -3.7332416320154702     -4.8213284183650389     -4.1656852287951045
Au      4.3895526521556283      4.8259366552737655      0.7010396918200534
Au      3.7304035700254627      2.0664399891636176      0.5933258092956990
Au      3.0313089324405951     -0.7506217698340523      0.4856932304489234
Au      2.3724054331318900     -3.5760764826723648      0.3485629993241357
Au      1.7040661468551139     -6.3323277244374561      0.2170141427841124
Au      0.3234785538085800      6.9350537700071202      6.0778355227624079
Au     -0.4096935740472252      4.2438164393761060      6.0729896361985869
Au     -1.1118091775969998      1.4802636177629904      5.9680777120768163
Au     -1.7801691664769428     -1.2967871177479786      5.8476135070816824
Au     -2.4120260511749678     -4.0759218722003636      5.7120931505781272
Au     -2.9814052409612182     -6.7968168348517279      5.4821707362328738
Au     -4.1138795787148599      8.2546451724573906      0.2766383578216498
Au     -4.8905299074840638      5.5763379570280307      0.2149453302960911
Au     -5.5801766389026888      2.8090785245592178      0.1263310713937589
Au     -6.2485344416993929      0.0320281104090192      0.0058666656561339
Au     -6.8928566214955804     -2.7433989837458510     -0.1459523378863459
Au     -7.4187545280388019     -5.4772238243465745     -0.3190308941030207
Au      0.0759293952100251      7.4024984160189167     -1.3364337557274268
Au     -0.5959246418084958      4.6521823492978136     -1.4648472415141427
Au     -1.3066583260027582      1.8598611389628639     -1.5579557794044590
Au     -1.9778497731776477     -0.9289606325116999     -1.6789309805786736
Au     -2.6148607445983854     -3.7365645446886742     -1.8287382953114193
Au     -3.2681191911869178     -6.4921361874404093     -1.9391619177568096
Au      2.8444608550120511      6.5791837719461634      2.2830168993152480
Au      2.1882192358641133      3.8242250961352351      2.1750168896544437
Au      1.4789653106596194      1.0314643476597638      2.0838457529890562
Au      0.8077731535884047     -1.7573578541929145      1.9628715553688316
Au      0.1692802450737609     -4.5645215572183000      1.8111281051882582
Au     -0.4995918458495185     -7.3154504171987726      1.6802936153947243
Au      3.7588878634747562     -4.1788558972518226      9.4846080108506090
Au      4.3964267184149577     -1.4768358042093670      9.6532063409517175
Au      5.0591112263561726      1.2235938762586089      9.7189543448901663
Au      6.3985340618356465     -4.6891824767208563      5.7704048709468996
Au      7.1477230208805853     -1.9794805812484801      5.9758027178205264
Au      7.7151756919465120      0.7814856379492841      6.0077101722435504
Au      6.3154501720864111     -4.6273111269809588      2.9892780431211321
Au      6.9395774395463423     -1.8056671482543996      3.1236895507428120
Au      7.6678661103379540      0.9919953606975676      3.2330316825491110
Au      6.2049589986920690     -4.4820958891808855      0.1636045123216920
Au      6.8270113564485335     -1.6555306070737421      0.2871083214722994
Au      7.5591682862652778      1.1446624074531790      0.4076828772407808
Au      6.0751221005760225     -4.2511111774232679     -2.6230344322171453
Au      6.8023491370536675     -1.5246170933600478     -2.5940014952292003
Au      7.3935145273194252      1.2268340860577647     -2.3854094312774938
Au      8.5109525275658129     -3.6584072151453535      4.3099530985205678
Au      9.1572990165661423     -0.9728293980443707      4.4264473434001310
Au      8.4425468958107182     -3.5253613739297265      1.5444606327737489
Au      9.0904281749507181     -0.8334083832355024      1.6612318345422157
Au      8.2854007429909604     -3.3625268022240977     -1.2188870377282317
Au      8.9309449682615938     -0.6802827285069890     -1.1025362362877988
Au      3.2798226739701111     -3.4198315468274387     -6.2774889652283106
Au      4.0396709618403159     -0.7030388549035376     -6.2058051761096813
Au      4.5982131855645241      2.0581137587125529     -6.0398606995137616
Au      0.6632824876942007     -2.8340885903697677     -7.0813456319863564
Au      1.3261236970202694     -0.0196533705774682     -6.9045104370238830
Au      2.0174875231018965      2.7926703793418692     -6.8372624138790563
Au     -1.9770216720153129     -2.1612633078361432     -7.8519436443632848
Au     -1.3248302430239414      0.6520346740637524     -7.6808364469153627
Au     -0.6246106094231476      3.4580439666009135     -7.6081843341217397
Au     -4.5657874565990078     -1.4285723357000446     -8.5638769217029740
Au     -3.9680842116666883      1.3261784923046247     -8.5565204754823245
Au     -3.2491500936661439      4.0420956148924896     -8.3265669968521347
Au      2.7865528030594575     -1.7272529240515535     -8.4078434672282629
Au      3.4320952308541171      0.9549911162461409     -8.2914901900599460
Au      0.2140554923865521     -1.0783364751346998     -9.2131141196210429
Au      0.8619347048125090      1.6136166965077297     -9.0963401221747127
Au     -2.3794144582476027     -0.4197866835871764     -9.9276427719521525
Au     -1.7330694095794335      2.2657910287563121     -9.8111455802714591
Au     -8.6812474469900138     -0.4793688148318029     -6.7790878531319176
Au     -8.0826173016495719      2.2342212904676551     -6.6613514070219084
Au     -7.3810291854133503      4.9230815250057027     -6.5447384711015140
