         216
Au Au   -791.90551253   nogrup     0
Au     -8.7127206288474444     -0.0839531275479519      5.7961927113038278
Au     -6.6724262435386335     -0.9520811115260406      4.1931713444392003
Au     -4.6203178862075767     -1.9736625451799030      2.5377972541090159
Au     -2.5384687620978763     -2.9291089956862626      0.8789667655986975
Au     -0.4411151781146615     -3.8605165132451882     -0.7872281153752496
Au      1.6584989644829520     -4.7628415024096045     -2.4516034304505361
Au      3.7874871967573220     -5.5993748886509414     -4.1139547849825941
Au      5.7988593593616464     -6.5300892018784316     -5.7212348760630878
Au      1.6536342329013962     -1.1175523198060615      9.8667567544771160
Au      3.7954455746198623     -2.0117134864409509      8.3381960533661896
Au      5.8895928656200045     -2.9420635128563051      6.6745009750121049
Au      7.8536478218506547     -3.8715599900273263      4.9422384511338961
Au     -0.6790948134420521      6.9851540359181321      2.3715667512509349
Au      1.4018918421375604      6.2076614211628769      0.7403977729452258
Au      3.5074422863268135      5.2696013951028933     -0.9350046407648378
Au      5.4953546392416008      4.2375847714678745     -2.5392154694811602
Au     -8.2673162776192068      2.9164335544262547     -4.9209838835988506
Au     -4.3829576187719317      6.4298120636653904     -6.6750396206637514
Au     -4.3442715404983963      3.8134108875095727     -7.5584291548207769
Au     -2.0703593394877418      0.1944608542249586     -9.8889829486753928
Au     -7.6301930271888789     -2.5437678376834780      6.1365735030856889
Au     -5.6431260931806149     -3.5665759675598947      4.5601639981827411
Au     -3.5682511006600262     -4.5303624096904285      2.8987649889491998
Au     -1.4730999715760058     -5.4749219507981985      1.2306975116363823
Au      0.6320450348056275     -6.3960183711213494     -0.4375015082270401
Au      2.7396404512627148     -7.2900945891439877     -2.0952486767849230
Au      4.7960055565518447     -8.0632887414088650     -3.7247326553576574
Au     -9.1559112339030158     -1.9178812731237977      3.8464270566935994
Au     -7.2025564888089573     -2.9221474622765902      2.2156773134999241
Au     -5.1278202376022666     -3.8826569387279681      0.5587098609866494
Au     -3.0381626625041540     -4.8242427427586092     -1.1036564374785911
Au     -0.9415447051196818     -5.7426675255928901     -2.7665238869407638
Au      1.1644665144886490     -6.6431539336915995     -4.4223583869295648
Au      3.2586823766217852     -7.4394454846532954     -5.9990928708999700
Au     -8.6814725729376416      0.7207004788292810      3.1682297955437200
Au     -6.6159128511607923     -0.2128102770837046      1.5000871422859205
Au     -4.5338866840646528     -1.2131666298891153     -0.1719493286972060
Au     -2.4363576615017695     -2.1595621697391438     -1.8414876222550767
Au     -0.3356072514847050     -3.0787096313487892     -3.5135226427592983
Au      1.7975955537381916     -3.9532109504108677     -5.1876879065006101
Au      3.9031210370619811     -4.8722235772114049     -6.8200016637622358
Au     -6.7883763368129433      1.7291599161683031      5.0084073893412970
Au     -4.7054422718187752      0.8498458746326909      3.3710470753619113
Au     -2.6082430293496515     -0.1513879215164105      1.6908578532393612
Au     -0.4993786944007718     -1.1031967379322749      0.0116241667137622
Au      1.6170709777144063     -2.0291567392742840     -1.6708210024276369
Au      3.7603038783334886     -2.9127750986528733     -3.3576205201443052
Au      5.8104604042906152     -3.8680278122258995     -4.9959766519695510
Au     -6.1930656406996132     -0.2965523724345900      6.8806959131724845
Au     -4.1024990265161971     -1.2440398755896416      5.2507380059821216
Au     -2.0177755492855494     -2.2472363691290420      3.5809614961438001
Au      0.0806856633366601     -3.1955377182281000      1.9126755331847392
Au      2.1878933559143152     -4.1153159125483780      0.2391602320613195
Au      4.3221166959603714     -4.9869004803058976     -1.4411434580626512
Au      6.3973454540181214     -5.8888457687055409     -3.1153755749874144
Au     -8.5761021490435354      1.4677406749268158      0.4691225304372644
Au     -6.5151552350306625      0.5366889815619933     -1.1973811216419818
Au     -4.4204761540885391     -0.4573389195581905     -2.8817220490846687
Au     -2.3314231098514355     -1.3848124648405902     -4.5599325081926043
Au     -0.1976391330406523     -2.2734660790663996     -6.2322008893962852
Au      1.9140491853131252     -3.1928059667376898     -7.8551149398981206
Au     -4.7708746624772980      3.5048674536745734      4.1460432269607317
Au     -2.6972784545271384      2.6170606803359879      2.5053918095591960
Au     -0.5793689521824746      1.6384430801205605      0.8126935999651153
Au      1.5333224622166934      0.6981179906532988     -0.8699541381052107
Au      3.6769450091834308     -0.2178047130670819     -2.5646983474377976
Au      5.7316130573377126     -1.1622886153525629     -4.1983405564641245
Au     -3.5892593264895218     -0.5689217248747580      7.8970515006290753
Au     -1.5015980017951631     -1.5216322155534732      6.2728504910973832
Au      0.5982248374282410     -2.5221773061605566      4.6055790237413170
Au      2.6988005744084069     -3.4553401270749591      2.9364726079214201
Au      4.8307933618671877     -4.3348882117280825      1.2425058008242225
Au      6.9020535156197411     -5.2289580731254341     -0.4343427357198806
Au     -8.4743078891771901      2.2278568930956411     -2.2334738178832012
Au     -6.3694367513557628      1.2970851444466094     -3.8977679350887691
Au     -4.3166061241168316      0.3410179191317582     -5.6132479794673813
Au     -2.2130739674019120     -0.5825703916011760     -7.2835219267256477
Au     -0.0736558132661410     -1.5094378953935594     -8.8956560905702347
Au     -2.7361658894154623      5.2717191623184299      3.2746962504588062
Au     -0.6575491635547411      4.3856886352561588      1.6169677913929412
Au      1.4614947011001189      3.4539671812832919     -0.0683388817279074
Au      3.5735382412236576      2.5015155664719853     -1.7503779061973539
Au      5.6405867536775505      1.5472971767675103     -3.3844177542673961
Au     -0.9723334676569803     -0.8388901361921333      8.9093703983347048
Au      1.1306923122830923     -1.8137229489731785      7.2907315835903610
Au      3.2357031601478798     -2.7901070993971588      5.6583170592561274
Au      5.3260942944056948     -3.6775054080912311      3.9578498426144861
Au      7.4041093488718932     -4.5596244593140005      2.2565273428210091
Au     -8.8800791072499887      0.3417928862117350     -4.1603228351316037
Au     -6.8822282638625181     -0.6052863042386827     -5.8440660955837522
Au     -4.8121277258531157     -1.5943401116700278     -7.5393339624011215
Au     -2.6177803266763093     -2.5133268842810663     -9.1668029158845457
Au     -2.6734601601185330      6.0959898545872067      0.6066452217490408
Au     -0.5498773138572383      5.1704728036336540     -1.1050098255343528
Au      1.5808749855769366      4.2186997774882542     -2.8022163072313120
Au      3.7138185338911529      3.2508834570375029     -4.4747814442038774
Au      1.0417979667324260      0.9486799063725275      8.1194641675802401
Au      3.1570550585057267     -0.0077397055067365      6.4609406971245065
Au      5.2929038899635419     -0.9567100702142168      4.7637219717887263
Au      7.3968613341534573     -1.8746768658779258      3.0703035455642009
Au     -4.6144374314396082      5.0735148029391883     -1.2472266930057891
Au     -2.5051446155705861      4.1553000568240215     -2.9519786962585144
Au     -0.3362001857417233      3.1827505677320218     -4.6820350976286349
Au      1.7851078238998879      2.2202432719919143     -6.3393029621576638
Au      0.4213490457825941      3.0023184906674318      6.2404280516316391
Au      2.5178223046491501      2.0561083066714092      4.5692956139560437
Au      4.7126876429315026      1.0807523855689363      2.8246685945205385
Au      6.8199816211504070      0.1589886132634346      1.1550591740923188
Au      0.0537593666160460     -3.3623886253519535      9.2477348046346357
Au      2.0929074406542711     -4.4546385773080379      7.5898849583308028
Au      4.2126828626915840     -5.3959465596248029      5.9070228232491502
Au      6.3758572678575698     -6.1702512515538812      4.2281166364664315
Au     -6.5299870740066028      4.0439924707566961     -3.1045090440702605
Au     -4.4125832396936078      3.1064305673624792     -4.8238783936768179
Au     -2.2917495876700475      2.1542316492298674     -6.5174539946944563
Au     -0.1461179824085146      1.2013147482810345     -8.1780400530493012
Au     -0.1568410325148033      5.0582277697607783      4.3355497393768978
Au      1.9529379261701414      4.1294094836736397      2.6435908223283953
Au      4.1001021727407272      3.1747205125572302      0.9359186680202036
Au      6.2173483481059328      2.2246255638928334     -0.7322140422382510
Au     -9.0368050570794658     -0.4146262340531743     -1.5064881295012746
Au     -7.0382923184314148     -1.4388859458875407     -3.1930069153196516
Au     -4.9518035114882659     -2.3753592518386339     -4.8695361845947716
Au     -2.8289786685617488     -3.3129999277562598     -6.5316425229580002
Au     -0.6557796631877414     -4.1555810487232838     -8.1306021339096919
Au     -4.6994870369320116      4.3181944832770007      1.4647663718981541
Au     -2.6009217633235839      3.4019640115021641     -0.2239980754333786
Au     -0.4726949867960101      2.4234654849460249     -1.9256332951844826
Au      1.6733652175111553      1.4934307289522852     -3.6318941286982547
Au      3.7883789252614424      0.5434226985352142     -5.2823326792354557
Au     -1.5857105310674640      1.2253149350494779      7.1008627290803261
Au      0.5185055568302076      0.2834783547084205      5.4473108034521687
Au      2.6478379379938959     -0.6994491257656135      3.7481876522079105
Au      4.8006200357963724     -1.6192991816691924      2.0441421486076159
Au      6.8922339560634764     -2.5413250484457750      0.3650601152397748
Au     -2.5221158559629600     -3.0866919688405483      8.2364154169703774
Au     -0.4914853079735703     -4.1426269026988836      6.6218473841736731
Au      1.6157397005364542     -5.1120736397560824      4.9174708720110765
Au      3.7659245980282536     -6.0335761895839850      3.2414017487876343
Au      5.8732432928254985     -6.8156088260673569      1.5709654172917169
Au     -6.6179259807706119      3.2849814225047860     -0.3895126384735228
Au     -4.5104192906216776      2.3766843331428920     -2.0651810951450571
Au     -2.3931781662633709      1.3929606550473901     -3.7668149531775086
Au     -0.2564740810673722      0.4661490249570024     -5.4751290705437796
Au      1.8573890631636587     -0.4832449256109177     -7.1254970830735687
Au     -2.1861190041217542      3.2856125382035657      5.2101125961007746
Au     -0.0809805666518625      2.3515651414987575      3.5491724443184047
Au      2.0555046003086606      1.3752630373106740      1.8414543481034507
Au      4.2116596118415810      0.4431051038947436      0.1356547593379211
Au      6.3055516763999391     -0.4883093350297267     -1.5389423565490077
Au     -5.1048139533601606     -2.8286066673390673      7.2075012923183088
Au     -3.0773218190356704     -3.8747786616694091      5.6043324999789732
Au     -0.9878402710181978     -4.8437109778546246      3.9216941381857815
Au      1.1257866525364104     -5.7823530378848984      2.2429263816833824
Au      3.2549810178786291     -6.6873267438301029      0.5762992376229370
Au      5.3481079568568060     -7.4713185539719627     -1.0900535033529870
Au     -9.1294190901065857     -1.1784213236537253      1.1864078240329938
Au     -7.1414597138292910     -2.1968761050712660     -0.4831934870717944
Au     -5.0476385782661888     -3.1619129312409493     -2.1498388496185896
Au     -2.9531033063018612     -4.0906565247987769     -3.8182259137344552
Au     -0.8359655666097395     -5.0047980301521546     -5.4860843953434166
Au      1.3085162480062174     -5.8256524938630969     -7.0862176057777351
Au     -6.7138080850514799      2.5326726408769016      2.3223695591809026
Au     -4.6176707318450525      1.6110847990656119      0.6487484799673489
Au     -2.5053620997036172      0.6245845079971550     -1.0388118002385163
Au     -0.3885483527248494     -0.3183565853371357     -2.7291781526059644
Au      1.7528742972149334     -1.2235758421545571     -4.4229236173165081
Au      3.8589768605083830     -2.1661467064723174     -6.0750800444847961
Au     -4.1993613690691092      1.5032406763875263      6.0706272742690501
Au     -2.0944768178339808      0.5712993244052162      4.4172917001377563
Au      0.0203406301027940     -0.4177688681807421      2.7264522144846204
Au      2.1426306383777645     -1.3609776816419492      1.0387656333118436
Au      4.2895263866105493     -2.2659444543793539     -0.6570049529049733
Au      6.3773540862104188     -3.1959903686813034     -2.3315990070449395
Au      6.7180953929078830     -5.4737445585463798      6.8102886104340676
Au      4.6622616061891433     -4.6054767875317522      8.4703872592603631
Au      2.6038724653344141     -3.6467104513504021     10.0766761005845531
Au      7.8249472741796433     -1.1580795419924028      5.7283010656939197
Au      5.8187050729743461     -0.2429007023316379      7.4848338643563501
Au      3.6594195633325923      0.6924762910116744      9.0377245271507505
Au      7.3236333623188168      0.8356657275802837      3.8520564547405485
Au      5.1523328403735791      1.7461304946317862      5.5325840264901167
Au      3.0461598160483905      2.7361848171907583      7.2510283757313765
Au      6.7306212386139865      2.8627920438462580      1.9664525741960865
Au      4.5534159981633398      3.7809105609904723      3.6392576756206267
Au      2.4500481076883784      4.7651183157318595      5.3689108907371548
Au      6.0607087433273827      4.8679730723472909      0.1329505781494831
Au      4.0060124996828748      5.9014507252792718      1.7636556131463088
Au      1.8950425737594512      6.7198039212964993      3.4450767045149391
Au      7.6696585891821520      1.4981496354857233      6.4875236174838555
Au      5.6252693087323138      2.4063009587395818      8.1119506155080501
Au      7.1164506973783395      3.5054370098182437      4.6619533276959189
Au      5.0678090869226340      4.4156546692495748      6.2901333965949071
Au      6.4977936122084996      5.4609339386133504      2.7974594552076759
Au      4.4572972177439389      6.3677165624807897      4.4195365042945625
Au      3.5365148529145687      5.8995573156862777     -3.6444560151187222
Au      1.4889392880054704      6.9326846968395497     -1.9825037537926740
Au     -0.6468165787094206      7.7636933380519100     -0.3152076150042227
Au      1.7192810489809109      4.9073679556672243     -5.5285882424456698
Au     -0.4540848695804970      5.8973881343495131     -3.8489819846059170
Au     -2.5974781352746699      6.8312585155188117     -2.0925120017016354
Au     -0.2359602451353002      3.8731415890028078     -7.4044192489056435
Au     -2.3788084883988718      4.8722954236549034     -5.6977430119042314
Au     -4.5498175272206423      5.7914959699849176     -3.9725547677273010
Au     -2.2019416216200467      2.8561228806950494     -9.1283465364405352
Au     -2.2961787928420594      5.5038531468421255     -8.3391582632187848
Au     -6.3716017471565420      4.6899363398253691     -5.8202788209348171
Au      1.5494834078038293      7.5490069371192723     -4.6650501331245824
Au     -0.5468785050004740      8.4817504918554754     -2.9962980335509783
Au     -0.4970516204163814      9.0096801044153914     -5.6401963787655998
Au     -2.5545657359400411      7.5305975065857167     -4.7770661684235129
Au     -0.2750229805619880      6.5184028203345417     -6.5927699507089628
Au     -2.3340264929680994      8.0290822946029223     -7.3969534434220652
Au     -4.4757115656190072     -0.8777061451410413    -10.0712403284537171
Au     -4.2431018196790466      1.1188080530788458     -8.3265854538318944
Au     -6.3183288146699104      2.0278085739160989     -6.6274098970114963
