         216
Au Au   -791.19752725   nogrup     0
Au     -0.8423050861319079     -7.6483670075757528      7.8559439836512084
Au      0.4015401535868373     -4.5026694343352469      6.3995316541335079
Au      1.3269667802804157     -3.7614212969425571      3.8327517177523731
Au      2.2145024784996510     -2.9842917474199782      1.2560217856205895
Au      3.0993542692792646     -2.1938941728909809     -1.3350157980362098
Au      3.9787833336332765     -1.3839446066375238     -3.9400785496133519
Au      4.9492565051353488     -0.5977719789738183     -6.6595883426946010
Au      4.2661958571939849     -3.2707547133096346     -7.3203398464884373
Au      5.2274451385752858      4.3241346975402433      7.5183510967972360
Au      6.2178949652670479      5.1920074853963651      5.1114392035003497
Au      7.0929701432598726      5.9725455844590964      2.5474024698256486
Au      7.8056846289822843      6.6146712436191955     -0.0251293188139350
Au     -5.2719093815345364      3.5475703392201248      3.7116357528508566
Au     -4.5150274815738669      4.4031851016145209      1.2132453693868044
Au     -3.6344368642276677      5.1906098672192478     -1.3744135107552964
Au     -2.6904726826064302      5.8500693420713272     -3.8667689877554441
Au     -7.0364644528398959     -6.9657983949508209     -0.0832313754624927
Au     -9.4255485834303485     -2.5663232909820133     -2.6182353494878043
Au     -7.4646595723460152     -4.0433219175385036     -3.9352914518263677
Au     -4.4091193843116443     -4.5673189411753148     -7.6110994055972103
Au     -0.4050393130478220     -5.2063715787186373      8.8852592559704462
Au      2.5518772217623988     -5.8770526251552520      5.1474229728529828
Au      3.4157095558460786     -5.1179422263794239      2.5634470850069455
Au      4.2807475036300939     -4.3433370694148232     -0.0217583198126619
Au      5.1470682930843985     -3.5521357493525008     -2.6110822255931225
Au      6.2102796460688694      1.8388160630575325     -6.7975750309494529
Au      5.3828532508054607      0.6781267689231250     -9.2429594925750518
Au      1.6093379148151279     -6.5683499568537078      7.6644420533942643
Au      0.0715550104847706     -7.1238482990487162      5.4006689334034910
Au      0.9327329252089644     -6.3602778726356712      2.8579029385819332
Au      1.7950173955692974     -5.6011558978830136      0.3000506000730745
Au      2.6524522138378437     -4.8242437709096349     -2.2648706391012645
Au      3.5061602220621473     -4.0425366882848435     -4.8205188922950679
Au      7.4547173323881193     -0.3018751668927715     -7.9660540314183805
Au     -2.1744661761465784     -5.6071540061764056      6.7623312265239122
Au     -1.2683655942320153     -4.9707308766406131      4.1762092933864174
Au     -0.3521639239554897     -4.2006127351201377      1.5879109773870788
Au      0.5421734735897600     -3.4189524982532982     -0.9940425968815667
Au      1.4289336569525735     -2.6178063083898637     -3.5796844156896839
Au      2.3010176349350697     -1.7666347234211317     -6.1727508263699757
Au      5.9775361857537614     -2.7180394958971394     -5.1829252112712112
Au     -1.6527718075568485     -3.0309924736836971      7.6982662937305548
Au     -0.8443034373639100     -2.2923481802046934      5.1494433328273139
Au      0.0717159458432031     -1.5310783370501753      2.5484543631914214
Au      0.9645695570395002     -0.7438414766256161     -0.0460741652129819
Au      1.8548946504729760      0.0546719428586178     -2.6442683641157068
Au      2.7336264334511222      0.8645145702541388     -5.2505173394290736
Au      5.6858188152888616     -1.9214789952885862     -9.0647151956495922
Au      0.9774711187862707     -2.8458920016567246      8.5795391675729960
Au      1.8473408035354280     -2.0827125233759238      6.0779076713162112
Au      2.7768471570517193     -1.3401785280663532      3.5003868156538616
Au      3.6633257877681467     -0.5642142045313756      0.9234126196612920
Au      4.5380692267256642      0.2283891671019198     -1.6587915012115566
Au      5.3730611323068374      1.0467583672601517     -4.2698302349785493
Au      3.1454438301788574     -0.9689347650405233     -8.6971739237039714
Au     -3.8275261623880881     -6.0586535913707111      4.5036304897318722
Au     -2.9258279181987858     -5.4027972566018603      1.9297239669806885
Au     -2.0162241918161246     -4.6321791334190872     -0.6676890425817099
Au     -1.1196637090037043     -3.8400052774758260     -3.2368558167212811
Au     -0.2580729199459069     -2.9838708079452276     -5.8182139867199698
Au      0.6183307264579024     -2.1962170275689372     -8.3134252821372918
Au     -2.8848793419194929     -0.8460149963591892      6.3932174435072646
Au     -2.0615566067150262     -0.0843467390329939      3.8557661575814883
Au     -1.1523267805042554      0.6945931124024805      1.2424791722900217
Au     -0.2588467446474574      1.4901097044688583     -1.3528635461002771
Au      0.6173372971789381      2.3029977000237816     -3.9646271213083200
Au      1.4711569837690681      3.0689679237874881     -6.4671261995277067
Au      2.4047621452580445     -0.4527572589858808      8.2455770414296303
Au      3.2852104219435794      0.3233913723023960      5.7469542612413314
Au      4.2210653328844661      1.0748907739036282      3.1678177335009252
Au      5.0946072448700725      1.8532358626647798      0.6081786850922164
Au      5.9180837993600157      2.6745661073345879     -1.9884510586295399
Au      6.7523063655819939      3.4214527088115725     -4.5083758343280955
Au     -5.4832229864501798     -6.4979619791496654      2.2467669293383317
Au     -4.5750231208404823     -5.8242504213059343     -0.3443037976698342
Au     -3.6975217896171118     -5.0548774834599994     -2.9370130190228245
Au     -2.8022676623131031     -4.1960358443420747     -5.4733661826817794
Au     -1.9098646902426641     -3.4034663948563706     -7.9874432311445194
Au     -4.1051858704806108      1.3562468474970948      5.0739581800301998
Au     -3.2703351401330569      2.1398271300617191      2.5327283389215474
Au     -2.3893055519720665      2.9443262610478449     -0.0674838334673531
Au     -1.4955205622613579      3.7282703634325696     -2.6665458748707032
Au     -0.6092128945097419      4.4788082349333846     -5.1959442402409550
Au      3.8369656233886431      1.9488237841866618      7.9082881541654437
Au      4.7193158094458338      2.7391490808860790      5.3942822629438894
Au      5.6637384838086611      3.5293129143126576      2.8641515318898705
Au      6.4644930117009238      4.2955408976566032      0.2779143012501777
Au      7.3096264962929940      5.0381631662097943     -2.2644335623274543
Au     -5.7112777386697999     -8.9370469576226483      1.1908308084111141
Au     -4.9577140954292176     -8.3338126538172972     -1.3437929647426436
Au     -4.1005138575214737     -7.5663841779080707     -3.8825033933597322
Au     -0.7384408173207779     -5.5624931220594513     -6.7227649158579332
Au     -5.8087625882729466      0.9376253908618946      2.8850472916576848
Au     -4.9240248006239344      1.7219395393110508      0.2892551688433969
Au     -4.0278405381792570      2.5237598720024472     -2.3481010093581993
Au     -3.1385293112520842      3.3073384830424137     -4.9460348812825767
Au      2.6078091644014427      4.1692891749210483      6.7407558422261360
Au      3.5399844406926149      4.9698399473025905      4.1604486675806491
Au      4.4352738004273071      5.7683248216380498      1.5381974070240325
Au      5.2809190834966948      6.5497580607784984     -1.0788350085458163
Au     -6.2945363226038911     -1.7183095277854532      1.9715732934468342
Au     -5.3295483154718486     -0.9535720554316285     -0.6530319605273505
Au     -4.4455184612779703     -0.1384973117195063     -3.3383023058372885
Au     -3.5660976044713828      0.6660995320509775     -5.9163342561914654
Au     -0.0508084546934446      3.9532075098998409      5.7863443232195948
Au      0.8426353773379158      4.7323871240197413      3.2080947356928000
Au      1.7625179954903092      5.5529821358589970      0.5158818805181333
Au      2.6318879743371886      6.3471664173050151     -2.0677286897796598
Au      5.8812615603706551      0.5616755721346962      6.6642146839024150
Au      6.8658258631860019      1.2773548301716273      4.1450520725041464
Au      7.7412190192193577      2.0575764304946729      1.5833745627231366
Au      8.4935844164489822      2.8934852389763730     -0.9753761300624646
Au     -6.7463952159173726     -4.3750494619898896      0.9497570244414675
Au     -5.8104931791272829     -3.6345151595700065     -1.6594522841213362
Au     -4.9219471940591557     -2.8087308341088324     -4.2693183877714773
Au     -4.0188402287935485     -1.9703386690817810     -6.8508431093250195
Au     -2.7106255761486229      3.7651018209930731      4.8026302155451539
Au     -1.8398092523284779      4.5537498006510733      2.2045577353763974
Au     -0.9391333998871354      5.3572887573883161     -0.4316090700470596
Au     -0.0411851832424632      6.1469278607472262     -3.0216060758497214
Au     -4.1133886381274323     -8.5369444255839575      3.4186345848343933
Au     -3.2444886402896125     -7.9882131640267344      0.8860289509098820
Au     -2.4205782724654799     -7.2363586845183869     -1.6696104715335274
Au     -1.5516036810875580     -6.4595163624635097     -4.2121304063643752
Au      1.7661290423666387     -4.3739850138632965     -7.0343989741797763
Au     -4.5965548338854259     -1.2675369396292959      4.1973862105541251
Au     -3.7360546590271659     -0.5236580284251406      1.6120161676307028
Au     -2.8075539977241211      0.2763057763709655     -1.0264779052916069
Au     -1.9300926025805656      1.0976387493592363     -3.6577645129687966
Au     -1.0481249958415964      1.8828924543139567     -6.2255843511123601
Au      1.1813629164703132      1.7559669704027048      7.0731565572726787
Au      2.0447457287349597      2.5497822906567622      4.4970841426656136
Au      2.9748416223343210      3.3283691379773614      1.8796570655498712
Au      3.8361294484306567      4.1485809560493419     -0.7501115759266490
Au      4.7313712008280042      4.9240717036605615     -3.3212815389595747
Au      4.4496874626510774     -1.8381906557466055      7.0022566106465725
Au      5.4217680462243258     -1.1200795872860621      4.4894959662528215
Au      6.3083254530875017     -0.3601860020544132      1.9045310980447852
Au      7.1810245917638049      0.4466679361005141     -0.6634502250828085
Au      7.9465500574111640      1.2877128200922558     -3.1930761309649220
Au     -5.0540143075503252     -3.8920608840499318      3.2230436786238315
Au     -4.1845941405146743     -3.1787469544597089      0.6458350946098292
Au     -3.2529893991174377     -2.3874992742989143     -1.9814415032072326
Au     -2.3718193671060099     -1.5422555652078564     -4.6010422193291198
Au     -1.4840047675402168     -0.7700186757997765     -7.1778311710945815
Au     -1.4924384254715113      1.5574065886401045      6.1069802024599404
Au     -0.6204202822790774      2.3436953922265409      3.5351420299475720
Au      0.2981805835894267      3.1283986582602594      0.9059964509654392
Au      1.1799865711501674      3.9487881216733847     -1.7270343413131712
Au      2.0582657084436016      4.7291595413235648     -4.2967500880018452
Au      3.0257356179765078     -4.2319038708847989      7.3365592002331041
Au      3.9919953785144826     -3.5196112385041802      4.8189070024858580
Au      4.8752800271293877     -2.7626449535741902      2.2334855414001957
Au      5.7500134328126418     -1.9858830402556373     -0.3401335811394794
Au      6.6168394953147356     -1.1939854704895021     -2.8911178860113793
Au      3.5062978714554403      1.6971417448474959     -7.7224719788077394
Au     -2.4677552943213095     -8.0954552848932373      5.6674185179492405
Au     -1.5996893392972176     -7.5547693384641592      3.1531332275315869
Au     -0.7354281499082074     -6.7921065681954529      0.5966433825713473
Au      0.1188043479680958     -6.0316823261038310     -1.9565515925303671
Au      0.9698295563663311     -5.2425883185338185     -4.5269432446643716
Au      7.4528709070276697     -0.3510912509789978     -5.3437300584630627
Au     -3.3825842227535143     -3.4446566082731804      5.4773697687758158
Au     -2.5152798462082306     -2.7431633429010800      2.8973213803281936
Au     -1.6056533386594176     -1.9626612096483171      0.2888656655849999
Au     -0.7017490866709739     -1.1620852772782015     -2.3162600742410824
Au      0.1729345955786221     -0.3277394341942053     -4.9303952681742800
Au      1.0309038470047289      0.4420964402902747     -7.4947500550501687
Au     -0.2549077004227138     -0.6414499434852177      7.4000269810798223
Au      0.5984578881327769      0.1364901783882564      4.8264965819507033
Au      1.5229065683504195      0.9018133361691456      2.2162047963470144
Au      2.4149289622560879      1.6950966130056706     -0.3856909585402342
Au      3.2781526112889185      2.5175575760171958     -3.0048704212253341
Au      4.1636044851379506      3.3118020305313669     -5.5512475304143862
Au      8.9808326802746414      4.4746404519387104      1.2511703693019278
Au      8.2031506066326365      3.7133036429891311      3.7944110249500973
Au      7.2620514230857740      2.9423017935263527      6.2795366780516808
Au      5.8105451910077583      8.0789463321367165      1.2094680941850697
Au      5.0165232382457301      7.3823186223860962      3.8147151246866073
Au      4.0640603981173165      6.5260597551944217      6.3160889833371243
Au      3.2035120573534930      7.9591912450094213      0.1913368906104509
Au      2.3219505847113360      7.1063844759210699      2.8088988477907044
Au      1.4073696006478584      6.3596580568038785      5.4461796791247217
Au      0.5548654037457432      7.7560288720456203     -0.7774719066479783
Au     -0.3383162320540150      6.9021939212827839      1.8376981394592526
Au     -1.2407716708157381      6.1559289192777706      4.4811072833410144
Au     -2.0757685235720782      7.4893938330612952     -1.6722204939187222
Au     -3.0431917570330538      6.7783816976658473      0.8753186919139644
Au     -3.8223368024524951      5.9335581380245808      3.4465136318993252
Au      3.7248132933129172      9.3879591091825603      2.4670307806050928
Au      2.8677954374669099      8.6262054564413120      4.9731141369884817
Au      1.1139587627639493      9.2471939132152556      1.5247602875844386
Au      0.2536972928706187      8.4819664638570096      4.0424113229330523
Au     -1.4778153674453742      8.9992693359493430      0.5685891469743574
Au     -2.3347594843847133      8.2366610678321024      3.0779907990881661
Au     -5.2009322592795844      4.6215706851829523     -3.6150137172499583
Au     -6.1317895674520848      3.9384356990307081     -1.0463561052398092
Au     -6.9469252754712834      3.0771548600197782      1.5063088275573122
Au     -5.6536667579525499      2.0617728437138099     -4.6348966235607296
Au     -6.5082339897612602      1.2428224804710712     -1.9900580262930312
Au     -7.4551870735641472      0.4931127529842660      0.6270228446707229
Au     -6.0984571253164717     -0.5645815084110710     -5.5907944171437762
Au     -6.9561055155412372     -1.3871401351957813     -2.9698063244602579
Au     -7.8589257306519151     -2.1005953853644694     -0.3815979974122783
Au     -6.5057263235257938     -3.2011938102192810     -6.4351718694943933
Au     -8.4986879830291819     -1.8055380380430801     -5.1329825331388914
Au     -8.2929973237131538     -4.8038791877121350     -1.3565388129337173
Au     -7.6335202832632234      3.3513320913685982     -3.2565629385005046
Au     -8.7403650468335954     -2.9333274875804669      1.9912235781354291
Au     -8.4959315762176164      2.6059350278928801     -0.7491716369695709
Au    -10.1718184896885742     -3.3811393753670762     -0.1392922016485478
Au     -8.1120919820234807      0.7971708197412877     -4.2238812614802832
Au     -8.9978650628973043      0.0673171870776512     -1.7225415490083051
Au     -3.2365876569782244     -6.7131161186180650     -6.3586213896814403
Au     -5.3859792926513101     -5.4572089025605370     -5.2023315726708681
Au     -6.2479139193481110     -6.2579890548556376     -2.6453611604794247
