         216
Au Au   -791.54270789   nogrup     0
Au     -5.3657271597639857      5.3498253685366093      7.2087004981994109
Au     -4.6471284403138080      3.3773617186436624      5.4418344265172163
Au     -4.0111083146896638      1.2742606733410904      3.6513161289652469
Au     -3.3255882470323277     -0.7893707432074031      1.8454273343204228
Au     -2.6396472584428921     -2.8336560313318317      0.0173652461696676
Au     -1.9599951496203829     -4.8553789588134402     -1.8372309290522217
Au     -1.2309917496117153     -6.8395344277300163     -3.7279828513451694
Au     -0.6264094876024933     -8.8192664747638219     -5.5347191294639400
Au      2.9004248354291611     -1.1054839465920558      9.8828758106691250
Au      5.3169482562678780     -3.7570637679732242      6.9480394282306310
Au      5.4940411173229338     -6.0031982570589077      5.4705517600063995
Au      5.3078317122785048     -7.9782254013212297      3.6398381057628537
Au      4.1367032829681261      6.0918399741996927      1.2117712549019544
Au      4.9040259079974620      4.1740690369270252     -0.6003162493859637
Au      5.5835999457886825      2.1077979047983391     -2.4577579295804446
Au      6.1295653825136514      0.0594001129378352     -4.2206696226778737
Au     -5.9343986999758185      7.2174081933257597     -3.7653415088882323
Au     -5.2869341264488048      5.2966532693445387     -5.6598277918544211
Au     -4.6069301917296288      3.2574761493291318     -7.4905750014836254
Au     -3.9194299927111098      1.1765995117325918     -9.1909456283861068
Au     -5.8506947099479669      2.7360667962577394      7.7603938026700892
Au     -5.2527081088189762      0.6747188223234613      6.0550641375412457
Au     -4.5669001754959959     -1.3899187183613346      4.2511774992602387
Au     -3.8751330661938121     -3.4469753266015877      2.4294996037604211
Au     -3.2086819742088428     -5.4846662270817950      0.5714784561506718
Au     -2.5405374063104027     -7.5103031695576847     -1.3146397870207860
Au     -1.8140703361961439     -9.4067949357692591     -3.1732579853945806
Au     -7.2346711886654473      4.0725108374791095      5.7219269986708774
Au     -6.6664363262803130      2.0436825809894343      3.9734832855013629
Au     -5.9889312215877153     -0.0192298729922324      2.1709484313716416
Au     -5.3046775041140224     -2.0682638079458791      0.3514658320468698
Au     -4.6244993722142018     -4.0965324014648568     -1.4900474782919702
Au     -3.9436184052285297     -6.1036592124466020     -3.3512163817517866
Au     -3.1924418513840642     -8.0208058618610565     -5.1581400286193926
Au     -5.5165999136875223      5.8906730099498583      4.5255552230622058
Au     -4.8434841978129599      3.8525062364171472      2.7033211358487073
Au     -4.1924328732676797      1.7526937311818949      0.8882281326674537
Au     -3.5106753093628802     -0.3083187482843881     -0.9391915013312566
Au     -2.8223885444587893     -2.3488294074376741     -2.7859281692800906
Au     -2.1006701457461379     -4.3632830712690920     -4.6669764798504083
Au     -1.4152650902930946     -6.3829742459482164     -6.5036207847794207
Au     -3.0110908250115029      5.6325405826426636      5.7831203908002120
Au     -2.2780697640106418      3.6208568456343118      3.9789445013972973
Au     -1.6055939846931500      1.4995886895929047      2.1574544232153947
Au     -0.9147050633850471     -0.5787635296768308      0.3310638857011643
Au     -0.2284369222365417     -2.6276063134502019     -1.5310339599704736
Au      0.4853295056793785     -4.6562000298767368     -3.4378327703649454
Au      1.1038435356503289     -6.6801625886850600     -5.2770674330175451
Au     -3.2601047942320536      3.7158528773586381      7.8367095019341289
Au     -2.5384234097665779      1.6327220573931718      6.0421846643256618
Au     -1.8514935719018153     -0.4854500617243671      4.2408002103612237
Au     -1.1506478497640584     -2.5584488751601144      2.4437542559437215
Au     -0.4800498886268638     -4.5885051608200191      0.5887866373786075
Au      0.2160898108413534     -6.5987978102335036     -1.3280683719424307
Au      0.8613049683370582     -8.6095568108885416     -3.2417566161544435
Au     -5.6637647170203360      6.3455849537910325      1.7712321973207210
Au     -5.0079024331034079      4.3129004855587310     -0.0542130645068486
Au     -4.3658206373872472      2.2214178703444758     -1.8885697372334764
Au     -3.6828435125849177      0.1741681278060678     -3.7239229548212940
Au     -2.9502697445886081     -1.8565790129570194     -5.5893155420933347
Au     -2.2516863350014749     -3.8764426360072628     -7.4098142958623852
Au     -0.6166270701764835      5.8183146784309168      4.2776018503845030
Au      0.0950850636247225      3.8042290296675878      2.4809310947945065
Au      0.7807628770517261      1.6849614648601743      0.6408529382478640
Au      1.4682145985632404     -0.3829587379444117     -1.2075599991665520
Au      2.1735181427839714     -2.4384994303358996     -3.1073651493262915
Au      2.8072369796235810     -4.4505218051129143     -4.9387585494886075
Au     -1.1643342029120474      2.0013632489552049      8.3950547396422888
Au     -0.3906375960615351     -0.1101578184342582      6.6124231772067770
Au      0.3526443093346177     -2.2515508014259549      4.8500863494586248
Au      1.0349954799884160     -4.3273720552360819      3.0428315804857906
Au      1.6921024650678387     -6.3221186255803401      1.0901385975013316
Au      2.3048096516052814     -8.3281532661029019     -0.8831776600775019
Au     -5.8099805310689083      6.8045719999028877     -0.9950172298405402
Au     -5.1774079312302534      4.7676368753081446     -2.8435452616573320
Au     -4.5417907473055363      2.7201769312203221     -4.6925448766448934
Au     -3.8138046119874440      0.6790103310752746     -6.5133287404965685
Au     -3.0869617984137925     -1.3571044743864400     -8.3247309727941161
Au      1.7773773687911389      5.9844185573029600      2.7581787282269961
Au      2.4794704421199754      3.9673688672778313      0.9505217430836250
Au      3.1805262799716183      1.8925519774430106     -0.9041712154301198
Au      3.8545147428998918     -0.1830669555115101     -2.7694887118448603
Au      4.4950055384924728     -2.2066610018979951     -4.5992608910892834
Au      0.9124646989360645      0.3420866143335202      8.9809882882453795
Au      1.8550184598636963     -1.8050266293927306      7.2324712729652969
Au      2.6266675444267231     -4.0239529534262237      5.5062277411803624
Au      3.2377819902097702     -6.1001766728699396      3.5995367971449372
Au      3.7469479065211173     -8.0866605352668870      1.4508484565044473
Au     -7.7606925129330575      5.5226637587463587     -2.4420055825310891
Au     -7.2181473608461895      3.4035826826859528     -4.2478186605385968
Au     -6.5314062501004182      1.3449117715873014     -6.0985729798878268
Au     -5.7103508967197980     -0.6240507487732501     -7.9667313555961830
Au      1.6304232599121047      6.5131386632438435      0.0191895290153941
Au      2.3321400178173546      4.4446002898736312     -1.8250409209162015
Au      3.0279571023159972      2.3489205742906130     -3.7070756115246519
Au      3.6964253193080485      0.2925817350714812     -5.5727294622962198
Au      3.3832364218834345      0.5442344259086651      7.5666836981760515
Au      4.2181296187956336     -1.6105256910611461      5.7271822494600535
Au      4.9468099195040418     -3.8417954319790182      3.8669933185881256
Au      5.4649043401179469     -5.8699778672666936      1.8260205557419251
Au     -0.9291614632348582      6.7964998789683353     -1.2308732955105270
Au     -0.2517441761939709      4.7373161122682923     -3.0653450609923825
Au      0.4600095428157656      2.6010628815099825     -4.9836375864622680
Au      1.1480305608796790      0.5614475392733551     -6.8316326606540123
Au      3.6917277483582653      2.3836476243488476      5.4519561522193385
Au      4.3895380925628782      0.2869037608088565      3.6284634470221686
Au      5.0972936160079758     -1.8981721327501351      1.7160306341016174
Au      5.7630628647811113     -3.9120070747583613     -0.1647966742166407
Au      0.5335009284234649     -2.3938338521915643      9.4698386262765961
Au      1.0517595113084273     -4.5506672819579039      7.6919459732748425
Au      1.6042740024660205     -6.6835871233849096      5.7898507432457098
Au      2.4681438395891782     -8.6888166386785670      3.7881889034381580
Au     -3.4622577498766809      7.0620845177472358     -2.5129314352943872
Au     -2.7954776178025593      5.0062806215615332     -4.3683832879004783
Au     -2.1017563883649215      2.9259089367839333     -6.2362912698356467
Au     -1.3970546667816368      0.8695177287481322     -8.0741248571549384
Au      3.9410218375113271      4.2998029250983034      3.3572922343955565
Au      4.6267712306416922      2.2271389161676658      1.5050583316286144
Au      5.3187950704407356      0.1148469576448061     -0.3851846431642549
Au      5.9962629955608353     -1.9554910998348536     -2.2568343279889600
Au     -7.5956695785999520      5.0532780016963113      0.2894117054844862
Au     -7.0448179743788932      2.9837677471668846     -1.5061388103759175
Au     -6.3660988778726955      0.8958718173169080     -3.3396474932502702
Au     -5.6678083813593192     -1.1447945953279479     -5.2163306538852101
Au     -4.8740084454131596     -3.1039847025627525     -7.0424775200737688
Au     -0.7550119235605859      6.3338233169517766      1.5360755885672930
Au     -0.0682875143639867      4.2794104401693831     -0.3009085752332386
Au      0.6154913038098138      2.1684216916387253     -2.1641039750783904
Au      1.3241003957140998      0.0928932284956225     -4.0542130843775830
Au      2.0028929393348469     -1.9517038005108853     -5.8997601293789650
Au      1.2696280211432800      2.2297169754835084      6.9411437752996132
Au      2.0286004227726422      0.1171037241000112      5.1547779297592786
Au      2.7463494305942451     -2.0594665549884690      3.3422194946737633
Au      3.3995937475106661     -4.1136363069906041      1.4335024524951780
Au      4.0475753287722860     -6.1364341076592579     -0.5478675367548078
Au     -1.6509241363372409     -0.6895957442547518      8.9593917839952137
Au     -1.0024137586687463     -2.7829983868867503      7.2254830596482389
Au     -0.3809053219069076     -4.8805385808840347      5.3571913173661514
Au      0.3196860266277470     -6.9984367258590501      3.4173376779417080
Au      1.0461464993318428     -8.9438333372729417      1.4802989346277702
Au     -3.3052664554752695      6.5999042891065827      0.2684707382330984
Au     -2.6263506194857493      4.5512726453054242     -1.5696370724994573
Au     -1.9541870605675076      2.4471699934097950     -3.4284589473448399
Au     -1.2367259048316255      0.3813705542220811     -5.3101249151232386
Au     -0.5504754523916100     -1.6615088446463471     -7.1471717203064209
Au      1.5488675485639769      4.1352617775983633      4.8711368925600329
Au      2.2572417156950007      2.0526318664476451      3.0640653297314824
Au      2.9482985889712103     -0.0849741219113209      1.2095374181824035
Au      3.6499601839358604     -2.1646862216324942     -0.6906911221187482
Au      4.3125149785638603     -4.1884471819907416     -2.5836518023186832
Au     -3.7791973757688213      1.0336877209631794      8.3871212404011839
Au     -3.1520286338763164     -1.0677792853126320      6.6580317397348079
Au     -2.4719927266442996     -3.1431506705948378      4.8353322131474723
Au     -1.7900298051497829     -5.2227919342862075      2.9707733766222191
Au     -1.1220392652755740     -7.2712666248713509      1.0631274102428740
Au     -0.3895692809370326     -9.2052603678337093     -0.8495139885092904
Au     -7.4407303131330584      4.5684698778761339      3.0251740181812963
Au     -6.8773580691735559      2.5076062379476283      1.2376480929428499
Au     -6.2039359003939483      0.4327284721414824     -0.5780166857563653
Au     -5.5198295122699070     -1.6153054535134883     -2.4174886399296582
Au     -4.8262373946685182     -3.6352587059583490     -4.2825831155704357
Au     -4.0484380969265272     -5.5891916826225474     -6.1081155423728113
Au     -3.1435772338836836      6.1395090704912709      3.0373395407557116
Au     -2.4493296668564541      4.0881977129309970      1.2055251511613054
Au     -1.7780616327959740      1.9784396160014550     -0.6340240563029393
Au     -1.0883675095584060     -0.0908519568910675     -2.4860433835927136
Au     -0.3742301618731316     -2.1381007944677499     -4.3742134197154003
Au      0.2988399332740492     -4.1782502035742644     -6.2228715927836626
Au     -0.8590401026901686      3.9486889550362987      6.3742454451568467
Au     -0.1299297572644171      1.8652479343123245      4.5644134799931493
Au      0.5725964754189738     -0.2734543742258531      2.7513665054503935
Au      1.2554790517968963     -2.3474900718600500      0.9088786583000008
Au      1.9506883781955660     -4.3868304141086822     -1.0141103990529672
Au      2.6010049367011039     -6.4172609944444927     -2.9267900088910501
Au      3.8886610747384407     -8.0891039224269647      5.9427099113952426
Au      3.5494401880057409     -5.8290738993594191      7.4406306990918996
Au      3.2810983343381510     -3.5125059204891196      8.8198221847406248
Au      7.3951635151875355     -6.0740359025196105      3.5893769970721809
Au      7.4595510091755717     -3.9098825685881016      5.1450833611037652
Au      5.0502876260629721     -1.4109031724501762      8.3680524600854493
Au      7.2396630730036744     -3.6298139001164733      2.2877833380684027
Au      6.5397977362480706     -1.5193017297593965      4.0960140513011947
Au      5.8069224804644026      0.6238205721449956      6.0222856448964190
Au      7.4288472678087381     -1.6884916953456548      0.1377892090696573
Au      6.7028299620827365      0.4158336449676003      2.0228230165605634
Au      6.0685507095183233      2.5189718115882909      3.9369822002785018
Au      7.5954118252463658      0.2824565197152653     -1.8587339397117688
Au      7.0000848454543760      2.4014100351141674     -0.0542515388027560
Au      6.2651814989129715      4.3616592858147136      1.8349368148064347
Au      9.1448553294647823     -1.7656673172599904      5.0237559076102016
Au      7.1495543778322981     -1.6481354940941957      6.7521671192144570
Au      8.8259350707793409     -1.2910322979335733      2.4569107967803863
Au      8.1230068541392750      0.6841760781786048      4.4035188258941993
Au      8.9513167003699685      0.6017539316403786      0.4970080898871316
Au      8.2992736545118344      2.5587218302527108      2.3508211040162390
Au      5.2869850134049958      2.5503307401661983     -5.1993100050146417
Au      4.7188628081003881      4.6244104797685956     -3.3747251435723946
Au      3.9339916728758206      6.6174474671888923     -1.5390027730907967
Au      2.8322314265283888      2.8074074447107980     -6.5086873241054590
Au      2.1205557932142836      4.8544330399163504     -4.5950757217442684
Au      1.4414777469469273      6.9802616030762339     -2.7545116883785550
Au      0.3115860154546075      3.0941377033729274     -7.7577910428128565
Au     -0.4102535937404390      5.1429872196420527     -5.8556325868941412
Au     -1.0784643050061478      7.2627636282524062     -4.0108595621445851
Au     -2.2008850908707549      3.4000504253622896     -8.9129444385010039
Au     -2.9227295501442923      5.4999286432400565     -7.1851425965769300
Au     -3.5542397380705619      7.4589651934446186     -5.2666263954577888
Au      4.3868826290783769      5.0175386844656984     -6.0601151508230622
Au      3.7229944387001650      7.0080147897665128     -4.2678657293303264
Au      1.9395761510072758      5.3293471991513330     -7.3230950896579614
Au      1.2734299200473687      7.3269895853993408     -5.5251063237772042
Au     -0.5433780244241548      5.5815528078443846     -8.5215570803845733
Au     -1.2077792638513856      7.5753387015692066     -6.7289298426096416
Au     -6.5054964731812364      1.8399913645417936     -8.7188823118010781
Au     -7.2263628806963078      3.8402732202624343     -6.9348213637294922
Au     -7.8418669685037168      5.8459765058200688     -5.1176329006141357
