         216
Au Au   -791.54270789   nogrup     0
Au     -7.2641593975107401      4.8878441900399432      5.7199621005101839
Au     -6.0099837225933559      2.9818993860326279      4.1957477105408962
Au     -4.8208935629980285      0.9397855986160861      2.6307088543486365
Au     -3.5804549629799349     -1.0622860505588640      1.0677739807358613
Au     -2.3177764922267854     -3.0657865490880516     -0.4759411127622020
Au     -1.0326531733837210     -5.0748268674090147     -1.9928563965424377
Au      0.3190831331423518     -7.0576570188057479     -3.5042975727024626
Au      1.5343641154256826     -9.0504580952994438     -4.9537769495792467
Au      1.2595340648523790     -0.9146230144790293      9.9530345524202772
Au      2.5825728911894301     -2.9027351313761836      8.5407436004841912
Au      3.8451307041663347     -4.9077837664980590      7.0051614338740471
Au      5.0017355937087764     -6.8554132438415492      5.4042336100841339
Au      3.1210416593253307      6.5618737492079582      1.7006188153035335
Au      4.4528710165250409      4.6867649217753549      0.1971279225569447
Au      5.7284185851176277      2.6488055385483014     -1.3524135491478422
Au      6.8575934791747830      0.6107511082427282     -2.8265785529784626
Au     -6.1130831820833009      6.7973544795081002     -4.8715546811658577
Au     -3.1429103652500419      4.6372857842383457     -7.6992528407730356
Au     -2.5013850696884803      2.4631568582304073     -9.1556369283029415
Au     -1.7340050817248103      0.0545893533972590    -10.1026614206152630
Au     -7.5704785938222123      2.2531330660872531      6.2671763749350973
Au     -6.4340358092815730      0.2471539671657625      4.7904785484064867
Au     -5.2007043880692070     -1.7565430676535998      3.2323250305230111
Au     -3.9468138692643806     -3.7586013559300602      1.6841707286136103
Au     -2.6730762108609691     -5.7634348391406354      0.1590737948205945
Au     -1.3783804557247232     -7.7669319202733513     -1.3462058929182295
Au     -0.0598705929510830     -9.6467817888525680     -2.8403224721281202
Au     -8.6580747650815582      3.3809853982209015      3.9429780201772502
Au     -7.5454671782562990      1.3965140698164813      2.4136412193066299
Au     -6.3066492166984247     -0.6048100241353813      0.8493193616190293
Au     -5.0487498206957895     -2.6092488305161554     -0.7090266162507959
Au     -3.7730110294406924     -4.6368448054544222     -2.2288725299904328
Au     -2.4716764120028105     -6.6732540465974504     -3.7344071406996147
Au     -1.1229205486826515     -8.5844660764638228     -5.1859659676772747
Au     -6.9276671624334245      5.3483459415557411      3.0417883863379380
Au     -5.6796409531035845      3.3597526958113768      1.4391324189809094
Au     -4.4561289720269404      1.3278834329039322     -0.1664940320251205
Au     -3.2158354856036353     -0.6667069401982060     -1.7479985128617290
Au     -1.9379680879616656     -2.6856789178756069     -3.2654114341250988
Au     -0.5926137108482226     -4.7170544068720384     -4.7699894661622615
Au      0.7201010718216514     -6.7728192941043099     -6.2438511665859977
Au     -4.7108933967621791      5.3995298727862950      4.7842672327791966
Au     -3.4300395701218176      3.4544365655491038      3.2301539795741441
Au     -2.2005519749178979      1.4011086797550529      1.6357790106844483
Au     -0.9451710788841861     -0.6196177680703476      0.0631188519269852
Au      0.3424617941949197     -2.6463559318982108     -1.4765122264172597
Au      1.6857579291366276     -4.6737867352753648     -3.0080522037984920
Au      2.9224401635873720     -6.7061256176313071     -4.4919598891195776
Au     -5.1649942138159410      3.5144433914473265      6.8253245319806091
Au     -3.9127346371031062      1.5116499011804070      5.2928733089105648
Au     -2.6951543926369763     -0.5356702559360409      3.7264700234183401
Au     -1.4398327715167132     -2.5511168393459931      2.1727098128003899
Au     -0.1605341252385868     -4.5624351783228354      0.6345771139231005
Au      1.1715368124141148     -6.5615774540521317     -0.8971726417027579
Au      2.4469032605558310     -8.5555608379042631     -2.4202163315221679
Au     -6.5650160310702645      5.7125145050980031      0.3252945729258254
Au     -5.3027695285745065      3.7404040093829152     -1.3337474573334926
Au     -4.0818264180199026      1.7468414807129093     -3.0007396785204019
Au     -2.8454192674323058     -0.2651083894671231     -4.5705021473097016
Au     -1.4917211317348342     -2.3286722634638055     -6.0309897371535897
Au     -0.1515052427407295     -4.4343029742592313     -7.4675486120628349
Au     -2.0985824503614885      5.8240286435944082      3.7692871612487693
Au     -0.8366784910380614      3.8711302208694995      2.2249790971390322
Au      0.4153143783943971      1.8145034638416018      0.6280645200225550
Au      1.6881991716834552     -0.2149659100102967     -0.9296686418085081
Au      3.0140823563430010     -2.2589097902712370     -2.4776628774463774
Au      4.2569078575160439     -4.2714478383953347     -3.9639022929695180
Au     -3.0319251835424859      2.0474160925352836      7.8801927748224969
Au     -1.7859751994784054      0.0372015780335415      6.3633351566004244
Au     -0.5568183550817358     -2.0212988093389983      4.8131153221740277
Au      0.7088894150038163     -4.0325399901732615      3.2706822057322924
Au      2.0311571526030612     -6.0265808747087677      1.7164314091736852
Au      3.3019542723281416     -8.0041506507999216      0.1813829215673142
Au     -6.2201137765413268      6.1173680476885082     -2.3443017875509291
Au     -4.8934242113376420      4.2305252510884515     -4.1430608243597611
Au     -3.7036030747434050      2.2260650240939137     -5.8939069229052912
Au     -2.4335729129084434      0.1172047045218783     -7.3970245083142272
Au     -1.0156781389888647     -2.1356942082395092     -8.7146911477804991
Au      0.5188956680794705      6.2278744747063222      2.7430266523796227
Au      1.7827138214305627      4.2615956323725861      1.2049888769260217
Au      3.0666176940378920      2.2310687354207994     -0.3649726471615846
Au      4.3424153121759730      0.1797831537558103     -1.9162388903893888
Au      5.5849681134061608     -1.8353653070395319     -3.4157261671465786
Au     -0.8881302882387891      0.5761289254338262      8.9402134423656889
Au      0.3605403813125392     -1.4625668264297067      7.4399303463384001
Au      1.6086067002029394     -3.5064075298757507      5.9299819038854054
Au      2.8914049767285257     -5.4821111801321765      4.3607144006767200
Au      4.1676995343827263     -7.4496347393246376      2.7938177769305135
Au     -7.5355281100103202      4.5521295148032932     -4.2646030431931656
Au     -6.4397842943354924      2.4247350524366853     -5.7991914118961034
Au     -5.2227882259836242      0.2541573827146113     -7.3091898904814672
Au     -3.7122848635818353     -1.7398110178659616     -8.8954823921570494
Au      0.8984219161563365      6.6696460769156030     -0.0026999068006983
Au      2.1719691671553596      4.6340999155582523     -1.5620546283005972
Au      3.4678051194464605      2.5545699501670915     -3.1463701152216839
Au      4.7518762116438547      0.5044445415820284     -4.6944262907129346
Au      1.7248488140490401      1.0129605266597554      8.0108609656312275
Au      2.9940640117714068     -1.0239523801971933      6.4766823633482105
Au      4.2822510628838781     -3.0696230488664318      4.9101312927611964
Au      5.5602898412655657     -5.0768389393226334      3.3478639650742856
Au     -1.3497022245081598      6.6435392003022375     -1.7538922166142452
Au     -0.0972689411972678      4.6168947959825317     -3.3452837593012479
Au      1.2056726198592149      2.4875865899470737     -4.9888373801785750
Au      2.5046692127291266      0.4603659795822024     -6.4852569975140968
Au      2.1746211168919691      2.9224450134809214      5.9414760427326065
Au      3.4332361103285844      0.9016210976692811      4.3933872286122835
Au      4.7558301871573967     -1.1994323842316126      2.7851803443652585
Au      6.0361655260323452     -3.2111026326727243      1.2481678508310932
Au     -1.2743320025111298     -2.0790577085255117      9.5260250147153371
Au     -0.1330264953744988     -4.1879494149978962      8.0108290850655983
Au      1.1436521792434298     -6.2135626948874405      6.4609871224392350
Au      2.5365561361801188     -8.1264000520020154      4.8983521924637614
Au     -3.6279610912751852      6.6461230758639971     -3.4152808142042712
Au     -2.2975275566473194      4.6444616817840334     -5.1319974426960506
Au     -1.0341932870961297      2.5293449860949284     -6.8349712087885992
Au      0.2958804662584518      0.3208637592555670     -8.2137491372892413
Au      2.6597808969458203      4.8152391631303280      3.8494994160339715
Au      3.9377453655070811      2.7952169932247459      2.2814564061426115
Au      5.2339250334054856      0.7327263016822831      0.7053428553530612
Au      6.5117794019920971     -1.3098311251957631     -0.8279823094069805
Au     -7.9898066706583286      4.1654301053227289     -1.5112782804607487
Au     -6.8339574630651327      2.1699199495655295     -3.0896592274269015
Au     -5.5926687157313815      0.0766500195767721     -4.6238973412569138
Au     -4.2554050761625319     -2.0319833474375271     -6.2065336944723697
Au     -2.8596905523314162     -4.0205333822881899     -7.6769345309902048
Au     -1.7132986161004831      6.2643169731952142      1.0248359756151277
Au     -0.4634378874450413      4.2616255617039016     -0.5663039372006491
Au      0.7979393578217251      2.1878126895376777     -2.1770245200768272
Au      2.1156450376757112      0.1270167515898759     -3.7407284120570168
Au      3.4193869657708342     -1.9152511246589148     -5.2398229498368849
Au     -0.4249717892264404      2.4969911622875678      6.9383008978394898
Au      0.8400730699989190      0.4811619863808119      5.3979918296499356
Au      2.1023549850366940     -1.5844852385111805      3.8250914560790257
Au      3.4188939051620553     -3.6174780247384133      2.2577351367640279
Au      4.6889762970137552     -5.6254085856718943      0.7169107956177374
Au     -3.3831762004498649     -0.6256067725664431      8.4543658536321900
Au     -2.2317682460401227     -2.6938165824554909      6.9687406739207312
Au     -0.9806601384908382     -4.7308941662060251      5.3981474259334341
Au      0.3273482935917928     -6.7553430584895748      3.8604261428205326
Au      1.6746700569333812     -8.6506922607135515      2.3126107983574187
Au     -3.9575314794940790      6.2144316318290311     -0.6941571871337295
Au     -2.7014282807004810      4.2318682657001379     -2.3439834501025665
Au     -1.4665144732056672      2.1733767430950088     -4.0099944502355989
Au     -0.1642444588335836      0.0982640967594781     -5.5224578860412592
Au      1.1985613494688887     -2.0044403411110041     -6.9917468096490696
Au      0.0458334135211671      4.4061818091262941      4.8611047746858631
Au      1.3131194003552884      2.3914996608378916      3.3113446994568569
Au      2.5837940642301831      0.3249403420597732      1.7270336134716437
Au      3.8989855375890721     -1.7236226213745249      0.1598346406750615
Au      5.1706922766785306     -3.7415620962262830     -1.3756978753695392
Au     -5.5053467152841193      0.8159203745589814      7.3764823928078833
Au     -4.3503859020560007     -1.2357562343864119      5.8876964604262199
Au     -3.1125980303210139     -3.2567911715489979      4.3261097722254256
Au     -1.8432869723966179     -5.2704293552374599      2.7833163497391986
Au     -0.5414530873941570     -7.2776301710356242      1.2613988719437739
Au      0.7973228072317400     -9.1775775341467920     -0.2726379967985100
Au     -8.3587422529055466      3.7815720053680346      1.2352271315913956
Au     -7.2213009471504002      1.7731595450771458     -0.3369559463836236
Au     -5.9743663021079172     -0.2490574121647828     -1.9014499032534999
Au     -4.6954897397848470     -2.2982610163435178     -3.4608721734907117
Au     -3.3838260735075534     -4.3617161887246452     -4.9785235207371361
Au     -2.0001709488068431     -6.3254592177576692     -6.4496621175724762
Au     -4.3319287385012721      5.8309997326366112      2.0481530430949739
Au     -3.0679187777745054      3.8367377803543494      0.4440892925250566
Au     -1.8316858435230388      1.7932559688037788     -1.1839886896129777
Au     -0.5676256979157999     -0.2386854522910804     -2.7447830036096175
Au      0.7742280572729943     -2.2919614456982993     -4.2691185061046379
Au      2.0840222114446831     -4.3564994894977813     -5.7611048688325681
Au     -2.5619894119457105      3.9769138891754530      5.8669781032034862
Au     -1.2933850376200282      1.9711001562689097      4.3136734763422844
Au     -0.0478158834099016     -0.0867729050961294      2.7327445790583234
Au      1.2287833389686242     -2.1181181549421639      1.1734020260899563
Au      2.5531919020262244     -4.1454420861951276     -0.3765346087841834
Au      3.8250561871247619     -6.1654805225144438     -1.9044656355661882
Au      3.2873675865875098     -7.4864484623719987      7.4075828249205102
Au      2.0260454491460456     -5.5542841160212957      8.9501315493216680
Au      0.8031602096910877     -3.5448979256022914     10.4234894120401478
Au      6.3895281137595825     -4.4533150457342598      5.9318410423078269
Au      5.1966929674382483     -2.4950293291032013      7.5622117706262237
Au      3.8748136942374192     -0.4608651247509492      8.9877452274527094
Au      6.9133015726411191     -2.6558588651532515      3.8738603335139352
Au      5.5740946108283467     -0.6230174509124140      5.4266391732339549
Au      4.3289795102812914      1.4456908171688303      7.0119713264744803
Au      7.3752935882387263     -0.7855955477979712      1.8038830201676852
Au      6.0328800877121678      1.2582675751401888      3.3463643597747712
Au      4.7861404553335634      3.3225600582734662      4.9439568071733042
Au      7.7601578645503615      1.1055987603290145     -0.2164221510806001
Au      6.5775972832353027      3.1853606072047196      1.2768341927161124
Au      5.2371388639685366      5.1117071741341649      2.8422264029010904
Au      7.6437504448150655     -2.0392675151631847      6.4405304027389967
Au      6.4075648250426163     -0.0770169904287981      7.9410449114906960
Au      8.1311539162219777     -0.1979093746130856      4.4313477806515635
Au      6.8908606337231433      1.7690491511593525      5.9346226843583132
Au      8.5326251553250749      1.6279992767660429      2.3852462034629305
Au      7.2961604401540834      3.5882642602254231      3.8830489718342882
Au      5.9813066069571477      2.9271491122342574     -4.1086179099926863
Au      4.8097814300039357      5.0081819485471675     -2.5602763173572800
Au      3.4494715842876800      6.9724748709201467     -1.0626796584394160
Au      3.8425388863844780      2.8504421362182324     -5.9302318314128017
Au      2.5284901304567553      4.9045874655780253     -4.3294821888643753
Au      1.2461435186110981      7.0225393471184585     -2.7934573753247314
Au      1.5811391611057133      2.8732418741021690     -7.7502735142512105
Au      0.3427471872718626      4.8979783048883458     -6.1438504351626824
Au     -0.9966152905761825      6.9972616161880410     -4.5191254800313043
Au      0.0384117282611594      2.2514717499416106     -9.9697199970830965
Au     -0.5415623921917754      4.5464239416966219     -8.7430373717026910
Au     -3.7672699708282926      6.7917850225920731     -6.0991560740614146
Au      5.0700340042617551      5.2422802141076321     -5.2486625904373199
Au      3.7848173176384510      7.2254785209865346     -3.7972334314417360
Au      3.0040665671629698      5.2120751751976337     -7.0292371039031147
Au      1.6227926530357739      7.2366233626037140     -5.5533891655016401
Au      1.1103178324268659      6.6412352708274600     -8.1636536156502153
Au     -1.3563766979213896      6.7406850610148270     -7.2213295177197754
Au     -4.3582599551275880      0.6573372987447410     -9.8206232657675478
Au     -5.1075540092331035      2.7694684075768956     -8.2572797915665106
Au     -5.7095519177639567      4.8803339838359907     -6.6690375044504577
