         216
Au Au   -792.02442846   nogrup     0
Au     -6.2469349644298546      3.8237516484766800      7.4185417970846057
Au     -4.8312236121941758      2.0482082446525682      5.8910997051432066
Au     -3.4141880981593498      0.1139442819440398      4.3888001988270364
Au     -1.9704389501248083     -1.7678422499391087      2.8431321782010617
Au     -0.5122978209233056     -3.6332346147750059      1.2761090187130097
Au      0.9516008336325008     -5.4711878465241641     -0.3029898299568519
Au      2.4389502280535544     -7.2524877322927130     -1.9219505544465889
Au      3.8340711593642673     -9.0728255010674754     -3.4152292245818661
Au      4.9030647019683915      3.3869257056460151      8.1240394090999803
Au      6.4451432892061344      1.6135994828847258      6.6413437737916592
Au      7.8991211019895911     -0.2464681967402718      5.0787963949067674
Au      9.2076684210910589     -2.1199363448934765      3.4980069237352662
Au     -0.0163764415461887      7.3681190936104315     -1.2254133505603590
Au      1.4404377143716243      5.6648052192514164     -2.8181427727088426
Au      2.9057841844153862      3.7901946583119450     -4.3929069600229438
Au      4.2697525121314932      1.8848972443962480     -5.8315893515792832
Au     -9.4923643568474141      1.5005947972741542     -3.0256517971116441
Au     -8.1498011521707792     -0.2988728875381812     -4.6628797692380592
Au     -6.6958228783391025     -2.1589390024852433     -6.2254282658033455
Au     -5.1877594310532604     -4.0062619966012551     -7.6516886994797542
Au     -5.0441514308825450      1.6708931875560080      8.5441507780789099
Au     -3.6614112014274895     -0.2193155288556623      7.1289818917531154
Au     -2.2243972257011015     -2.1075853177704751      5.5881486121601096
Au     -0.7699312558744547     -3.9844001239602092      4.0266173822577809
Au      0.6945397882009294     -5.8417692706871582      2.4512473448225744
Au      2.1632547079625817     -7.6707852069977500      0.8693756760893603
Au      3.5876861576997454     -9.3717768968156374     -0.7322441447332348
Au     -7.2611238040596557      1.3803871379084041      6.8270391741200829
Au     -5.9265730934599397     -0.5161359781369204      5.3745456353615229
Au     -4.4848100726710971     -2.4037826185353044      3.8373902085552754
Au     -3.0292087114980997     -4.2804487429419398      2.2767375268592662
Au     -1.5658717427963738     -6.1379662916380342      0.7004888118165873
Au     -0.1019059504192512     -7.9676036043197227     -0.8850625190056345
Au      1.3707156343225944     -9.6622803036747111     -2.4493582003755616
Au     -7.1106947091277188      3.3196077902972636      4.8567133491730843
Au     -5.6920035615768043      1.4511911166040303      3.3000069197680890
Au     -4.2538938603383762     -0.4775648563861337      1.7643476199384551
Au     -2.7997146028042148     -2.3582878991660152      0.2021365808077213
Au     -1.3320834264483747     -4.2154216077343598     -1.3756387615436658
Au      0.1605029118819070     -6.0358880179255747     -2.9895156457956054
Au      1.6334781147188151     -7.8667628711312991     -4.5404007749867477
Au     -4.7464448070752301      4.7930236680656702      5.3172653641592174
Au     -3.3005915390470535      2.9861846428988965      3.7562017941160484
Au     -1.8495172008981995      1.0518930225965044      2.2099592406659863
Au     -0.3855503609712256     -0.8387465513329804      0.6396874543513196
Au      1.0887182752224007     -2.7069755006976939     -0.9476769052640659
Au      2.5849137648269145     -4.5431102127707446     -2.5687808017048042
Au      4.0059709196556419     -6.4038928471621865     -4.0887035033556929
Au     -3.5065974061782090      3.7918782816142080      7.6481938905418883
Au     -2.0485066344771048      1.9286239026622791      6.1220041883380194
Au     -0.6053979266393359      0.0005223070360980      4.5902177448655799
Au      0.8515565644564611     -1.8798378019270283      3.0301567705372516
Au      2.3164120075413810     -3.7373356035090053      1.4502323360116485
Au      3.8039982098200236     -5.5584583898550060     -0.1675156104219315
Au      5.2375735287981833     -7.3944967443370127     -1.7489162608815594
Au     -7.9237595512089527      2.7220302294243157      2.2373739990953787
Au     -6.5136338455276750      0.8519827617341722      0.6820635196377314
Au     -5.0774767985386511     -1.0765096855975673     -0.8697943844095128
Au     -3.6186608266464506     -2.9427648986780675     -2.4375421843948253
Au     -2.1161468971379294     -4.7736973379851708     -4.0437900280646337
Au     -0.6388153221277917     -6.5975563300876692     -5.5915485221252599
Au     -3.1817898384016190      5.6841083510765475      3.1463739068874759
Au     -1.7425264572792911      3.8700679571645447      1.5950371267409107
Au     -0.2727265226261575      1.9463880866300682      0.0228239232624539
Au      1.1975351858748682      0.0654902766893886     -1.5572230161817853
Au      2.6924446585751798     -1.8035663806923476     -3.1710963693684677
Au      4.1159622425113751     -3.6518637449043911     -4.6963063578844233
Au     -0.7080302223039343      3.6675582439986067      7.8261716726328476
Au      0.7510154498865165      1.8039196810126561      6.3087522896308403
Au      2.2100619970547064     -0.1215742289387035      4.7746239338953558
Au      3.6688773218333912     -1.9878307539610234      3.2068771104010310
Au      5.1485008635912344     -3.8217642627319233      1.5829018279934850
Au      6.5769116464371606     -5.6520350257598944     -0.0027451661492695
Au     -8.7324874865941240      2.1239681631687573     -0.3947513626283854
Au     -7.3341872942289541      0.2324175896841409     -1.9625757979459060
Au     -5.9233782490708702     -1.6641412628831078     -3.5307997688217352
Au     -4.4211588571128253     -3.4942028382357933     -5.0931241614435780
Au     -2.9166352965890820     -5.3162175483272742     -6.6448819913215251
Au     -1.6052738043226911      6.5591935224994433      0.9628763056434391
Au     -0.1600368610173373      4.7405103550172365     -0.5953875083976996
Au      1.3166423468434205      2.8642941562513764     -2.1845121437782513
Au      2.7858588190235514      0.9718417447057091     -3.7612542547255456
Au      4.2136132352616373     -0.8848764307003503     -5.2905100224880233
Au      2.1018366632141152      3.5436647646274668      7.9967568602236003
Au      3.5791554525007410      1.6624670101736236      6.4901364109795221
Au      5.0547069404527285     -0.2256101006638593      4.9720587307617130
Au      6.4921829019764772     -2.0641568602628553      3.3595904678582240
Au      7.9176867346399966     -3.8965277164004712      1.7466314259901328
Au     -9.7732711225683673     -0.3616950539077997     -0.9203548603258795
Au     -8.3811976004288802     -2.3571006730855455     -2.3967638917657261
Au     -6.9094700706397383     -4.2398728560934584     -3.9783880781615455
Au     -5.3837434887329980     -5.9771928878848488     -5.6376567134090809
Au     -2.4511072537440808      6.0399054411111202     -1.6548263898287061
Au     -0.9734513967501699      4.1660047829007505     -3.2313986929544543
Au      0.5195186440123698      2.2560559682927570     -4.8358494861262544
Au      1.9795955298577474      0.3717317725805543     -6.4163717891910865
Au      3.6891934624954006      4.4816116753331769      5.8819916982996947
Au      5.1656652875355444      2.5976623315419163      4.3306194193876770
Au      6.6487172464760000      0.7004018160465383      2.7368276876437587
Au      8.1018475641057748     -1.1634755917028639      1.1398425512289929
Au     -4.8579327706568094      4.5526158083205539     -2.0993022366211775
Au     -3.4038582473960424      2.6737139454475356     -3.6605132976685057
Au     -1.8791495605943953      0.7231624477622745     -5.2990734446512775
Au     -0.4132639838610368     -1.1334239803899187     -6.8758581360972730
Au      2.4235746790209873      5.5067605030234965      3.5404436390949119
Au      3.8793021414697932      3.6280746645466353      1.9805132239221255
Au      5.4040108105447002      1.6775224282527148      0.3419538211407929
Au      6.8682436960667896     -0.1792814941509703     -1.2361104679385679
Au      3.2546448091148004      1.3454434251603626      9.1701575879842405
Au      4.6626978572508655     -0.6478698260848583      7.7061274422905246
Au      6.1344237575472746     -2.5306450542293089      6.1245047874333682
Au      7.6441693140366755     -4.2700613194241352      4.4528594176817755
Au     -7.2345686645779885      3.0501976911217303     -2.5787889061716829
Au     -5.7927523512999048      1.1617089709865507     -4.1570041552045813
Au     -4.3097003923123971     -0.7355508787074678     -5.7507970647044306
Au     -2.8219143545609779     -2.5948859976726455     -7.3209415413147774
Au      1.1867974326328550      6.5166049486937592      1.1628407811226804
Au      2.6508452262471676      4.6409210772590717     -0.4242711691794980
Au      4.1438149123542516      2.7309718163262975     -2.0287215242943120
Au      5.6174995378658945      0.8484304790204563     -3.5987037291604542
Au     -8.9596833168576087      0.2312981951069760      1.6715118856492293
Au     -7.5971079535214017     -1.7163488119296029      0.1892910677381234
Au     -6.1154028473513176     -3.6285606337808973     -1.3710276810396813
Au     -4.6406012852962562     -5.4985913034616587     -2.9879832956741161
Au     -3.1298702275837829     -7.2267488851746426     -4.5936246992239589
Au     -4.0249561637563644      5.1549551955173296      0.5248557515887935
Au     -2.5778380908760723      3.2856530963137720     -1.0475500084581864
Au     -1.0939455844928032      1.3587410643671824     -2.6353868589832796
Au      0.4053427942942689     -0.5307135984621347     -4.2534868245347637
Au      1.8743836785699532     -2.3920367711023660     -5.8149924331529679
Au      0.8660815319191268      4.6084069193244073      5.7050602593287447
Au      2.3325937592382719      2.7397651902807536      4.1547537591598491
Au      3.8095396091046929      0.8122234528486244      2.5779649458395220
Au      5.3062718573709420     -1.0644463280790020      0.9590298775026938
Au      6.7531740260669189     -2.9229217445336531     -0.6216253656388453
Au      0.4830140291564426      1.4686410386290465      8.9851638691479874
Au      1.8958800387818369     -0.4724169073200051      7.5418965612182784
Au      3.3496057544207227     -2.3882966814215036      5.9599085441320891
Au      4.8523845218888138     -4.2546632455986781      4.3646243039458454
Au      6.3128236699391653     -5.9894129332574852      2.7200326021464321
Au     -6.4170957465258329      3.6540425530274181      0.0640221620323747
Au     -4.9764228052231747      1.7820159860001952     -1.5062984760822751
Au     -3.5033059732773784     -0.1460266030373674     -3.0860537496956848
Au     -2.0027447075262743     -2.0221937035287345     -4.7020241199382431
Au     -0.5300019531601583     -3.8772819703850923     -6.2626672689446865
Au     -0.3850959721229712      5.6319106469653670      3.3440363877367858
Au      1.0814465941292268      3.7651533853800201      1.7866753169676723
Au      2.5633995449429636      1.8379870368589215      0.1973373802730158
Au      4.0646269802154640     -0.0512141335586780     -1.4192602250331490
Au      5.5142433579947197     -1.9150830257011944     -2.9958096189972805
Au     -2.3001094921029863      1.5708066611417215      8.7966899159423182
Au     -0.8872279718888709     -0.3566622000206563      7.3583048455891760
Au      0.5568347592852527     -2.2603054285399047      5.7988107705333984
Au      2.0250511587374587     -4.1385899971755045      4.2209594511724280
Au      3.5113879715561405     -5.9837943543199952      2.6312356845645724
Au      4.9598821062986893     -7.7168702897688748      0.9945813325365513
Au     -8.1366302162495661      0.8060058659713695      4.2761302708493538
Au     -6.7809384284857614     -1.1289556290041274      2.7934483428905512
Au     -5.3204764208962594     -3.0304499134080247      1.2466554840652968
Au     -3.8522588367882977     -4.9087329648110245     -0.3311968014314584
Au     -2.3823201921352593     -6.7560847971510452     -1.9336234829829824
Au     -0.8766354335432691     -8.4816652612670911     -3.5259835577569847
Au     -5.5886108605524285      4.2539718549954957      2.6944285078895902
Au     -4.1440746066417251      2.3891954444171866      1.1234294879166686
Au     -2.6808900152155863      0.4601055358420141     -0.4413612889590883
Au     -1.2064486878345049     -1.4261392902199630     -2.0259002013862037
Au      0.2910292637359269     -3.2846080253765519     -3.6428481384116802
Au      1.7574389067680509     -5.1437866084871127     -5.2001586760321397
Au     -1.9471203118214402      4.7311414513595995      5.5148711058486608
Au     -0.4820479926883685      2.8690552598104082      3.9597779405400306
Au      0.9830839325452778      0.9402197816128997      2.3964969234699325
Au      2.4575253236749059     -0.9460253188806498      0.8119580532475847
Au      3.9530552677771897     -2.8047500108586965     -0.8064976550720928
Au      5.3989280650361540     -4.6666206107214832     -2.3797130116978131
Au      8.7986163457341586     -2.5189388678277114      6.1472870223688663
Au      7.3817366195699510     -0.7197800400157968      7.7256627496904837
Au      5.9423620630375105      1.1350601976742851      9.2168232615353087
Au      9.3619699044659797      0.6285705684741544      2.8610578147356218
Au      8.0222040623040360      2.5064264144696131      4.4811314530650410
Au      6.4696451702644140      4.3287075743115491      5.9693539490891201
Au      8.2130381170075442      1.5857510116284750      0.5138980669505351
Au      6.6920898050963249      3.4466088307817282      2.1242396298318660
Au      5.2421281040506926      5.3864213496668532      3.7066474631942885
Au      6.9726591374933786      2.5790789425201450     -1.8297064237407117
Au      5.4428906689668715      4.4446624221953375     -0.2262486085993256
Au      3.9978096281610127      6.3847887079253853      1.3672765552459154
Au      5.6758069435967986      3.5863214855874830     -4.0966871366969189
Au      4.2440285631071619      5.5181892485557382     -2.6197421565536629
Au      2.7796346378355286      7.2913803636270487     -0.9842564864920718
Au      9.3893865251459765      3.3311512383152397      2.2668857576817931
Au      7.9695297840213222      5.1475670087668064      3.7927638095859368
Au      8.2060815618287641      4.3300673414318176     -0.0292595349820726
Au      6.7828542822079001      6.1507945899536409      1.5002406178325565
Au      6.9485285573239093      5.2732659151839334     -2.3131674982868731
Au      5.5304339922442152      7.0874266916978605     -0.7891833614062111
Au      1.9991047905433419      3.1045386418719705     -6.9444048990597498
Au      0.6102346436412842      5.0420288157777469     -5.4342258892509401
Au     -0.8970681078677640      6.8095968777162463     -3.8319743578505472
Au     -0.3163984844823955      1.6239455025988061     -7.4753024298500534
Au     -1.7925135303485344      3.4965591959045099     -5.8302877682349816
Au     -3.2912480876222721      5.4296544970273546     -4.2783191278493273
Au     -2.6941855398143049      0.1565068274376302     -7.9340760648978073
Au     -4.1782173630796358      2.0222011324603733     -6.2951401143378254
Au     -5.6650954273362224      3.9571757590061676     -4.7413248787688405
Au     -5.0595805727016039     -1.2611785165958558     -8.3088681053661908
Au     -6.5985953226385785      0.5905671962210146     -6.8431175384410041
Au     -7.9519055487382886      2.4389565443327266     -5.2005694910696718
Au     -0.2841952822455465      4.3255135077963285     -7.9151315811876239
Au     -1.7022900599107582      6.1396739609439539     -6.3911478815301352
Au     -2.6169875023550619      2.9118492629950223     -8.4120531897882778
Au     -4.0402150722567463      4.7325757828013906     -6.8825528587657061
Au     -4.9348898338075120      1.4541483323620599     -8.8276978050742656
Au     -6.3547469990550702      3.2705624574145196     -7.3018187252960054
Au     -7.5640908659460813     -4.6630508310145782     -6.5261269175494423
Au     -9.0321443805478072     -2.8706003142001277     -4.9873840683740571
Au    -10.4203478165524874     -1.0090574032123865     -3.4565875489008837
