         216
Au Au   -791.90594695   nogrup     0
Au     -4.5834399363098584     -3.5964676166738911      8.7039401550740756
Au     -3.4694582881777425     -3.5443751301212014      6.2057562300256670
Au     -2.3412447371779459     -3.6258048523246966      3.6151932980719330
Au     -1.2021126792292447     -3.6371240371117430      1.0274227929542619
Au     -0.0608741288460620     -3.6221613296099413     -1.5711227088483817
Au      1.0732548671146187     -3.6004974944744372     -4.1677694728728412
Au      2.2119843438018538     -3.5344584482225727     -6.7575800827918773
Au      3.3131976009633188     -3.4500611275121944     -9.2504996523928646
Au      6.4205544143394162     -2.0477656502762756      7.4300350650755185
Au      7.6615035831344391     -2.0011305794085246      4.9440277041073770
Au      8.8025016246862027     -1.9806707411413473      2.3535631404967816
Au      9.8025914888062413     -1.9852886802786731     -0.2379257099504208
Au     -0.8071344459079253      6.0189579519708705      4.2877415640332259
Au      0.3090308876528838      6.1730302668482917      1.7721044226652189
Au      1.4552827537357118      6.1900749438927551     -0.8360775694191993
Au      2.5535378403043540      6.0706146986471001     -3.3587512681396223
Au    -10.0500421880623314      1.0254234413939347      0.1650801960386907
Au     -8.2941032980748268      5.7751849425666784     -2.0198261557608994
Au     -8.1893201956389774      3.4602770211929119     -3.5339265437975236
Au     -6.7116451527805259      1.0951548523491654     -7.4398973018428265
Au     -3.0207278887279712     -5.6325264092319003      7.8382223800633568
Au     -1.9086360247900516     -5.7465359049376445      5.3429732451575838
Au     -0.7751987772892899     -5.7660335390639830      2.7546047152252910
Au      0.3678681573919990     -5.7614337565971692      0.1578352130861305
Au      1.5142148223424492     -5.7322901329221558     -2.4276812984923275
Au      2.6963884375484963     -5.7196833868813624     -5.0068028781936409
Au      3.8512639888725735     -5.5414205694379017     -7.5813039766557679
Au     -5.5634664215305039     -5.1514153891683847      6.7079999052601735
Au     -4.5123636069084041     -5.2484165413008590      4.1850090254770080
Au     -3.3800408938506568     -5.2644544189247675      1.6009681622200276
Au     -2.2431234018575186     -5.2601792842028399     -0.9867160938537509
Au     -1.1192112274359480     -5.2267457788841813     -3.5711940479863600
Au     -0.0226806338365511     -5.2023286660463057     -6.1851446022392640
Au      1.7068083093875872     -6.9991071436541166     -7.1186472133698651
Au     -6.0035316061327979     -2.4226226205315164      6.6641328141361065
Au     -4.8878970295140292     -2.4139837810110549      4.0814161282609831
Au     -3.7459405837448960     -2.4637137233159052      1.4709853722318194
Au     -2.5983027825497720     -2.4610641668095283     -1.1286707783340795
Au     -1.4581244295517697     -2.4311544108970580     -3.7328827477218454
Au     -0.3062785895694524     -2.3479738094566223     -6.3370682463408290
Au      0.8359742939020670     -2.2891973993912398     -8.8937862827075307
Au     -3.6861702723607550     -1.1855974437824663      7.7073401011945037
Au     -2.5508912659618508     -1.1258521861756812      5.1576566351216897
Au     -1.4002972520464361     -1.1706418544870640      2.5313796231219605
Au     -0.2483945786307260     -1.1682241499228603     -0.0857409055451086
Au      0.8996628281551085     -1.1477190998558235     -2.7067603715459931
Au      2.0515431940531430     -1.0898423571335201     -5.3282629647666262
Au      3.1572580433914865     -1.0929420170056794     -7.8662282835434851
Au     -1.8691390066635816     -3.1993103238680121      8.4864374821508122
Au     -0.7101814931001229     -3.2025619489398807      5.9208816735388226
Au      0.4352813840950123     -3.2543208418209382      3.3078657570632259
Au      1.5815457169433418     -3.2521542362645732      0.7038113681479601
Au      2.7232666646926962     -3.2217692700334410     -1.9036688220185951
Au      3.8707884204493439     -3.1360968276402446     -4.5135975881821029
Au      4.9824545450344822     -3.0712227677917596     -7.0846598059120112
Au     -7.3852304136814819     -1.2692242133800562      4.5151657122337419
Au     -6.2729966122879919     -1.2591472827014574      1.9375150196217561
Au     -5.1257067788395769     -1.2965743983757623     -0.6835466508654235
Au     -3.9870141689278507     -1.2775030297185594     -3.2748852429586801
Au     -2.8331017809403498     -1.1987193266958656     -5.8901825181691265
Au     -1.6922204935108163     -1.1572841497539397     -8.4476283523321882
Au     -2.7390426091325768      1.2297339873674815      6.5961222152112775
Au     -1.6117771825512348      1.2792011852168050      4.0448556306910817
Au     -0.4542042541886619      1.2637220456743057      1.4046351060717015
Au      0.6964141888446944      1.2770747083584570     -1.2143645167387405
Au      1.8563921573102493      1.3192296096598506     -3.8496181816784532
Au      2.9695752841608893      1.3083341086696487     -6.3934312095899823
Au      0.8946237698071065     -2.8219503462049271      8.1571832196468179
Au      2.0548331794975363     -2.8316262673393844      5.5960792428023041
Au      3.2130448580068789     -2.8760428748210085      2.9785966608531034
Au      4.3567774946518290     -2.8572950280465523      0.3767757333459265
Au      5.5031903617556237     -2.7730603186949541     -2.2433764168172559
Au      6.6107419893737234     -2.7153267517961055     -4.8194410587563645
Au     -8.7745475580166090     -0.1034845353489704      2.3679473044672683
Au     -7.6238828193295500     -0.0786311469078154     -0.2244399203527472
Au     -6.5274707459673245     -0.0765177637077912     -2.8334677996821505
Au     -5.3491791601836258     -0.0356822685031712     -5.4054905047664867
Au     -4.2223167490438618     -0.0141555343418585     -8.0038936190780312
Au     -1.7798299523950061      3.6433646059464868      5.4677278147463824
Au     -0.6573021150290461      3.6988902877762477      2.8999826933504735
Au      0.4951090294658890      3.7264514041648829      0.2786726904503283
Au      1.6462619928541371      3.7300270745192652     -2.3416251083130177
Au      2.7766477060164516      3.7102891066712385     -4.8995422297940312
Au      3.6665049059689521     -2.4367616020042639      7.8200335085996393
Au      4.8463535738781021     -2.4626850887598692      5.2509215888790877
Au      6.0202667260106466     -2.4869517407142592      2.6676509082860740
Au      7.1328605220479808     -2.4215276594632122      0.0583613494749855
Au      8.2337002135358812     -2.3517333204126487     -2.5404611377929989
Au     -9.7018449489095158     -1.6975742644142660      0.3575120637263716
Au     -8.6491638501788390     -1.7109748154906406     -2.2220899497624522
Au     -7.5120260589523902     -1.6860256722502740     -4.8255137303088844
Au     -3.8708246524880483     -2.7740200832124717     -7.8420546927868831
Au     -3.1959473608610560      4.8518060701574877      3.3863747107357263
Au     -2.0539793775057635      4.8946009862742015      0.7426129546417748
Au     -0.8933310223037896      4.9136322987320113     -1.8979315583269241
Au      0.2806690167111999      4.9113944891754304     -4.5232293675563486
Au      4.6429338372619240     -0.0217524082114586      6.7745554140942126
Au      5.8102190556178064     -0.0207415882416431      4.1709506234628719
Au      6.9739343195608834      0.0000751737653708      1.5277333961723052
Au      8.1069640338479978      0.0415905878441283     -1.0877905950598006
Au     -5.5583955117175723      3.5902404975809326      2.3491048903134981
Au     -4.4260323121654839      3.6367559143982113     -0.2787401896471877
Au     -3.2437646151871373      3.6579379511434764     -2.9686228407865389
Au     -2.0749476397321569      3.6548667532796397     -5.5768424904384961
Au      2.7966406734567695      2.0102012145271768      6.0075069534845902
Au      3.9395807731592818      2.0167175626955656      3.4038001812947698
Au      5.1353489027154140      2.0374203474720423      0.6873522113811035
Au      6.2827784702458578      2.0723228434161749     -1.9106806989329037
Au      5.1947751475071060     -4.5483171834062066      6.9593527161209323
Au      6.3271328304573213     -4.6958204988013748      4.3530911803128660
Au      7.4878236894886907     -4.6731918480657608      1.7349641835374179
Au      8.6532946043435448     -4.4828974084702669     -0.8537456352087034
Au     -7.9012213367942294      2.3306235881047233      1.2965773278599642
Au     -6.7646032698354075      2.3664546067525229     -1.3496022907324914
Au     -5.6088148731863621      2.3884271626957103     -3.9800822507565776
Au     -4.4296027924900887      2.3978920176726399     -6.6047872488279769
Au      0.9732328537246767      4.0615607954643247      5.2024860370084873
Au      2.1135107173169785      4.0914845290789046      2.5800315315365729
Au      3.2829612040462877      4.1102973550442981     -0.0788340530714855
Au      4.4440756052532375      4.1195859580746772     -2.6886020681274836
Au     -8.3851104573057533     -2.8692362193779299      2.4893571049036183
Au     -7.3202859966323022     -2.9596954169194039     -0.1071747803674938
Au     -6.2012771094540238     -2.9363812236327416     -2.7099478653611371
Au     -5.0543151841114193     -2.9118679249460886     -5.2986555093727041
Au     -1.3643881132806477     -3.9075211994043464     -8.2854301270751129
Au     -4.1523422472928191      2.4319994580340492      4.4959983161396835
Au     -3.0216789647819065      2.4707742149563998      1.8848982622525661
Au     -1.8582389195040048      2.4628043430449686     -0.7661488721335381
Au     -0.6924678322717557      2.5066715410803626     -3.4134798132402810
Au      0.4643952018561016      2.5107933012584063     -6.0058738299133516
Au      1.8580749371187586     -0.4033116249183344      7.1129707126617276
Au      3.0155279103330139     -0.3931900958248811      4.5220470072640175
Au      4.1793474772339581     -0.4072867143188734      1.8692376241896973
Au      5.3475218494667258     -0.3537082434504786     -0.7791407007487692
Au      6.4764375582504758     -0.3200156971587269     -3.3763345698289502
Au      2.4561438734159058     -4.9164386413142989      7.2810268600415391
Au      3.5942036987650345     -5.0411664138585071      4.7247227188021022
Au      4.7372727788779860     -5.0468940410766709      2.0841073401197647
Au      5.9248182117887520     -4.9987589249553341     -0.5339315874255313
Au      7.0510814759145592     -4.8311835199030604     -3.0948965336741523
Au     -6.4942260309537145      1.1667661582713045      3.4452141798479374
Au     -5.3506945883804109      1.2147268459311400      0.8449016005665726
Au     -4.1912895478941863      1.2021928645477784     -1.7998012638730145
Au     -3.0276509395662128      1.2548427257843384     -4.4398763941759629
Au     -1.8884781981761425      1.2532155488447296     -7.0365638445982643
Au      0.0214806834963777      1.6434437490777594      6.3301251468713460
Au      1.1744064394399110      1.6620001836961098      3.7345742235066091
Au      2.3393523289364531      1.6565534230309700      1.0734434637180037
Au      3.5119493638904258      1.6977700868148897     -1.5816822893185005
Au      4.6443020153967476      1.7207953293262053     -4.1791042707583976
Au     -0.2938419942670447     -5.2994216194698289      7.5864284239466642
Au      0.8446479624410776     -5.4186756235562630      5.0441046984220748
Au      1.9819464954380892     -5.4343252829081035      2.4291638540048055
Au      3.1370360483787145     -5.4153660329104625     -0.1827673422694396
Au      4.3158807508275308     -5.3569643407847032     -2.7734807427233257
Au      5.4398354524575661     -5.1898592595036295     -5.3298344152025301
Au     -6.9917944286619402     -4.0347845435338883      4.6240339973091906
Au     -5.9284610562455056     -4.1278306231286717      2.0486420983180018
Au     -4.7854639699904311     -4.1384767499996364     -0.5531889776132388
Au     -3.6539064492804894     -4.1172344740431086     -3.1430105723182713
Au     -2.5310847094187814     -4.0560929075678391     -5.7479874919110703
Au      1.1348163133528462     -5.0253658007333648     -8.7616740704664196
Au     -5.0976256488146570      0.0091521298613753      5.5987734458591589
Au     -3.9606758380739508      0.0392858263651270      3.0005798122362819
Au     -2.8023277851967210      0.0148139733422727      0.3664335238861796
Au     -1.6480606015249124      0.0309860819812435     -2.2589497593373871
Au     -0.4914550479293405      0.0900094272882086     -4.8905233745346806
Au      0.6487300234267502      0.1100966195980160     -7.4749961404567458
Au     -0.9215145736033539     -0.7766102940708688      7.4365510056969129
Au      0.2348351367752116     -0.7573354903668221      4.8485876153335710
Au      1.3925207495735261     -0.7837783468551613      2.2076943729145633
Au      2.5478042124504885     -0.7675276312118235     -0.4225535692324875
Au      3.7089259771259266     -0.7066573427298088     -3.0584297984276425
Au      4.8348149832217482     -0.6783245205946287     -5.6474387284445395
Au     10.0753901634292493     -4.1243076816518798      1.4079062198750094
Au      8.9733508888147711     -4.1930364420143587      3.9608052718787050
Au      7.8238038177603508     -4.1676165371848928      6.4927322285172231
Au      9.6376160539797890      0.4325191294321531      1.2082536083820941
Au      8.6187976032763647      0.4094942503746495      3.8355394813947363
Au      7.3664591746962778      0.3912870290968495      6.3607867799569249
Au      7.9051045885763429      2.4445963084833497      0.3747218087799951
Au      6.7100947403168512      2.3786144380360223      3.0069903270390554
Au      5.5732275563536646      2.4022171800533121      5.6666889362715445
Au      6.0832728344530622      4.4602750299456542     -0.4175504247658353
Au      4.8783784038573472      4.4016676852557390      2.2132329278620873
Au      3.7511299262625366      4.4190429355786867      4.8800278201309020
Au      4.2254568606732699      6.4235337056717210     -1.1370236704157364
Au      3.0821282464968371      6.5179334968114704      1.4379494592241677
Au      1.9571770689751653      6.3853098290717840      4.0204434039672101
Au      9.3649897368677628      2.7641436857564647      2.6714405900409801
Au      8.2503050177322024      2.7435159009017376      5.2005691527663558
Au      7.6105312712973037      4.7652756396169664      1.9076428121658431
Au      6.4941643272266152      4.7448259666362915      4.4427482426479727
Au      5.7909525556271291      6.7031843014450398      1.1246661194323266
Au      4.6796946987031216      6.6833655018010703      3.6505241739231238
Au      0.0280021270335667      7.2195950182530968     -2.9901479079998872
Au     -1.0943098712167771      7.3092174922353372     -0.3921417538902539
Au     -2.2492699466671109      7.1797739798697746      2.1919552471859767
Au     -2.2495829901279567      6.0331217006723250     -4.0987659096905755
Au     -3.4623438423478641      6.0405626900818383     -1.4414121365293049
Au     -4.5997373269027539      5.9889036275325847      1.2506686827691347
Au     -4.6353617416288078      4.7581722322049318     -5.1528380511649630
Au     -5.8078901087687749      4.7820588272550264     -2.4796122425929852
Au     -6.9836004656949706      4.7124550368243856      0.1928109705168204
Au     -6.9654488155806629      3.4534693407276542     -6.0667972173620743
Au     -7.1597284266088330      5.7978072656315840     -4.6048810948775145
Au     -9.2261144467215441      3.4071146495800742     -0.9192342460222562
Au     -2.4805211838577597      8.3279276361979893     -2.5410610753401741
Au     -3.6212483955134358      8.3063492960081913      0.0571302912485834
Au     -4.9822862066941145      9.2254539870898391     -2.0812090013403548
Au     -6.0209196915624537      7.0791272720295693     -0.8661149236506134
Au     -4.7782940160379095      7.1033516026640813     -3.6972774302220444
Au     -7.2156091227228618      8.0132846025669107     -3.0698973376161316
Au     -6.3330770770649805     -1.6246687451672965     -7.3491208277682283
Au     -7.9229904409904357      1.0724230347264170     -4.9782364669246242
Au     -9.0577832888461902      1.0488683693542269     -2.3935324549817381
