         216
Au Au   -791.86711185   nogrup     0
Au     -8.7936155896851425      0.5344248022313458      5.6271511707668438
Au     -6.7726982334638066     -0.4860297460214671      4.0888926085676438
Au     -4.7462323297992910     -1.6613976924974914      2.5036809630644008
Au     -2.6860254059755899     -2.7731764681223847      0.9176605824832862
Au     -0.6081059543422089     -3.8627318401533923     -0.6759069580055623
Au      1.4748080960200729     -4.9233949850043057     -2.2672676785960277
Au      3.5903699430485885     -5.9198955148855052     -3.8585987561972832
Au      5.5796715641841761     -7.0021965474318115     -5.3957967754823635
Au      1.4347400255336074     -0.8631090473504415      9.9200426562244672
Au      3.5555002079135631     -1.9122881112832371      8.4631442441699178
Au      5.6297156601056564     -2.9998996219244987      6.8724187402436208
Au      7.5755440832902270     -4.0830283786667820      5.2106319917204118
Au     -0.3660272246553218      7.0813833532228507      2.1138984100941691
Au      1.7013800831979586      6.1473234306702329      0.5501762564757442
Au      3.7881336993557175      5.0531360948997266     -1.0501651478651031
Au      5.7531843073000415      3.8727785805631054     -2.5789563884127222
Au     -8.0309682039218089      3.1568555131592628     -5.1575074084686161
Au     -3.9334152591564173      6.3893303113040361     -6.9839101545473348
Au     -4.0020710122171170      3.7431808552559493     -7.7777621307132989
Au     -1.8788755865399569     -0.0690000415809200     -9.8755821316130277
Au     -7.8396223032480492     -1.9630303548035712      6.0668152595080507
Au     -5.8792393421986109     -3.1336518783444092      4.5605317369045970
Au     -3.8274794766825249     -4.2526063414730100      2.9702430703550249
Au     -1.7532019837280011     -5.3545468099859921      1.3749409766261600
Au      0.3328504433555688     -6.4340704629548284     -0.2203337273334469
Au      2.4226961767829072     -7.4867633231079171     -1.8062631441560217
Au      4.4657517204399140     -8.4153420029125510     -3.3702363513544782
Au     -9.2950366393946293     -1.3425464711036330      3.7339320306960779
Au     -7.3657577654324129     -2.4960964566825723      2.1722892364020225
Au     -5.3122199834114108     -3.6103604852258027      0.5808108592740382
Au     -3.2433339546547240     -4.7093455365221999     -1.0092394095932118
Au     -1.1636653797578691     -5.7856527419926191     -2.6007360405545565
Au      0.9246520199049175     -6.8431673786427858     -4.1856665539358708
Au      3.0013874469018700     -7.7901677294702267     -5.6962571237657063
Au     -8.6784916129140051      1.2469827899655783      2.9757171099492972
Au     -6.6340874573757223      0.1572510819207089      1.3730736539351867
Au     -4.5776251544575928     -0.9988606514430902     -0.2309440983710225
Au     -2.5013292478551632     -2.1032374818165174     -1.8235589751353380
Au     -0.4159702011397162     -3.1810218317551513     -3.4225389749301733
Au      1.7064399898600484     -4.2160994827302147     -5.0233201790674542
Au      3.7894675049866615     -5.2905839919508253     -6.5860261712302339
Au     -6.7690849274613747      2.2236386338695011      4.8138077199115763
Au     -4.7054757985419089      1.1881681139850215      3.2426518296681657
Au     -2.6329906325594141      0.0296955837587056      1.6330772393363588
Au     -0.5446148293528053     -1.0804187359905537      0.0285580277244293
Au      1.5546619641058157     -2.1660968004310579     -1.5784548434222021
Au      3.6841522971567682     -3.2109267063537423     -3.1913979059896089
Au      5.7121262948598028     -4.3208743855099012     -4.7580981402144555
Au     -6.3067346552072010      0.2357410490201204      6.7625011652280591
Au     -4.2391629544232847     -0.8673009414215898      5.2022049091947657
Au     -2.1789565886083961     -2.0262360537073807      3.6050890115564478
Au     -0.1011056647136526     -3.1322495501958958      2.0097481978087472
Au      1.9875333079743500     -4.2109302769782317      0.4097869034543322
Au      4.1061245999166349     -5.2431437170843740     -1.1978390304776525
Au      6.1634849470098896     -6.3030063904059386     -2.8009733460573152
Au     -8.4903776408414249      1.8976591915467038      0.2582051410390420
Au     -6.4526163797759857      0.8099346695132450     -1.3480090266177616
Au     -4.3855908106729355     -0.3424720014437916     -2.9682916518501479
Au     -2.3141724690757153     -1.4286202688171343     -4.5568730697553779
Au     -0.1796821196459311     -2.4792772459421464     -6.1587557697035855
Au      1.9046673056446530     -3.5529797818562052     -7.7138107217229646
Au     -4.6524513079056646      3.8683541623061153      3.9289554512432971
Au     -2.5986641522645284      2.8242765693214418      2.3556274137357214
Au     -0.5039308837761460      1.6861251679611593      0.7347680440925544
Au      1.5910327326958955      0.5876326959610987     -0.8718706372915364
Au      3.7200098832951793     -0.4889149575881238     -2.4901966341377015
Au      5.7538947381581895     -1.5882057578578213     -4.0517258003059098
Au     -3.7384360349754013     -0.1283174583171203      7.8347468517279708
Au     -1.6736148491617699     -1.2361545221057320      6.2817024097423442
Au      0.4021348862946392     -2.3935699157010450      4.6884446281788499
Au      2.4829751484337761     -3.4846554749831267      3.0926381029990502
Au      4.5986777508020680     -4.5250233281796763      1.4714497057278031
Au      6.6525643501749263     -5.5768258773775941     -0.1341635239260484
Au     -8.3065492481280572      2.5643971914648311     -2.4618530481540670
Au     -6.2329784019470438      1.4625638736379090     -4.0767497206733996
Au     -4.2241375894597439      0.3457462024983133     -5.7444221762916321
Au     -2.0749426104674171     -0.7177039549255966     -7.2655696561997409
Au      0.0271264964558342     -1.8053682267869942     -8.8529954185846798
Au     -2.5193537026329329      5.5029000986471424      3.0358623302479018
Au     -0.4599363202516336      4.4591834980700522      1.4471656175905672
Au      1.6394394808173469      3.3679970562188215     -0.1650388379829373
Au      3.7351972347108573      2.2594686160952042     -1.7701037684967318
Au      5.7819456027987668      1.1501198288150949     -3.3304465449255378
Au     -1.1568381086287283     -0.4902342922368401      8.9042815029504787
Au      0.9225732173329027     -1.6207042748710077      7.3587837479014020
Au      3.0045382671303562     -2.7535135854080242      5.8003807972314121
Au      5.0781537543285573     -3.7996759612200197      4.1718488434196921
Au      7.1396403884582176     -4.8404795531424512      2.5416717395984989
Au     -8.7889387843664633      0.6381245971126859     -4.3161219153252102
Au     -6.8486527490446498     -0.5250199521697834     -5.9608629977508176
Au     -4.6995967879847571     -1.6518782556209217     -7.6089852481876914
Au     -2.5482415487152679     -2.6341894513583810     -9.1021441295313714
Au     -2.3704681475341696      6.2293123056570119      0.3420220305934372
Au     -0.2676238844519889      5.1412916171452920     -1.2972710710106412
Au      1.8456166895242081      4.0332147685511623     -2.9179260192849359
Au      3.9621483627972260      2.9088065266176608     -4.5144949443785087
Au      0.9557273793304026      1.1694202547300199      8.0931167554946057
Au      3.0494229536595285      0.0552785029146001      6.5083370468223762
Au      5.1650936759716126     -1.0540703533516602      4.8858191398109838
Au      7.2507789586330089     -2.1313798997250970      3.2654126919596962
Au     -4.3255810111725621      5.2389653274186454     -1.5122828456163901
Au     -2.2394838031348483      4.1559992160754398     -3.1479484593007054
Au     -0.0876754412899921      3.0276987757936089     -4.7981818779070569
Au      2.0217926029336462      1.9107194447472287     -6.3801187274183118
Au      0.4700855864927935      3.1851821251524690      6.1347009570890414
Au      2.5457449138439188      2.0818458926410841      4.5368337507143330
Au      4.7197619210412816      0.9419021650275363      2.8695696573172818
Au      6.8088139031964987     -0.1385224558308069      1.2735003695474987
Au     -0.2619649900498668     -3.0476230771411590      9.3462886279451318
Au      1.7489036533692874     -4.2933274810371014      7.7652213207627980
Au      3.8476626451979206     -5.3938072724245885      6.1556746898447905
Au      5.9982595142238484     -6.3301596563869662      4.5452954602212330
Au     -6.2566096413740411      4.2430553279157959     -3.3668856073753322
Au     -4.1678812377538623      3.1385818377082391     -5.0223497576499305
Au     -2.0617756644767606      2.0342447632427136     -6.6375337940424615
Au      0.0762901033889918      0.9223962629601461     -8.2236226434550694
Au      0.0269720989804019      5.2002428852970830      4.1512245248424797
Au      2.1170033553935119      4.1127677723857703      2.5321912495062193
Au      4.2440928292208087      2.9974301037250237      0.9009157644023311
Au      6.3426971185989025      1.8885972388523271     -0.6923365209330630
Au     -9.0154481855412794     -0.0281262916625771     -1.6542381769358769
Au     -7.0421472458345331     -1.2092080947653390     -3.2668905930983883
Au     -4.9625578272301993     -2.3061865643462500     -4.8940950641634302
Au     -2.8526453756443155     -3.4059741698476049     -6.4798395844279941
Au     -0.7151832088843677     -4.3803706802834874     -8.0197532839865211
Au     -4.4949350167014366      4.5848451231875789      1.2232830484396651
Au     -2.4183208610431057      3.5069347172523768     -0.3977559300263209
Au     -0.3129679279458091      2.3677079061180244     -2.0269451851290938
Au      1.8242523845643444      1.2823434868092463     -3.6514082320077392
Au      3.9181376778994794      0.1734543674213986     -5.2287471598703661
Au     -1.6360706765753887      1.5380781267716914      7.0159418462276477
Au      0.4467153399162505      0.4393153403550798      5.4345172319930732
Au      2.5537301715965270     -0.7032703615701639      3.8107579241567819
Au      4.6884948961842206     -1.7848564849501081      2.1814755101558774
Au      6.7619585820271633     -2.8654176670938405      0.5754516324369554
Au     -2.8025643592692946     -2.6822402176658340      8.2773540177023506
Au     -0.7993827318637434     -3.8896901866382567      6.7373691789334593
Au      1.2856376674356416     -5.0177142104888937      5.1071121001105801
Au      3.4159394843815511     -6.0999875235323291      3.5046201014638108
Au      5.5106157683933485     -7.0412441520247420      1.9019380539184674
Au     -6.4287284875686996      3.5856617917965434     -0.6279546261269626
Au     -4.3470571510283733      2.5118715786787611     -2.2430200630929225
Au     -2.2573191629577591      1.3658674505071460     -3.8772861622468593
Au     -0.1132530288101723      0.2918764254081889     -5.4899475052186073
Au      1.9737658388921084     -0.8201850578946495     -7.0718741069208964
Au     -2.1011171486153986      3.5592390176588062      5.0462923503617674
Au     -0.0171106568386410      2.4675858457076849      3.4567487464333553
Au      2.0973738776903956      1.3311551798608363      1.8247146854705782
Au      4.2360346586220432      0.2374531590929365      0.1949904219556409
Au      6.3122698465682863     -0.8523126055041264     -1.4059767888736161
Au     -5.3503745759839330     -2.3341629351307418      7.1922707339747660
Au     -3.3503800410603404     -3.5311542079688305      5.6620879866903913
Au     -1.2836820331065226     -4.6567023778395988      4.0523890337497228
Au      0.8093444123058815     -5.7541780491370389      2.4472373848447404
Au      2.9199804558363418     -6.8190094909967645      0.8533194471590164
Au      5.0004646605456680     -7.7616139665686479     -0.7458375682430560
Au     -9.1877345962473633     -0.6957622587415706      1.0546768381087297
Au     -7.2243955834462348     -1.8678351750245774     -0.5454250058575028
Au     -5.1506241505776611     -2.9876074418334184     -2.1501614122326789
Au     -3.0733148762519447     -4.0768441534485778     -3.7432595294484372
Au     -0.9694959116220478     -5.1475897866295739     -5.3423377001334167
Au      1.1518308826077772     -6.1173090066190827     -6.8747875915887331
Au     -6.6089168180327889      2.9307927528690190      2.1046044547435407
Au     -4.5344642807950173      1.8500056656796025      0.4968990325306457
Au     -2.4473468465945958      0.7044449617916850     -1.1220461309327110
Au     -0.3473693838098360     -0.3966774222911287     -2.7325295445087736
Au      1.7836428746649571     -1.4628900331398800     -4.3484908246159168
Au      3.8680109498544106     -2.5627786663247978     -5.9302075962657899
Au     -4.2136504909197399      1.9074627970683444      5.9287636190432202
Au     -2.1303192242107123      0.8181807065768361      4.3455180572582783
Au     -0.0388864234709625     -0.3291188502396762      2.7287350562150579
Au      2.0640709988687194     -1.4318019820906329      1.1159664229322210
Au      4.1945999601594668     -2.4982843892915287     -0.5050946790810009
Au      6.2642657894579301     -3.5866222912632022     -2.1068040321870409
Au      6.3300437023140477     -5.5629550638118026      7.1088314980755989
Au      4.2917130547988824     -4.5391198071200503      8.6996392920046972
Au      2.2559642359348975     -3.4267196168229468     10.2332598760178755
Au      7.6669148205007351     -1.3454889882907786      5.9052872575521000
Au      5.6779235854365053     -0.2738678919965638      7.5909394955831644
Au      3.5408205501613783      0.8180206393758631      9.0696065057497677
Au      7.2973986088799858      0.6051258260627703      3.9547129839464930
Au      5.1445755084967555      1.6775171771760382      5.5612800906770090
Au      3.0601077293729353      2.8269429281914471      7.2043096760810634
Au      6.8379186667575365      2.5933509254275737      1.9921029266493768
Au      4.6794800869778168      3.6733299819754115      3.5902392124433327
Au      2.5972713612301583      4.8169308366169252      5.2442756486495128
Au      6.2998062623353412      4.5649493779901427      0.0802947548029671
Au      4.2698786438776972      5.7524684771663690      1.6345885494878480
Au      2.1726769181130408      6.7290072746091454      3.2454111980608680
Au      7.6296073505406223      1.3399351016649748      6.5723757910422655
Au      5.6043291491635987      2.4018849609848587      8.1255700830535673
Au      7.2077384812013747      3.3084591315350238      4.6710001843651412
Au      5.1780510042591992      4.3727222792624758      6.2275771957466866
Au      6.7186155677473103      5.2270837883766790      2.7310401271859241
Au      4.6968636646639901      6.2871875549609539      4.2815326726450564
Au      3.8960612929683416      5.5890111529834146     -3.7769361332074620
Au      1.8704356627666261      6.7741500967771398     -2.1926936359170615
Au     -0.2497653929728072      7.7628747707146379     -0.5974807284685131
Au      2.0667990064377291      4.6211543890507674     -5.6612116968663031
Au     -0.0883426091116535      5.7697060403953611     -4.0600669692774876
Au     -2.2113813623064962      6.8644190267356615     -2.3802532851464751
Au      0.0974149166133014      3.6166741874423112     -7.5381997436407691
Au     -2.0289687802760596      4.7746751962741012     -5.9102074403388034
Au     -4.1773150160003283      5.8581311178412339     -4.2598857629998097
Au     -1.8734217547194678      2.6255841313998536     -9.2752672214089120
Au     -1.8640929855468258      5.3042790022293502     -8.5708848316739719
Au     -6.0204146399053649      4.8000634985680648     -6.0949144753466911
Au      2.0081713582852587      7.2951332363371462     -4.8920880351768599
Au     -0.0687441296735480      8.3841647329720104     -3.2992914262306510
Au      0.0536409083070146      8.8173112139162910     -5.9586477178372501
Au     -2.0877425086626618      7.4698869558460474     -5.0866535621265587
Au      0.1704422012362401      6.2858060462605190     -6.8184668369021644
Au     -1.7964006839324789      7.8619623741209184     -7.7178026298594702
Au     -3.9943259240915685      1.0079242065985516     -8.4784874050625234
Au     -6.4877971088018320      0.0745265409682263     -8.5106628116513701
Au     -6.1191525060665644      2.1220780736393916     -6.8489463248395150
