         216
Au Au   -791.35690413   nogrup     0
Au     -1.3699606351126477     -7.6787854651775715      7.7599937323510009
Au      0.1954835996235449     -4.6936080237253668      6.2795962769867391
Au      1.0306960339446631     -4.0124670201947632      3.6668186219245467
Au      1.8302271018578160     -3.2907598652980932      1.0503894509587948
Au      2.6245621388127205     -2.5545330381524627     -1.5705504615494554
Au      3.4142897224698485     -1.8064717141625772     -4.1833494512003320
Au      4.1802264979222885     -1.0109578418835303     -6.7925814262406021
Au      3.2552490964072627     -3.4840555852466730     -7.7114057416738708
Au      6.2824004877822199      3.3382987725988431      7.2033684963229820
Au      7.2086093218425482      4.1354376205294141      4.7467240925671117
Au      7.9996743250395204      4.8660640947195049      2.1417410394092098
Au      8.6075517220765434      5.4875328909349932     -0.4607641880138527
Au     -4.4706522036806220      4.1330807053803156      4.1906416611899697
Au     -3.7841220330117444      4.9539463490113569      1.6543462557894468
Au     -2.9859929195003803      5.6968581145053374     -0.9758634788654668
Au     -2.1281193390286628      6.3012421071919045     -3.5248879974683529
Au     -5.3932663397815928     -9.6713415650858181      0.1003617976306508
Au     -9.8198051537383773     -1.1867283237606783     -1.9637604178435186
Au     -8.2415596267102931     -2.8629049790994925     -3.4415166565078401
Au     -5.5572337841112169     -3.6750626474852774     -7.3505225135498709
Au     -0.5248722872903011     -5.3532042043282333      8.8031614814381260
Au      2.0382817846582735     -6.3146784101167599      4.8420507190013655
Au      2.8138854156665856     -5.6066917250485586      2.2157391316931605
Au      3.5920322098553878     -4.8845325252428067     -0.4092939272372593
Au      4.3688888190692268     -4.1496407538581552     -3.0277769093682334
Au      5.8677182497713654      1.2010785637771200     -7.1651294558630738
Au      4.8648776222859151     -0.3208239073954680     -9.3208137347976070
Au      1.1892862789570771     -6.9424078463962138      7.4091708674065995
Au     -0.5676006946594621     -7.2115069589425316      5.2548924671836961
Au      0.2094865292630397     -6.4995427211056436      2.6674693117274213
Au      0.9855327907718461     -5.7920461160633385      0.0634285932340894
Au      1.7556074357608420     -5.0610272449760290     -2.5479611133910964
Au      2.5252886660460034     -4.3140137056924006     -5.1640578380418560
Au      7.3549392498845672     -0.5390751353157723     -8.5137951786038428
Au     -2.4787595631248047     -5.4416841220599350      6.8088942102647447
Au     -1.6762635755601281     -4.8561884493177585      4.1779065399922342
Au     -0.8487814206545212     -4.1477520849909117      1.5427129760413951
Au     -0.0458197870586030     -3.4241883660092105     -1.0792749751660189
Au      0.7498305807001919     -2.6738260650910943     -3.6946958960120373
Au      1.5170692741908764     -1.8729557705067839     -6.3064064901400663
Au      5.1387541044293421     -3.4100975462431729     -5.6402347434919822
Au     -1.5362896495350005     -2.9920546069048823      7.7551476553576695
Au     -0.8133408683507306     -2.2946911955517626      5.1698581431833706
Au      0.0129214949497585     -1.5905311147605206      2.5233603780408540
Au      0.8162115770973253     -0.8563899512071336     -0.1127857302371496
Au      1.6143606636024339     -0.1059451156006377     -2.7474593492428951
Au      2.3917861881768649      0.6792269089004037     -5.3868515478611165
Au      5.8220718199216179     -2.6473337422496774     -8.1939867858223003
Au      1.1512441389713348     -3.1997572160183525      8.4416086491182103
Au      1.9400618054629473     -2.4889723269713544      5.8977646467899856
Au      2.7780953633465364     -1.8056482356363199      3.2743161785940789
Au      3.5769423677408563     -1.0815603238254274      0.6580458824199003
Au      4.3657755020436610     -0.3375453579094438     -1.9568155293453255
Au      5.1279127362242924      0.4498555135310331     -4.5796660604260921
Au      2.2902981577059491     -1.1391954077027426     -8.8476645213150000
Au     -4.3338621387157525     -5.5935327027313226      4.6672668633311059
Au     -3.5306974952956880     -4.9790582593386903      2.0506147340678655
Au     -2.7167744949509780     -4.2831918113440031     -0.5972422448768189
Au     -1.9089923920120704     -3.5356449820900471     -3.2030243608391036
Au     -1.1279674698289677     -2.7322441273861804     -5.8217444358029020
Au     -0.3294797492117194     -1.9920335242078648     -8.3622946028083476
Au     -2.5417318312212611     -0.6214035572507139      6.5853164028438282
Au     -1.8016556395176506      0.0978283043166215      4.0102844721192259
Au     -0.9811175409291790      0.8211216674689590      1.3530591089241764
Au     -0.1791809609650801      1.5662244978445123     -1.2823634748993289
Au      0.6111711361757239      2.3390107841394627     -3.9364354940301300
Au      1.4109144842755921      3.0290533364181016     -6.5034160554585974
Au      2.8745762454077646     -1.0198017682767846      8.0479691247999821
Au      3.6740008981590293     -0.2966468289042021      5.5060137681088488
Au      4.5192802202170395      0.3960909356003341      2.8799835056043488
Au      5.3087665259575534      1.1252154181348102      0.2802064384703939
Au      6.0571399231808467      1.9066783297953345     -2.3483880438752429
Au      6.8004212611017749      2.6193998960714389     -4.9056188800182792
Au     -6.1890405943119529     -5.7180612710039975      2.5297707516627472
Au     -5.3899979602934476     -5.1067844005473679     -0.1116440350462256
Au     -4.6002045071413828     -4.3890464379380605     -2.7389894320785544
Au     -3.7772905335985083     -3.5890840530276398     -5.3194539844272786
Au     -2.9616029805890838     -2.8512159263929773     -7.8792052692094758
Au     -3.5320833208194102      1.7634443953531074      5.4067252575241493
Au     -2.7843507510597654      2.5029727295941191      2.8229474107026267
Au     -1.9881697550764370      3.2566877939192231      0.1845704845183835
Au     -1.1811008057507246      3.9944161752624976     -2.4561322974014157
Au     -0.3670255368938888      4.6882886151042680     -5.0369681970064324
Au      4.6034629906892750      1.1681731440224228      7.6503931133964667
Au      5.4042178357635837      1.9062981104131831      5.0930679630753435
Au      6.2668547495118485      2.6357270417303891      2.5160466821865075
Au      6.9823706197649358      3.3647004469691071     -0.1053615928990173
Au      7.7378826506824261      4.0671147471733162     -2.6864012893193294
Au     -6.9091830687434044     -8.1037957931841085      1.4896152937623359
Au     -6.2335020188505634     -7.5333139362877288     -1.1470698571466809
Au     -5.4071516624532494     -6.7855434624353341     -3.7194990448696998
Au     -2.0002223464582851     -5.1827428639050046     -6.7500129923527474
Au     -5.4307430458002202      1.6382590127893284      3.3402879457446684
Au     -4.6452853345328275      2.3829448564760085      0.6945189399930545
Au     -3.8366261369686532      3.1388745479847637     -1.9690599132532594
Au     -3.0125969849357883      3.8719966741508993     -4.6163883128117646
Au      3.6160439367904900      3.5714944037266823      6.6261340136882456
Au      4.4627017774332742      4.3147569166135629      3.9993993837501787
Au      5.2718080478940879      5.0622567383648800      1.3347679436164288
Au      6.0269227271819297      5.7997490900925834     -1.3228814697120299
Au     -6.3112288907492147     -0.8868118784638570      2.3689544721179292
Au     -5.5186937890439385     -0.1725962543402391     -0.2552583925816059
Au     -4.6948221964789498      0.6007955717581108     -2.9681098433944175
Au     -3.8798652064696091      1.3455746846621501     -5.5962444110541814
Au      0.8892781415781155      3.7534698537409996      5.8701519668518731
Au      1.6951564612751318      4.4807487153224734      3.2482885406892752
Au      2.5263169385361266      5.2485559868853571      0.5120593561145501
Au      3.3112626939896259      5.9913220052024849     -2.1151517038655889
Au      6.3389420605053886     -0.4481441138596756      6.2235452073353255
Au      7.2304009655615085      0.2006923809445933      3.6502129662746317
Au      8.0206804725016454      0.9303890779748079      1.0433108003386717
Au      8.6960430660510806      1.7292858928130244     -1.5504666077996845
Au     -7.1943772761202549     -3.3935560057259222      1.3698725911437943
Au     -6.3983261225217110     -2.7172761207294380     -1.2673830757865083
Au     -5.5929448783528066     -1.9573470194216052     -3.9273393632913756
Au     -4.7581036427989973     -1.1777646117796321     -6.5574541338409968
Au     -1.8345660765961807      3.9631260315268619      5.0824835000028781
Au     -1.0520478751016884      4.7039585217619013      2.4431069607032274
Au     -0.2379168973744954      5.4567691085090653     -0.2348969376737351
Au      0.5794961500359663      6.1926149568162447     -2.8704383627557526
Au     -5.0417174445557800     -7.9763776697894224      3.5690377681775995
Au     -4.2881432380429567     -7.4665399065675677      0.9930325087214005
Au     -3.5617338450210854     -6.7766369131152056     -1.6190875493174843
Au     -2.7612102474531666     -6.0355807182153720     -4.2010848156907059
Au      0.6325412500088097     -4.3284193389450776     -7.2294536933183018
Au     -4.4498520562956054     -0.7371621131587505      4.5070048323946441
Au     -3.6753071447426136     -0.0378981449332922      1.8788821869898289
Au     -2.8494450559350817      0.7018806002232090     -0.7892788102723109
Au     -2.0541353660235560      1.4807340336317436     -3.4568060503048823
Au     -1.2393243591749026      2.2141893796860330     -6.0744990378192618
Au      1.8917284607683926      1.3708393803495476      7.0171585109784100
Au      2.6700481678486985      2.1164085277684412      4.3999429559992951
Au      3.5101739851481448      2.8387460912341282      1.7371544743845622
Au      4.2887448466165763      3.6127221798963105     -0.9306662700758022
Au      5.0921680524297486      4.3329048116717495     -3.5503527767412830
Au      4.6122192326792906     -2.6346274140261761      6.6235549697891880
Au      5.4929234853800599     -1.9827805586979510      4.0575672040162285
Au      6.2898390523963261     -1.2737898692601126      1.4248910259282876
Au      7.0812731648769338     -0.5177149461685229     -1.1927961028182228
Au      7.7624907030827544      0.2759572106436341     -3.7670398866020829
Au     -5.3257281004036185     -3.2361838665599416      3.5211858036914432
Au     -4.5467464654405534     -2.5738728896992784      0.8988283892895996
Au     -3.7233550699256570     -1.8359431491133291     -1.7623591122139288
Au     -2.9284006025583054     -1.0439219180895902     -4.4169838277227562
Au     -2.1136481740888673     -0.3236090283892823     -7.0382010312156726
Au     -0.8483913342895431      1.5722575652408510      6.2489007378178822
Au     -0.0624384794309019      2.3092159127587895      3.6343741958359619
Au      0.7657383691674737      3.0401864834123771      0.9613225345677723
Au      1.5628026646697220      3.8117949674856360     -1.7123256825138728
Au      2.3572038287386707      4.5358422161890992     -4.3337632938235604
Au      2.8931146433668866     -4.8163230397606709      7.0197779053379268
Au      3.7680024332670907     -4.1703426155731362      4.4499698567561534
Au      4.5618906880351586     -3.4642574187782413      1.8182205767822470
Au      5.3510160637926676     -2.7353279382079529     -0.8046479314869313
Au      6.1338696294920503     -1.9830753000817500     -3.4134736461593818
Au      3.1729897148285735      1.3642900498277006     -7.9529338437603583
Au     -3.1946996571315083     -7.8319283471360981      5.6914756364199715
Au     -2.4358947429462088     -7.3343211819238929      3.1352111626920607
Au     -1.6536760715134422     -6.6257981963730677      0.5244469755889387
Au     -0.8967146269671411     -5.9174070390033178     -2.0720361980921691
Au     -0.1206566432933140     -5.1675680327467193     -4.6861565925043482
Au      6.8634286278773704     -1.2180550140502744     -5.9922455650488953
Au     -3.4594178504873199     -3.0956461167899620      5.6594409550299023
Au     -2.6827119956922134     -2.4385804002620501      3.0376475562161733
Au     -1.8628278175653534     -1.7209674235723584      0.3828523404379265
Au     -1.0567797343021530     -0.9697220618017157     -2.2575368449105984
Au     -0.2740111778143945     -0.1795446308232629     -4.9052398791610123
Au      0.5264358202443535      0.5423418371267310     -7.5187580735771249
Au      0.1587664732934715     -0.8120170822518729      7.4027809608935637
Au      0.9269469534007313     -0.0814172244830207      4.7888304723627062
Au      1.7599070238832482      0.6276361968756516      2.1337693537209059
Au      2.5629851004561965      1.3700972612163289     -0.5081735772772475
Au      3.3433247620762909      2.1497040541025543     -3.1618063655163482
Au      4.1349444029845301      2.8765834060331699     -5.7695574374258864
Au      9.5602155501022157      3.1611458355549029      0.6690410796866129
Au      8.8678327752815918      2.4369410936997120      3.2483129723239639
Au      8.0088619129682463      1.7281329637593057      5.7820209955888107
Au      6.9285820934029694      7.1704462867151282      0.9498034002961173
Au      6.2346600470671056      6.5090685697624302      3.5919984152920019
Au      5.3538673064125808      5.7155963048075309      6.1399141017102590
Au      4.2635376625463763      7.4407058034095908      0.1281457338699923
Au      3.4609942073272641      6.6380364458139178      2.7869561646158214
Au      2.6425534727984368      5.9438708342410358      5.4700830128508091
Au      1.5510551919269013      7.6348196426443113     -0.6425070580526864
Au      0.7347553094181585      6.8328964255202234      2.0144458557283951
Au     -0.0716213311459919      6.1372858998161455      4.7020011750889861
Au     -1.1453105785008626      7.7647755234541904     -1.3425785008647182
Au     -2.0220481057136110      7.1150025086108037      1.2560547894925183
Au     -2.7260645865752009      6.3058036094596019      3.8598302988622759
Au      5.1411714117087843      8.7136282073498101      2.3871841517979657
Au      4.3683761555838139      8.0000341360816947      4.9344440285294500
Au      2.4758217800904445      8.9632445802348215      1.6415279649650873
Au      1.6991829001238159      8.2465792237188751      4.2005136138211387
Au     -0.1860189700919381      9.1061117186013689      0.8785138202187408
Au     -0.9605446488874620      8.3918294727756972      3.4289043736746283
Au     -4.7449299447257509      5.4303462766261310     -3.1114636557011437
Au     -5.6015707187387189      4.7915238064441690     -0.4822980595296951
Au     -6.3376867375333035      3.9585823911554630      2.1226346516204107
Au     -5.6486333293407984      2.9792577121972350     -4.1369255832604033
Au     -6.4776408596858452      2.2379846220508570     -1.4633310279788496
Au     -7.2787417200833158      1.4809649461228291      1.2039412482969976
Au     -6.5199979687949554      0.4548728308803884     -5.1122446261680459
Au     -7.3095450413556495     -0.3097614710264844     -2.4310704033738055
Au     -9.0686140279437861      1.3106362556887303     -0.9704409505454432
Au     -7.3491717098162557     -2.0730596441184490     -5.9933207774064865
Au     -9.0311915997119243     -0.4767905707899773     -4.5090607809200414
Au     -8.9478084153753485     -3.5229814106900728     -0.8081654207199804
Au     -7.3251221867301322      4.5660796020191086     -2.6209040049340153
Au     -8.1598888309737792     -1.0402059311864802      0.2250423116747466
Au     -8.1340123517218146      3.8264895699205121      0.0213764382147748
Au     -7.9652688874052799     -5.8532046027369651      0.3277114384096560
Au     -8.2567343501234713      2.0477969601961385     -3.6112981546900880
Au     -9.7302817046983137      3.6297904759377424     -2.0724736553792678
Au     -4.6006382594057893     -5.9949460319501222     -6.2337275612541294
Au     -6.4737343392228635     -4.4954555482452365     -4.8933082773915650
Au     -7.2704709372836103     -5.2237269871953051     -2.2835264825288775
