         216
Au Au   -791.86711185   nogrup     0
Au     -8.7354479539544787     -0.5904067678073606      5.7115253048767372
Au     -6.6339674424388839     -1.3392229342700439      4.1257343811196243
Au     -4.5108132830695364     -2.2399436189924700      2.4880914418907984
Au     -2.3609764795191270     -3.0738049710493733      0.8513714347623242
Au     -0.1960112747739973     -3.8834395831154218     -0.7923339579477648
Au      1.9708305300923119     -4.6638917036176952     -2.4329635632154414
Au      4.1632164688180540     -5.3770597544239518     -4.0718045035805233
Au      6.2399433447587995     -6.1907734101697542     -5.6582297724950976
Au      1.6320933439508656     -1.0046661734579239      9.8761136885476475
Au      3.8368486788473684     -1.7737110698889520      8.3699337735726829
Au      5.9979528565771254     -2.5819000429051062      6.7291593080157419
Au      8.0301337740198235     -3.3973436335158631      5.0185321470488340
Au     -1.1028352686027176      6.9327160651639081      2.3387527917015092
Au      1.0352628592231963      6.2755505297334704      0.7298601797366544
Au      3.2094289265594114      5.4624753500879830     -0.9208312572743225
Au      5.2727079845282203      4.5484467444927690     -2.5017481900754728
Au     -8.3824840119514015      2.4261813983044949     -4.9909613619051285
Au     -4.6781152948432467      6.1365708511818555     -6.7474420462095068
Au     -4.4702738167320071      3.5238999914211551     -7.6236693892207121
Au     -1.9726724004554899      0.0290999623404904     -9.8574757504189847
Au     -7.5129786663742060     -2.9823857618998417      6.0646506900920727
Au     -5.4551332092285314     -3.8879337098802136      4.5065719232071935
Au     -3.3129693416349002     -4.7297092594273167      2.8654268581612321
Au     -1.1503102779948025     -5.5519919554859456      1.2196255654996548
Au      1.0216397929429686     -6.3507282140584529     -0.4255361068963239
Au      3.1945772995564474     -7.1226764838720076     -2.0605425841876865
Au      5.3078761055715846     -7.7770169335637398     -3.6693185444471066
Au     -9.0532070609058231     -2.4520539435084263      3.7642129374492441
Au     -7.0287501584147201     -3.3423136757019449      2.1515938769672829
Au     -4.8853366144365573     -4.1791998618462287      0.5093935161250975
Au     -2.7282959623494301     -4.9992873729540754     -1.1310220877929673
Au     -0.5629961450833312     -5.7956307249221943     -2.7722547364210257
Au      1.6089519466540114     -6.5725662169566732     -4.4064022683926449
Au      3.7583234649860873     -7.2431985844903615     -5.9626743631877730
Au     -8.7279272151855292      0.2108076630837594      3.0830097116983346
Au     -6.5963657061863863     -0.6023494413541464      1.4304985140488640
Au     -4.4456787722474651     -1.4801197889671602     -0.2255748597673062
Au     -2.2807199021055866     -2.3046862639950803     -1.8687817494553762
Au     -0.1096897652065758     -3.1016545958412429     -3.5175854142548797
Au      2.0935514975227796     -3.8521275990191732     -5.1671410369645301
Au      4.2623216140017863     -4.6471723066706936     -6.7795661184429772
Au     -6.9140911051732203      1.3316384195738005      4.9355791296138385
Au     -4.7689263992609572      0.5735154645002254      3.3160938076607991
Au     -2.6021210535689954     -0.3047010002750792      1.6542641972490983
Au     -0.4246713967318136     -1.1333009237362983     -0.0011179779798276
Au      1.7609535551208897     -1.9363652977726336     -1.6583103238482426
Au      3.9721461237396527     -2.6953936204867723     -3.3203851225835717
Au      6.0899622099908441     -3.5315038895787705     -4.9374786790645224
Au     -6.2181131406074002     -0.6530676192488123      6.8169266352613569
Au     -4.0616055007486889     -1.4782374549446686      5.2061341387761644
Au     -1.9068156685808515     -2.3586199539126689      3.5568396750228573
Au      0.2598334832190705     -3.1845621967255369      1.9108442682074056
Au      2.4342100076686801     -3.9820381865651182      0.2610050622581319
Au      4.6332697019661637     -4.7298701343212333     -1.3952706741305185
Au      6.7744880326791730     -5.5119271612989920     -3.0474373764900697
Au     -8.6419301889095923      0.9604286614923998      0.3859169426292368
Au     -6.5172278770241281      0.1486588602296006     -1.2700464014300419
Au     -4.3566236947668511     -0.7237919730173559     -2.9423440673314776
Au     -2.1984326238690897     -1.5308929108033489     -4.5809064740434700
Au      0.0184838977720356     -2.2955079971046022     -6.2321503317510025
Au      2.1885701625323177     -3.0898656675767118     -7.8369145429154656
Au     -4.9971921373321759      3.2215945772142254      4.0860237437182256
Au     -2.8608891165814732      2.4539258839329818      2.4641746988973878
Au     -0.6742850131100462      1.5986503838638697      0.7915284073972906
Au      1.5084366646596963      0.7823753664128779     -0.8656586225585414
Au      3.7224746408730320     -0.0080621294574001     -2.5341086373528938
Au      5.8450769144642045     -0.8331014240352559     -4.1457449378637872
Au     -3.6135140005422257     -0.7699744732552993      7.8565450380983393
Au     -1.4591416912125954     -1.6004256081196822      6.2528713389987409
Au      0.7109799640914327     -2.4777354044524351      4.6073558327113986
Au      2.8789865398970904     -3.2885066122715436      2.9613409650969089
Au      5.0758982904913630     -4.0443410202295365      1.2912759998408667
Au      7.2127670026893380     -4.8186901964474611     -0.3630860189302183
Au     -8.5619535165808216      1.7256240418849913     -2.3131799543113374
Au     -6.4002297468860903      0.9039699452122631     -3.9785529522001433
Au     -4.3018430092902609      0.0620409708837268     -5.6966285820375706
Au     -2.0680112281135146     -0.7161535694436232     -7.2677002977379690
Au      0.1208275585368459     -1.5214835861925540     -8.9053998024214458
Au     -3.0629246052157977      5.1034770798608076      3.2277800811745543
Au     -0.9212378917419470      4.3372438086154652      1.5905368440863796
Au      1.2650189367121365      3.5288752969590673     -0.0720179575378417
Au      3.4496285443336268      2.7026659882180475     -1.7279541501093565
Au      5.5861150022582127      1.8689856716217532     -3.3388253457052564
Au     -0.9959555091698782     -0.8832342115336882      8.8934143424473433
Au      1.1754457975260599     -1.7348274051813029      7.2964532005982896
Au      3.3494910392649779     -2.5880756674001688      5.6864994316408577
Au      5.5051026718470872     -3.3539920773560432      4.0092494964442622
Au      7.6480612284076397     -4.1158429329900041      2.3306217106307017
Au     -8.8550342745857229     -0.1841434877267183     -4.2232683585082160
Au     -6.8195446600428546     -1.0802107305086608     -5.9193342253167707
Au     -4.5804638681207326     -1.9175622867009281     -7.6193091279793972
Au     -2.3529087046674557     -2.6157482068586955     -9.1598702958439819
Au     -3.0238180990525421      5.9233993100217575      0.5570482875943128
Au     -0.8347613609544480      5.1193760670786128     -1.1325091439123689
Au      1.3670022337341958      4.2959797843065566     -2.8041534930735956
Au      3.5740719827714922      3.4559784277403782     -4.4522644519745818
Au      0.9161278564854591      1.0188853490505503      8.1180120082024523
Au      3.0995230275372307      0.1862572778570080      6.4821888185470868
Au      5.3038184981605356     -0.6380846654500161      4.8086221789745700
Au      7.4748772558854579     -1.4338939150379488      3.1384156100757394
Au     -4.8818015336400418      4.7845187449378894     -1.3117932594746513
Au     -2.7098958532330211      3.9835988129761715     -2.9974310025300692
Au     -0.4679475702815235      3.1451747644006405     -4.6995845127133649
Au      1.7314672323630456      2.3113475012112650     -6.3327805220860682
Au      0.1938827177453673      3.0290623835923185      6.2280134754077316
Au      2.3580352327837359      2.2056209265498969      4.5795954906891652
Au      4.6231212596686788      1.3585441256845554      2.8598749481518659
Au      6.7981386384761677      0.5592627329515931      1.2138674547228057
Au      0.1742257556414786     -3.3412278410551703      9.2474626778007760
Au      2.2894984219998160     -4.3136505366666427      7.6118694926260524
Au      4.4761737320252530     -5.1314020959851234      5.9516817865188010
Au      6.6966885307357469     -5.7804368256817380      4.2954169913120275
Au     -6.7152454390759502      3.6427196484496838     -3.1813012668370995
Au     -4.5386309391809974      2.8213165793308272     -4.8874252106683631
Au     -2.3442989873725986      2.0007006775736427     -6.5534262991505745
Au     -0.1170542007784658      1.1751886852950371     -8.1908399016556057
Au     -0.4862943835153390      5.0438996364729789      4.3126038276212526
Au      1.6901958067250131      4.2384162555811677      2.6434158800527428
Au      3.9063883890361182      3.4096242935695020      0.9608166981561013
Au      6.0939951823283369      2.5830611653431301     -0.6833463967336364
Au     -8.9781551931534445     -0.9516958129889197     -1.5819567671519916
Au     -6.9075469536123180     -1.8630000881910949     -3.2467791543374211
Au     -4.7405050213802848     -2.6788035280170170     -4.9243510671821209
Au     -2.5425441130233932     -3.4953845388846005     -6.5608167129349937
Au     -0.3301862363660506     -4.1857855007431812     -8.1477462303555868
Au     -4.9485709799421080      4.0329508934608942      1.4030838119492941
Au     -2.7864717126925975      3.2355832910053808     -0.2676996883590910
Au     -0.5892887845344852      2.3806407417731332     -1.9487910335849232
Au      1.6338240471423344      1.5825201273030336     -3.6237182413193008
Au      3.8169276371697376      0.7549071831579406     -5.2519398517244795
Au     -1.7123840463073017      1.1379732568225558      7.0737994352075368
Au      0.4585469654904613      0.3193450137739724      5.4419028846001289
Au      2.6578047842465180     -0.5389214457013498      3.7661181729447399
Au      4.8780140876116853     -1.3334075719422724      2.0865122580792814
Au      7.0374378542841249     -2.1342058945152580      0.4306765635095431
Au     -2.4029427857561925     -3.2201127887304182      8.2109746550237901
Au     -0.2989658888158666     -4.1566042357680963      6.6177093681255421
Au      1.8767843816213949     -5.0025801395336895      4.9360642394463099
Au      4.0929363371112126     -5.7990474888710466      3.2832477656551795
Au      6.2584768661475358     -6.4592318862708762      1.6349702804593349
Au     -6.7843726146312964      2.8874992708728531     -0.4631416931835126
Au     -4.6176211827521012      2.0945908631379337     -2.1278649167144792
Au     -2.4352881743493868      1.2313826369901930     -3.8141188020501691
Au     -0.2064602239662703      0.4449442415654730     -5.4769474157394757
Au      1.9701075755956841     -0.3864232775039813     -7.1097981919004543
Au     -2.4148645324673219      3.1560810563283050      5.1725770456450171
Au     -0.2435783089220203      2.3448965925826650      3.5327808717533280
Au      1.9623480428223326      1.4938058877992999      1.8488602006106163
Au      4.1877306091296589      0.6877151296576312      0.1683998318075339
Au      6.3509587073760443     -0.1220835544199854     -1.4826936358702163
Au     -4.9855978804068251     -3.1164818741169711      7.1578595024743521
Au     -2.8858044410143848     -4.0432241902186785      5.5747457816258716
Au     -0.7283014292653682     -4.8893463354826370      3.9138731088569791
Au      1.4524026811634836     -5.7048664824088338      2.2582183304001333
Au      3.6472239089199676     -6.4863879617101610      0.6146785455842974
Au      5.7988424358546595     -7.1495517669224142     -1.0300043843631954
Au     -9.0466904295096562     -1.7161962874118739      1.1058825123708651
Au     -6.9868140337654268     -2.6200099105820716     -0.5460315533288771
Au     -4.8228436143195044     -3.4597773689336666     -2.2018185557900765
Au     -2.6585146860315212     -4.2691739625454161     -3.8450409993583659
Au     -0.4698918800158598     -5.0571505845112981     -5.4938691561430471
Au      1.7260070710008608     -5.7448751107315204     -7.0730630331297668
Au     -6.8618667688031110      2.1341089688549140      2.2487940689296515
Au     -4.7014549176286380      1.3332426210827677      0.5912645232441065
Au     -2.5216005037037594      0.4697235268475080     -1.0796412107837625
Au     -0.3336542809966212     -0.3485053975454804     -2.7407944264414930
Au      1.8813206088717622     -1.1285253530957711     -4.4065710949428478
Au      4.0539438841917423     -1.9480896239087588     -6.0388082658062388
Au     -4.3269534387375703      1.2596232827482226      6.0194975303726359
Au     -2.1565225145968667      0.4505292199779625      4.3860754909374897
Au      0.0278328709487474     -0.4143176050121831      2.7172406479091400
Au      2.2188832023886014     -1.2337067563422632      1.0537304400023366
Au      4.4333480061712827     -2.0138919606169878     -0.6171486761939882
Au      6.5898837400967771     -2.8229591329151873     -2.2688860923028358
Au      6.9730058283585752     -5.0602852305157473      6.8791017723907508
Au      4.8544482928007424     -4.3115944758142746      8.5176609185069765
Au      2.7282652712193629     -3.4728789689487733     10.1018332502579078
Au      7.8339041998125190     -0.6883847358702102      5.7983108800375973
Au      5.7603257215459518      0.1102324918979729      7.5327748271539718
Au      3.5349701463701253      0.9192888940995525      9.0621886134829595
Au      7.2342105479055139      1.2693651704670970      3.9131674552258104
Au      4.9967815152428665      2.0534540005195234      5.5699252186482369
Au      2.8194204476735152      2.9203663317565036      7.2650056253364035
Au      6.5408919238828513      3.2551339313431908      2.0179007799091906
Au      4.2969674182159743      4.0464113437431370      3.6665167017393543
Au      2.1226044576502354      4.9074453101449986      5.3723952141966542
Au      5.7717720676943802      5.2143381512390814      0.1735155784235616
Au      3.6435170368149992      6.1276962924363652      1.7806683951904496
Au      1.4717585903936272      6.8224191246020922      3.4382137574836875
Au      7.5150562989442431      1.9557235270157634      6.5499275896583882
Au      5.4049403448422311      2.7448437340924672      8.1519894245567066
Au      6.8619467600928026      3.9241146996009171      4.7149409098838753
Au      4.7472354896230033      4.7149537836163802      6.3204918886825929
Au      6.1469169019599743      5.8368309014907140      2.8403575423656910
Au      4.0404732225115829      6.6245793036615845      4.4396327642914777
Au      3.2279741180998496      6.0896449324118604     -3.6301503369406802
Au      1.1045919876113615      7.0001908983893903     -1.9931754260894827
Au     -1.0915203604073396      7.7050114987424951     -0.3506621432543930
Au      1.4923380763906424      4.9876244187775143     -5.5292461630476861
Au     -0.7556639155829306      5.8473048127677876     -3.8754917838939651
Au     -2.9650558465649905      6.6545610562269584     -2.1450609230776898
Au     -0.3785649290527697      3.8338492918139346     -7.4210893082933804
Au     -2.5986919957032204      4.7052088330043240     -5.7404332666350975
Au     -4.8323671381390927      5.4994409571160885     -4.0396321761660516
Au     -2.2507634874344240      2.6889628289548044     -9.1726523595634788
Au     -2.5221067847301168      5.3302870980150807     -8.3843465677576372
Au     -6.5714792996753797      4.3047836923081162     -5.8922391142315611
Au      1.1546843453130251      7.6149494595189902     -4.6758400479207776
Au     -1.0092332507467727      8.4241919858594390     -3.0329299350541454
Au     -0.9644830348565008      8.9487899610094566     -5.6782201033994912
Au     -2.9381609983419090      7.3519586899290719     -4.8319534847620158
Au     -0.5853791975486056      6.4720869927847424     -6.6182545622772064
Au     -2.7207002404825658      7.8531429200332532     -7.4516989132803673
Au     -4.1758220834197282      0.8281040644907147     -8.4102372420358993
Au     -6.5544064565760287     -0.3678336430346079     -8.4517967385999384
Au     -6.3896589258377503      1.6560144104264358     -6.7294278257636790
