         216
Au Au   -791.53215403   nogrup     0
Au     -1.5602042231123465    -10.9367546757097465     -0.1776476563486966
Au     -0.5497196274974501     -7.7548141329294786      1.3706215674513267
Au      0.8959237081265297     -5.5064362313919961      0.4568821622475383
Au      2.2993511332979626     -3.2247960851125850     -0.4502919686874272
Au      3.6947013356305236     -0.9302684811360411     -1.3556686843196317
Au      5.0742557530517240      1.3623821264393339     -2.2532566780157239
Au      6.3769005582249365      3.6940631229544922     -3.1281813873993869
Au      5.5949462248165256      4.9643852701983597     -5.5109214564101894
Au      2.1365980712422195     -2.5116325030505013      9.6017484612374062
Au      3.5750113463624915     -0.2826172704191583      8.8994424576136950
Au      4.9656193270526101      1.9985118566614037      7.9982055110970123
Au      6.2247849420766395      4.1997127950881428      6.9497207952973810
Au     -6.6117664850734341      0.2510387893536636      3.1834196121905087
Au     -5.3666116002985813      2.5519996848416344      2.3319351240011272
Au     -3.9671707553025586      4.8571555221400189      1.4261142378352822
Au     -2.5003009211306764      7.0067992444667357      0.5196659854983352
Au     -5.3727251201925874     -4.5219979479150716     -6.9731680704054728
Au     -7.6851811386569757      0.4955386903455183     -6.5303758980785673
Au     -5.2156631725142821      0.2446778314101596     -7.7458340817177707
Au     -1.2184745203267648      2.2220432782319444     -9.5756858299403813
Au     -1.8679370327845972     -9.9301296007087032      2.2935058536812285
Au      2.0734574533794552     -8.0136116974082103      0.3009898019021229
Au      3.4631547791119592     -5.7353552840994109     -0.6321402098096733
Au      4.8514140608106802     -3.4476487887773626     -1.5539266255315489
Au      6.2345871377597346     -1.1549045642425853     -2.4626066476790029
Au      8.5539370009807705      3.0061511725968204     -1.5100614654038012
Au      7.6783586725219637      5.8837561351942007     -3.9928551609266414
Au      0.6148859558606086    -10.1918430576782022      1.2103216960591219
Au     -0.1162481529719122     -8.9179151815131021     -1.1662994123904227
Au      1.2589198367095280     -6.6638899971269900     -2.0706344428074175
Au      2.6402925225452671     -4.4009966027422784     -2.9873458217389377
Au      4.0162592183270460     -2.1162804196345668     -3.8982280961969469
Au      5.3860757471249796      0.1750074037340612     -4.8021636955736078
Au      8.8059289982008302      3.4677358299574839     -4.1931482611931639
Au     -2.8862326998660959     -8.6283350275399044      0.0424683559698131
Au     -1.4341049392918914     -6.4384441918683013     -0.9616322590931148
Au      0.0036446069123155     -4.1535292037866594     -1.8738496782279519
Au      1.4124985036473845     -1.8636593239769006     -2.7808314563174719
Au      2.8014639314695824      0.4384147605459141     -3.6790718796897988
Au      4.1530948104778647      2.7686735724025953     -4.5670477847286080
Au      6.7141308535325761      2.4438930642774679     -5.6252864547683092
Au     -3.1094459305668791     -7.4636256570043340      2.5677624957423255
Au     -1.7782022311441934     -5.2189885480741083      1.6267836776693656
Au     -0.3360512408834850     -2.9301901743445491      0.7012820649375371
Au      1.0733699398556746     -0.6248560024138179     -0.2105886717576908
Au      2.4709678469173069      1.6910985843782731     -1.1172512341811398
Au      3.8268947040614210      4.0419470936371695     -2.0095645530811268
Au      4.6220485581249120      7.3351655498457289     -5.1802133859152981
Au     -0.8983542062449521     -8.1158612425653036      4.1227011265341886
Au      0.4727122378561184     -5.8902229106096460      3.2496932512750050
Au      1.9240278758505331     -3.6326196154949546      2.3313807553429307
Au      3.3257850579143904     -1.3494479714887788      1.4242252755413674
Au      4.7103322081179071      0.9460074446313298      0.5248878399519903
Au      6.0509266997714724      3.2795275957407846     -0.3665902377160393
Au      5.2498817548495866      6.3079398599766359     -2.8679502851112240
Au     -3.7473680296320966     -7.2761831109499440     -2.2954656820089028
Au     -2.3047660535454941     -5.0800354681315714     -3.2814093283262764
Au     -0.8710067371993282     -2.7852244352534576     -4.2021533295673912
Au      0.5290664211698388     -0.4945775065737861     -5.0940909036798487
Au      1.8933468484517917      1.8488718064009131     -5.9711892486193996
Au      3.2637451971409854      4.0952367893777124     -6.8322112520641340
Au     -4.3053695332709605     -4.9079947261128236      2.7702917394941764
Au     -2.9700094078427810     -2.6541897354636514      1.8556932304751186
Au     -1.5362571725808274     -0.3436678038161620      0.9314248288824025
Au     -0.1325070902307841      1.9674450167992878      0.0241143183943500
Au      1.2560541150083768      4.3134126678629876     -0.8823279047666333
Au      2.6525202404363579      6.5463282125674480     -1.7723415249849666
Au      0.1170161783593056     -6.2603027724812002      5.9686028141703780
Au      1.4938175289146587     -4.0269900166525101      5.1088273173588199
Au      2.9502926769991555     -1.7601164551996256      4.1967897460787427
Au      4.3374273273893680      0.5172628328658995      3.2979590820792417
Au      5.6848633689565498      2.8531759083244337      2.3920867111330253
Au      7.0296036129923989      5.0869641721076446      1.4787464699592512
Au     -4.6203480312759355     -5.9110335217903973     -4.6209834800011986
Au     -3.1681760860219246     -3.6923585273120736     -5.6049426835402496
Au     -1.7686450801624947     -1.4034004288709863     -6.5356328476057755
Au     -0.3797016018334833      0.9086863181517426     -7.3695325503286728
Au      1.0217969802453784      3.1615561297929924     -8.2347522605557693
Au     -5.4894125797847657     -2.3376729811337125      2.9853058134354029
Au     -4.1503661685486062     -0.0626072799029949      2.0800361426933875
Au     -2.7526464557596677      2.2573956647339992      1.1729681389043307
Au     -1.3401922876158818      4.5677195019869448      0.2613236368345468
Au      0.0765848821715291      6.8091735111344871     -0.6313396784745251
Au      1.1374298837884371     -4.3961358603341658      7.8185128178329748
Au      2.5169122059972437     -2.1414797550742719      6.9576111383852215
Au      3.9613468887960108      0.1193855344724959      6.1069838722769028
Au      5.2915044590066840      2.4117606995070098      5.1592581643318276
Au      6.6518347930856150      4.6554583915728251      4.2403035813446053
Au     -4.1108877483331865     -6.9092387157304831     -7.0402213656979331
Au     -2.8082668959930537     -4.7760636330925923     -8.0817575081997965
Au     -1.4281523091255219     -2.5277856572512611     -8.9832850408695766
Au      2.1777209589348612      0.6645834171897720     -8.4475205499313848
Au     -6.4222041940798000     -1.0174420738391561      0.6948275584824870
Au     -5.0279357583777138      1.3053466729423491     -0.2386463039595341
Au     -3.6110177279045756      3.6405693196600621     -1.1542635551980958
Au     -2.1677985604263332      5.9588022332705339     -2.0591848622447202
Au     -0.1030401836364545     -1.9153680288366868      8.1433962164158373
Au      1.3396625225450336      0.3888439357800850      7.2609957469987023
Au      2.7617993843000885      2.7221102794616581      6.3397510019222807
Au      4.1368795628742498      5.0440145951889779      5.3929817989354980
Au     -6.1097681929329406     -2.2238017018726470     -1.8745618099261527
Au     -4.7183852889719331      0.0697218851712051     -2.8109948770037754
Au     -3.2795934000618954      2.4442995598909496     -3.7395610780559103
Au     -1.8414747108184666      4.7513782250536023     -4.6297246370846263
Au     -2.3187334256209531     -1.2354772963430278      6.5094058955815619
Au     -0.9096564956619950      1.0538223870705625      5.6019218647397970
Au      0.5502785076093000      3.4497037577415517      4.6562224524557614
Au      1.9401636651232170      5.7539255931995239      3.7451590118479778
Au      3.6590347367971221     -4.6565483184520744      6.7078837272482694
Au      5.1518579544866538     -2.4581409508201943      5.8243650634677593
Au      6.5425869495042841     -0.1756359864270207      4.9206904161855256
Au      7.8061411215240613      2.1501784815388332      4.0123628929616544
Au     -5.7955105745882554     -3.4011648447976572     -4.4476639530190809
Au     -4.3794630240548917     -1.1225453846574993     -5.3967774785459266
Au     -2.9727192796412911      1.2049323568858821     -6.3060117624465679
Au     -1.5297299590131010      3.5353062488403326     -7.1881733860377395
Au     -4.5285287545099946     -0.5127447320203187      4.8726805250666949
Au     -3.1384844930880988      1.7983277480527518      3.9508024620843258
Au     -1.7105931008915936      4.1441661628314383      3.0265080435015932
Au     -0.2869673223528002      6.4489777140886009      2.1217606986537696
Au     -3.2772513972290871     -8.2758718293888922     -4.7792846806344418
Au     -1.8587532428577918     -6.1860927785496997     -5.8191894169805796
Au     -0.5122093134134929     -3.9294814481860314     -6.7494473479680774
Au      0.8712667385617632     -1.6654435771139724     -7.6390229570586570
Au      4.4326415199228029      1.5872032249903434     -7.0355909346932588
Au     -5.2437986308871523     -3.5708337284947209      0.4674810779651608
Au     -3.8571041742895349     -1.2937674324905455     -0.4799897667038309
Au     -2.4190758055522656      1.0334740382108123     -1.4015600864155751
Au     -1.0188711081141353      3.3891066970841166     -2.3124980467010374
Au      0.4036723464636847      5.6797267955377038     -3.2040139973444539
Au     -1.1134648398479507     -3.7843518921195773      6.2840292973232650
Au      0.2637784910999272     -1.4839170349985036      5.3783396474290548
Au      1.7194136340457469      0.8291773322806142      4.4574204980513237
Au      3.1076384553550005      3.1841155154226355      3.5366848047908199
Au      4.5213119333106215      5.4656375567615996      2.6289509085455833
Au      2.6390566288838286     -6.5212225785384366      4.8616553449846442
Au      4.1185645018822674     -4.3253600960135543      3.9808470926808930
Au      5.5300558017439814     -2.0403908556958719      3.0520095353600531
Au      6.9174325363560110      0.2706663638088527      2.1574653609813268
Au      8.1822481671822231      2.5810969414997658      1.2504601535497173
Au     -4.9316823264455376     -4.7472931550852078     -2.0831152121601058
Au     -3.5308699655519744     -2.5008821515334052     -3.0421535403634508
Au     -2.0945609731212991     -0.1793487793762392     -3.9602840752548119
Au     -0.7039055517723192      2.1767426976106092     -4.8590085708479496
Au      0.7211996634400419      4.4575905194233698     -5.7712796717165062
Au     -3.3409206485026903     -3.0811410897867422      4.6471509995591163
Au     -1.9564660972546268     -0.7893038459111832      3.7411464767842553
Au     -0.5113020780160520      1.5370833326217985      2.8132696084033419
Au      0.8935028277239860      3.8944622675317397      1.8961034851788128
Au      2.2989362998183545      6.1803407351424102      0.9825768832424302
Au      1.6267144436835004     -8.3798267165697204      3.0183511456216401
Au      3.1038415447778220     -6.1859623925118257      2.1297226903433248
Au      4.5130090868980828     -3.9047998471934875      1.1997767909259736
Au      5.9082303029821057     -1.6113527988885750      0.2867635075157899
Au      7.2886388655847023      0.6955178731106768     -0.6074793969921544
Au      7.4101062546840071      5.5070811908939410     -1.2786601697207907
Au     -2.4149505452407967     -9.6310936077113674     -2.4576821361235481
Au     -1.0013484899603888     -7.5571310421350493     -3.4905849123671224
Au      0.3811651728967362     -5.2934847305629802     -4.4033539733108213
Au      1.7544070192454413     -3.0299148473203896     -5.3172519203819562
Au      3.1257924033472255     -0.7296867596568770     -6.2243991519855069
Au      7.6180892244893643      1.1471127153854770     -3.3571782393238720
Au     -4.0595215184556013     -6.1049288186798876      0.2550471204964211
Au     -2.6551834325311146     -3.8670818143666192     -0.7123289194760574
Au     -1.2210865481021203     -1.5602770619665769     -1.6336847489397783
Au      0.1877879694039821      0.7593350802693335     -2.5416429533673970
Au      1.5676245108313971      3.1121032134679014     -3.4436729305478142
Au      2.9921879791313462      5.4135403458700893     -4.3692234808495627
Au     -2.1337765536416762     -5.6361970524687806      4.4268672777600528
Au     -0.7630844157125054     -3.3487875160631919      3.5098084580466633
Au      0.6865164232804721     -1.0506526040599269      2.5835471926757592
Au      2.0947160175113853      1.2636081568972557      1.6715908295529367
Au      3.4724895144259493      3.6133647880838904      0.7663418749576145
Au      4.8846758363377818      5.8879606164807594     -0.1231751440409887
Au      7.3746820343433930      1.7059238378949555      6.7230646779108874
Au      6.0786920620558726     -0.5545690529677527      7.6572971941393284
Au      4.6464982964512922     -2.7709803122115915      8.4940358157682319
Au      3.7380795214803841      4.5191245820623536      8.1163162936904776
Au      2.4008096409774859      2.2631559511215595      9.1273557441288240
Au      0.9697636197772832     -0.0246828145469777      9.9122740985608750
Au      1.5735797717732050      5.3071037735914253      6.5203318084314681
Au      0.1760577126925620      2.9370275650555211      7.4079939096939214
Au     -1.2760902262057296      0.6311461196070436      8.3697098834709251
Au     -0.6281904511835217      6.0055706203178580      4.8908114626004711
Au     -2.0375638230221145      3.6375993268009434      5.7713927623952692
Au     -3.4799096452009426      1.3277891328715237      6.7405252088127909
Au     -2.8214482279041273      6.6096583620278944      3.2763081907657643
Au     -4.3091689552396000      4.3945254125637714      4.1820585998373438
Au     -5.5969565274415940      2.0558163843987316      5.0744933939065611
Au      1.1881864658605448      4.7195750553848868      9.1658154768036333
Au     -0.1703683374717855      2.4899300598139460     10.0478722209021107
Au     -0.9965846322321057      5.4416094165702704      7.6075924339912326
Au     -2.3618731214928381      3.2019655987728921      8.4937530065947264
Au     -3.1404456756837433      6.0966495168781698      5.9755504152103640
Au     -4.5015818152013001      3.8647007739282304      6.8582623482038301
Au     -4.7105858688220765      6.1171893128344896     -0.9357343381235239
Au     -6.1917903747149774      3.8909590827617908     -0.0011675156672695
Au     -7.5012927589307896      1.5421526003193069      0.8672285652971112
Au     -4.3898302209696158      5.0212912905837559     -3.4824234551139863
Au     -5.8637603328471162      2.6697246777921757     -2.5838042911206429
Au     -7.2700140882344151      0.3152643659558070     -1.6264402877453463
Au     -4.0699218775681389      3.7980526805710055     -6.0743776737250652
Au     -5.5452552325087581      1.4626265342571712     -5.1497586748049642
Au     -6.9521314322901953     -0.8937854323733312     -4.2246508210196634
Au     -3.7564008409774017      2.5208761204635879     -8.5463719941352601
Au     -6.2815252013885807      2.7711525491478266     -7.4242278582900383
Au     -6.5476693882835271     -2.0190305202351020     -6.7581694928872640
Au     -6.9200536789328631      5.1725867441035884     -2.3246620812978662
Au     -8.0945057533364739      1.6121734966670864     -3.9460651889611817
Au     -8.9731162325206544      4.1311736606148433     -3.7285319203108163
Au     -8.3226852450095432      2.8868883592130112     -1.4233003782863243
Au     -6.5734053244490998      4.0811406475245509     -4.9193183914162244
Au     -8.6657618813795718      2.9818889930285311     -6.1765021463597201
Au     -0.0716374960056063     -0.2605281346852122     -9.7881932639831888
Au     -2.6500846147819832     -0.0206917803504814     -8.8695004144344729
Au     -4.0406189339157983     -2.3047825836884748     -7.9687677796731489
