         216
Au Au   -792.02442846   nogrup     0
Au     -0.1283660686543824      9.6732938113902556      3.8847093501730221
Au     -0.6808663921575562      7.0143214076991702      3.5463596370452883
Au     -1.3343733308289307      4.2722114252534542      3.3013461929400911
Au     -1.9432928813712129      1.5240804551026246      2.9986789963503444
Au     -2.5357928378045527     -1.2333949295164945      2.6720349384535069
Au     -3.1083648179191954     -3.9838848119717269      2.3233486015248488
Au     -3.6350240156782769     -6.7342272703956390      1.9177395869297751
Au     -4.2246751617310787     -9.3907884084792244      1.6264243691329785
Au      7.5454842838242246      1.9370480441907976      6.3894329285295797
Au      7.0930222125797382     -0.7901339573032509      6.1086622803824486
Au      6.5022149286343973     -3.5397366280067324      5.7829495073303292
Au      5.7963549056884407     -6.2033451538270885      5.4251373198143487
Au      4.7075535715891306      3.8037322964851006     -4.3774032205798532
Au      4.2182093646328234      1.1311206888606407     -4.7993835423764173
Au      3.6227813524263333     -1.6399820125317603     -5.1276409399752083
Au      2.9659320092562487     -4.3017227855723288     -5.3375545218006142
Au     -6.3099693482411139      6.2366731816464043     -4.7748840449130512
Au     -6.9544625490710983      3.5690816773712744     -5.2103876524329342
Au     -7.5452710684482431      0.8194787781869035     -5.5360982287369485
Au     -8.0590990628205965     -1.9037210691736721     -5.7391733974789929
Au     -0.4929812066016090      8.0457547260035049      6.0216832526731352
Au     -1.1211966074570672      5.3895126162095153      5.8285915792466749
Au     -1.7381478121667904      2.6443025718937561      5.5320665609515238
Au     -2.3397332629919898     -0.1149945206509191      5.2148146486534781
Au     -2.9242260227242838     -2.8756687353278423      4.8781835566036751
Au     -3.4879875178028739     -5.6254518981800317      4.5237854488785931
Au     -4.0004358753732996     -8.2778240811796593      4.0880316338295106
Au     -2.6267938697203705      8.7079202513769456      4.3023183179795303
Au     -3.3013919250213579      6.0660717044098380      4.0718535741831055
Au     -3.9137720677495560      3.3194435694025159      3.7790115967726106
Au     -4.5142662217078060      0.5598074325334945      3.4626407550434593
Au     -5.0998506825811818     -2.2005278986913837      3.1251305873598536
Au     -5.6681826716289345     -4.9488928843353150      2.7670493640127720
Au     -6.1342490292028637     -7.6156583738580643      2.3686694515021927
Au     -1.6475477293283625      8.9158955411984842      1.7209985441553108
Au     -2.2674322395842639      6.1884515578204544      1.3988297962135476
Au     -2.9098952516990702      3.4209908470245534      1.1251351073379539
Au     -3.5144843739398217      0.6593284274022224      0.8089880514926744
Au     -4.0971419264116635     -2.1044132487262370      0.4706097760645349
Au     -4.6455356317328613     -4.8791601320340021      0.0877878755186128
Au     -5.2006493055763690     -7.6201147247949876     -0.2378157522141908
Au      1.1102803433296837      8.3191483159828152      1.8259797642886983
Au      0.5501796592228967      5.6069053875096007      1.4765454175661290
Au     -0.0893149294982925      2.8227716662680162      1.1979568929926323
Au     -0.6955672895436642      0.0451422328569802      0.8806184171915827
Au     -1.2832355228183827     -2.7336934617532815      0.5397515990010024
Au     -1.8413326111570818     -5.5231106504138516      0.1581105656632751
Au     -2.4461707860849407     -8.2324504596015338     -0.1346833763004298
Au      1.8213577900089932      7.8394241398154607      4.5161427027710310
Au      1.2393962770398050      5.1002126544501607      4.2245295856480762
Au      0.6017448026155110      2.3312585348875503      3.9547121410023856
Au     -0.0001716150883340     -0.4312334934019528      3.6407168153467477
Au     -0.5855009190826008     -3.1941459304370650      3.3001852323827681
Au     -1.1387071927761916     -5.9673990051776933      2.9134860386492338
Au     -1.7317428070789509     -8.6965854476352042      2.5573248223548948
Au     -3.2073726085505045      8.0446817364287106     -0.4439610323330090
Au     -3.8340523665261523      5.3228387117341738     -0.7654652944810554
Au     -4.4813254707661345      2.5501570568008338     -1.0538528109315788
Au     -5.0740998865845865     -0.2085943554255500     -1.3806473322591675
Au     -5.6209241928682507     -2.9932020674071822     -1.7505618785449641
Au     -6.1675317944097818     -5.7317978570419630     -2.0758875470506872
Au      2.3253467046958600      6.8456629935098068     -0.2494486407439211
Au      1.7579218501293807      4.1378560494205443     -0.5880857617584905
Au      1.1329342672354175      1.3360601387235933     -0.8914799912313853
Au      0.5355092088682083     -1.4443362086371625     -1.2208389966744715
Au     -0.0441811817775699     -4.2490720063963980     -1.5815807024416122
Au     -0.6400163389625826     -6.9550363663387049     -1.8842466750400559
Au      3.7376915277917715      5.8894884334236632      5.1521702093987489
Au      3.1580982569489473      3.1530343078326295      4.8686048633320773
Au      2.5328574364021854      0.3735156222596920      4.5979681855461418
Au      1.9400836797172829     -2.3852361812319938      4.2711722432034875
Au      1.3712275077611338     -5.1630070296231096      3.8835042145072549
Au      0.7775332785515996     -7.8869904238125841      3.5202377941272900
Au     -4.7673457725974968      7.1648432496408354     -2.6193181103685017
Au     -5.4196775786879003      4.4334872433885000     -2.9440288470090312
Au     -6.0667285627969934      1.6903181419502884     -3.2649588262764100
Au     -6.6033552472179649     -1.0753107107776447     -3.5965862532595985
Au     -7.1305539775794342     -3.8334535707067197     -3.9221476247236007
Au      3.5350634281817754      5.3493247268177058     -2.3270426417406185
Au      2.9671307984248587      2.6317601845703509     -2.6688052766825470
Au      2.3753468807876552     -0.1541536314647516     -3.0072893271313141
Au      1.7700975291905139     -2.9391937794553886     -3.3287261694770240
Au      1.1706219565181515     -5.6547118800060705     -3.6305536216977927
Au      5.6605803403314212      3.9288488472587719      5.7831989894221287
Au      5.0843037451059745      1.1738917459770839      5.5197702430479474
Au      4.4995674729493080     -1.5886148414166925      5.2490492375088404
Au      3.9006269628073129     -4.3349066197699795      4.8672086448403835
Au      3.2973720497709733     -7.0694477393314941      4.4803620098263259
Au     -7.2983463303224303      6.2207215358883756     -2.1287248860080297
Au     -8.0049908131548086      3.4710861850976729     -2.3273505647853465
Au     -8.6030108339431344      0.6879177075132166     -2.6570362652219757
Au     -9.0819831087646428     -2.0802693213591059     -3.1120369471771427
Au      2.0056938862247384      4.5473500869141859     -4.5305241226180568
Au      1.4189683250362291      1.7673274067416145     -4.8588288836374618
Au      0.8123154233138918     -1.0560135745666344     -5.1932740090506266
Au      0.2053256923964319     -3.8315071240444336     -5.5230614925113066
Au      6.9358483991912934      2.4902364432827673      3.7397300786360077
Au      6.3471146097558346     -0.2843469999255497      3.4379517282555820
Au      5.7444928820410350     -3.0889309631145974      3.1057262926667750
Au      5.1428144152828432     -5.8544883469660096      2.7512302005129268
Au     -0.7877726156411482      5.1723680186227945     -4.6215710687786773
Au     -1.3909775852894430      2.4122561844338390     -4.9376664324112927
Au     -2.0105273340599226     -0.4711050886173407     -5.2792218224835645
Au     -2.5938161924078891     -3.2328998857216042     -5.6172370679159025
Au      6.2206030554027398      2.9975288206255684      1.0255722494988966
Au      5.6189889153655646      0.2369237978653285      0.7107573715107467
Au      4.9994402575778176     -2.6464378167716038      0.3692001623860204
Au      4.4145611896987704     -5.4077386004052528      0.0299018898408150
Au      5.2408911986726325      2.3295443746353124      7.9750242846407211
Au      4.5496285840044752     -0.4248646165871151      7.7887907419870892
Au      3.9516079408479587     -3.2080328504901505      7.4591015309381277
Au      3.4572537780509025     -5.9714464196915120      6.9917041429844282
Au     -3.5781611907145328      5.7529436923079018     -4.7321495952361472
Au     -4.2002503786176630      2.9887107242196205     -5.0608032020028393
Au     -4.8028731800890343      0.1841268051455156     -5.3930269800741080
Au     -5.3711956755019488     -2.5917815103530906     -5.7206443599010424
Au      5.5071401296531626      3.4607814392131209     -1.7091622453890292
Au      4.9073161643621601      0.6848233714275551     -2.0480213200798190
Au      4.3006642989819417     -2.1385174783315932     -2.3824678369813563
Au      3.7067729678622796     -4.9180746124264143     -2.7017015247059311
Au     -5.7473978631497760      7.0774702459902015      0.0141432893952906
Au     -6.4436469756354091      4.3738702505868714     -0.2154252694969916
Au     -7.0498648224733698      1.5754168822168069     -0.5116566891199241
Au     -7.6449914602486748     -1.2171477877697061     -0.8777214666509625
Au     -8.1162795979548861     -3.9472272469112433     -1.2918120289379136
Au      0.7903083104432085      6.0344828297762714     -2.4514800963069163
Au      0.1862333666517904      3.2801715867733892     -2.7827906907140605
Au     -0.4345623607136613      0.4601653293131154     -3.0963787429875547
Au     -1.0259505653322378     -2.3612915702070598     -3.4510639877377285
Au     -1.6068247328788736     -5.1216974233673955     -3.7730131816501968
Au      5.0042283420726399      4.4591663807353275      3.0998046688473089
Au      4.4191277763746495      1.7009082206437878      2.7906141668608662
Au      3.7955077765818688     -1.1100271159330752      2.4859942845045513
Au      3.2108059731369520     -3.9225837758651370      2.1244669477180178
Au      2.6120716668367061     -6.6738533340684114      1.7810098828827279
Au      3.3411017935529683      4.2571252621923055      7.3373910236319269
Au      2.6932591807842483      1.5385044167868527      7.1468250923527847
Au      2.0601129675874521     -1.2515928651214008      6.8288931073339079
Au      1.4919150612930570     -4.0525143737932332      6.4845242665438150
Au      0.9722202123014330     -6.7675720638476466      6.0314284650119561
Au     -2.0057547655369250      6.6345050617496915     -2.5486344937482599
Au     -2.6157261106624778      3.8839643794663079     -2.8778636243958333
Au     -3.2430322327301253      1.0741725094284931     -3.1854515358736277
Au     -3.8240488510257391     -1.7395279786041211     -3.5440077546652295
Au     -4.3979117911856322     -4.4985159333773534     -3.8674236131275110
Au      4.2936366789177676      4.9473292575629326      0.3713985464407337
Au      3.7082566125600498      2.1872165232462679      0.0551516178065974
Au      3.0855955027328879     -0.6322102920569108     -0.2599405874758087
Au      2.4960736449895906     -3.4542459123490872     -0.6131228255538304
Au      1.8965034374059764     -6.2088497129825804     -0.9501369129697945
Au      1.4182300531368472      6.1789931563884277      6.7043536337356855
Au      0.7806981847465764      3.4703261298708483      6.5120184516983954
Au      0.1540988919692916      0.7034649367508816      6.2069834328428843
Au     -0.4424951026448776     -2.0730654481363686      5.8780820333604851
Au     -1.0066325611263789     -4.8478532829354215      5.5266659262693363
Au     -1.5317902555130845     -7.5503038783751499      5.0780128981471595
Au     -4.1993602934365102      7.9222451717169555      2.1778619984280443
Au     -4.8919387637430605      5.2306594101237991      1.9411728516920714
Au     -5.5027554280915849      2.4589009694648265      1.6488573502078019
Au     -6.0993495683862085     -0.3176288547568245      1.3199570690503979
Au     -6.6792696564924858     -3.0875190569024973      0.9558240462560743
Au     -7.1493813168827787     -5.8070522535789237      0.5515259650907058
Au     -0.4310580989439776      7.5009418704923183     -0.3726363109071862
Au     -1.0335614362298999      4.7516590364230202     -0.7051220318556428
Au     -1.6651919540308491      1.9544047334087136     -1.0005538261381304
Au     -2.2643155640801469     -0.8338960252724323     -1.3308487243151124
Au     -2.8357183219061550     -3.6355193716696395     -1.6986460597304847
Au     -3.4160467290662586     -6.3910932090210721     -2.0182526433454022
Au      3.0738382878238513      6.4133018348918149      2.4515068224017433
Au      2.4911015933142786      3.6578848990058432      2.1349474840583795
Au      1.8613460484837492      0.8600491026275456      1.8410263909239291
Au      1.2622228233739436     -1.9282514853029102      1.5107302882668847
Au      0.6889445178553637     -4.7292924308251347      1.1414218373005411
Au      0.0888497262182382     -7.4787322362607398      0.8058881831185705
Au      5.8312917980325407     -5.0493909726689097      7.8771530716612119
Au      6.4103549939810485     -2.3546350576001345      8.2496702480757271
Au      6.9919016834285372      0.3520477566501992      8.5169976172339474
Au      7.6246100193015387     -4.9710836739838591      3.6579881608512270
Au      8.3203473452096830     -2.2668101147578206      4.0437449489062658
Au      8.7998743905348942      0.4985610147387511      4.3059118233907778
Au      6.9438106154381831     -4.5871711585218158      0.9869359741433623
Au      7.4989101073821409     -1.7705353458738742      1.3442933005516462
Au      8.1510067105329558      1.0310862022334089      1.6524637540506912
Au      6.2242280215440022     -4.1169129791769326     -1.7109847577707296
Au      6.7748116912370282     -1.2942301025590304     -1.3631450955820892
Au      7.4330237363320810      1.5087943844840570     -1.0445754856499310
Au      5.4916260970678383     -3.5672897208941698     -4.3561251581996636
Au      6.1275165975631705     -0.8268423138296583     -4.1346230017436616
Au      6.6684530666967774      1.9096319845975227     -3.7073419071130278
Au      9.3424000384106236     -3.6593750937490288      1.9298823939484357
Au      9.9193425339427215     -0.9742994808424719      2.2479513599373906
Au      8.6771964815335014     -3.2059131900924580     -0.7200612575669538
Au      9.2555076156450049     -0.5144632321960696     -0.4012372509020246
Au      7.9249495853425049     -2.7281237528306939     -3.3455392003245663
Au      8.5011755808319105     -0.0463806680566385     -3.0278656035280704
Au      1.9528362794631637     -2.4691345419164659     -7.2075741690010853
Au      2.6300269527364151      0.2584976916320265     -6.9527948495749436
Au      3.1296649072484408      3.0077885457708087     -6.5587930847924447
Au     -0.7914167720545366     -1.9398202274172860     -7.3639796637030397
Au     -0.1891907455415609      0.8668377892114663     -6.9745294627017476
Au      0.4173813910031372      3.6858876251434163     -6.6975739679886317
Au     -3.5542806990831695     -1.3294050874852790     -7.4721123202719761
Au     -2.9636487730712000      1.4762046547766250     -7.0861260065594882
Au     -2.3470834795783304      4.2888517624925706     -6.8065880769480636
Au     -6.2559852406886884     -0.6636585746700217     -7.5265822254108361
Au     -5.7520225616876379      2.1001264318871051     -7.2953538651194503
Au     -5.0807206480028890      4.8059867136259919     -6.8786617134894987
Au      0.9635269141762564     -0.5678581416864841     -8.9548456220904455
Au      1.5397537724768560      2.1138854293005922     -8.6371740743752632
Au     -1.7398962081062752      0.0267158790451969     -9.1138443002245531
Au     -1.1615837001210805      2.7181659303673245     -8.7950226126565543
Au     -4.4445683031736296      0.6189948223126542     -9.1792478273966864
Au     -3.8676254844202047      3.3040709647648709     -8.8611800587520122
Au     -9.9176512069105875     -0.1621784568860036     -4.8128749978667056
Au     -9.3878412662137407      2.5478624839734412     -4.4800489395094329
Au     -8.7570409295355489      5.2392610766336185     -4.1730368453364157
