         216
Au Au   -791.90551253   nogrup     0
Au     -6.7485297776970610     -0.1561958638260172      7.9967061055441597
Au     -5.2364844429225341     -1.0053295663999249      5.8803857705459670
Au     -3.7276558921854983     -2.0074426616400443      3.7091544001708421
Au     -2.1912563746413944     -2.9433129093874717      1.5268830732006116
Au     -0.6420319755451374     -3.8550427471165625     -0.6665766727920932
Au      0.9098602556897424     -4.7377019826763904     -2.8586648353864916
Au      2.4905015970228588     -5.5545071836511086     -5.0564334826573329
Au      3.9736054102612730     -6.4662728936614586     -7.1693177169102604
Au      4.3423518864790420     -1.1949449318450025      9.0029122172248321
Au      5.9726739450751554     -2.0704472499798383      6.9295279501459213
Au      7.5195176989020736     -2.9811470962590532      4.7393711729227306
Au      8.9222995048436200     -3.8907843322368008      2.5196923007464633
Au      0.0075334875022182      6.9633005115996083      2.5278994254153027
Au      1.5507671731792319      6.2051445179661169      0.3739862732819681
Au      3.1052956445290900      5.2868619845500717     -1.8306611661344725
Au      4.5667640547717401      4.2737089712029475     -3.9349364371767432
Au     -9.3132725630053699      2.9343789176930182     -2.3921870286704490
Au     -6.0740722487473482      6.4729317317045520     -5.1298893563006747
Au     -6.2826286436974579      3.8640790156491693     -6.0118314453152841
Au     -4.7484082561588146      0.2709196227141497     -8.9160208038285074
Au     -5.6131996597244882     -2.6157542693059659      7.9998698198415426
Au     -4.1447859796726592     -3.6199304805153139      5.9226052687927471
Au     -2.6157971309945047     -4.5641380330470698      3.7397410038919219
Au     -1.0692061468428684     -5.4890083647061898      1.5449836369375909
Au      0.4869369294986161     -6.3903897764098856     -0.6524828775422975
Au      2.0483410982679930     -7.2648330053457952     -2.8403622665650943
Au      3.5683983427289330     -8.0187750395081849     -4.9857471072347419
Au     -7.7177248963188285     -1.9750725077272513      6.2321545819778237
Au     -6.2968578970453430     -2.9603492463908028      4.1122831371182187
Au     -4.7667670532766016     -3.9013177045103911      1.9337416114782755
Au     -3.2238609109213101     -4.8232774420964519     -0.2539828220178961
Au     -1.6744192664758386     -5.7220557724701839     -2.4439274337684971
Au     -0.1140014347210982     -6.6029288096213206     -4.6295840572179650
Au      1.4571344955611500     -7.3803017301730494     -6.7350841488258748
Au     -7.4523249162505261      0.6703560272201967      5.4716083922141685
Au     -5.9341737583352012     -0.2435470588542650      3.2851328026119724
Au     -4.4012751962082772     -1.2242160534849589      1.0897376731239277
Au     -2.8528104508890078     -2.1509047939144370     -1.1071132112175697
Au     -1.3019589100675240     -3.0503183294614091     -3.3070215956660931
Au      0.2794450454997568     -3.9049799217085797     -5.5176424979175316
Au      1.8459686007402869     -4.8045762863029688     -7.6807414928206530
Au     -5.1211661913501567      1.6687124822438424      6.7190203534385127
Au     -3.5777568879151298      0.8087967093743949      4.5577272591069686
Au     -2.0325630717997942     -0.1726387929727551      2.3502611541696297
Au     -0.4759175855630313     -1.1046285498765123      0.1408901331479449
Au      1.0871057655496577     -2.0107245752402996     -2.0734563310688792
Au      2.6746179915018384     -2.8743708186907115     -4.2990884136522780
Au      4.1862986842535719     -3.8103083719605708     -6.4528527185833777
Au     -4.0262362240507077     -0.3708397856855434      8.3329379606816332
Au     -2.4734085449043199     -1.2989667529952076      6.1760266281109892
Au     -0.9372877018131907     -2.2824850956407206      3.9820237607604625
Au      0.6124224424443241     -3.2110863843505859      1.7860988917030021
Au      2.1690616742502109     -4.1110999178886454     -0.4170383809329614
Au      3.7497311916020055     -4.9627914192679965     -2.6338127830795841
Au      5.2754551918201180     -5.8450559905427655     -4.8285568881021028
Au     -8.1047829452244109      1.4400927373001355      2.8570029818163114
Au     -6.5906051724467849      0.5286210000872424      0.6734106511933113
Au     -5.0489936931984092     -0.4455848605713282     -1.5372758717535717
Au     -3.5110945650241110     -1.3533037849477445     -3.7399224113720546
Au     -1.9285967979145502     -2.2221305966399640     -5.9490081752237263
Au     -0.3535311762043905     -3.1221151106268232     -8.1048046550005441
Au     -3.4251523848262702      3.4570944295277242      5.3433930049530112
Au     -1.8916252452888136      2.5886872799627696      3.1814725156256038
Au     -0.3300430358536843      1.6300270898532006      0.9564123409594778
Au      1.2293205725843603      0.7095583204859670     -1.2572052616580613
Au      2.8150010560421257     -0.1863231014041622     -3.4908580842557946
Au      4.3323264084016611     -1.1115185000168353     -5.6412604054890103
Au     -1.2421381441455246     -0.6444527128743553      8.5797232116637936
Au      0.3095088772566750     -1.5778580617022033      6.4291048096957901
Au      1.8608277295790128     -2.5587043419079114      4.2333161810629107
Au      3.4123341448011448     -3.4721554872830476      2.0361460120067960
Au      4.9870510308401457     -4.3317017558853808     -0.1931951740190812
Au      6.5082317244535384     -5.2060790745381516     -2.3892756344411659
Au     -8.7616536880203881      2.2229221077806076      0.2401591680608632
Au     -7.2046805403446035      1.3118314558979582     -1.9535688069528128
Au     -5.7119584091509585      0.3757284285895386     -4.1821427653265726
Au     -4.1579407095627730     -0.5281306550832428     -6.3811755249065367
Au     -2.5532349528011995     -1.4356539992655177     -8.5344260681926922
Au     -1.7151194230630464      5.2367422560547690      3.9542604228930003
Au     -0.1815383961878898      4.3702660839290495      1.7745558639855865
Au      1.3831807253319992      3.4584417459544419     -0.4433129507062681
Au      2.9420957782128574      2.5258403502095983     -2.6562711534910832
Au      4.4712026166153969      1.5909490949880807     -4.8105962982131683
Au      1.5534307400259886     -0.9155935113793641      8.8189915184533838
Au      3.1213917572837957     -1.8711240760809105      6.6692317125930387
Au      4.6874142077141210     -2.8280865836198954      4.5056774688609416
Au      6.2203716260426036     -3.6955420689886624      2.2816368159789384
Au      7.7412039164644142     -4.5577457922140345      0.0602744459197488
Au     -9.6885039769092565      0.3518231365779352     -1.5132863309560136
Au     -8.2397204282200391     -0.5757088362527343     -3.6959620141892948
Au     -6.7247619821194951     -1.5449144938324153     -5.9102389622896059
Au     -5.0715930065708728     -2.4442779497827489     -8.0934757575202259
Au     -2.3999029707613255      6.0833279601275736      1.3820589478784058
Au     -0.8381821049744782      5.1779386362736304     -0.8623228874857283
Au      0.7344646437606119      4.2461938838554545     -3.0950613473211668
Au      2.3160989021712317      3.2982083856692559     -5.3048904548036795
Au      3.2664287639093144      0.8840398284221411      7.5139853598757327
Au      4.8349958979217345     -0.0527130036721495      5.3226747453357461
Au      6.4125326088887835     -0.9816392741559641      3.0885256054831949
Au      7.9604949228761681     -1.8796832318164798      0.8671984651638454
Au     -4.7808578736549530      5.0709365549024019      0.1347381131517764
Au     -3.2309344441549408      4.1727510722310068     -2.0989624114816721
Au     -1.6307754863719133      3.2206095251540057     -4.3740848251084223
Au     -0.0560460916989718      2.2777738676461534     -6.5659316947592501
Au      2.1454670148286117      2.9515030529505921      5.9008489387361678
Au      3.6924735449704165      2.0250119549438210      3.7027626288877720
Au      5.3134573783125960      1.0702568788291007      1.4063882203546321
Au      6.8712709903003750      0.1682269652929085     -0.7930411740622390
Au      2.6340292485266779     -3.4389717981567864      8.8354135818856392
Au      4.1297457879297674     -4.5117659729972202      6.6648050334136499
Au      5.6958522816306196     -5.4331944235783931      4.4489963100833450
Au      7.3046815555814444     -6.1875375421536782      2.2263328050715216
Au     -7.1383450789803193      4.0515975008795815     -1.1230163854282722
Au     -5.5847074676346073      3.1342091013209070     -3.3731853443912385
Au     -4.0205707750494692      2.2019812226331315     -5.5996722227075537
Au     -2.4234136793229863      1.2688308209851291     -7.8014101165778698
Au      1.0578705189624922      5.0215685553835012      4.2511220416239759
Au      2.6118351252606318      4.1126777628406153      2.0294766107531714
Au      4.1973218196765707      3.1781495846034926     -0.2179179346825251
Au      5.7651138709269798      2.2478044796162995     -2.4189547023672624
Au     -9.0979932903084482     -0.4270550786687712      1.0720995554677764
Au     -7.6493237732987831     -1.4317382445622959     -1.1141016571659534
Au     -6.1134155666543419     -2.3484792341703846     -3.3144981215627638
Au     -4.5385896091953617     -3.2664045006651277     -5.5111956680860370
Au     -2.8977965620712842     -4.0896612246477462     -7.6604862522127082
Au     -4.1052874434131574      4.2928724685455295      2.7559736101496632
Au     -2.5612038414194336      3.3965097644402586      0.5406356683190801
Au     -0.9922090045276510      2.4380696968420086     -1.6958842749969705
Au      0.5926032307497746      1.5281798274056770     -3.9413994432416377
Au      2.1631901268285549      0.5977681263404655     -6.1248226118545865
Au      0.4589418114506432      1.1618692331658984      7.2716967061741471
Au      2.0182897822524573      0.2396276393413936      5.0883696532243192
Au      3.5890490194821441     -0.7232567439263358      2.8539140715875106
Au      5.1809296897102328     -1.6229619085844513      0.6087385469073183
Au      6.7210419339038703     -2.5252193545113828     -1.5954122906740835
Au     -0.1218441889150577     -3.1619985065116518      8.5856972551005626
Au      1.3777623694551331     -4.1988616623390103      6.4593436716196457
Au      2.9258218044184461     -5.1482824446399631      4.2261336291092277
Au      4.5230182755148221     -6.0498792430132324      2.0085339221088070
Au      6.0805770140125261     -6.8121769663777831     -0.1904732611701228
Au     -6.4647099327314779      3.2698101214192392      1.5018776901359487
Au     -4.9083879707519937      2.3812951088544763     -0.7033112211997370
Au     -3.3499406159784666      1.4175995289779131     -2.9368096642302390
Au     -1.7746861305777037      0.5109245558316555     -5.1816569865901894
Au     -0.2051844070856044     -0.4188775780686385     -7.3646853899903739
Au     -0.6460472937496329      3.2361451279341242      5.6417767750873438
Au      0.9121207936847193      2.3217553370743862      3.4511659649159867
Au      2.4873472133639285      1.3655866922968132      1.2065186006611626
Au      4.0819818079236594      0.4535975231006750     -1.0413902325263287
Au      5.6255373784115186     -0.4580795421117827     -3.2419523038445632
Au     -2.8891744400057995     -2.9025067443007506      8.3208367145960871
Au     -1.3894034315396548     -3.9297110153707200      6.2063898173468850
Au      0.1476850971566630     -4.8788462686594647      3.9990098260538822
Au      1.7090290096004273     -5.7976602916799473      1.7888734509189099
Au      3.2886984221175606     -6.6828665988811684     -0.4136562295229602
Au      4.8337700093884450     -7.4471977674309189     -2.6047979789069373
Au     -8.4350132382849559     -1.2134582794417836      3.6770330304848287
Au     -6.9917572912045918     -2.2125047971347787      1.5100726076357276
Au     -5.4460399884410267     -3.1578691405273291     -0.6831285901309165
Au     -3.9001351778263560     -4.0669250683480067     -2.8778835453776992
Au     -2.3323844711444703     -4.9613216364192558     -5.0783110523476367
Au     -0.7195029108303630     -5.7629229511549172     -7.2205232106643731
Au     -5.7995729731981562      2.4947260556179658      4.1260560807137807
Au     -4.2535926369087003      1.5928750717939408      1.9258898304195675
Au     -2.6959524728368223      0.6262730179002629     -0.2927426979560614
Au     -1.1347837486442383     -0.2967359573024559     -2.5149455342014555
Au      0.4490598825604335     -1.1819283333675372     -4.7469314781313852
Au      2.0106069198853476     -2.1049152920992409     -6.9294506474909348
Au     -2.3384855035034127      1.4411266561943865      7.0143796598770543
Au     -0.7784391731322331      0.5287787897105529      4.8311605702596303
Au      0.7806964729508452     -0.4403542141362067      2.6086573069410441
Au      2.3478714191469678     -1.3636374687306816      0.3874966645185687
Au      3.9364043229302821     -2.2485458955716195     -1.8479597276703466
Au      5.4741357784791553     -3.1588718576359804     -4.0468144389503635
Au      8.3538369593851733     -5.5115701646543327      4.6163534969756377
Au      6.8428015857073943     -4.6628140408853929      6.7918196064382919
Au      5.3142612445002388     -3.7231242426189715      8.9171214091487663
Au      9.1132448780292421     -1.1840200044640410      3.3062435908950540
Au      7.6767306433332978     -0.2890185125059981      5.5608770723489123
Au      6.0364071233827001      0.6274486629429266      7.6628625901842469
Au      8.1074815471170396      0.8238568002364790      1.6620121898245195
Au      6.4912558360023178      1.7143195236912154      3.8896919405115646
Au      4.9481259397234876      2.6842332609118111      6.1362985873267100
Au      7.0110414899758178      2.8649375576622660      0.0346794980697389
Au      5.3869875512019707      3.7631020302279854      2.2566583943109073
Au      3.8496817406319730      4.7270855150680404      4.5131943999287643
Au      5.8553085154701510      4.8834284509740575     -1.5213528319553156
Au      4.3371046907839608      5.8976365604592180      0.6270157757195918
Au      2.7790919783998720      6.6961517279303502      2.8379079405188854
Au      9.1751600118819550      1.4653683033164873      4.1018546509278870
Au      7.6651427277971278      2.3543345578770243      6.2402231089846474
Au      8.1337054622682370      3.4862224660726793      2.5208841904339252
Au      6.6206512255904588      4.3772118819927286      4.6640606024094318
Au      7.0185566435396947      5.4554304703683121      0.9203521707493287
Au      5.5116217335470221      6.3430586238268640      3.0553642075799026
Au      2.3767241378275665      5.9393905476853321     -4.4349287981140719
Au      0.8740806702064756      6.9530088009235520     -2.2585461823662847
Au     -0.7116797485186535      7.7642280879453169     -0.0541878747357636
Au      0.1061383553979924      4.9578768853353026     -5.7455781104707171
Au     -1.5123534418224813      5.9278944664623632     -3.5175114476189364
Au     -3.0805911780119963      6.8412089538486072     -1.2244959688230104
Au     -2.2946378149877011      3.9338778652104121     -7.0101041713282832
Au     -3.8762726939550536      4.9128878321473906     -4.7644838042546613
Au     -5.4797545249115736      5.8117172201764360     -2.4939268824055318
Au     -4.6633329570071931      2.9257950899195793     -8.1256234204248887
Au     -4.5344239366579613      5.5666053908072604     -7.3183551574274617
Au     -7.7445114119523852      4.7205236262197996     -3.7693047167877118
Au      0.1832442650553372      7.5917695632528979     -4.8458816651562113
Au     -1.3643151748953279      8.5048153161137812     -2.6502306202760586
Au     -2.0546248208934497      9.0548381920022152     -5.1982376762899722
Au     -3.7889457711137258      7.5629516065411373     -3.8081128819753207
Au     -2.1064785604863001      6.5721857796492555     -6.1966901871473308
Au     -4.3086164244635414      8.0838033393246196     -6.3809694966416615
Au     -7.1086753183449796     -0.8063353476458950     -8.4290492432691622
Au     -6.3989958628288095      1.1762435077437852     -6.8012495914937254
Au     -7.9177610777421039      2.0653528132070664     -4.5824925771683844
