         216
Au Au   -792.02442846   nogrup     0
Au      3.2501688787281826     -2.6700803661000476      9.5387168519089247
Au      2.7563158350324266     -2.7807744238651813      6.8491580410841744
Au      2.3039374608143350     -3.0152510477730021      4.0658781575396024
Au      1.8192806665572960     -3.1841085426310296      1.2817778258057448
Au      1.3204060767159578     -3.3269699938006885     -1.5096630411671441
Au      0.8102686958668774     -3.4429882414967321     -4.2919138581433414
Au      0.2689701777245841     -3.4930676569013035     -7.0687396078405103
Au     -0.1988462809845418     -3.6577645797060794     -9.7601881478763115
Au      9.0034157459100026      3.7948530102138456      2.4594564390657583
Au      8.6063491616167873      3.7546577983452099     -0.2904163533715713
Au      8.1088988749052273      3.6122048541631320     -3.0738874359876163
Au      7.5306792979203951      3.3731094908683668     -5.7812059130210365
Au     -1.9562157472438924      5.7872959362822289      4.2978519430335158
Au     -2.4974611203525816      5.7708601523864971      1.6020856065266675
Au     -2.9988003624583137      5.6272924172154202     -1.2031482453687308
Au     -3.4226310964169238      5.3673626650687147     -3.9074375435450506
Au     -7.1706540231803793     -4.1197363068573782      5.7550703525211802
Au     -7.7918877309691048     -4.2696240124414775      3.0508741829045398
Au     -8.2893377287775394     -4.4120757491092846      0.2674040502524975
Au     -8.6433895816606263     -4.5414751793927728     -2.4855903773750594
Au      5.0447780553995383     -3.7845779896498910      7.8399657228527273
Au      4.6484744438321570     -4.0267034642078325      5.1433226341801213
Au      4.1657793262078417     -4.2056925255581028      2.3612890573923311
Au      3.6714219230877672     -4.3606264262179995     -0.4329713052722948
Au      3.1671217640873484     -4.4916754765236568     -3.2266768048745109
Au      2.6556788873239987     -4.5973748547959215     -6.0073234337532986
Au      2.0915658977385037     -4.6302808748409738     -8.6846840264775267
Au      2.5538850148900374     -5.0034663618328228      8.3475056619659220
Au      2.1034376959859853     -5.2720865796149230      5.6618950354488691
Au      1.6260789513334073     -5.4484645873165487      2.8787753972231389
Au      1.1329963318687304     -5.6027741738446935      0.0842566864860508
Au      0.6274220157440764     -5.7344469443974653     -2.7091888782107816
Au      0.1106442201258468     -5.8427568443436098     -5.4887477122831871
Au     -0.3993252473797505     -5.8491689340677766     -8.1771403032999785
Au      0.6554996542896621     -3.0185813848850240      8.6964317943852034
Au      0.1481152265965300     -3.1905828750681891      5.9323810467781781
Au     -0.3247479783319699     -3.4004005004205768      3.1254462941902599
Au     -0.8193766442484958     -3.5582937313141909      0.3285424934401415
Au     -1.3243879991389402     -3.6866636553913410     -2.4680167235983697
Au     -1.8542032223190610     -3.7639803636588787     -5.2715546937341600
Au     -2.3361437864089556     -3.8752895530983911     -8.0432586356544249
Au      1.9654372152326762     -0.5422074161102655      8.3437530375140287
Au      1.4593311294728508     -0.6501336643984481      5.6007095126531254
Au      0.9836857789041653     -0.8536759488467005      2.7775375587075191
Au      0.4875700609275115     -1.0111202611618650     -0.0353887339521655
Au     -0.0215738156786209     -1.1415489374947589     -2.8473691955995308
Au     -0.5542784279783668     -1.2267648149657124     -5.6663997790249407
Au     -1.0290281705322020     -1.3997231513511221     -8.4117190731369966
Au      4.7049047330638736     -1.0370534971165193      7.8713304611234785
Au      4.2417876571042239     -1.1873927435984184      5.0982596554891231
Au      3.7745410993966373     -1.3944613677090545      2.2901795573469510
Au      3.2830308764683962     -1.5508293206292940     -0.5073602870565839
Au      2.7749010753576044     -1.6807254366597726     -3.3032844799703400
Au      2.2394683299433313     -1.7607911141543129     -6.1056782870553521
Au      1.7132598896286186     -1.8937619124376992     -8.8683631035553354
Au     -1.9558231108176123     -3.3928117463237739      7.7372365115696100
Au     -2.4656856530997446     -3.5716849379590809      4.9781486188195530
Au     -2.9537641127482757     -3.7789312212795196      2.1659043085864367
Au     -3.4528693152475576     -3.9218577021668994     -0.6268271311904787
Au     -3.9701985988537523     -4.0025262559591646     -3.4403221747133448
Au     -4.4482208799974234     -4.1065514472208164     -6.2089309703158211
Au      0.6577118874078691      1.5824491086985586      7.0282167474025234
Au      0.1580332590715701      1.4628586939053867      4.2887123096796209
Au     -0.3332485234718662      1.2847011199836591      1.4497659277407362
Au     -0.8362695897118978      1.1406527526432395     -1.3648773370545071
Au     -1.3593050564167330      1.0283428442453306     -4.2015194010851857
Au     -1.8390704333864902      0.8674533094027109     -6.9424696656641398
Au      6.1514523539652668      0.5743873236161068      6.0853074711988633
Au      5.6965536006240285      0.4224111325369348      3.3150194963368085
Au      5.2341933300425438      0.2277493677347181      0.4975335114016277
Au      4.7350884506085453      0.0848220150382146     -2.2951983658139961
Au      4.1920403058512203     -0.0084320393588098     -5.1034538035526040
Au      3.6590525121510500     -0.1393538686121346     -7.8608635914263081
Au     -4.5763954056338854     -3.7618696441179389      6.7696635956039559
Au     -5.1001563895441500     -3.9614649106673396      3.9989031801729906
Au     -5.6179829576591107     -4.1569316622782821      1.2167649887667109
Au     -6.0967916918811582     -4.2468661102980079     -1.5777473927332928
Au     -6.5661732877067465     -4.3316736734469483     -4.3641009898949195
Au     -0.6538515421101231      3.7052923607326043      5.6894963736934514
Au     -1.1563753742138152      3.5874781781940768      2.9402973520959179
Au     -1.6650345085415235      3.4529526341001375      0.1208545593703045
Au     -2.1642558383239647      3.2988537411324632     -2.6992740432945261
Au     -2.6446701485800403      3.1351877937083157     -5.4500783349535515
Au      7.5965733599942151      2.1948294161184747      4.2893113789144817
Au      7.1615946928281051      2.0386777704021979      1.5004598049439115
Au      6.7165110271848967      1.8788058559613856     -1.2965011886040567
Au      6.1649596769144228      1.7532741535364900     -4.0761917299071415
Au      5.6067939109591780      1.6250217172371877     -6.8444558578513757
Au     -5.2216668586567181     -6.1581618524571553      5.5951747308512632
Au     -5.6553737423828316     -6.4597900556067298      2.7987110630392253
Au     -6.1588960239852302     -6.6039808606700916     -0.0187386089840074
Au     -6.7234559241514251     -6.5882219035292575     -2.8080602593917279
Au     -3.2878753123838331      3.3689900837651883      4.8027717018157245
Au     -3.7852859484855452      3.2340273048243326      1.9894247134704528
Au     -4.2960761140730233      3.0877537213291655     -0.8686909674037062
Au     -4.8037537596114905      2.9348933605777661     -3.6792873124061796
Au      6.3431969349435935      4.3563370891417375      3.0131412198117333
Au      5.8686667706681952      4.2075142496975229      0.2044644654025338
Au      5.3612693709319235      4.0622128556982151     -2.6346645502223396
Au      4.8334932208744625      3.9240074560988694     -5.4343685746245249
Au     -4.6013876358111379      0.8521123447782843      5.1801547551809710
Au     -5.0953963794244927      0.6952972772121788      2.3849176834006540
Au     -5.6170455219642701      0.5459151016833468     -0.5339577781954965
Au     -6.1220440050850673      0.4166489173010032     -3.3286413173514724
Au      3.5797932775689643      4.8554774763963859      3.5131640301747220
Au      3.0876408686367616      4.6995699329330201      0.7175484757405239
Au      2.5659910540636055      4.5501866894609613     -2.2013281886081839
Au      2.0591356882067968      4.4200111703367382     -4.9956332836707773
Au      9.4159272239898346      1.0045707713214627      2.6126343224027888
Au      9.0001763746430239      0.7117272675027071     -0.1874895998882999
Au      8.4966538978394741      0.5675341741281885     -3.0049404305117413
Au      7.9141361878590342      0.5745066121727638     -5.7906046451520181
Au     -5.9302602864792799     -1.6495346573876639      5.5139706461747640
Au     -6.4437278208914481     -1.8174097750819334      2.7132285087022385
Au     -6.9511250080183267     -1.9627102308108149     -0.1258994639759612
Au     -7.4399631174691585     -2.0818604637803357     -2.9335373456101372
Au      0.7995139359969752      5.3691066191790995      3.9699283280922124
Au      0.2868138819466870      5.2266617378545774      1.1596966190785094
Au     -0.2239768834918741      5.0803874356249370     -1.6984194663185670
Au     -0.7163647289318007      4.9350081370708470     -4.5121315385737315
Au     -2.6338066753736999     -5.7809523967043663      6.5396503859494546
Au     -3.0917016231694641     -6.0638595615985533      3.7906124448053928
Au     -3.5684134915243719     -6.2286336709078913      0.9565011244708967
Au     -4.1032113484892125     -6.3535209323622741     -1.8692709655771038
Au     -4.6283595691795405     -6.3521254942039800     -4.6208399684386494
Au     -1.9773024076317425      1.2412569187327400      6.1317912467208666
Au     -2.4854879554437206      1.0897876889950888      3.3425785900807226
Au     -2.9837558299596183      0.9214519101883692      0.4860868085212788
Au     -3.5061246689522463      0.7975112480682942     -2.3683703209656790
Au     -3.9956454591104817      0.6632711581336567     -5.1618007114168085
Au      4.8861008831969617      2.7312239120783710      4.8168120737259787
Au      4.4061725930764091      2.5874384179470842      2.0248724354544549
Au      3.9145631357763562      2.4118525906227264     -0.8230293611965775
Au      3.3887869083345117      2.2960926737201444     -3.6678863830104422
Au      2.8719469067556087      2.1544368718747613     -6.4533381669600756
Au      7.9755924785989620     -0.5893685792247603      4.3778921354707547
Au      7.5742029777756201     -0.8446253401292794      1.6173395662775494
Au      7.0660567849723570     -1.0247830422035396     -1.2103684153053915
Au      6.5626923984338870     -1.1342891066134513     -4.0425473070206337
Au      5.9810367776720543     -1.1605441359245017     -6.7826035760024412
Au     -3.2969551214904964     -1.2730584962091820      6.4841832236577810
Au     -3.8059155644710043     -1.4310502503546245      3.6981599757481121
Au     -4.3018272723832620     -1.6087407919623686      0.8511360422268701
Au     -4.8233012497133068     -1.7223943673016064     -1.9945969496150646
Au     -5.3111079020225933     -1.8498431783331157     -4.7859641874882675
Au      2.1122843959217796      3.2424483726004567      5.2985007569677460
Au      1.6259222603613992      3.1016582873717491      2.5048415323219846
Au      1.1254757378877502      2.9322561691741655     -0.3512070609861697
Au      0.6052853385870940      2.8093809061606967     -3.2061088249141374
Au      0.0939400506973089      2.6644609932438987     -5.9950925541107445
Au      6.5294270056316002     -2.2054731918226285      6.1353218447806226
Au      6.1307534943641500     -2.4516103966390830      3.3856308305824232
Au      5.6366128708900618     -2.6335998751491037      0.5813651436166991
Au      5.1342910946690417     -2.7774481277835483     -2.2293658744496661
Au      4.6258525143515712     -2.8825648324608264     -5.0350101617880583
Au      4.0455633837334695     -2.9167701903860186     -7.7630897586888397
Au     -0.0282307667141463     -5.4143847202422428      7.4715002692656745
Au     -0.4911605409446948     -5.6919656640043748      4.7349032436988887
Au     -0.9668762107243900     -5.8649386685135170      1.9268852867186814
Au     -1.4691975616768800     -6.0087864341507800     -0.8838442493567025
Au     -1.9960595789470450     -6.1229182476515653     -3.6857331672457656
Au     -2.5120912633826111     -6.1256806184941830     -6.4269051441933858
Au     -0.6691187778733931     -0.8899063542222416      7.4396997621379457
Au     -1.1777713247358568     -1.0399024468151106      4.6556580440390709
Au     -1.6648793877242878     -1.2278858966403954      1.8204766458785755
Au     -2.1693305840661381     -1.3723433902720918     -1.0021680604153822
Au     -2.6951548632095772     -1.4744304360563425     -3.8348267405237260
Au     -3.1824239453825083     -1.6096335460008131     -6.6234471230306999
Au      3.4222985735314837      1.1121803855015990      6.6060374595214499
Au      2.9367193765000912      0.9734752111395293      3.8172937818354180
Au      2.4517998746000607      0.7865630011768061      0.9816656712376710
Au      1.9473487059449095      0.6421046989079884     -1.8409795215994158
Au      1.4193358891063337      0.5389465204395145     -4.6731925050699967
Au      0.9089926434218147      0.3924523029221992     -7.4571116116993590
Au      9.7290273086226762      2.2316493806718443     -4.6814115144135497
Au     10.2645145388114400      2.3480331632250966     -1.9545996950918525
Au     10.7062404568298479      2.5114911272768694      0.7865601384941063
Au      6.7153443997067779      5.6717628582626549     -4.3545951671154484
Au      7.3134904647038343      5.8859842991530194     -1.6082727310885394
Au      7.7048971231125183      5.9551380611757807      1.1824214666883492
Au      4.0081453086005538      6.1938938052868391     -3.9753174486998049
Au      4.5171690375716036      6.2846077854920885     -1.1289257790686134
Au      5.0245850964844756      6.4849688465994237      1.7121409998975168
Au      1.2581700570129990      6.6853544459704484     -3.5129043310372570
Au      1.7565454848406228      6.7756416815050038     -0.6606869895476182
Au      2.2759578517141725      6.9768154653462808      2.1820956058425844
Au     -1.4515566374351105      7.1350692909871416     -2.9737362465917512
Au     -1.0279812518333682      7.3641830074609125     -0.1931674338740967
Au     -0.4606870712579760      7.4188222565601780      2.5706454689115823
Au      5.8853615642955450      7.8474129187537489     -2.8594684679326736
Au      6.3711382453727889      7.9865236195571434     -0.1413196594744772
Au      3.2026059997693799      8.3681133920816944     -2.4100018866901727
Au      3.6895356678520490      8.5075545581488292      0.3145990395527531
Au      0.5033849320100212      8.7980421655982823     -1.9445267699616349
Au      0.9885587734236894      8.9369801281872654      0.7702475208111792
Au     -5.5825371215368218      5.1136233229611374     -2.1320093362574903
Au     -5.1107522456398318      5.3663271528533478      0.6387360133316256
Au     -4.5916689265744708      5.3973744510367432      3.4123725097552802
Au     -6.9314927561622266      2.6778405146033721     -1.8441833784665622
Au     -6.3728355537533581      2.7976260102826380      0.9957505405545406
Au     -5.9137061757086560      2.9692992130977061      3.8508160407762251
Au     -8.2467285631731535      0.1971181399034787     -1.4782716952107671
Au     -7.6962279598657748      0.3081278603581961      1.3596678780827116
Au     -7.2302901643066626      0.4881903936404551      4.2091859461550793
Au     -9.4880733964188195     -2.2571844050866776     -1.0529973603074425
Au     -9.1137950770627452     -2.1525110677543040      1.7389395378038810
Au     -8.4985212037929845     -1.9738119089778916      4.4840178079780033
Au     -7.6229854440082008      4.8215000940467236     -0.2887020582509419
Au     -7.1378123178766959      4.9604367893618182      2.4260730075060666
Au     -8.9577169457208097      2.4176054837460632      0.0677779132455627
Au     -8.4707876480530455      2.5570447719077913      2.7923791231389838
Au    -10.2087629740331138     -0.0280531135253924      0.4198606970559313
Au     -9.7229871390799243      0.1110559388698832      3.1380090897054593
Au     -8.6553938254626281     -6.7645439075107632     -0.9354180134925073
Au     -8.1774024123319844     -6.6762969972686559      1.8031085138313945
Au     -7.6781823384155263     -6.4847054442983332      4.5325522805049339
