         216
Au Au   -791.50475053   nogrup     0
Au     -3.5078981037040089      2.2565670815566810      9.6506665052532874
Au     -1.9893012828043251      1.6944772594547917      7.5385925693184248
Au     -1.4613199081269714     -0.2196036830457943      5.5297949368444357
Au     -0.8896091493148650     -2.0363322707187219      3.4523956306830357
Au     -0.3105276067027662     -3.8472391656347193      1.3687162614422839
Au      0.3050994929325883     -5.6116025569992862     -0.7244964452900557
Au      1.0287288764898133     -7.2677654254927377     -2.8801435728750446
Au      1.9173353132433217     -8.9421162098411546     -4.8790407863988259
Au      7.8450823986461424      3.3098712786284157      5.2746531183133563
Au      8.5600428682695728      1.5002826960391527      3.3004061236227145
Au      9.1702036518083609     -0.3570293770126901      1.2775702314822617
Au      9.6590999881618522     -2.2058039646892418     -0.7209873660837047
Au     -0.4763083093821754      7.3793661742308174     -0.9713098881624926
Au      0.1639952695863418      5.7145648490309462     -3.0615831992882656
Au      0.8075048350450986      3.8796820332306075     -5.1338278178604622
Au      1.4185225114767102      1.9997907214117083     -7.0427808087352002
Au     -9.9399352955170919      1.9071251204276407      0.9863335760775964
Au     -9.5496730864868020      0.1341307137174886     -1.0709021128747516
Au     -8.9306159407514123     -1.6713363269309243     -3.1714955007455847
Au     -8.1059697323683331     -3.4583670336096413     -5.1423885367204516
Au     -0.8197559984011416      1.8404038324045449     10.0754432703372281
Au     -0.1065524531774988     -0.2220402134983095      8.3717260230254240
Au      0.4317051225780435     -2.0847414409002676      6.3336695003813599
Au      0.9798168963519336     -3.9199134309088626      4.2608811820028318
Au      1.5427400726448308     -5.7454250721716109      2.1637644429432399
Au      2.1287902948624704     -7.5449512353874830      0.0489254093464275
Au      2.6611436490287126     -9.2291306302542022     -2.0855916204203915
Au     -2.5127047688661195     -0.1727216281350943      9.7945652376543428
Au     -2.2001695352476887     -1.7685644132700156      7.6964790979683038
Au     -1.7352097091444567     -3.4673739574771094      5.6396293622598161
Au     -1.2430728098836590     -5.1949105368321460      3.5630537202746257
Au     -0.7342949952772475     -6.9102475274880195      1.4313919264157970
Au     -0.2135541733077524     -8.5522648386745335     -0.7994145020822661
Au      0.2688524391649911     -9.9408676906230244     -3.1114580350869980
Au     -4.5178007041598667      2.9852559191486794      7.2916708508036550
Au     -3.8773084761218977      1.2422674939441598      5.3009372335001874
Au     -3.3119687904086197     -0.5977777237246922      3.2426544339317704
Au     -2.7303644253021702     -2.4019890143141485      1.1610480825946521
Au     -2.1300921290140007     -4.1951930800092265     -0.9268842224805933
Au     -1.4685779610865723     -5.9663652359944699     -3.0329853780344598
Au     -0.6182792630500491     -7.7483681592356515     -5.0371639041504723
Au     -2.1907818058817865      4.4274671769098664      6.8609687029392354
Au     -1.5071075167419159      2.7047693348194466      4.8766089421938581
Au     -0.9003197116634092      0.8372026107493726      2.8514800870149344
Au     -0.2924158865098390     -0.9834763592203766      0.7822680122359458
Au      0.3273958807322874     -2.7855827658127614     -1.3008978673127105
Au      0.9907637350094010     -4.5293955920611957     -3.4342432450587754
Au      1.7048122819214921     -6.2981507588620564     -5.4592910903636742
Au     -0.0245501641045820      3.6871763961239643      8.3499659568257627
Au      0.6213679448878551      1.7489326260076181      6.4898944487989194
Au      1.1953455621813129     -0.1508651218464979      4.4849748787318031
Au      1.7869238815313611     -1.9907784901260070      2.4356023773152913
Au      2.3854715091838177     -3.8075839103281472      0.3708341771248680
Au      3.0330224249564135     -5.5751162377481398     -1.7256111680580251
Au      3.7532244280026710     -7.3333571492030947     -3.7530634910208001
Au     -6.3307058472174065      2.6286631605412660      5.2106674926951175
Au     -5.7601801386333014      0.8820316479264103      3.1822987055075309
Au     -5.1925093920791463     -0.9670009948437857      1.1131696897854049
Au     -4.5960682138510629     -2.7613124684212629     -0.9681830819226551
Au     -3.9434479537289127     -4.5420981682335206     -3.0997771165990251
Au     -3.1767257556775776     -6.3194869293510401     -5.1284786407028449
Au     -1.6375196040551465      5.4745890612729733      4.2813312333013940
Au     -0.9702586645495543      3.7271260428374071      2.2542185429052282
Au     -0.3396922949126249      1.8619221376453661      0.1961692411844069
Au      0.2900703278156240      0.0394634497514664     -1.8776655374754396
Au      0.9394008411398180     -1.7609250610353309     -3.9907095684971337
Au      1.5865450462392139     -3.5556747697246109     -5.9979860655353807
Au      2.6051131682721742      3.6184256775939114      7.3625914998593807
Au      3.2509560787517167      1.7084295759123556      5.4350268001185036
Au      3.8541789229908581     -0.1986779075490221      3.4256488166862766
Au      4.4550673986340854     -2.0474981209508814      1.3832054693791704
Au      5.0704447510001369     -3.8573223018159606     -0.7012860103570393
Au      5.6956596031769493     -5.6439699495533580     -2.7298014715370611
Au     -8.1701529793156951      2.2828426748768385      3.1047836110093332
Au     -7.6150232866370446      0.5113852757187605      1.0520774577023779
Au     -7.0891675442151358     -1.3193429741153215     -1.0211510199638916
Au     -6.4062486789310382     -3.0951177971749697     -3.1056448609092380
Au     -5.6895278694092841     -4.8919629449811390     -5.1648017538170121
Au     -1.0573879370877952      6.4677271015659112      1.6581307411694599
Au     -0.4078334815143507      4.7104505721129870     -0.3887918201798701
Au      0.2319004462982592      2.8767682360917108     -2.4689661793180644
Au      0.8752626727376396      1.0392989351663968     -4.5461432352534192
Au      1.5064906252281367     -0.7834859963088987     -6.5493713622225371
Au      5.2432681796130023      3.4893826740879006      6.3402629574827252
Au      5.8971065848077160      1.5899584751424254      4.3831568257543161
Au      6.5265452694745161     -0.2976381185763558      2.3767172668058780
Au      7.1142419585456427     -2.1312493676576079      0.3135155691925000
Au      7.6934718281352215     -3.9396178858902271     -1.7371628125182728
Au     -8.1690287007584921     -0.4128559665435493      3.6139025257570800
Au     -7.6945435372077045     -2.2923018523281460      1.5842217884861594
Au     -7.1455453138278040     -4.0954924149618881     -0.5286562620337065
Au     -6.5604206438851280     -5.7859763606844652     -2.7238654038297767
Au     -2.8850346000282094      6.1126469489052528     -0.4209424454968023
Au     -2.2287046201904834      4.2965657129338588     -2.5085205660665055
Au     -1.5777492858409219      2.4334851489407514     -4.6209406627145695
Au     -0.9413753704439856      0.5821948641485536     -6.6908985537009809
Au      5.7756178027382710      4.3993571688581650      3.7725968507071137
Au      6.4312271322788108      2.5179567606925941      1.7596199227949949
Au      7.0633160884126163      0.6354925189215738     -0.3068299663210894
Au      7.6656914072896800     -1.2115012356653194     -2.3657629336578641
Au     -5.2755313727934086      4.7223726191587652      0.0894757462273876
Au     -4.6546340917521851      2.8975752985853731     -1.9824557203686490
Au     -3.9949204875115996      0.9994881607563311     -4.1440723214165782
Au     -3.3402165411012881     -0.8209169504261948     -6.2228045641380856
Au      3.6586079976559573      5.4253945389489129      2.2189492401218764
Au      4.3022058257475084      3.5704043123529381      0.1942193288006262
Au      4.9570423468493674      1.6580746399815449     -1.9265642216811996
Au      5.5875003606498801     -0.1792345673668326     -3.9750736849203099
Au      6.8733106652329825      1.3186917658660127      6.9255020156409799
Au      7.4999899779923549     -0.6715293581600035      4.9947331070064447
Au      8.1039869336658992     -2.5535356638349640      2.9459607054947305
Au      8.6888716980260483     -4.3111734368971293      0.8112821238673629
Au     -7.6719918642086489      3.3489804422156575      0.5614281502065364
Au     -7.1018971421702952      1.4989700955785992     -1.5324513986271997
Au     -6.4594195358064335     -0.3519556785366100     -3.6526326804593747
Au     -5.7638255339088600     -2.1790830910415977     -5.7525834066705919
Au      1.5736610490612639      6.4604659917356173      0.6442396284823229
Au      2.2151088800380414      4.6275728413216264     -1.4287623351415242
Au      2.8654437627651967      2.7553717417468810     -3.5248644419676909
Au      3.5180017179199963      0.8970967750319609     -5.5763551352106600
Au     -6.2799139480448298     -0.0676473308334663      5.7164722554532439
Au     -5.8517079624940438     -1.9215470857006172      3.6709966174158897
Au     -5.3066202438853249     -3.7459140164777702      1.5537760277552977
Au     -4.7842092651247041     -5.5350093006515468     -0.6004425296632014
Au     -4.2622205774795718     -7.2147713862564382     -2.7957253628582883
Au     -3.4487967429918118      5.1203371153207780      2.1948265567780130
Au     -2.8134914046966131      3.3249217483527977      0.1221872908435575
Au     -2.1790823266009554      1.4573879302533412     -1.9686137347678638
Au     -1.5305764637413892     -0.3780002628253306     -4.0918403180207399
Au     -0.8700659659048942     -2.2056504378917912     -6.1456798706971094
Au      3.1211339555265609      4.5018498561775377      4.7993560445981203
Au      3.7757485204212555      2.6374740492271465      2.8052230697015759
Au      4.3996556096264765      0.7431894302666614      0.7579951067007329
Au      5.0356624477019913     -1.0989328268020360     -1.3317850476406763
Au      5.6529831107297728     -2.9271548515995192     -3.3705513265220777
Au      4.3075041670442404      1.4889609496417466      7.9606908143583262
Au      4.9437287862178767     -0.4904087291182726      6.0605008526909838
Au      5.5225131957107969     -2.3942928941333612      4.0056544145765507
Au      6.1356193060752711     -4.2530638232941680      1.9377685904137376
Au      6.6933260980352749     -5.9882573606152008     -0.1654594943983803
Au     -5.8388799671201275      3.7141862172493156      2.6861428689464404
Au     -5.2193678230621980      1.9279260857226246      0.5971091011807044
Au     -4.6101076013243549      0.0590027509039394     -1.4975120748499391
Au     -3.9545194519995404     -1.7659209508357416     -3.6327289202043405
Au     -3.2844754764416484     -3.6004890974140338     -5.7001718954817804
Au      1.0061094511750768      5.5025538876409286      3.2431065475321432
Au      1.6720610031363838      3.6685069537869150      1.2190032335027752
Au      2.3062262275873655      1.7905694788867972     -0.8499096020505501
Au      2.9557585976082636     -0.0477644539099812     -2.9514374414378350
Au      3.5857574523694602     -1.8762196838580567     -4.9982305955578585
Au      1.7506038343135131      1.6648233109587947      9.0330788221896867
Au      2.4031079812870000     -0.3426016488307337      7.1587903151767556
Au      2.9669848964775358     -2.2376307190242630      5.1152362991207134
Au      3.5391925031413649     -4.0967478733995373      3.0493678967117539
Au      4.1347219718112971     -5.9236142947500428      0.9746532639005707
Au      4.6867002698975746     -7.6542898449189192     -1.1244024968566606
Au     -4.3251540345775297      0.2220979950362404      7.8131772648955042
Au     -3.9903967796549678     -1.6301030527207607      5.7090353174271282
Au     -3.4724101339369682     -3.4429856780380232      3.6013361199279501
Au     -2.9530528034133727     -5.2397393566835442      1.4841232574704133
Au     -2.4653034535834903     -7.0104731112267036     -0.6672953641373276
Au     -2.0149163161169108     -8.6457450191205147     -2.8947547619730782
Au     -4.0064644266217986      4.0935682090726839      4.7935295037328132
Au     -3.3628169510155672      2.3179334860356651      2.7245679954535511
Au     -2.7519223568142230      0.4593915071068673      0.6542966007877222
Au     -2.1324405046022719     -1.3625783823228741     -1.4372963223842241
Au     -1.4852413812512526     -3.1710582194310097     -3.5598748068805062
Au     -0.7912758075795869     -4.9936110421831899     -5.6099317365306529
Au      0.4572669888932408      4.5582610869022719      5.8183441987810056
Au      1.1301596130403282      2.6964221694412824      3.8392766482840841
Au      1.7440471866318348      0.8160095339012289      1.8055929798780870
Au      2.3643402059522263     -1.0184188774155214     -0.2578856848101356
Au      3.0070879812835933     -2.8181472031545378     -2.3558531615906961
Au      3.6590740196800180     -4.6245249306309955     -4.3953813189655699
Au     10.5190351291061610     -2.5958733989703124      1.8244746707475734
Au      9.9703556959570179     -0.7866506326771077      3.8631346149025187
Au      9.3249254692659633      1.0882331200911173      5.8193745677472855
Au      9.5882520933382711      0.5349125054915216     -1.3423026446483384
Au      9.0979197820565290      2.4036089984786626      0.6906011910107459
Au      8.3503191025975685      4.2278171531717241      2.6864970913004527
Au      7.5884838025847525      1.5451931160572168     -2.9691795705733330
Au      6.9280768804104929      3.3948131528833811     -0.8684935158699538
Au      6.3048398505358820      5.3189672170939106      1.1740404318616786
Au      5.5191635000473696      2.5956547853371368     -4.5464871720677102
Au      4.8337735708635678      4.4465652045174284     -2.4472441426931235
Au      4.2191495661164193      6.3550479049497772     -0.3805205575611250
Au      3.4332842601397275      3.6527252594431960     -6.0390854767789266
Au      2.7779370161829826      5.5689343117519847     -4.0818769503049994
Au      2.1532097379114541      7.3067905004757643     -1.9555056213213895
Au      9.4417253590048595      3.2458011945437479     -1.8799589509349035
Au      8.8259754366876262      5.0620010621365958      0.1010711275621610
Au      7.4321220346928918      4.3065590027094416     -3.4419402055589128
Au      6.8077862775352509      6.1201244486849209     -1.4515337470811698
Au      5.3570068335477901      5.3097375231476081     -4.9574487016512521
Au      4.7268191576922911      7.1097841074223238     -2.9640731756049865
Au     -1.0464859738692671      3.3386248433829562     -7.1371670406661814
Au     -1.6445634315332094      5.2499202991241072     -5.1534305368696378
Au     -2.3226783601815821      6.9718102641098021     -3.0278535482971005
Au     -3.4174139536723054      1.9568219425409239     -6.7431803846296674
Au     -4.0390853665869884      3.7938149612526346     -4.6006015463851559
Au     -4.7202363722243756      5.6783142031061686     -2.5232692563201846
Au     -5.8194673618476784      0.5862381805465625     -6.2635518184748786
Au     -6.4544710772910898      2.4125300444786002     -4.1109697433045129
Au     -7.1126114460268743      4.3047794921597653     -2.0340969046410873
Au     -8.1936439525152807     -0.7554693448921681     -5.6992902847031530
Au     -8.9500976130946235      1.0643977992754159     -3.6643676388666853
Au     -9.4478074494422195      2.8737721022705984     -1.5649178710908807
Au     -3.4698929465489776      4.6747231530268651     -7.0983460329491823
Au     -4.0955188425826563      6.4559675427736583     -5.0830865099427172
Au     -5.8513386692483076      3.3510473969144829     -6.6566029426961748
Au     -6.4762598899247825      5.1362514525842604     -4.6340886278572979
Au     -8.1895134575287791      1.9704447844911530     -6.1331967284428499
Au     -8.8087607433725026      3.7510704606105927     -4.1142557320345761
Au     -8.8495670385941061     -4.3117478176745667     -2.6458522326354581
Au     -9.4690397555482555     -2.5826269069428771     -0.5613342976986484
Au     -9.9523227680591191     -0.7771611977448660      1.4933128446628050
