         216
Au Au   -791.70678378   nogrup     0
Au     -0.3198659601229092      9.9047967371379428      3.0911676384305107
Au     -1.1796388680256360      7.3113708416205707      2.7808738115074494
Au     -2.0894207917345931      4.6622058937160853      2.5490183292888542
Au     -2.8648857830661720      1.9822019862910625      2.2869479481615720
Au     -3.5835259692720456     -0.7206212334590507      2.0014726016202680
Au     -4.2403414529389485     -3.4274365159373836      1.6945791023871912
Au     -4.7636682566471338     -6.1681977773547620      1.3571388028575413
Au     -5.3071357089391009     -8.8523871807750503      1.1099954045989602
Au      5.9234122553722361      1.9431083526119761      7.8133644270573832
Au      5.2951794490647739     -0.7478189541681015      7.6127439270629704
Au      4.5754926171390284     -3.4545930186299181      7.3268488551533668
Au      3.7885196222780944     -6.0863140282976405      6.9652796702827136
Au      5.8864297769351861      3.1163764914303838     -3.3038239262359230
Au      5.2973938625807575      0.4561171484086959     -3.6641433010148772
Au      4.5711019320211728     -2.2754893175279927     -3.9526614544411522
Au      3.7568351746077360     -4.8930986332029258     -4.1498027279077876
Au     -4.1363989197064877      6.1871743698547137     -6.9400671471747479
Au     -4.9487391628243200      3.5794121807860355     -7.4287215385205956
Au     -5.6757120241029027      0.8452366669970748     -7.7175114104595490
Au     -6.2767108923816446     -1.8626394789947405     -7.7903111392182396
Au     -1.2472227625674011      8.4467647116314062      5.2664436103990102
Au     -2.0442063366577274      5.8235448879468477      5.1602290543244322
Au     -2.7923232897498291      3.1366372589808185      4.9255784520342605
Au     -3.5162602052277396      0.4429207839356524      4.6580495320422060
Au     -4.2248804421288808     -2.2512745823957490      4.3565027474947549
Au     -4.9074285135716602     -4.9451544651279535      4.0228309825284772
Au     -5.5095238590812547     -7.5839243431981602      3.5732674686456960
Au     -2.9008940233079112      9.3489431670695460      3.3469547834516966
Au     -3.8401436829589111      6.7320469715396616      3.3795807364507269
Au     -4.6814972462381901      3.9385637630920223      3.2362769308735562
Au     -5.4534685666602387      1.1347488048373520      2.9847260932631574
Au     -6.1736279228186595     -1.6733730517860677      2.6435495296349281
Au     -6.8227800832817911     -4.4856959027204484      2.1947768228851938
Au     -7.2908971976691861     -7.1619224687700536      1.6030975978412343
Au     -1.3797842249206562      9.0747035486793237      0.6591629068804625
Au     -2.1902648145906793      6.4324287112830323      0.2464428598293171
Au     -2.9755335146717403      3.7289211995635627     -0.0363069918122516
Au     -3.7088841960003487      1.0199377617579461     -0.3200276789485841
Au     -4.4176680981925740     -1.6950018257355852     -0.6091935953813863
Au     -5.0785808173168698     -4.4306221214257695     -0.9009393381144992
Au     -5.6942264260326114     -7.1520416522716390     -1.0547455169649762
Au      1.1608376791795969      8.2935515984208728      1.4644100248509577
Au      0.4099586711205330      5.6391359792158635      1.1706866214236467
Au     -0.4073575956927780      2.9408190624728254      0.9261260678872461
Au     -1.1459757026001123      0.2362767714214686      0.6477723190593476
Au     -1.8477236691366343     -2.4764342115505533      0.3539464598217297
Au     -2.4762460726652886     -5.2159449498640997      0.0241541517812482
Au     -3.1434958608755572     -7.8951365906525064     -0.2454699341107922
Au      1.2266284418318181      7.9786195877173727      4.2491378929050683
Au      0.4326141861500616      5.3197554803588067      3.9991704499478615
Au     -0.3687678414994888      2.6291409509072929      3.7359159759481582
Au     -1.1029720929243672     -0.0718427984236971      3.4566829537052008
Au     -1.8068503875471142     -2.7795367307101859      3.1646406310556170
Au     -2.4464073197559228     -5.5083289858829341      2.8554855702433422
Au     -3.0760715696642738     -8.2039550223151387      2.5398960115143971
Au     -2.3215020389967460      8.1298263058895088     -1.9111014638563075
Au     -3.1034234935270923      5.4842408667864833     -2.3068702867558661
Au     -3.8855783124268930      2.7678020865986550     -2.5930621735276151
Au     -4.6036138193668252      0.0672393540061358     -2.8783021961461976
Au     -5.2737634948300185     -2.6784992204112958     -3.1690403652024113
Au     -5.9149803429236334     -5.3853846934500700     -3.3386155252246663
Au      2.7212770186360364      6.5946308131061562     -0.1366393859803452
Au      2.0232083935563963      3.9361342522311613     -0.4257208186343329
Au      1.2522688790962637      1.2100665224602865     -0.6921789468486397
Au      0.5297509930814828     -1.5073448013956199     -0.9791973917351324
Au     -0.1538614770271867     -4.2518881226919172     -1.2905562330956135
Au     -0.8687830276877948     -6.9076823159775822     -1.5627813766288057
Au      2.7955365049710812      5.9866287197022405      5.4388896429289026
Au      2.0456705999222984      3.3169412491337695      5.2071188071329324
Au      1.2780555623208865      0.6029629060062769      4.9521916516086524
Au      0.5575418506782723     -2.1069188231044729      4.6659677680812734
Au     -0.1224162735348679     -4.8373176554597181      4.3458472606554306
Au     -0.7948317677510577     -7.5168797752300103      4.0126164358078604
Au     -3.2444961377535391      7.1776918460580426     -4.4676746560627425
Au     -4.0159298281368114      4.5057659861929746     -4.8392497784461881
Au     -4.8006216744962655      1.8225988871509697     -5.1711678362954334
Au     -5.4545840621725157     -0.9050791894634393     -5.4107565762109520
Au     -6.1166067516114024     -3.6244413564211770     -5.6086264218126392
Au      4.3223504194305713      4.8794441295544733     -1.7299740945760860
Au      3.6444906247273128      2.2035221309253168     -2.0308491135713744
Au      2.9156871003281779     -0.5300073913627443     -2.3217431215036486
Au      2.1905098776941885     -3.2649445990071282     -2.6084401928408907
Au      1.4488448842243513     -5.9278985722694211     -2.8714695340800844
Au      4.3791959388439876      3.9847502296413908      6.6402146671089035
Au      3.6456621230296107      1.2902699873926990      6.4244778876377922
Au      2.9108057965790861     -1.4265236220079203      6.1784639160326353
Au      2.2014509867236121     -4.1414697289073255      5.8507653390927956
Au      1.5034854389026413     -6.8309162917828177      5.4978391751833069
Au     -5.6374544168221989      6.2613205506153289     -3.5171199604364771
Au     -6.4676535942995637      3.5790231869741742     -3.7246752497219981
Au     -7.1882283062246310      0.8689022753008673     -4.0109201986893819
Au     -7.7957421647244383     -1.8561242790835708     -4.3744882038244164
Au      3.4191572537075281      3.9972003901010167     -4.2236441368912008
Au      2.7140232086358576      1.2578772150437976     -4.5190531842893806
Au      1.9756483668373237     -1.5191778596309833     -4.8123720721767258
Au      1.2268153872464111     -4.2482795919332714     -5.0945516492294871
Au      5.9648456177563203      2.3166606284096902      5.0646169183554264
Au      5.2400050323043317     -0.4103965203264881      4.8140373068256039
Au      4.5069729337759865     -3.1673590336290101      4.5228408701551945
Au      3.7836278878937724     -5.8869838488340429      4.1981293129582120
Au      0.8808570493538048      4.7857940628687370     -5.1248005824429406
Au      0.1436944917012610      2.0675041511901440     -5.4271529248418968
Au     -0.6095736499810611     -0.7655676577659491     -5.7263890264190493
Au     -1.3205845848556761     -3.4939182304875080     -5.9993249295734863
Au      5.9458704878393345      2.6386296238607008      2.2631192186099405
Au      5.2207753380235804     -0.0746628053121237      1.9884828222096065
Au      4.4719251681210972     -2.8911152103344504      1.6910027835557990
Au      3.7543170328723052     -5.6038807457572455      1.3925259555270166
Au      3.4252913259590221      2.5814266755137365      8.8268483575575267
Au      2.6053489568418224     -0.1261881410881163      8.6575814080999116
Au      1.8774029946471789     -2.8640309929893695      8.3684054648361830
Au      1.2505118599948544     -5.5980249280014531      7.9629190602365760
Au     -1.6374277270369140      5.5525417081714625     -6.0699099296711063
Au     -2.4158446545412842      2.8211583216499188     -6.4107534863390114
Au     -3.1539844829033239      0.0449818123170402     -6.7039806392527543
Au     -3.8375652712468780     -2.7222745778267941     -6.9439185784158033
Au      5.9540754319786693      2.9280561961780958     -0.5389117296810335
Au      5.2374898813163728      0.1959348929475579     -0.8448895449558815
Au      4.5005470181926555     -2.5757288216495340     -1.1376385879838002
Au      3.7646583555672497     -5.3064108663182390     -1.4086549197375327
Au     -4.7871867996892883      7.2699954667239650     -1.1492205662954449
Au     -5.5763744309820984      4.5791649542434376     -1.3030655232309956
Au     -6.3062128899020253      1.8397597802291936     -1.5435935292618144
Au     -7.0307545073017979     -0.8908409906127916     -1.8808086750073016
Au     -7.6753265038749321     -3.5924627064307275     -2.2965090751902277
Au      1.8022688267196352      5.7170495654927951     -2.6228646865532719
Au      1.0849545158615350      3.0084626179673357     -2.9330663365710494
Au      0.3285116762695433      0.2523061097101706     -3.2157184345718512
Au     -0.3833299435598034     -2.5138111146167716     -3.5163419214117342
Au     -1.1072354526038302     -5.2257023096474837     -3.7786639699595197
Au      4.3652775606553149      4.3263364208829458      3.8544417288331978
Au      3.6433067520797233      1.6239407399739343      3.5963527292164112
Au      2.8858742762929630     -1.1181591428937461      3.3217160477525898
Au      2.1822182701922741     -3.8712679801369214      3.0159361270282279
Au      1.4681092216876972     -6.5700174490825800      2.7035429097318104
Au      1.8775410812552602      4.5618514458959467      7.6404883528053578
Au      1.0816649024627165      1.8877454092793724      7.4882189882888390
Au      0.3304518060313022     -0.8482816721754549      7.1994057096239015
Au     -0.3763571301553732     -3.5959486960733740      6.9090210686731943
Au     -1.0068161954513952     -6.2863563338180066      6.4946799802338084
Au     -0.7342235511973785      6.5042114275904890     -3.5375986515836155
Au     -1.4590430044396197      3.7868734751817539     -3.8703928842320945
Au     -2.2301234727424077      1.0326014733321975     -4.1624320894063063
Au     -2.9287998869845842     -1.7409445460236572     -4.4542549808138983
Au     -3.6516539493713465     -4.4683634012650595     -4.6965500344645825
Au      4.3510270818578132      4.6358697940856217      1.0506579101535962
Au      3.6367906637713223      1.9280913069556256      0.7804874835027977
Au      2.8808766790547544     -0.8187391292251984      0.4994891289022299
Au      2.1732432544794307     -3.5763581929250110      0.1990956595604505
Au      1.4491360808840321     -6.2782329779528228     -0.1021145824861360
Au      0.3115784850522978      6.5325544749339723      6.4637909236237601
Au     -0.4785741433021702      3.8697163576798577      6.3200902013729774
Au     -1.2243358557237949      1.1578261704369694      6.0494252343808039
Au     -1.9475060246890301     -1.5620521448624007      5.7621474428302175
Au     -2.6462484779345496     -4.2830115288917279      5.4589865699401816
Au     -3.2757000203919775     -6.9593689347174790      5.0387523179634943
Au     -3.9428834878153092      8.3237367720718467      1.1517108825210602
Au     -4.7253137916756787      5.6135736376756427      1.0867347452971643
Au     -5.4511836217888296      2.8478773221905120      0.8834043197495838
Au     -6.1844521621362345      0.0900157800209103      0.5921192738932337
Au     -6.9234375493524647     -2.6536822610144357      0.2135524393927266
Au     -7.5787809080309403     -5.3510352149672959     -0.2926051396971818
Au      0.1879940832598885      7.4294510517788055     -1.0149603138322050
Au     -0.5441073579970972      4.7280139388242510     -1.3409928421200137
Au     -1.3134188055040950      1.9953948480294228     -1.6192689663077671
Au     -2.0385055896606268     -0.7316849164717505     -1.9073093701623893
Au     -2.7273640594353434     -3.4832963148941234     -2.2082899703735617
Au     -3.4357246009893672     -6.1994776256879733     -2.4544788151989554
Au      2.7665197072291239      6.3192365685957705      2.6444992783952372
Au      2.0274947620719370      3.6287263575969471      2.3815730330685430
Au      1.2543317608999778      0.9129828366729420      2.1145847326402176
Au      0.5318519901353427     -1.8042873108922084      1.8275807178653185
Au     -0.1447798157780982     -4.5412655690646089      1.5186408636147455
Au     -0.8384740830399027     -7.2392542478418767      1.2124207415997716
Au      3.4381954154547185     -4.7952603713710156      9.3327867793181234
Au      4.1438934523316053     -2.1248820008064220      9.6862758112283380
Au      4.8613585691057839      0.5573264673089984      9.8981371537122271
Au      6.0574445689978678     -5.1220372464262391      5.6355518693513922
Au      6.8606549125804470     -2.4593929648116841      6.0143696558281210
Au      7.4908687032853063      0.2691273207566880      6.2049788690774434
Au      6.0701684720051441     -4.9088512074803985      2.8765427372866448
Au      6.7597876118497533     -2.1337819677052678      3.1854836873750756
Au      7.5403813218726832      0.6206723790302839      3.4605839743061075
Au      6.0622109580887429     -4.6171528615941808      0.0905756801807662
Au      6.7529434154590957     -1.8352723340285513      0.3765186634276727
Au      7.5347244587754805      0.9210192423891885      0.6755302910442662
Au      6.0357938814899086     -4.2511771089626018     -2.6532221491307721
Au      6.8366291860669168     -1.5576301534015728     -2.4627666659056340
Au      7.4743211591649956      1.1591689062883166     -2.0817693355340161
Au      8.2562731728629064     -4.0861980729052236      4.3223280118876932
Au      8.9613560519397613     -1.4343559811943107      4.6024222836089166
Au      8.2944492270194505     -3.8102017268640029      1.5801710895552930
Au      9.0012457036045692     -1.1519154498990352      1.8609458122168991
Au      8.2383786386354174     -3.5032255569398929     -1.1585983810786180
Au      8.9438028184732907     -0.8501010678435676     -0.8783692766772324
Au      3.4963721495260192     -3.1883631704982234     -6.3494202870636460
Au      4.3305875470401212     -0.5059039569494601     -6.1116733248500772
Au      4.9362643893793479      2.2271268388818131     -5.7774232960311807
Au      0.9944678578817707     -2.4948201480061085     -7.3008382520089556
Au      1.7242580524831475      0.2767666832466786     -6.9608165910346820
Au      2.4698312397379976      3.0540809886873057     -6.7147493909565172
Au     -1.5280399182751783     -1.7297898883825278     -8.2261835690908836
Au     -0.8191263850978716      1.0516413966243299     -7.8946010460777378
Au     -0.0510058023987492      3.8254013070091468     -7.6394291825757703
Au     -4.0274519383846838     -0.9111797196325755     -9.0965016724237753
Au     -3.3671768086226290      1.8385281980206942     -8.9303865436906662
Au     -2.5809586934404738      4.5291491664396100     -8.5218785919830928
Au      3.2425139934527376     -1.4063095204405247     -8.4466031941933259
Au      3.9485190232319161      1.2490086636634490     -8.1661421361359245
Au      0.7735367204068146     -0.6529336429013064     -9.4031304470064310
Au      1.4815653142826180      2.0099977727475302     -9.1218645259152478
Au     -1.7332598394520273      0.1056907425120617    -10.2605298805874892
Au     -1.0259917741041793      2.7657636291384424     -9.9795655546069728
Au     -7.8810750590035576     -0.1013073147569203     -6.4642220617158097
Au     -7.2368122281433402      2.5792092081332969     -6.2019311489384412
Au     -6.4656931652125396      5.2220176084807886     -5.9019671113300110
