         216
Au Au   -791.70678378   nogrup     0
Au     -4.0157079587842146      2.6532332735477979      9.1976608594382459
Au     -3.1950435799763142      0.9880301566948352      7.1691359495596085
Au     -2.3235829412275537     -0.7713852711830078      5.1580349282945104
Au     -1.3771928282820265     -2.4208999474338913      3.0999081366484216
Au     -0.3998416739677628     -4.0239247820999200      1.0074729915749341
Au      0.6016640773735951     -5.5692931767521614     -1.1046967745909040
Au      1.6792247146973360     -7.0066030000000890     -3.2662980456598172
Au      2.7669681976749527     -8.4715124528318455     -5.3235216946300810
Au      6.8716883877791419      2.7372259694689127      6.7229951032308950
Au      7.9435666171487709      1.1817028488310850      4.6963134354657559
Au      8.9223461659022494     -0.4236658293141815      2.6008202728653593
Au      9.7751585301442816     -2.0249680505961147      0.5068869191074938
Au     -0.4616366277453148      7.4144643822252547     -0.2995076095424611
Au      0.5192420134084488      5.9647193319933791     -2.4184435020867934
Au      1.5070012800751766      4.3446233504860103     -4.5331619463743804
Au      2.4346201694154033      2.6641025754881715     -6.5001764392674115
Au    -10.0129596177645155      1.7691428897947419     -0.4077251197791316
Au     -9.2640095284617008      0.2050187294670066     -2.5737550310050867
Au     -8.2753207779539313     -1.4165993732248685     -4.6904628108449486
Au     -7.1021144757750871     -3.0051398020782552     -6.6396228350377804
Au     -2.3998477030360323      0.4570118634887164      9.7298938662157592
Au     -1.4050233330333350     -1.2460624936779063      7.8226456493703243
Au     -0.4229763588958164     -2.8862150170939365      5.7782181112822197
Au      0.5568948983976463     -4.4966816708405979      3.7050539366533286
Au      1.5253118972076263     -6.0817464670881112      1.6070787473285844
Au      2.4889769804562079     -7.6328989705700572     -0.5141192529856369
Au      3.3969077159045833     -9.0506726333516561     -2.6805263263851788
Au     -4.9906994586109255      0.1902135542272761      9.0596317902253087
Au     -3.9963264117987336     -1.6807249164068550      7.2590186458525050
Au     -2.9508415726507575     -3.4767652447782322      5.2064245366900312
Au     -1.9251884045210765     -5.1785349825629794      3.0680656495497747
Au     -0.9215465088479120     -6.8051595810251033      0.8618554675815293
Au      0.0600475429330127     -8.3338770008017260     -1.4253775679405383
Au      0.9796875809400842     -9.6022481585167405     -3.7225265617515646
Au     -5.5860126457135468      2.3569083145905707      6.9231395953785064
Au     -4.7708671271727479      0.7512250338921580      4.7862896617775519
Au     -3.8288383491436022     -0.9082660262260986      2.6972199842196733
Au     -2.8551507284422017     -2.5266812397651237      0.6020947462003186
Au     -1.8675275882131617     -4.1251548441667989     -1.5017985432093166
Au     -0.8427451712223752     -5.6915708533824336     -3.6235191700086000
Au      0.2816439604725054     -7.2670554287973967     -5.6390609609607623
Au     -3.2328965728433108      3.8310071088849589      6.8663505688043411
Au     -2.3063105158774242      2.2244359661557027      4.8032559361176741
Au     -1.3624162016500874      0.5260625489060614      2.7457535252872400
Au     -0.3910221116427328     -1.0969134878745266      0.6577090696302523
Au      0.5964846438990929     -2.6868722133635838     -1.4481039901572821
Au      1.6189316939896636     -4.2136346856875768     -3.6003872232445993
Au      2.6210003214580651     -5.7703867195584380     -5.6663923044100546
Au     -1.3522292791237835      2.6975114517048677      8.6088933398429699
Au     -0.4211352961733894      1.0367766597545951      6.5748082183541872
Au      0.5161082101754677     -0.6381268423511508      4.5090903255599066
Au      1.4874083160818667     -2.2556478523058172      2.4228159101280582
Au      2.4719068020663828     -3.8459754085156432      0.3218732660572670
Au      3.4943432469661833     -5.3852830409038344     -1.8079326308736832
Au      4.4994557254674454     -6.9002580203180912     -3.9191129672884149
Au     -7.1067920291987789      2.1634953086474971      4.4663761954136536
Au     -6.2636156730905572      0.5736369043649564      2.3383364601148742
Au     -5.3144807562311938     -1.0873141652241460      0.2375992385308994
Au     -4.3379471440830795     -2.6889975167776603     -1.8530860215871634
Au     -3.3119368072546909     -4.2676236169913153     -3.9809842261334518
Au     -2.2196363008448872     -5.8522771621416094     -5.9966479085776001
Au     -2.3397431507128283      5.0287777066577757      4.4888913745408381
Au     -1.3784439354327795      3.4624621466597891      2.4246666762914391
Au     -0.4057125949931688      1.7993221797474799      0.3307345920086995
Au      0.5769143648890072      0.1876445936040281     -1.7729950202451841
Au      1.5823785620573902     -1.3937956601938737     -3.9142280461717442
Au      2.5427493633527796     -2.9793473326727384     -5.9641496474317819
Au      1.3805509088873869      2.7210607646410052      7.9953853556512424
Au      2.3534648732317236      1.0854774231478777      5.9652262007635564
Au      3.3280098070534749     -0.5742984293074327      3.8878950475261540
Au      4.3079133821642266     -2.1815098641609909      1.7899958112660723
Au      5.3020768809923382     -3.7507555840444273     -0.3475268116419183
Au      6.2634727253845064     -5.2877747875514309     -2.4585763505878973
Au     -8.6047369434213774      1.9773717385462350      2.0136135563515314
Au     -7.7261217938500799      0.3761193269443371     -0.1162663073467822
Au     -6.8248076040452315     -1.2558141735090733     -2.2257028474226566
Au     -5.7695392175626328     -2.8330115960987894     -4.3051625274497543
Au     -4.6986416658074885     -4.4292923840575735     -6.3490379305328739
Au     -1.4098754644789189      6.2505234058867885      2.1042073339908640
Au     -0.4342953919190951      4.6982118526932197      0.0187459711108069
Au      0.5517408900864533      3.0761443286059551     -2.0989386096926639
Au      1.5431238679822818      1.4549032948565570     -4.2147589456029424
Au      2.4981029646812360     -0.1592342951246591     -6.2624775064605949
Au      4.1341818045837897      2.7483292652274631      7.3826346474542195
Au      5.1400485400422600      1.1099287554091297      5.3457966247290845
Au      6.1398923796274003     -0.5272839437226031      3.2718270877496050
Au      7.1041865654674927     -2.1115978993157314      1.1407264514008659
Au      8.0451691781376127     -3.6663664920240966     -0.9904894291856774
Au     -8.8525702591750672     -0.7428464076335239      2.1059814151551173
Au     -7.9029973008676322     -2.4593264445668090      0.0863172995197079
Au     -6.9230078497814791     -4.0666787286632147     -2.0117689491741775
Au     -5.9172724782618271     -5.5572414577236433     -4.1782753241156669
Au     -2.8992511357406325      6.0857699217319858     -0.2552671691857196
Au     -1.8993203218592729      4.4826127539404474     -2.3809196420529899
Au     -0.8951261388213343      2.8355619481918666     -4.5308233663535820
Au      0.0823471287013899      1.1954363891277440     -6.6386433126311566
Au      5.0389740460344505      3.9700263640836551      5.0442347833550247
Au      6.0475948319716020      2.3385970660598985      2.9594932487093306
Au      7.0445233661000461      0.7034617487623485      0.8251455510068020
Au      8.0054444997080481     -0.8954982163113376     -1.3067512007466195
Au     -5.3126170989155712      4.6530939744138298     -0.2610235011647806
Au     -4.3468523598748332      3.0347555907330301     -2.3757823302768459
Au     -3.3224021373544641      1.3544820298577562     -4.5690524526008938
Au     -2.3186395827948960     -0.2575415164996686     -6.6709007845404917
Au      3.1704918741233055      5.1515541310273267      3.2934691116668606
Au      4.1567060556234150      3.5347403393332706      1.2014756168975218
Au      5.1751463366086892      1.8643223950788452     -0.9789269835679750
Au      6.1510164115067623      0.2629797964495585     -3.0876053304832203
Au      5.7105355298707767      0.5483993071226060      7.9623323377645416
Au      6.7032563568018011     -1.1845962737666949      5.9515211290477943
Au      7.6932698519028415     -2.8083910211875178      3.8319763572186964
Au      8.6682546169324510     -4.3027743685573494      1.6300789271780367
Au     -7.7284808102236280      3.2446541770337296     -0.3138543986708076
Au     -6.8013163352421113      1.6013831815880453     -2.4638742650395704
Au     -5.7974397386245613     -0.0451456169845124     -4.6130976751948101
Au     -4.7362738257713426     -1.6630761515122741     -6.7199406572934572
Au      1.3355980153244378      6.3423334435067034      1.5185289375381092
Au      2.3186665161947801      4.7366894726621975     -0.6091659231256443
Au      3.3209108191567775      3.0928356168107776     -2.7548949989343807
Au      4.3132129869051496      1.4585299361937971     -4.8563195642280599
Au     -7.5404961529755017     -0.5218857540138964      4.4675489189397215
Au     -6.5309677529557835     -2.2283487351837845      2.4786078645899678
Au     -5.5120697718060558     -3.8728349053715747      0.3923728980222787
Au     -4.5529940485761573     -5.4725683909641454     -1.7560883228092283
Au     -3.6125932806475900     -6.9643270298094340     -3.9418027941338005
Au     -3.8362110095363988      4.8500371493907402      2.1384269556454871
Au     -2.8695757825426167      3.2551173231455945      0.0244129902568524
Au     -1.8811282369605564      1.5976937683401231     -2.1026548223344408
Au     -0.8726995924405352     -0.0201031146313400     -4.2507474078447114
Au      0.1207326207025492     -1.6400296633873874     -6.3330865011583803
Au      2.2666686773637656      3.9361734468422509      5.6567057317867899
Au      3.2582653080167416      2.3201618332542902      3.5840186856352840
Au      4.2428802792638196      0.6646826586890969      1.4725834123942025
Au      5.2453540873369535     -0.9390066515316839     -0.6701867176894680
Au      6.2068334481956704     -2.5263762543844783     -2.7788839360642097
Au      2.9982816768355307      0.5363043741389230      8.5694492441136187
Au      3.9954182476488720     -1.1693864442370472      6.5936490255746474
Au      4.9715654256704465     -2.8118253231340349      4.4763149395749480
Au      5.9783415307203871     -4.4217258268633213      2.3483593506195302
Au      6.9210331985809797     -5.8976901596185627      0.1711338834727396
Au     -6.2558506882808516      3.4234243532487389      2.1220136900398252
Au     -5.3018945097573900      1.8272585976086548     -0.0139315371861599
Au     -4.3283393761250206      0.1620645713113683     -2.1458754185805367
Au     -3.3030136817139972     -1.4512487140248660     -4.2933834851195973
Au     -2.2881230148752154     -3.0843283218556556     -6.3725864905180636
Au      0.4066043118543519      5.1173411649770788      3.8953954919972578
Au      1.3984093264005379      3.5100963142400965      1.8101435938946899
Au      2.3827905494075141      1.8563365020630891     -0.3091758531753985
Au      3.3888403008909678      0.2454468949610273     -2.4512171268075482
Au      4.3531882824890786     -1.3557357519209652     -4.5539378910778305
Au      0.2871703851477050      0.5014458043922053      9.1770421072427535
Au      1.2861666775385971     -1.1981072367436829      7.2150987782428064
Au      2.2623594568732837     -2.8329557890218764      5.1274968087236559
Au      3.2458769098756775     -4.4460953577568958      3.0218591604417675
Au      4.2342220189378548     -6.0334303737650252      0.9035325713229696
Au      5.1658985735149212     -7.5005169079909546     -1.2679490392846677
Au     -6.2976176470340182     -0.2618130140716013      6.8138538522920999
Au     -5.2201349205314820     -2.0044231851283194      4.8738208089205841
Au     -4.1617181431049328     -3.6706140083706180      2.7951538843652433
Au     -3.1644657320385106     -5.3062805972470066      0.6601112370860864
Au     -2.2306683687492406     -6.9076692399334743     -1.5264081538788812
Au     -1.3527746874553719     -8.3722139699518792     -3.7726931688373133
Au     -4.7631778026267186      3.6106820722926156      4.5318113929766852
Au     -3.8183867026803568      2.0124929744019431      2.4120970924776497
Au     -2.8480432198924701      0.3524811550954630      0.3051378076744768
Au     -1.8619205145243978     -1.2649301921896541     -1.8060759019568389
Au     -0.8491441891669478     -2.8575754526967496     -3.9448244767598517
Au      0.1650986718449050     -4.4725365985368999     -6.0192493215008849
Au     -0.4954194231109073      3.8959698425673355      6.2574559854116885
Au      0.4769106023301206      2.2725924165157902      4.1902483272711102
Au      1.4421560825522459      0.6120785710293057      2.1033077685680261
Au      2.4247317276780276     -0.9995150372717694     -0.0003118442621375
Au      3.4312127835460480     -2.5729716841260082     -2.1346862955377128
Au      4.4073862260304359     -4.1454748348189696     -4.2390739352319278
Au     10.2520392876151742     -2.6808521245846344      3.1024664905742885
Au      9.3266701987945027     -1.1277752919085076      5.2203724403616594
Au      8.3165244096291318      0.4937288386732588      7.2462578705023706
Au      9.6995479701732421      0.7564240699556372      0.1841324369308559
Au      8.8483966479019571      2.3773888647424188      2.3116520689499289
Au      7.7500812722619301      3.9538866068090441      4.3577911098693942
Au      7.9366196052217397      1.9031054452629377     -1.6144627814647823
Au      6.9155664527140619      3.5030498646344879      0.5464755318556254
Au      5.9371217130363023      5.1826276576958801      2.6663082447713169
Au      6.1009572579553346      3.0753465573856982     -3.3759839708652857
Au      5.0628853283723583      4.6877627253843057     -1.2265064171676254
Au      4.0983326940314218      6.3599984463273262      0.9114826152169808
Au      4.2375170176466277      4.2469794595604338     -5.0546539957353591
Au      3.2548101267823610      5.9502989505012280     -3.0382723898358712
Au      2.2811158731695276      7.4558175170385272     -0.8661456854154483
Au      9.5534463946044408      3.5030988591898038     -0.0743332531879588
Au      8.5945298075561620      5.0758877544674892      1.9786341367033362
Au      7.7788146210958198      4.6903932033244029     -1.8173388986909549
Au      6.8175684390896496      6.2670042224989011      0.2406170998090449
Au      5.9356061010011008      5.8111960826438480     -3.5333289617649610
Au      4.9762270828069513      7.3847463025444586     -1.4793687289137800
Au     -0.0030730847321534      3.9884283983439142     -6.8408966722725975
Au     -0.9324654952123081      5.6968278076376340     -4.7999105897852026
Au     -1.9613352009963521      7.2003146214586291     -2.6484044088186405
Au     -2.3715238287158558      2.5656963821575225     -6.9504268440726467
Au     -3.3495002774732106      4.1856420796329576     -4.7711520002804608
Au     -4.3780286547958198      5.8567073914049903     -2.6546522294688977
Au     -4.7769656801835430      1.1455418669751505     -6.9903877991182952
Au     -5.7773319178861211      2.7554830030542510     -4.8095114626459914
Au     -6.7857453390483542      4.4402830742774109     -2.6897443806518169
Au     -7.1673391407708689     -0.2542626302070405     -6.9542492821207587
Au     -8.2755882630182072      1.3651728951194044     -4.9112947761885524
Au     -9.1345837237883867      2.9723538615541010     -2.7425289644322612
Au     -2.4202469751944786      5.3112533610753943     -7.0547655590576532
Au     -3.3804204268812370      6.8861017583105308     -4.9991066358854566
Au     -4.8076200465328292      3.9424332807131428     -7.1265390631074688
Au     -5.7705468488550871      5.5217971014809031     -5.0649866503442507
Au     -7.1600009471659529      2.5068251423287888     -7.1234850613956553
Au     -8.1218942275521329      4.0844933410328101     -5.0641462873522416
Au     -8.2199090060086224     -4.1090185150800345     -4.4109956410767888
Au     -9.2399957738125895     -2.5679583860890163     -2.3485691352762892
Au    -10.1448433773112310     -0.9517951124624748     -0.2898525477364480
