         216
Au Au   -792.02442846   nogrup     0
Au      0.2948486752806843     -2.9295627431579674     10.0005391889789799
Au      0.5511983582058504     -2.9978782880878629      7.2766655519595123
Au      0.8636269430284551     -3.1927744538601091      4.4711932339099238
Au      1.1503242103902098     -3.3196990291599175      1.6575985413854815
Au      1.4273826185927840     -3.4195737749552042     -1.1663507737357377
Au      1.6931620583535982     -3.4918059922987275     -3.9839320450928808
Au      1.9325906662921375     -3.4958425476886670     -6.8033166739089621
Au      2.2103216228433586     -3.6200525615376642     -9.5231156835902802
Au      8.2438448352244666      3.0664105060911253      4.9140097455239644
Au      8.6148838779937993      3.0607634590229220      2.1602161489144587
Au      8.8911514603160704      2.9611745487098160     -0.6556703633342456
Au      9.0617545514425490      2.7715708249637343     -3.4226218126078849
Au     -2.6152397490517227      5.9195838171624278      3.7296258405232989
Au     -2.3954537349332981      5.9489951272381631      0.9889680728048761
Au     -2.1170266293908151      5.8486278026396423     -1.8489357588473161
Au     -1.8008423003915208      5.6260101358982153     -4.5712223956197935
Au     -8.7661695234418442     -3.5443590617935814      3.4789541094426011
Au     -8.6308840572017171     -3.6416299101489611      0.7052718166729574
Au     -8.3546159533683539     -3.7412194249092434     -2.1106148223733041
Au     -7.9482590470190209     -3.8392016813664411     -4.8576773143457608
Au      2.3967360508600741     -4.1810297243804575      8.8324696637096061
Au      2.7385587678937622     -4.3880890035341489      6.1254701555331286
Au      3.0257991659097456     -4.5252696583624896      3.3141701992740722
Au      3.3070439795093787     -4.6375332259532103      0.4884710674117220
Au      3.5804204528089123     -4.7252002006626466     -2.3388701074771476
Au      3.8452925627360637     -4.7870438487278903     -5.1550295743357495
Au      4.0368561760812067     -4.7722584510731423     -7.8846172956894041
Au     -0.2228966473300448     -5.1991211946265876      8.6114651296834470
Au      0.0619840768410868     -5.4283113723150436      5.8996616782177407
Au      0.3548364814150040     -5.5633116912824736      3.0888345943869275
Au      0.6374212408318949     -5.6750553016152052      0.2632478400073386
Au      0.9094584410333768     -5.7632425949846313     -2.5642076311481796
Au      1.1687186493605901     -5.8272676446592948     -5.3808406605008745
Au      1.4172245543826889     -5.7903519654479361     -8.1056241912397997
Au     -1.9876904466095677     -3.0703383756937863      8.4729901007594641
Au     -1.7285234412867396     -3.1986167779723966      5.6723872048291284
Au     -1.4273653409903084     -3.3672825899554479      2.8391268258090436
Au     -1.1458794376194996     -3.4824731888177278      0.0107422838561915
Au     -0.8721976258269859     -3.5674099621242976     -2.8194778735172830
Au     -0.6164992558297415     -3.5994797219430219     -5.6620295121014106
Au     -0.3262262711754558     -3.6692642149105743     -8.4616495527265787
Au     -0.4471121291496004     -0.7052496423366054      8.5485586679990835
Au     -0.1876178312054543     -0.7697781039539812      5.7699655120559683
Au      0.1158065443272024     -0.9319501153978672      2.9204733444452287
Au      0.4002981284957650     -1.0465572984020701      0.0762857292466579
Au      0.6740947011792418     -1.1332019913717519     -2.7699396185172525
Au      0.9306751080174283     -1.1728999241885099     -5.6283584389694763
Au      1.2159171331452063     -1.3047386078616015     -8.4020441502985044
Au      2.2710058158630337     -1.4152423680953778      8.8322757627409914
Au      2.5767290393257625     -1.5254256826187902      6.0356003982394002
Au      2.8837939368039640     -1.6917948367306410      3.2028383096859603
Au      3.1685587499333039     -1.8057101533003119      0.3747308390418378
Au      3.4389604767679254     -1.8919216254625906     -2.4557653865652105
Au      3.6887510437343671     -1.9262864981415837     -5.2988150826813341
Au      3.9324679519772046     -2.0141646663020589     -8.1023627346096454
Au     -4.2560614578420202     -3.2353178426985849      6.8278781710069714
Au     -4.0011527055316352     -3.3702549684626066      4.0312127655899612
Au     -3.7129262517542720     -3.5351461828527699      1.1887436544982590
Au     -3.4357392660447132     -3.6350670404441412     -1.6365120436445588
Au     -3.1655940341128703     -3.6714583949104251     -4.4852997892977902
Au     -2.8718621751893876     -3.7342970717953627     -7.2807062580893804
Au     -1.1782677230184107      1.5178077252885802      6.9742729676429347
Au     -0.9144676041353815      1.4411386160452997      4.2005747880901509
Au     -0.6197741916944522      1.3055288040475550      1.3322154715998922
Au     -0.3404126465479496      1.2048250287641205     -1.5152065316172205
Au     -0.0717878229872315      1.1373702119548499     -4.3885326936062992
Au      0.2083629168569368      1.0179553888830102     -7.1591143257166792
Au      4.2702345630201979      0.0783368404242999      7.5472014345716243
Au      4.5829482477396626     -0.0341318551599171      4.7554125945137979
Au      4.8982212439730048     -0.1885102549987051      1.9152251476556079
Au      5.1754073908626204     -0.2884305461936362     -0.9100303806668836
Au      5.4185047288719836     -0.3353329219389046     -3.7610997398581727
Au      5.6544307758643422     -0.4206361665808483     -6.5613825746421570
Au     -6.5306054803734188     -3.3943981566721297      5.1722970693859693
Au     -6.2873892651294527     -3.5488785968778935      2.3601335267948742
Au     -6.0350473450768014     -3.6997015686737948     -0.4612527927269777
Au     -5.7338899280638218     -3.7484053343756405     -3.2814616357747117
Au     -5.4255455916170048     -3.7927535960067211     -6.0911303496733105
Au     -1.9068756951633852      3.7393868630213771      5.3766017267450792
Au     -1.6430065691875990      3.6647253143174470      2.5928437170596150
Au     -1.3670092646784360      3.5739676042650816     -0.2605193046291633
Au     -1.0832633005015757      3.4629498661031564     -3.1124051335873366
Au     -0.8012412771248751      3.3408284783638864     -5.8927028955791663
Au      6.2715158462928740      1.5810144654276319      6.2523524832502728
Au      6.6081029323031251      1.4628244049170380      3.4480660860636729
Au      6.9369462685179375      1.3417342647010657      0.6331330081479529
Au      7.1616012074339608      1.2632992779922929     -2.1935301456275509
Au      7.3765732430768427      1.1826647337452545     -5.0110758326234954
Au     -7.0088141297404860     -5.7307281190183650      3.8118232568584940
Au     -6.6799658438354248     -5.9940336561598313      0.9972490866676899
Au     -6.4003257613069042     -6.0948390168879429     -1.8530126900923263
Au     -6.1747680330100883     -6.0313875377773538     -4.6892765208884644
Au     -4.2140147831092651      3.6139400722627859      3.7958305747854770
Au     -3.9289404795593006      3.5218470276447253      0.9513963426253269
Au     -3.6452648203509943      3.4195872174473374     -1.9400044502886205
Au     -3.3721464964893659      3.3104625329046296     -4.7850087884636334
Au      5.5844533659506181      3.8364574423271205      4.7316282725178365
Au      5.8891254763404275      3.7287298711632331      1.8976267231778809
Au      6.1709174521139794      3.6271502540849934     -0.9745662347550512
Au      6.4228936077659089      3.5342181479711337     -3.8142598305485498
Au     -5.7678766857874120      1.2087324244873405      3.7421168332969361
Au     -5.4861714046717918      1.0945659644334109      0.9155298664737176
Au     -5.1964648312684023      0.9901321720898102     -2.0373388430588038
Au     -4.9233539028335533      0.9042973330961297     -4.8657710978031892
Au      2.8361424365922092      4.5525958671366462      4.4680002597636586
Au      3.1197993681222975      4.4391896783318234      1.6415773768446869
Au      3.4095065132257449      4.3347570972626794     -1.3112923778001335
Au      3.6806653330806576      4.2481647316097613     -4.1398894547308114
Au      8.3853130720255518      0.2520433792298118      5.1105518305287738
Au      8.7330443587674278     -0.0039196408735915      2.2975713864969851
Au      9.0126841998161265     -0.1047246112909500     -0.5526897874258339
Au      9.2193578069799340     -0.0486128877046572     -3.3905467318303546
Au     -7.3233480993797642     -1.1800279093254415      3.6426554120145087
Au     -7.0596257554758699     -1.3036715393296827      0.8052001647660793
Au     -6.7778339784058881     -1.4052524501480583     -2.0669922436547439
Au     -6.4849079625328940     -1.4822712021059909     -4.9032316958080200
Au      0.0846285102653382      5.2845625483902818      4.1584889688020983
Au      0.3536227011452855      5.1862214399713817      1.3126981207773505
Au      0.6372986064750805      5.0839629659073058     -1.5787034578252859
Au      0.9264965599745507      4.9810879293140227     -4.4223518743938479
Au     -4.7586711175455321     -5.5609029197665425      5.4364321240204703
Au     -4.4646047779185229     -5.8036775925202857      2.6612736700333364
Au     -4.1562544851653449     -5.9271084266041356     -0.1981471591421172
Au     -3.9028440315296180     -6.0061821561045656     -3.0645263724263061
Au     -3.6509583729287787     -5.9602136832938388     -5.8540347665151620
Au     -3.4840662961262643      1.3875746829954689      5.3837921042615484
Au     -3.2171988527771829      1.2798546212807298      2.5592420318050761
Au     -2.9236403949664291      1.1546076808505381     -0.3276757035702206
Au     -2.6503708553915093      1.0755240212980079     -3.2182161900754958
Au     -2.3631445107833513      0.9835035683435605     -6.0413237616360203
Au      3.5692320897100194      2.3300645012859187      6.0304750739838404
Au      3.8645177953500429      2.2277682646859041      3.2112062867186482
Au      4.1615500868409372      2.0947577215814861      0.3342055669344253
Au      4.4295401001869248      2.0240898917002239     -2.5478488861107729
Au      4.6878262213279456      1.9268359727451316     -5.3709252434097889
Au      6.3990684627977288     -1.2245629021013413      6.3777559527663144
Au      6.7525603822977311     -1.4442395839928430      3.6076112398441857
Au      7.0278508010564131     -1.5805175514660688      0.7454027606694035
Au      7.3143195555405409     -1.6467423648567547     -2.1181867131297101
Au      7.5067784919751972     -1.6238689101521371     -4.9127086880169903
Au     -5.0367601788675680     -1.0145649008328439      5.3044264415221587
Au     -4.7720067293909665     -1.1287297177208910      2.4825823955901329
Au     -4.4794986527896139     -1.2634999771131215     -0.3947996067662133
Au     -4.2069843192738858     -1.3324099754019878     -3.2764723608962867
Au     -3.9181648041151913     -1.4177989944590328     -6.0969728169749908
Au      0.8168881795319840      3.0590948777948861      5.7466446533266957
Au      1.1067066844950262      2.9602959335805368      2.9240305259910921
Au      1.3979740880926486      2.8341599503305508      0.0369196201385075
Au      1.6735346954383299      2.7559678693434542     -2.8534278245902267
Au      1.9378091480275341      2.6550274451967391     -5.6784716273108913
Au      4.4076987978003546     -2.7227925122157690      7.6353329577249367
Au      4.7615051705776184     -2.9336055335593976      4.8765833268932646
Au      5.0436483129193377     -3.0728456876810126      2.0407059270876498
Au      5.3226209334196772     -3.1734097966852364     -0.8027568218368002
Au      5.5972768432143987     -3.2348841491598042     -3.6421188692762443
Au      5.7871551075648053     -3.2200568802523728     -6.4249317058601454
Au     -2.4888876502081079     -5.4030772187073834      7.0535022386867379
Au     -2.2026585777047107     -5.6401561413965275      4.2890513079915644
Au     -1.9011384323234244     -5.7718665257649535      1.4548081630646490
Au     -1.6221645850951820     -5.8724314256681440     -1.3886560720382146
Au     -1.3668849132900265     -5.9414365077571629     -4.2296537894482835
Au     -1.1094283723666787     -5.9003457845944922     -7.0067657740977358
Au     -2.7508733049886773     -0.8419979449761873      6.9507212702544230
Au     -2.4857621192135655     -0.9482181919202869      4.1310494004948843
Au     -2.1888473817397145     -1.0939587688496917      1.2672282123184802
Au     -1.9086917881385110     -1.1949494576562563     -1.5882888542722666
Au     -1.6430568368362883     -1.2519971640719665     -4.4583152567835045
Au     -1.3550648956946105     -1.3451605163715938     -7.2762039326349450
Au      1.5520071438626484      0.8302704065826914      7.3137354041829088
Au      1.8413842479532467      0.7334823707151841      4.4961104234138185
Au      2.1406003152502056      0.5886371867151194      1.6324835932132411
Au      2.4207555897150259      0.4876473029146628     -1.2230333425022450
Au      2.6840886640466062      0.4297056901593321     -4.0932535978260303
Au      2.9478143493006517      0.3271118460742191     -6.9131894303949180
Au     10.7805416105773926      1.4582287849930657     -1.7897977127047957
Au     10.5543068329396732      1.5288757329932583      0.9814148003479588
Au     10.2378297842471291      1.6538664904104690      3.7418520514726854
Au      8.0632203292766160      5.1261083537880827     -2.2214207233130869
Au      7.8991245816775510      5.2892947829237746      0.5879205709671121
Au      7.5136545229133311      5.3242140793590647      3.3800797007671215
Au      5.4036730853261821      5.8608382340872449     -2.5852595478097005
Au      5.1172998347731813      5.9078651390828947      0.2931180232495554
Au      4.8391758025395983      6.0643267420880269      3.1684344334353414
Au      2.6779738439560878      6.5682972674101165     -2.8815566955137548
Au      2.3797624824994497      6.6157370760140290     -0.0004982179265897
Au      2.1127292307673926      6.7720557179526848      2.8797683075534795
Au     -0.0333795596618920      7.2308698935014277     -3.0939870896404225
Au     -0.3730847714256431      7.4227061486619412     -0.2991211746007310
Au     -0.5836743195694007      7.4292394287083932      2.5149655493798031
Au      7.0224976667258394      7.3591178631983061     -0.9611440914936835
Au      6.7527134391821013      7.4563689309360912      1.7886600865889974
Au      4.3670092767777113      8.0904082510500412     -1.2508380541436186
Au      4.0965851137048821      8.1878910230493833      1.5054936799389003
Au      1.6844500582992608      8.7325017586808897     -1.5317097966625364
Au      1.4150016259069809      8.8296325849405815      1.2146816781378462
Au     -4.3778672329696606      5.5424282797027367     -3.4605121078547585
Au     -4.6668700702168655      5.7539702559812929     -0.6613694086377588
Au     -4.9281624904592318      5.7407990401332709      2.1484393372804056
Au     -5.9349667454444646      3.2209642689086060     -3.6081912390902420
Au     -6.1697794377047153      3.2930445340429242     -0.7217851897339158
Au     -6.5002113781852957      3.4247246327531125      2.1531312490494723
Au     -7.4845859505660242      0.8519451927112907     -3.6725835056353731
Au     -7.7273373248038499      0.9159268301828097     -0.7905261805736277
Au     -8.0490827442882011      1.0554365785266613      2.0811094654053073
Au     -8.9776588182057768     -1.4966591878444002     -3.6590810911040030
Au     -9.3771923364094594     -1.4249715056234762     -0.8696026026313458
Au     -9.5272241477272637     -1.2985503347903831      1.9424181630786455
Au     -6.8619250634314923      5.4110399577075796     -2.2527291727595098
Au     -7.1313738617439046      5.5081717580773564      0.4936610362729748
Au     -8.4218104538740839      3.1201625394153214     -2.3297739079928248
Au     -8.6922348490410180      3.2176465226027884      0.4265572295963767
Au     -9.9034393116343793      0.7810222103977742     -2.3891089554601375
Au    -10.1732233400929264      0.8782755863150689      0.3606948723169547
Au     -8.5540641525965011     -6.0559726650650587     -3.4209669131949920
Au     -8.8407658067787356     -6.0088254060349842     -0.6548556654862617
Au     -9.0967758316828977     -5.8603347600495939      2.1106826182342591
