         216
Au Au   -792.02442846   nogrup     0
Au      0.0199508743521060      9.3029877476235256      4.7046875944932935
Au     -0.1108855358668732      6.5954853281393557      4.3276132149401505
Au     -0.2636700650233097      3.7819145586672085      4.0692553119727499
Au     -0.4069753337238722      0.9739344016281670      3.7385984129831638
Au     -0.5468242169853603     -1.8388641897348847      3.3779964006851326
Au     -0.6823888677904435     -4.6398247723528527      2.9895840591276883
Au     -0.8081618169491245     -7.4288997771578913      2.5296791860469732
Au     -0.9469102065950992    -10.1435756778832165      2.2116275759306401
Au      9.2134809816262688      3.5053280206601141      2.0822498491515695
Au      9.2089070725053332      0.7535072440200121      1.6968410104387956
Au      9.0694579428088407     -2.0512601988986292      1.3372669032679756
Au      8.8006312289788937     -4.7983842538236257      1.0177053990235834
Au      1.0225551079938842      4.8749226270902124     -5.5660194441555415
Au      0.9051204417932111      2.1704093680277241     -6.0478822789725850
Au      0.7645804252586132     -0.6562881577553936     -6.4102665685431504
Au      0.6114764215132329     -3.3931471797199340     -6.6259903395771200
Au     -8.9100016828976152      4.6992053631692867     -0.2016521199593040
Au     -9.1657610929791069      1.9639311405141520     -0.6187136933900597
Au     -9.3052115942611877     -0.8408356547221700     -0.9782853198514712
Au     -9.3228534727891805     -3.6045059269193231     -1.2661896540061637
Au      1.1038739087115568      7.5937372852891070      6.5080345323029682
Au      0.9823270916293909      4.8685224724947540      6.2935643246218334
Au      0.8348182143620995      2.0614045863024137      5.9725164714443473
Au      0.6924248846885748     -0.7554539417550901      5.6242083994152541
Au      0.5548665281711327     -3.5693163627505502      5.2506546099829716
Au      0.4236904314844616     -6.3674384901251155      4.8531070813439658
Au      0.2760028166859256     -9.0573436446878315      4.3733555314260713
Au     -1.6872380178179442      7.7776002944368177      6.1563020575127929
Au     -1.8694543289324486      5.0563826635715596      5.9341859574171458
Au     -2.0109841919885065      2.2488717160416676      5.6138919287393367
Au     -2.1519496879946782     -0.5680807138874489      5.2657646806145912
Au     -2.2909360768997296     -3.3818490742025631      4.8920318738108737
Au     -2.4280917395806663     -6.1795772781228333      4.4937310148263379
Au     -2.5151098956703528     -8.8734792488001144      4.0216251715536959
Au     -2.2092123313511429      8.2570602129073549      3.4799139004038562
Au     -2.3755410232457157      5.4670469037236407      3.1405604565984522
Au     -2.5287319887420416      2.6319364113371448      2.8486892847522967
Au     -2.6726439320347106     -0.1879382300476973      2.5024853974398074
Au     -2.8089602068290764     -3.0043237050520162      2.1261193321273648
Au     -2.9368503175751934     -5.8226125691778048      1.6932216280605612
Au     -3.0478596663809068     -8.6107088160588070      1.3174584987380218
Au      0.2774823938036119      8.3128520982033685      2.1435097406589101
Au      0.1447645751972590      5.5519939616721761      1.7534736524480117
Au     -0.0052373068024036      2.7014483801321654      1.4537054797898108
Au     -0.1481181019369764     -0.1343177396701245      1.1051532459547708
Au     -0.2870412095780113     -2.9664947625761169      0.7270720609015715
Au     -0.4197095740648713     -5.8013211485676734      0.2979722188047251
Au     -0.5619551596009829     -8.5708176275043346     -0.0209854908536915
Au      2.3282549121928144      7.9581563264293891      4.0517203101763766
Au      2.2115293164524035      5.1648746245298893      3.7186180138996221
Au      2.0646326226491607      2.3293488346013440      3.4275397397387497
Au      1.9242150032639005     -0.4907559551848006      3.0817747696314228
Au      1.7844045899987897     -3.3069110767125185      2.7049668115892285
Au      1.6502209244161925     -6.1247856207607612      2.2712757023159575
Au      1.4896090138771216     -8.9096140423097623      1.8892612324198144
Au     -4.4515752299261324      7.0910485387229905      2.2587112232162987
Au     -4.6243488376809401      4.3048975249763064      1.9239977266244317
Au     -4.7880296829593805      1.4638832821704129      1.6211094019189076
Au     -4.9279435026432958     -1.3502164198755473      1.2603419085678933
Au     -5.0461086086903650     -4.1779857517423888      0.8364908288061361
Au     -5.1502695864740380     -6.9618244287118802      0.4571289551416484
Au      0.5294020435233384      7.2015099541341652     -0.4364911043669473
Au      0.3951434689983850      4.4430595005751172     -0.8130471439934865
Au      0.2481489458088331      1.5791791695863560     -1.1436516066793345
Au      0.1071369620543310     -1.2569988643953387     -1.5072513816089437
Au     -0.0302112089736246     -4.1121312728883161     -1.9098274577759842
Au     -0.1705203240113469     -6.8760675783122682     -2.2412439792174617
Au      4.6328456249184686      6.4926147621497572      3.4035212158993176
Au      4.5216614467496736      3.7024056240871515      3.0765687894221223
Au      4.3867986068419880      0.8594929079612115      2.7773104013791574
Au      4.2468849828257271     -1.9546064262994172      2.4165402629388790
Au      4.0999031957908363     -4.7804777518633017      1.9890559492274651
Au      3.9341536666696255     -7.5602592093838599      1.6019311475736107
Au     -6.6976856659079909      5.9168181925649952      1.0274621601128455
Au     -6.8918563577635998      3.1155396511755686      0.7012455115361700
Au     -7.0774268842274948      0.3039195782413131      0.3741312878782939
Au     -7.1712430712644091     -2.5037787537190912     -0.0191515485420766
Au     -7.2554800614884352     -5.3021330668403053     -0.4108093198430289
Au      0.7800686062054512      6.0667440668907480     -3.0187989749044553
Au      0.6456539245384536      3.2987471480344674     -3.3991060340935411
Au      0.5058181618328117      0.4586869923350250     -3.7740672471653127
Au      0.3631153128586959     -2.3839730767768765     -4.1276343438170642
Au      0.2219836322294659     -5.1580607811239467     -4.4578246428186805
Au      6.9424550441396695      5.0182781380354724      2.7463795601925831
Au      6.8477679856933751      2.2104459683276141      2.4326980140395555
Au      6.7437075806934725     -0.6065435115535456      2.1158531000369880
Au      6.5683827470076892     -3.4088730735045001      1.7122961655766709
Au      6.3846630580775008     -6.2006742097666940      1.3080990755309152
Au     -8.3993822954874666      4.4031340347729779      2.5607590152357389
Au     -8.5719669046053149      1.5690374511417211      2.3673525439453034
Au     -8.7131191661309906     -1.2699692001966865      2.0033925632562060
Au     -8.8203785057796829     -4.0643966061750625      1.4752206712303586
Au     -1.4693219534455384      4.9758802621866076     -4.2788469560092111
Au     -1.6008706869283014      2.1425216562878560     -4.6467140457083618
Au     -1.7440605729190715     -0.7374622672063325     -5.0159287666126939
Au     -1.8942675110560758     -3.5710766138471524     -5.3745695225596268
Au      7.2545697600736485      3.9541643970919864      0.1691865753212873
Au      7.1337244163327478      1.1251109084812452     -0.1740998398972291
Au      6.9914862881151301     -1.7357403812428007     -0.5408633106786880
Au      6.8313570682632605     -4.5579779820556912     -0.9220780875984360
Au     -3.9843213378491944      4.9390661671270344     -2.9092425864279781
Au     -4.1273386894169359      2.1210205465018253     -3.2558715741718043
Au     -4.2735726955943401     -0.8201880984855414     -3.6329348452022501
Au     -4.4106076641615930     -3.6348321393761722     -4.0084183759740943
Au      5.1829125014091426      4.3351788536762834     -1.7539962637243054
Au      5.0419762897754872      1.5169958110545303     -2.1003643682382922
Au      4.8957432927347879     -1.4242134187865023     -2.4774300932483282
Au      4.7566291768611624     -4.2387200044971074     -2.8531775233118326
Au      8.0024354887707840      3.3226686028625330      4.6276984896550211
Au      7.8499710282029680      0.4872460539386001      4.4368253267764963
Au      7.7088202926522573     -2.3517605520233351      4.0728619159158850
Au      7.5814416614986158     -5.1448627832721190      3.5421524567092906
Au     -6.4981708103650684      4.8601201014414137     -1.5639202068296250
Au     -6.6626472896740632      2.0339406445480419     -1.9127027775962606
Au     -6.8048863330862224     -0.8269101240110412     -2.2794645996949594
Au     -6.9213864831754028     -3.6520214467970575     -2.6551790541490110
Au      3.1107086606345207      4.6741733793592264     -3.7016752921566445
Au      2.9620277309508789      1.8419426830964993     -4.0717024019864567
Au      2.8188386247919741     -1.0380412895648403     -4.4409190639559455
Au      2.6857641493424476     -3.8727835647290334     -4.7974014327154171
Au     -6.1729183173159958      5.5534536541637012      3.7653169347522208
Au     -6.3611622735974285      2.7671454838617917      3.5462996678195822
Au     -6.4893761627516797     -0.0892808748630527      3.2131491170758437
Au     -6.6447182073434083     -2.9360446754752036      2.8151506703911480
Au     -6.7320509806099311     -5.6924297948039460      2.3235930418058004
Au     -1.7222738294913187      6.1003519164423992     -1.6937487834864697
Au     -1.8748240593685894      3.2880438262157430     -2.0522968997620552
Au     -2.0199909720364158      0.4076217818437282     -2.3961723652102949
Au     -2.1609393472722935     -2.4666007370718246     -2.7900443704486149
Au     -2.2880761588314851     -5.2796492809277300     -3.1526691261979716
Au      4.9315366954762636      5.4347171927360716      0.8240298596277444
Au      4.8068946685055201      2.6225280555894659      0.4747591861351008
Au      4.6621675241223990     -0.2499010182554748      0.1412079506432669
Au      4.5216920980635731     -3.1137856822015930     -0.2606411875669501
Au      4.3669112678743591     -5.9216610904078060     -0.6318674010443335
Au      5.7151988602923556      4.7703260697047405      5.2634455761237344
Au      5.5902708225654090      1.9798466609457139      5.0524061211668965
Au      5.4268339166765012     -0.8742594462438458      4.7148141699459991
Au      5.3067166124386755     -3.7233432014911720      4.3212517727873347
Au      5.1560688027613812     -6.4755579478190821      3.8217131074748316
Au     -4.2377985827553708      6.0387439481635230     -0.3314814669932655
Au     -4.3949724918994777      3.2286979635177908     -0.6848505289836311
Au     -4.5445209773255719      0.3565862493659804     -1.0190069634562029
Au     -4.6801766328717642     -2.5076156457128631     -1.4202469894073957
Au     -4.8024265929100833     -5.3176340233473436     -1.7873718785557333
Au      2.8602181648295422      5.7984824158250614     -1.1162672677570367
Au      2.7321223002180246      2.9845628921929919     -1.4717341931203567
Au      2.5845148543956808      0.1043011097365296     -1.8159189075983573
Au      2.4460083155237387     -2.7700818074441882     -2.2094841743039542
Au      2.2944174923423661     -5.5815196973942030     -2.5751914535210023
Au      3.4119547242908408      6.2069958596697745      5.9136675965325765
Au      3.2929136855154924      3.4286184397323849      5.6973956569133257
Au      3.1370954996511071      0.5983754142795084      5.3708306104575811
Au      2.9962805894572266     -2.2338605666682252      5.0077355920628204
Au      2.8710479375313045     -5.0564484977426165      4.6096028876997384
Au      2.7156572234969270     -7.7977525621799124      4.1182482603115318
Au     -3.9360763844539743      6.6910451673776530      4.9876767435375893
Au     -4.1271189793609118      3.9174116682710132      4.7623310959997838
Au     -4.2622918854219485      1.0858091115046209      4.4383693631407368
Au     -4.4031070040811402     -1.7464269173900213      4.0752767530243226
Au     -4.5489858087237636     -4.5676549884329205      3.6745439677509477
Au     -4.6323763028016423     -7.3137015443635729      3.1922632554110582
Au     -1.9764312607724381      7.2033350024773029      0.8913368730188633
Au     -2.1292077980428870      4.3963042797753733      0.5316795113553461
Au     -2.2786244962178888      1.5351479100456125      0.2117929681688882
Au     -2.4200373094859451     -1.3090933274139269     -0.1528396146792250
Au     -2.5545757619463156     -4.1591427503476677     -0.5651319179343517
Au     -2.6809860802918077     -6.9674113449919997     -0.9253584860830077
Au      2.6081128606539976      6.9013300319136199      1.4690768570460495
Au      2.4811903454495039      4.0925955908280285      1.1126771345058124
Au      2.3342263223230399      1.2312774274504412      0.7930986929584147
Au      2.1928138615737960     -1.6129636245436094      0.4284647088639542
Au      2.0558235630555641     -4.4628517588758729      0.0158626722364730
Au      1.9035594679054109     -7.2694175123168225     -0.3476228519770750
Au      9.8516391028445405     -3.7159066437985757      3.2691128178899120
Au     10.0153131664808512     -0.9681204045056369      3.6674555060942176
Au     10.1255786425299696      1.7939004747675877      3.9754763566416536
Au      9.2103397314624313     -3.1420922687248947     -1.2345455888652506
Au      9.4770656715161721     -0.3583049330634944     -0.8805105120637844
Au      9.4877390234173173      2.4372886794927524     -0.5192631017177227
Au      7.2129177333938808     -2.8739549955615979     -3.1538687663553242
Au      7.3256025848749298     -0.0128720585972912     -2.7406095283462362
Au      7.4978535351145696      2.8570189879332850     -2.4191527234010133
Au      5.1528628095833469     -2.5302841879933373     -5.0658796348186419
Au      5.2557841750344920      0.3358217568905282     -4.6578125456056823
Au      5.4381768091048590      3.2082896171307169     -4.3301893865040775
Au      3.0934852136184667     -2.1134632760708048     -6.9154169877980092
Au      3.2198662510916098      0.6948732421951078     -6.6689470133605928
Au      3.3712540346413551      3.4733399830108382     -6.1991844640127551
Au      9.5317776846309794     -1.4348572188396416     -3.3885550324187914
Au      9.6679539697088863      1.3040880902497776     -3.0374189502228655
Au      7.5449432600267823     -1.0958785411677070     -5.2880044283763770
Au      7.6814431376172685      1.6495686888276158     -4.9360352339281759
Au      5.4926371330013044     -0.7538587489061008     -7.1205870953466235
Au      5.6286452223155328      1.9816872272804940     -6.7698876017100948
Au     -1.5353924126978553     -1.8085394457840360     -7.4987408869427323
Au     -1.3549896339385779      0.9962384551045806     -7.2454649038635850
Au     -1.2576229986188903      3.7782638054499120     -6.7825117027379385
Au     -4.0238795823349829     -1.9257709042566669     -6.2223195075069855
Au     -3.8534083964699519      0.9358853734120167     -5.8057428352600020
Au     -3.7385638102340124      3.8128026224182334     -5.4866339885024598
Au     -6.5190043334988585     -1.9693712647074673     -4.8843475858154060
Au     -6.3598409454645699      0.8886496872941310     -4.4652334013057065
Au     -6.2340658911809710      3.7616019458070715     -4.1496348299857004
Au     -8.9460315557961287     -1.9460499280994075     -3.5225877826497429
Au     -8.9301535992252710      0.8542612819290607     -3.2001670317508415
Au     -8.6686300051049372      3.6333298701171426     -2.8073090479835354
Au     -3.6131821905309813     -0.1540196228455937     -8.2680915518684852
Au     -3.4771742038781435      2.5815263506660804     -7.9173944932821598
Au     -6.0810300514284128     -0.1982749568715381     -7.0051336256471259
Au     -5.9445297176320837      2.5471724584896815     -6.6531659443331783
Au     -8.5021276708765647     -0.2468842776727147     -5.6611666327600112
Au     -8.3659503750191320      2.4920612825814934     -5.3100320681572901
Au    -10.7486029935047114     -2.3588716688837446      0.6731002816968275
Au    -10.6493532171019609      0.3931577744523178      1.0633210592041902
Au    -10.4746617141894767      3.1509342471414481      1.3794572544139303
