         216
Au Au   -791.76408981   nogrup     0
Au     -4.2553575037590443     -8.9613558941996132      4.8661632850646406
Au     -1.7300523019086507     -6.3215629838141503      4.3886862798384350
Au     -0.5315848907423981     -5.1421818725081021      2.1154202561552857
Au      0.6488349802482700     -3.9132125713597130     -0.1491324105075691
Au      1.8320597673181327     -2.6658461849522599     -2.4216528992704163
Au      3.0171281739467934     -1.3934417599465974     -4.6985965799128486
Au      4.2759277809108163     -0.1369524600148875     -7.1033790580201508
Au      5.2668461753577063      1.6981577686331448     -9.1381987507096607
Au      6.4664843862293830     -1.3891790626817464      7.6924780069276650
Au      7.7752387249575809     -0.1885292921752555      5.6011965390121148
Au      8.9448782237983799      1.0451009926311983      3.3517109477167146
Au      9.9084931364540090      2.2336862726171329      1.0719826465311613
Au     -3.2416351310239859      3.7115190519728589      5.4614993757866195
Au     -2.1491314260253827      5.0342054505208553      3.3107774957770815
Au     -0.9676628643871752      6.2811724382087615      1.0459611821646497
Au      0.2224473712053254      7.3643011596182397     -1.1868803457829955
Au     -9.3870544960869289     -2.8751288384060327     -1.3355201060053190
Au     -9.5775316466111171      2.6366049071465270     -1.9013335281459085
Au     -8.4294911039381155      1.1108914957140481     -3.8985048089491201
Au     -5.8486739336515114      0.7592970341191876     -7.9568961202056769
Au     -2.8039454456781603     -7.4898538464396935      6.5815280296877283
Au     -0.3852002579240716     -7.8947168028325052      2.4405120054709002
Au      0.7663562169395424     -6.6683957705983410      0.1669092598848572
Au      1.9260763043199876     -5.4286523515841925     -2.1027902882339831
Au      3.0932924541270461     -4.1729922872620957     -4.3710927827724078
Au      4.2447248286036299     -2.8721063966931322     -6.6027745963636875
Au      6.6764469699693096     -0.4462960246433614     -8.5924680651127385
Au     -1.5757633827074322     -9.0073681760662510      4.6866779954745503
Au     -3.1657081819973039     -7.9971185512190495      2.6253704295132003
Au     -2.0155648964708703     -6.7822253757346225      0.3916023853110211
Au     -0.8653495052113185     -5.5654272934304991     -1.8575405899826052
Au      0.2882219906585641     -4.3277174446800721     -4.1061348702936229
Au      1.4374464816923083     -3.0854796181019282     -6.3428631646849851
Au      4.3926669961384430     -0.6565402252683583     -9.8955532990827191
Au     -4.5343375729588935     -6.3074520428773440      4.7367614867776098
Au     -3.3988108717121568     -5.1985970963880579      2.4126783780379526
Au     -2.1954742417793152     -3.9846808181119009      0.1300355466232688
Au     -1.0073427197016371     -2.7522857904641800     -2.1384040806175264
Au      0.1787304678814956     -1.4968958859184287     -4.3991971369260661
Au      1.3746480995693209     -0.1919981633976171     -6.6487595578449543
Au      2.5250847502965392      1.0526799476813586     -8.8528780902789261
Au     -2.9476737396587480     -4.7248124847520767      6.3981307348433099
Au     -1.8545933171447537     -3.5046939895401295      4.1580210356969687
Au     -0.6545496847924210     -2.2921266408781076      1.8613720740581456
Au      0.5335786555314721     -1.0497281446649556     -0.4171042440078345
Au      1.7205612321872517      0.2055803617562777     -2.6920141326137781
Au      2.9049855629300234      1.4773891147438256     -4.9686263658841021
Au      4.0058270512360910      2.7610841678688898     -7.1003435333290383
Au     -0.5190284461798065     -5.9867220949899789      6.8886396779843828
Au      0.6379260692860909     -4.7889579538655127      4.6919725658355098
Au      1.8405336153108545     -3.6054004356915073      2.4091178333025063
Au      3.0182248625694372     -2.3755751229842108      0.1446770634962604
Au      4.1916896112984734     -1.1242685189520998     -2.1171373870216783
Au      5.3421121521297001      0.1747374955570873     -4.3913939887602638
Au      6.4828610644786453      1.4191166339521715     -6.5978358804829949
Au     -6.1799453963179234     -5.1648717657343646      2.7333714515482157
Au     -5.0404878949693828     -4.0429305833965046      0.4262480238677533
Au     -3.8433305102278865     -2.8208516284607761     -1.8632817082056086
Au     -2.6543082113022987     -1.5819870231597459     -4.1112958787734506
Au     -1.4658997840408774     -0.2755856662670304     -6.3471249975780708
Au     -0.2879255112041008      0.9337721818439331     -8.5352994470170866
Au     -3.0734086780315337     -1.9146759481594948      6.1028363796967966
Au     -1.9596030364918648     -0.6839094767726177      3.8785286104629364
Au     -0.7599184972637074      0.5502357373001789      1.5790765543728682
Au      0.4266754923617970      1.7991858142392942     -0.6932541104320684
Au      1.6131101805273844      3.0757627024106853     -2.9718629013097093
Au      2.7622070727405568      4.2814231233469080     -5.1660441098464567
Au      1.8203831066283733     -4.4640636470386621      7.1744066452669770
Au      2.9918152658731136     -3.2601985206209338      4.9835348245390421
Au      4.2033949861959377     -2.0702388105962886      2.7013417049648112
Au      5.3697441911836181     -0.8390403957230337      0.4554250337535635
Au      6.5114963178272669      0.4615969561250797     -1.8028407792023380
Au      7.6296733141212778      1.6669276714945784     -4.0166472368656372
Au     -7.8252187385993146     -4.0019975420654053      0.7414711583723275
Au     -6.6723880461949934     -2.8648762708359357     -1.5772964620121783
Au     -5.5088546607690425     -1.6346108720139458     -3.8560012283028868
Au     -4.2892018036569741     -0.3609802266829263     -6.0595940983700274
Au     -3.0889420863582928      0.8449512595852706     -8.2727851690229262
Au     -3.1789813359895840      0.9053660191988939      5.8066216425969159
Au     -2.0514930286135673      2.1546450111120254      3.5801207858063329
Au     -0.8675011855005781      3.4152066721600134      1.3078236718859131
Au      0.3226298687465632      4.6581970386742579     -0.9699707055376372
Au      1.5021756397675778      5.8482322705172258     -3.1977806205770669
Au      4.1676780818285080     -2.9343006060395300      7.4593313949381930
Au      5.3469472596680401     -1.7135557812385098      5.2586023744277561
Au      6.5822096464698960     -0.5129406816671871      3.0334357590507111
Au      7.6791171744417293      0.7476852564365775      0.7695844201000526
Au      8.8055158834770673      1.9535368871703795     -1.4679059963547587
Au     -9.0935475345568477     -5.5432054502250878     -1.0256617707507942
Au     -8.1114193321552310     -4.4277671727376386     -3.2887580712639526
Au     -6.9587884920963434     -3.2191871279119972     -5.5192689371509278
Au     -3.0133256277247247     -1.8974304269012610     -7.9866705996098730
Au     -4.8601264657301879      2.0607133520531473      3.8837792331432404
Au     -3.6936607135033750      3.3228967029615246      1.5912599747666825
Au     -2.4965245099369686      4.5886324954821083     -0.7015753416679544
Au     -1.2817135827215780      5.8311231180129051     -2.9877167558285294
Au      4.0580290771419412     -0.1469170944402940      7.3074767974983139
Au      5.2874075640552309      1.0861187869299336      5.0410727336000640
Au      6.4841114431808764      2.3478934905193984      2.7409284138391961
Au      7.6294224718344621      3.6135159217676343      0.4474904313226986
Au     -6.4133135201712168      0.3963369212858385      2.1628910733860138
Au     -5.2590682828576210      1.6339177057029648     -0.1196483394105350
Au     -4.0422478939207780      2.9232953646815938     -2.4478270616935447
Au     -2.8264956895062521      4.1608317998646074     -4.7181449217934990
Au      1.5905907126683028      1.1257711807965549      6.7420928804277516
Au      2.7751864244898430      2.3566048380690923      4.4765953377270122
Au      4.0046985637519290      3.6521315978303859      2.1166300387344599
Au      5.1774781801802519      4.9055527648248534     -0.1437535509950578
Au      5.4131595905258241     -4.4753577165154290      5.5295656379437155
Au      6.6517659389352053     -3.3574079806393584      3.2837844082625764
Au      7.8209905454998845     -2.1248069983453757      1.0363205240677544
Au      8.9047131518011788     -0.7965657786918108     -1.1712936528707409
Au     -7.9617583984989961     -1.2444997295207632      0.4296846140887673
Au     -6.8002537585423912     -0.0330758110603924     -1.8686953764610834
Au     -5.6081274940668031      1.2327244751651421     -4.1488205714853770
Au     -4.3725856409856423      2.4875159429867395     -6.4262317339462083
Au     -0.8642412660524099      2.4326727514933513      6.1591920609585848
Au      0.3029231081826107      3.6884991876412592      3.8824025875520896
Au      1.5071656950707735      4.9564725212723566      1.5734787130861889
Au      2.7071966375484653      6.1963065486535616     -0.6964247361048237
Au     -7.5162484105664875     -6.7028549897651288      0.9343517896843494
Au     -6.4557691710304033     -5.6746043609052759     -1.3623457322440302
Au     -5.3425709795885830     -4.4506515762796486     -3.6041512250285841
Au     -4.1774827306287534     -3.2283388715821992     -5.8313552467993013
Au     -0.2385623922189228     -1.8233616847414549     -8.2489802020468357
Au     -4.7610435323279603     -0.7444274849215322      4.1662245771507997
Au     -3.6200993330225599      0.4783874947362534      1.8829616339028057
Au     -2.4115016854701148      1.7263626726047878     -0.4224151437780250
Au     -1.2182201037278011      3.0171221723178068     -2.7114708918383137
Au     -0.0257163787345545      4.2479453968101888     -4.9666286877352874
Au      1.7114321945758371     -1.6871915548449170      7.0132651492514988
Au      2.8757203492997832     -0.4325979598730250      4.7584922506826359
Au      4.0943145979768056      0.7965882634480277      2.4507800444544436
Au      5.2698311805880342      2.0927261363045009      0.1562319304017343
Au      6.4569813812638097      3.3155034770704201     -2.1040202186747727
Au      3.0670768502723940     -6.0045020780820479      5.2457341312553751
Au      4.2958139259617276     -4.8821626084393284      3.0087321929899495
Au      5.4668473859797757     -3.6625409807433567      0.7314423140506641
Au      6.6452494913034643     -2.4041753938272983     -1.5123642620369218
Au      7.7424526259631881     -1.0878468049390833     -3.6931476442684072
Au     -6.2963773115462107     -2.3797468484749711      2.4495385405996331
Au     -5.1601081372464277     -1.1914713363211842      0.1626495275735174
Au     -3.9521728877503843      0.0538567023914904     -2.1366162776039026
Au     -2.7576882647974017      1.3544060316194191     -4.4112593844553381
Au     -1.5685082144385087      2.5698726158622378     -6.6850161667909909
Au     -0.7615250848314752     -0.3891866972347362      6.4442876855940625
Au      0.4054486847091554      0.8549350539318024      4.1892514067627289
Au      1.6162860064013671      2.0978105687151345      1.8757059283643827
Au      2.8099240960939742      3.3857209459199646     -0.4230932402223360
Au      3.9867476904075314      4.6181100694553505     -2.6766210593272675
Au      0.7298997577448425     -7.5297520831808562      4.9597263710549235
Au      1.9512516984685013     -6.4088342399949667      2.7168285956977130
Au      3.1189122883096996     -5.1909500102725108      0.4385098776902758
Au      4.2867869450777718     -3.9565318538023355     -1.8207969169746576
Au      5.4527290803762645     -2.7140049760297007     -4.0528174365540828
Au      6.6124825659747364     -1.4534444153039203     -6.1717039752184810
Au     -5.8778970656516378     -7.8527419452905960      2.9246631994920094
Au     -4.8217331289916183     -6.8344047892873192      0.6418088418745391
Au     -3.6686012281795595     -5.6169033008210505     -1.6051140298804754
Au     -2.5243293312193575     -4.3964403672375703     -3.8470146842545674
Au     -1.3727194156799365     -3.1424042284700331     -6.0931786308883353
Au      2.4960364713594885     -1.8329813615127453     -8.5179207916967261
Au     -4.6443886173122779     -3.5327439751267438      4.4506459392885418
Au     -3.5114747280008212     -2.3550977464957636      2.1585852871467601
Au     -2.3103791938721061     -1.1229442561233611     -0.1380915821610138
Au     -1.1164644204510030      0.1329902468191317     -2.4173760896108902
Au      0.0724331281927735      1.4288131058420923     -4.6901028212863736
Au      1.2270758935838502      2.6578826958073050     -6.9426372157025291
Au     -0.6374575157915710     -3.2070504402546298      6.7205695270018779
Au      0.5115842465775038     -1.9627442431648277      4.4641884121721382
Au      1.7195922348469406     -0.7453052816821675      2.1595855234760215
Au      2.9085731673076873      0.5063122967823475     -0.1229286078097687
Au      4.0866159472345878      1.7988627121700951     -2.4067420686613907
Au      5.2730940957892827      3.0316661607536091     -4.6364890279562161
Au     10.0022578483502258     -0.5043131557779770      1.3594684714560472
Au      8.9289215134250917     -1.7544589615079680      3.5816605422183549
Au      7.7057244341505404     -2.9238424650621653      5.7709466656705537
Au      8.7408905693201504      3.8221367029881161      3.0118451662168226
Au      7.6796099644175841      2.6095952319610296      5.3154474592616410
Au      6.4081792217056259      1.3682501917913843      7.4924026946732312
Au      6.3633415150628556      5.1773394242676085      2.4147762671464434
Au      5.1542383522495170      3.8668356163160231      4.6892352036670744
Au      3.9628070103910495      2.6502194458711283      7.0230888788166084
Au      3.9116351414787633      6.4622542465714989      1.8434601698151525
Au      2.6906409018539739      5.1567201003244296      4.1152135255438225
Au      1.5105220185093136      3.9328487651473045      6.4518219932245167
Au      1.4485638618875871      7.6604581489568027      1.3164998223389901
Au      0.2235263926485325      6.5288039549943857      3.5844586368905063
Au     -0.8887199169720150      5.1983452552585891      5.8009313157681284
Au      7.4236406047755557      5.3103275494370417      4.9344691181510143
Au      6.2784170545755140      4.1064745660863800      7.1328501294447015
Au      5.0325503139506225      6.6220189413700377      4.4024383248747547
Au      3.8822604010171391      5.4118455208981358      6.6099038580528457
Au      2.6118565850983142      7.8421774835846927      3.8191951831207582
Au      1.4655231597954628      6.6352929200677853      6.0185331847026440
Au     -2.5622776350620207      7.2916268248842533     -0.9937038996300842
Au     -3.7678174570405796      6.1523035265578638      1.2988892138489021
Au     -4.9120812447399800      4.8180628897342466      3.5102742447183672
Au     -4.0684106424742561      5.7257657573824643     -2.7453691529103352
Au     -5.3212544185630719      4.4663181001737202     -0.4345247433680868
Au     -6.4909132535554477      3.1851966047539033      1.8940920309192180
Au     -5.6336678122497004      4.0379355350343538     -4.4824735826990469
Au     -6.8694247875985379      2.7987877686670180     -2.1548878771661784
Au     -8.0581565880629178      1.5108927747959129      0.1502994772970752
Au     -7.1476159643440589      2.3261837330154087     -6.0980416986604542
Au     -8.3945560341862659      3.8596961085665988     -4.1491592636760686
Au     -9.5006419297806612     -0.1168713077991210     -1.6131284962356496
Au     -5.3225774348303112      7.1800101310700137     -0.7262663930179265
Au     -6.5023766656883932      5.9474787035125667      1.5287390102875200
Au     -7.9960434038983301      6.9101873558810532     -0.5034231031368108
Au     -8.1134101368029370      4.2683748773054697     -0.0902153400800074
Au     -6.8343008993903096      5.5961641762673242     -2.5290863644563508
Au     -9.4693573092584522      5.3189783659779586     -2.1484102207195939
Au     -5.7644310237123957     -1.9663279768236865     -7.6693711771136091
Au     -7.1596935925629950     -0.4527608577604898     -5.8581499725424191
Au     -8.3333560061495326     -1.6897300098781614     -3.6088955996071768
