         216
Au Au   -791.54270789   nogrup     0
Au     -7.7850522173308025      5.7888121128080270      3.8324371856030073
Au     -6.3583603815893621      3.6116056627039459      2.9529617864896647
Au     -4.9863364143714275      1.2949918961418945      2.0618317716839716
Au     -3.5700166526354002     -0.9720779994021038      1.1435471795352861
Au     -2.1543436692974551     -3.2264696108618347      0.1922251696552859
Au     -0.7348906833188322     -5.4670677544691504     -0.7848182869509657
Au      0.7377533793053572     -7.6748036623727742     -1.7801709293852861
Au      2.0645557757006756     -9.8853565085893198     -2.7192476658023690
Au      0.3035517985606038      1.8349875122755432     10.0803854526950971
Au      2.2970033353861057      0.0993002269454566      9.5322389986192064
Au      4.0659941786503087     -1.6241112303134306      8.4552222302125344
Au      5.0268589289118388     -5.8796132924593252      6.8896151980077143
Au      2.8299819623748901      6.8759144775369396      0.3196202590421446
Au      4.3234271942086053      4.7533655446381404     -0.6111203360104636
Au      5.7676460233389326      2.4750524469567061     -1.5623876884057628
Au      7.0436308817044431      0.2116522132198106     -2.4563523906947786
Au     -5.4521788562755464      4.7277556792762798     -7.0101264273674557
Au     -4.0625686434733783      2.5656697764160330     -8.0533565626829002
Au     -2.6447718552152124      0.3136475301773132     -8.9970362691472410
Au     -1.2516918472361098     -1.9456628133670790     -9.8047687384996127
Au     -8.1121021759124510      3.3568336058996056      4.9773155863830691
Au     -6.8028316292880362      1.0848181582906564      4.1390711823634732
Au     -5.3644030218472896     -1.2012054099322214      3.2379138702670005
Au     -3.9278555530970203     -3.4665464405770035      2.3142562374765525
Au     -2.5109800487398073     -5.7218841029844683      1.3475894349982926
Au     -1.0918618967351468     -7.9612755246246287      0.3686649715665187
Au      0.3513034179191485    -10.0712949926188102     -0.6212754931420799
Au     -8.9858951307885420      3.8389764424661159      2.3764193203740174
Au     -7.7007365200208184      1.5891545768750404      1.4868366580458368
Au     -6.2916509552654016     -0.6808461839547171      0.5825816915359852
Au     -4.8765786105676892     -2.9392397949020728     -0.3474256109713139
Au     -3.4600087409955020     -5.1868531242910940     -1.3059764826320253
Au     -2.0365383998877600     -7.4200056639922440     -2.2809173273602648
Au     -0.5759790977772039     -9.5401171358707959     -3.2125721891307304
Au     -7.2353139527029047      5.5994854141544481      1.1568946286837534
Au     -5.8308992195724123      3.3436344419324837      0.2290224572732580
Au     -4.4390531299443161      1.0327507301902408     -0.6873950613468587
Au     -3.0204461697181766     -1.2369565911612952     -1.6275222652606915
Au     -1.5919813761934676     -3.4918070939363615     -2.5904143339967858
Au     -0.1229369670855633     -5.7269791326884647     -3.5771027293786428
Au      1.2960059870116662     -7.9680829496529988     -4.5214521391493125
Au     -5.1765601516942841      6.1567655344407850      2.9979896246456086
Au     -3.7211879112793000      3.9368707114400445      2.0948130068260475
Au     -2.3057252570886813      1.6074405691296123      1.1833540818282877
Au     -0.8750243309284347     -0.6748925446271086      0.2451767032595473
Au      0.5570176476065003     -2.9377577263960601     -0.7352674765692377
Au      2.0261292378511664     -5.1947745502631211     -1.7439342166176131
Au      3.3800194471348051     -7.4510751937163135     -2.7006625672842004
Au     -5.7605358036707894      4.8034158829616747      5.3961757755178592
Au     -4.3046550697111901      2.5120072193218475      4.5292761460476161
Au     -2.8840028125609636      0.1886078286352975      3.6439600744854843
Au     -1.4561121637263130     -2.0751865370620717      2.7230382072313031
Au     -0.0451450083303349     -4.3196211104783586      1.7282728502827815
Au      1.4044600789916528     -6.5685608531642945      0.7063036105208464
Au      2.8058197342105653     -8.8251717229556412     -0.3058588873447743
Au     -6.6539887072822115      5.3188386533007836     -1.5609697041762951
Au     -5.2647543956924796      3.0680206885720427     -2.5022065933914881
Au     -3.8765642656755568      0.7598600331048191     -3.4432743514229474
Au     -2.4543251806301369     -1.4991576467576575     -4.3921047118247998
Au     -0.9768459949097776     -3.7426096342174775     -5.3592678911413874
Au      0.4522144986546950     -5.9751079039387669     -6.2909046458618274
Au     -2.5029865347903510      6.4271615252760279      2.1226651128857714
Au     -1.0684634103890129      4.2070369154975777      1.2187708869212504
Au      0.3666369173696153      1.8825644843685709      0.2864214678404515
Au      1.8029410264064225     -0.3935431229521837     -0.6737218326960672
Au      3.2683247508669639     -2.6724753469046147     -1.6769421467178622
Au      4.6360100096633463     -4.9109678290013257     -2.6307175047162525
Au     -3.7001076953582159      3.7260623593871971      6.9192430347361817
Au     -2.2020846672060439      1.4075051553778604      6.0984028439959239
Au     -0.7499221026659368     -0.9183067062201502      5.2583746107240330
Au      0.6796143696286774     -3.1606151199451116      4.2738576260934806
Au      2.0888626925805163     -5.4162343630065930      3.1921688221021984
Au      3.4660407230606021     -7.6994584349274078      2.1314254809345741
Au     -6.0673565107118215      5.0431323148161322     -4.2925757531060622
Au     -4.6917323348550877      2.7797647392062519     -5.2621453245311667
Au     -3.3104296745828949      0.5073131606824584     -6.2314443743691825
Au     -1.8494612012421103     -1.7349862044904185     -7.1547859765959796
Au     -0.3928376625955470     -3.9730082743556672     -8.0690128555602225
Au      0.1684972386976882      6.6846549291660606      1.2306991756436112
Au      1.6045827538561559      4.4595243118902435      0.3143598866816131
Au      3.0612818779459463      2.1763523118162897     -0.6380125685047346
Au      4.4943977664635879     -0.1140100421214125     -1.6058197135454053
Au      5.8747287572938749     -2.3561743141218372     -2.5526210164572278
Au     -1.6736870850004752      2.6753697358262887      8.4604840686058722
Au     -0.0494993507245858      0.2827190583638823      7.7826458006263088
Au      1.4673747572341815     -1.9966524098014702      6.8753481053963252
Au      2.8898723154725672     -4.2560489131121155      5.7046144429352399
Au      4.1561672229873032     -6.6177202800120192      4.5320880106517691
Au     -7.3550519874735674      3.0878946531046121     -5.7301386639464749
Au     -6.0657563600425473      0.7386879292881030     -6.6574483600702878
Au     -4.6336526259897024     -1.5369750951916279     -7.6090064370049868
Au     -3.0794849888039288     -3.7057012331732642     -8.5718181677398508
Au      0.7475268298261126      6.4804969238207644     -1.4996189025509592
Au      2.1966674784134517      4.2041818229130001     -2.4347244062649835
Au      3.6561035849424846      1.8910777697894607     -3.4030652331830185
Au      5.0811251181624772     -0.3901476871483620     -4.3714485805397025
Au      1.0159750051175744      2.9278044349472472      7.6191787447441364
Au      2.6192990423784273      0.6063983626329454      6.8524077078240069
Au      4.1289624522413666     -1.7361090777299415      5.7554041777114531
Au      5.5096697425046584     -4.1084912809874723      4.6648740830548050
Au     -1.3609290846435025      5.9374477220374935     -3.3464926674868840
Au      0.0577897472996129      3.6670849594989288     -4.2852016651174276
Au      1.5436672916556127      1.3079074533810870     -5.2733632567068298
Au      2.9767035836890545     -0.9496091875607595     -6.2296285151387156
Au      1.6729490403272753      4.2725991736981976      5.2430875343041468
Au      3.1040165029160014      1.9945235683733724      4.3493868527896034
Au      4.6199430580031988     -0.3676244872486603      3.3222091579253714
Au      6.0570748950165649     -2.6359620247311248      2.3233599064753943
Au     -2.0830384024035733      0.2124149037255396      9.5683576264596795
Au     -0.7531827736395700     -2.2742517067863925      8.6618075373517449
Au      0.8376528171379953     -4.5274660124513471      7.7318316814335510
Au      2.4214860104813689     -6.6677382963298548      6.7357733319981037
Au     -3.4374205103466253      5.3754279040188582     -5.2142347056451150
Au     -2.0241765643547338      3.0999765629478477     -6.1775827200001157
Au     -0.5776589013329563      0.8023319990752014     -7.1402307544848931
Au      0.8686032381515625     -1.4648533690771499     -8.0792827692147977
Au      2.2457514512363810      5.6597265907846612      2.7922237485726438
Au      3.6991359391913581      3.3706147366147245      1.8456655872036496
Au      5.1742739947165433      1.0498733692683593      0.8700549145187182
Au      6.6160449947651152     -1.2292200029872751     -0.0911883533114679
Au     -7.9137903505753950      3.3488618031821709     -3.0239429305476122
Au     -6.6264962631728128      1.0505873002558368     -3.9535474926746099
Au     -5.2038754308546835     -1.2485669770019756     -4.8830130396866860
Au     -3.7548465648478193     -3.5119094978186496     -5.8624561224184841
Au     -2.2401624492782131     -5.6673089298578283     -6.7953523238403166
Au     -1.9237141339086814      6.2099149954842892     -0.6034747338396720
Au     -0.4963539844031906      3.9458322327503588     -1.5435552028769584
Au      0.9448588478386202      1.6230238035628628     -2.4974522830712571
Au      2.4151115851264291     -0.6713450599248985     -3.4821093244070047
Au      3.8396022762464526     -2.9352805146741296     -4.4371668125899344
Au     -1.0225288584350039      4.0293983234682997      6.0874638089044382
Au      0.4635258957298083      1.6805932720122607      5.2435577270443066
Au      1.9379981376598741     -0.6203776337034661      4.3374629503981534
Au      3.4049865813398377     -2.9078874460792328      3.2635802141417045
Au      4.7946357428327016     -5.1857203983948246      2.2097166582993282
Au     -4.0936981093108322      1.2569572787262113      8.0585062246922945
Au     -2.7261611147953313     -1.0867899532992285      7.2211785252901013
Au     -1.2354801419560806     -3.4527497158162710      6.2622981296783244
Au      0.2727172087084957     -5.7122249482959084      5.3154182972392405
Au      1.7098499478245588     -7.8806321087953624      4.2946341006630693
Au     -4.0186402840284163      5.6505884324597559     -2.4631425490664514
Au     -2.6007294184975165      3.3892207808392305     -3.4090697716239129
Au     -1.1747518248533715      1.0698986970508324     -4.3631528101798160
Au      0.2979867354996037     -1.2128760270148415     -5.3400080782698751
Au      1.7249493024357090     -3.4719864853525282     -6.2869255007292084
Au     -0.4116580331016184      5.3923605333663689      3.6836272089595727
Au      1.0321231435075728      3.1045737659741297      2.7895274142761330
Au      2.4845017868503043      0.7769764605785241      1.8401679580094932
Au      3.9624172603506636     -1.5201933016628022      0.8277617415748733
Au      5.3775274802076787     -3.7788599609580578     -0.1725063697788052
Au     -6.1260070523072869      2.3121080696756158      6.5373108968578268
Au     -4.7785641091572266     -0.0135867028711232      5.6943531926054565
Au     -3.3183706607336743     -2.3211244466660697      4.7862371948451230
Au     -1.8651839664446084     -4.6091485878474909      3.8271987727336843
Au     -0.4285956417139216     -6.8621935437549038      2.8515701836331981
Au      1.0267479885450672     -9.0160400701697352      1.8307018819465082
Au     -8.4796216461653788      3.5966732604349279     -0.3129876071221407
Au     -7.1843694122927886      1.3092477592048950     -1.2324427237716638
Au     -5.7751380028217749     -0.9738370873232194     -2.1497468667820065
Au     -4.3517133339856109     -3.2369172686872298     -3.0976018498924631
Au     -2.9133212380991504     -5.4804758303917858     -4.0736775488619834
Au     -1.4156694384841488     -7.6350698311482041     -5.0088543613464775
Au     -4.5903036480348760      5.9265294696148025      0.2766961693232748
Au     -3.1604164715407310      3.6642227499912607     -0.6561274409791071
Au     -1.7408483004651116      1.3454716626082188     -1.5913408928849950
Au     -0.3039832004814698     -0.9350594701093424     -2.5516593027785346
Au      1.1657033422470084     -3.2032721322429998     -3.5420382119877605
Au      2.5810916129780730     -5.4668739847246748     -4.5002566910672002
Au     -3.0922663825479844      5.1208864127723750      4.5526870135766870
Au     -1.6285407965612886      2.8233148001652939      3.6680539046673584
Au     -0.1874993489006660      0.4897237613322631      2.7636950406717116
Au      1.2535446626549054     -1.7803007724456181      1.7977289594730461
Au      2.7087286608421302     -4.0516626009327972      0.7594236188632131
Au      4.1106364503043809     -6.3247174239693980     -0.2483924422832438
Au      3.4578874005618765     -4.3319008349757748      8.3767825607393682
Au      1.7473930571416687     -2.6186414565165119      9.5931818588629092
Au      0.0775019522144218     -0.7820982378954824     10.7356197938997227
Au      5.8104945097952747     -3.3745651863346477      7.2367736509199148
Au      4.8303053932775502      1.0728326848193470      8.5393839317646503
Au      2.9106217537007524      2.7009424402511986      9.4180159587939372
Au      6.7082059021514748     -1.4992014866303300      4.8093421212201921
Au      5.2302376403018709      0.8799305923163341      5.8073127874019033
Au      3.7918967349851385      3.1402253917556431      6.8251536026622279
Au      7.2667296713914293     -0.0884063291714687      2.4205694981697174
Au      5.7473521810630324      2.2157747389233209      3.3542413820493575
Au      4.3030281804165886      4.5505429598632405      4.3398463646011525
Au      7.7414472342278948      1.3084693220827983      0.0381067288724619
Au      6.3885622881073676      3.6224245606411767      0.9138942510184513
Au      4.8723897664030797      5.8207422297134803      1.8983484899981775
Au      6.5621022230501325     -0.8331034119580929      7.4611586726803178
Au      7.2706019725341307      1.7123366889397458      7.4960149423897260
Au      7.7915165167120364      1.1100877053907174      4.8889966575988559
Au      6.3858396783625633      3.4537561758713933      5.7352363831238726
Au      8.2891069413685656      2.4497709819992597      2.4981376089489284
Au      6.8924483487065586      4.6870343642735062      3.3557505230518281
Au      6.2042815450394446      2.1552026395773276     -4.3008622813988548
Au      4.8867737316326680      4.4627083741688161     -3.3533998504049185
Au      3.3709085082333106      6.6519542048222133     -2.4244020214207938
Au      4.2079253437512518      1.5913463397682426     -6.1765877405471539
Au      2.7337369634891999      3.8681601902904701     -5.1711750322095211
Au      1.3031997014187744      6.2054871672670497     -4.2496733347600202
Au      2.1287869449195704      1.0600455038486385     -8.0213715113904076
Au      0.6489849132749830      3.3326346623514871     -7.0270531223878212
Au     -0.7712290577485930      5.6672113378978803     -6.0944298245356885
Au      0.0292689780282909      0.5714718730168906     -9.7815495438593558
Au     -1.4069907598081794      2.8482234328123832     -8.9624697634023480
Au     -2.7937662882325838      5.0557424312868138     -7.9043782942696366
Au      5.2858852499808737      4.1040874415480229     -6.0335348915808495
Au      3.9001157837122502      6.3065154455952008     -5.1149221140594126
Au      3.2782656083938271      3.6069759305757296     -7.8788285316096163
Au      1.8876757139021549      5.8166955558226432     -6.9566097259564454
Au      1.2253692298729022      3.0637172501526813     -9.6558343160341717
Au     -0.1621661429033674      5.2674144994136443     -8.7346460346236867
Au     -3.9266934043216657     -1.7096901605718076    -10.1744043896170346
Au     -5.3651064315057937      0.4873749273031875     -9.2756606982901832
Au     -6.7133577205834669      2.7184459936856564     -8.3226713715617482
