         216
Au Au   -791.00495917   nogrup     0
Au      2.0020988391156855     -9.5352776148528235      5.1402612107912198
Au      2.5525829224280123     -5.9550350723014223      4.4399836032151931
Au      2.6546264890539790     -4.4131256665493233      2.0770268896775299
Au      2.7074610204769707     -2.8417846255967305     -0.2712665297726566
Au      2.7374297890549402     -1.2600221317116205     -2.6250060926713470
Au      2.7517744436982792      0.3233556503016919     -4.9690768708151403
Au      2.7257982291714926      1.9357823529397988     -7.2965395257865282
Au      2.2146658186099439     -0.3751663121388669     -8.8049147986760232
Au      6.8702895555524819      2.8588579757118735      6.9059060237052279
Au      7.0527712997862348      4.4928338076535077      4.7062848945828151
Au      7.0891152233513388      6.0679890529237657      2.3657831034896475
Au      6.9740203744743168      7.4925769823478152      0.0214434644109467
Au     -4.1735325201453017      1.5517911640034576      5.8877373592063762
Au     -4.2518434778191327      3.1551754004460917      3.6435159378797444
Au     -4.2249213358012527      4.7461323256158767      1.2884342732252207
Au     -4.0813163048872942      6.2213236130986163     -1.0397504039463143
Au     -5.9938337636972943     -8.6295608368134573     -2.6550436031525386
Au    -10.5457984180412563     -1.1845823753325808     -0.9512131778196284
Au     -8.0647228830191402     -3.7969257299402468     -2.8868356479186605
Au     -6.0057267709670912     -3.0507178124445069     -7.2491913880330294
Au      2.5348700003817095     -7.4279244695247630      6.7159173048380119
Au      4.3678268879726101     -6.5878042416559506      2.3449477497682345
Au      4.4120390627547375     -5.0237233682527922     -0.0215699970682515
Au      4.4352398745373334     -3.4498558455423005     -2.3881353252954831
Au      4.4356087707876899     -1.8781676281801758     -4.7437851511225215
Au      3.8228825235075741      4.5090700623348230     -7.1730021988476658
Au      2.3225429591690752      1.3030626895556292    -10.8627842422609113
Au      4.2193542666383879     -8.0747227491281279      4.6873804923982476
Au      2.1541671954522363     -8.2228410872479003      2.8243407481137375
Au      2.2263327002092854     -6.6680744407783887      0.4986335151252455
Au      2.2683837809814555     -5.1070892214976329     -1.8495696005319271
Au      2.2605845772523598     -3.5384599506170034     -4.1980393300875978
Au      2.2290101991354550     -1.9720295173853053     -6.5309127739072768
Au      2.7891763718187823      3.5044220024229045     -9.5059463683697558
Au      0.2738710540550489     -7.4992913917077608      5.0754294556961206
Au      0.3439761940745960     -6.0516367756005440      2.6616620778382831
Au      0.4251377431531352     -4.4875620606758986      0.3065603993249155
Au      0.4802711487814041     -2.9082794266543175     -2.0352538412962531
Au      0.5052059326726709     -1.3183715451668601     -4.3847440894662810
Au      0.4903083269965942      0.3076384091332143     -6.7168127096454118
Au      4.4390750685154838     -0.3005030207228652     -7.0757745789274473
Au      0.8565537115059105     -5.2297421048813568      6.5951204141267610
Au      0.8405310094696565     -3.7140145839127570      4.2660103046458602
Au      0.9118654503880359     -2.1474917144533876      1.8834468982754160
Au      0.9598611688896361     -0.5550265835734010     -0.4757429065002157
Au      0.9910228778872872      1.0456009487293256     -2.8340161745127190
Au      0.9867042980366896      2.6702470693333789     -5.1837487698265434
Au      4.4345998185333313      1.3063428792072331     -9.3033182597673161
Au      3.6118862993281526     -4.8952748136958366      6.8025651467712969
Au      3.6737203438583057     -3.3523490230886139      4.5155687785737690
Au      3.7660269520094616     -1.8015367761671239      2.1385547989863376
Au      3.8114474156606999     -0.2271981790940645     -0.2154219108181081
Au      3.8361848133487335      1.3578609110275472     -2.5592444141663417
Au      3.8114406137242396      2.9722211820930613     -4.8880107052604718
Au      0.5122804839040931      1.9105177126937356     -9.0154418065123672
Au     -1.9263053570982704     -7.5597736951655392      3.2703742790601531
Au     -1.8831803360035468     -6.1649961726053899      0.8350026095663488
Au     -1.8088368874163752     -4.5697224072779647     -1.4624017390491044
Au     -1.7398500079036985     -2.9589718513831134     -3.7809755728224310
Au     -1.7465862199805031     -1.3227282209202409     -6.1117202491222020
Au     -1.6819327533686674      0.2470924745532299     -8.4054740755126804
Au     -0.8409559117774903     -2.9920067427042838      6.3718394990798686
Au     -0.8536194204963194     -1.4586761296128010      4.0520427541997819
Au     -0.7994333801769729      0.1314334472842429      1.6680921861105702
Au     -0.7608286477198070      1.7330400512563706     -0.6857803323455336
Au     -0.7455809639373199      3.3568708943386172     -3.0483600312374737
Au     -0.6694599096980001      4.8946318846808916     -5.3650151114494875
Au      4.7171494902963040     -2.3113881829403766      6.8557124721172435
Au      4.7825595432469798     -0.7561819238573753      4.5711988742193803
Au      4.8752320255410257      0.8052588826909695      2.1910590409567021
Au      4.9109940448429592      2.3780162689225248     -0.1451217944677090
Au      4.8884133115692352      3.9933175815543969     -2.4869190530197010
Au      4.8903620402328523      5.5193709018835015     -4.7874165985244712
Au     -4.1589447969276536     -7.6021177107840092      1.4533336484986847
Au     -4.1445105353101299     -6.5740371937643562     -1.1679683254831978
Au     -4.0436034278565005     -4.5884453534737819     -3.1913899749019645
Au     -3.9829597918332444     -2.9540720195399999     -5.4877871811861514
Au     -3.8735103974745080     -1.3970735858868695     -7.8507287301397817
Au     -2.5174767902456443     -0.7284324055287987      6.1587108982599794
Au     -2.5404320132936400      0.8303176751732231      3.8313528076993286
Au     -2.5197441321076122      2.4347914973774003      1.4729013651868392
Au     -2.4797334487484823      4.0308201988710097     -0.8883344335401162
Au     -2.3870298689967386      5.5868836012090251     -3.2178480118628325
Au      5.8220665946286996      0.2829438992481572      6.9032644484920311
Au      5.8789345690141888      1.8551740011092770      4.6079879844759652
Au      5.9895818103639966      3.4412073672737931      2.2831412776959539
Au      5.9501294743263990      4.9991614831610116     -0.0624631361083878
Au      5.9612735321781773      6.5312197994116747     -2.3835827854653626
Au     -4.5168907023925193     -9.3969451613542159     -0.5236703015129223
Au     -3.4805712160266600     -9.0526814049674531     -3.0352952549054510
Au     -4.5578964655927567     -6.9153749531893158     -4.4531054927733731
Au     -2.2866226448539502     -3.6118352192075687     -7.5844079193982878
Au     -4.7247422516994009     -0.8022201051445403      4.4743813455334376
Au     -4.7602315623162292      0.7895276846612980      2.0625390464785731
Au     -4.7407386424817579      2.3922396482826134     -0.3073955486294153
Au     -4.6357333866025350      4.0315532639676377     -2.6968934421893636
Au      4.1543155863519718      2.5193615644378031      6.8187470992354058
Au      4.2351176969113977      4.1250754201617852      4.4559736124313787
Au      4.2722366282290771      5.7357999202794714      2.0645678791976287
Au      4.2620526653124076      7.3218246949536443     -0.3155670078144865
Au     -5.2564808731503092     -3.1404494745918239      2.8688267588769776
Au     -5.3017941823724772     -1.5591194078686268      0.4934573482899651
Au     -5.2974847631357402      0.0610065360905843     -1.8800480980737735
Au     -5.1391485235605066      1.6955154544704270     -4.2833440701831833
Au      1.3564677219833257      2.1662927541618906      6.5563816115864810
Au      1.4000311992516516      3.7425709249413925      4.2010927044313675
Au      1.4377585919499980      5.3951041528027046      1.7492238673948712
Au      1.4638012156222353      6.9860619938734780     -0.6032179294328444
Au      7.5134142588644046     -0.3730908786503973      4.8165446938721246
Au      7.6705593946999855      1.1445109810036147      2.4633378829726738
Au      7.7051429456642184      2.7197856060152321      0.1185213079563852
Au      7.6150936699169609      4.3236384091522124     -2.1755864081422036
Au     -5.8170585157124455     -5.4076271517351060      1.2556104254180873
Au     -5.8021653876656325     -3.8550592774399721     -1.0791985907563060
Au     -5.8039027888043373     -2.2609479537438801     -3.4126379150503006
Au     -5.6411091565638483     -0.6706862007692385     -5.8630190784478842
Au     -1.4448140925722790      1.8516669247341593      6.2759887057452453
Au     -1.4357903215078018      3.4350058262860332      3.9115243745898027
Au     -1.4012609664526383      5.0537919713402566      1.5135547258353661
Au     -1.3418027798736578      6.6503373835419968     -0.8504194588154981
Au     -2.3362722791123751     -9.5999657932579261      1.5745229183868759
Au     -2.0391304179984182     -8.4167486600695511     -0.8253447791625312
Au     -2.1076707772453585     -6.7770994160276565     -3.1079476955251462
Au     -2.2350968399754896     -5.2312448433116536     -5.3477936470444547
Au     -0.0512973769305805     -1.9687924535296464     -8.1879111466850922
Au     -3.0719809306462240     -3.0653027098085932      4.6521426229964149
Au     -3.0771124564486776     -1.5266180771671234      2.2648694886053065
Au     -3.0310300975993290      0.0910039618825591     -0.1085701735022262
Au     -3.0178905499386808      1.7218341654112530     -2.4680793735522144
Au     -2.9256725002034010      3.3230255117681793     -4.8307731346965035
Au      3.0578420951227145     -0.0831890196452028      6.7563103770722641
Au      3.0763914957898955      1.5033294109327269      4.4126737514980299
Au      3.1479412826716295      3.0989798557329253      2.0123908189789077
Au      3.1500754320059743      4.7273945526014893     -0.3688726146527692
Au      3.1993094605110510      6.2997538968177356     -2.7259193718198080
Au      6.4136157062216892     -2.9644331954429592      4.7760465225047568
Au      6.5654165924089565     -1.4468172738303622      2.4328669857762790
Au      6.6079067017854394      0.1203499300165802      0.0544311499364589
Au      6.6314916670048252      1.7222553349576835     -2.2948274981622898
Au      6.5460690708832301      3.3121278124976401     -4.5804714123916543
Au     -3.6061147422691775     -5.3644462141664473      3.0593163805450665
Au     -3.5833454761209840     -3.8931213489494301      0.6600023530958943
Au     -3.5313346173424272     -2.2299662598115688     -1.6674471292575532
Au     -3.5298899510819695     -0.5934031899870096     -4.0074414142258501
Au     -3.4327246498440331      0.9744649604517424     -6.3950882804926685
Au      0.2446154469904667     -0.4200250848914422      6.4854394208124617
Au      0.2653464205510363      1.1563043387587157      4.1425045707871853
Au      0.3194660747410638      2.7588182919935731      1.7412385615336845
Au      0.3375999833300760      4.3924088977457423     -0.6444865338676316
Au      0.3838571692282099      5.9680657976314482     -2.9988827377212726
Au      5.3169403978229486     -5.5489119374959586      4.7296894483778154
Au      5.4712346488377515     -4.0351828066120472      2.3845000363071485
Au      5.5179391749745790     -2.4689567929888252      0.0076570647946568
Au      5.5456969463806072     -0.8907663045504393     -2.3565383961334696
Au      5.5593871532378722      0.6997084232370208     -4.7000087364885381
Au      1.0568215847366618      4.2092248770474416     -7.4879947540983007
Au     -0.1497942975471587     -9.6062404544276774      3.3976863195566871
Au     -0.0127488198017833     -8.2819337312288255      1.0481173247823534
Au      0.0669674999652363     -6.7083727061736536     -1.3018852469474105
Au      0.0586330282068090     -5.1455676782306412     -3.6354252766713895
Au     -0.0099338912583291     -3.5937930935141491     -5.9613785946553062
Au      5.4829714037301551      2.2957290924515714     -6.9683874614103392
Au     -1.4005495332459754     -5.2864238750625354      4.8613780121371306
Au     -1.3812240599017149     -3.8045551077368351      2.4638489564779746
Au     -1.3162726488592809     -2.2095197625350291      0.1004114138555714
Au     -1.2698261586130746     -0.5927702478439292     -2.2519195867305992
Au     -1.2689819494023935      1.0361611267844788     -4.6023733499535098
Au     -1.2128231233073896      2.6155713752290430     -6.9507828015365600
Au      1.9453418603866517     -2.6700537045285326      6.6928654501010989
Au      1.9590873026565885     -1.1020594918184061      4.3481281046631395
Au      2.0296503984321896      0.4777931907151309      1.9550873648219067
Au      2.0674926790052033      2.0780302536638189     -0.4128466359153187
Au      2.0685187309078041      3.7079064668331112     -2.7768797061001198
Au      2.1176975640330720      5.2799386446098593     -5.1240640341658903
Au      8.6189416230628790      5.2934607140471730      0.2288174339495157
Au      8.6701565021036817      3.7578031479486480      2.5335368673636118
Au      8.5502616854434166      2.2040190160170257      4.8240837589112289
Au      5.3245458697511996      8.2329336801343285      2.1126269750792233
Au      5.3743781613888206      6.7381890604935180      4.4928406490508834
Au      5.2540120667060561      5.0971876785044961      6.7716595245788866
Au      2.5505247766452683      7.9924918514508718      1.8132984055170631
Au      2.5296296606021365      6.3353503091801580      4.1802020974705840
Au      2.4780115042537219      4.7686273102020227      6.6052328717573623
Au     -0.2404644495215431      7.6584296019025864      1.5461312222131056
Au     -0.2764323707694691      5.9995820623187335      3.9116843825661896
Au     -0.3126757731269856      4.4362957326533872      6.3376995394311066
Au     -2.9879857003046038      7.2530407575322036      1.3221268590783239
Au     -3.1243630881027089      5.7347690116776562      3.6872810196178420
Au     -3.0567199226323076      4.1156302586073998      5.9850151185408613
Au      3.6086815394579181      8.8120239598919028      4.2015152013696628
Au      3.5746180465411799      7.2745089148181696      6.4874422722641043
Au      0.8554462628757706      8.5364103288556965      3.9671094844985468
Au      0.8209930992111711      6.9932959396768997      6.2631319423869272
Au     -1.8758368863259516      8.1684933965456068      3.6827518907766716
Au     -1.9107009738201415      6.6310922718238405      5.9705692171966724
Au     -6.3000407415488198      4.6150547462636915     -0.5386166149863314
Au     -6.4186015537185970      3.0779660810750218      1.8471568049149099
Au     -6.3600638646099688      1.4553630703045721      4.1750883359507682
Au     -6.8263556295238113      2.4110310706401936     -2.1609100887309225
Au     -7.0174571122478389      0.7015334435953360      0.2681767423801382
Au     -6.8840312339304743     -0.8680886745802576      2.7604634841485662
Au     -7.3242582196979660      0.0575608855110188     -3.7895117835576890
Au     -7.6739237299263658     -1.6054982827588873     -1.2386011548061902
Au     -9.0698101750299838     -1.0112046958214203      1.2037918806619636
Au     -7.7854357173953472     -2.3226870307935172     -5.2901965724883393
Au     -9.4728543168797401     -1.5065292067450535     -3.3342111281247426
Au     -8.0223901892450229     -5.2765450396817890     -0.4925805825684222
Au     -8.4659335113611576      2.9839576070531311      0.0206251113691920
Au     -7.4463236089372762     -3.1850397993607729      1.1384057143215678
Au     -8.5124631623738747      1.4236540889825156      2.4261592441465254
Au     -6.5236455817491930     -7.5558275454091586     -0.2342865733111381
Au     -9.0102256782408574      0.8240574465489212     -1.7641349052221429
Au    -10.3921632965062329      1.1624011991564496      0.4863341536373511
Au     -4.4492759151194718     -5.2702960310210223     -6.8444163037265824
Au     -6.2706490759665092     -4.6057929275517431     -4.9703944442752874
Au     -6.5045883623747773     -6.0418000805541183     -2.6324774831753288
