         216
Au Au   -792.02442846   nogrup     0
Au     -3.9576610356409936      5.9305343442778096      7.6056392386669600
Au     -3.5445508243302997      3.8034816271960432      5.9338558792682505
Au     -3.2146458763553425      1.5391403186374855      4.2694659419397212
Au     -2.8311832400095107     -0.6912685659123810      2.5686263907243205
Au     -2.4251893416244097     -2.9136299380751627      0.8488274237339493
Au     -1.9990679051268967     -5.1147832463649916     -0.8797470081752632
Au     -1.5202972246177855     -7.2770303489932910     -2.6409228887948792
Au     -1.1507805360954539     -9.4339798268907593     -4.2843640639961356
Au      5.2481884707168796     -0.3373865812911570      8.5938363653976388
Au      5.7662712365322868     -2.5322946737059420      6.9705542820926603
Au      6.1711068030384020     -4.7483094622350759      5.2556659186816024
Au      6.4467323874260423     -6.8980553573354708      3.5167873607269531
Au      3.9058595514543186      6.3541748374191354     -0.3997309270550815
Au      4.3968438645405019      4.2719970876468230     -2.1271116660002640
Au      4.8048441511675799      2.0386554944303938     -3.8554079587749150
Au      5.0992571171912715     -0.1783340613350735     -5.4549858976280294
Au     -7.0494771427773184      6.4846852937582584     -3.1249080724232696
Au     -6.7018384040387904      4.3843270584749581     -4.9106066640292854
Au     -6.2970055104918554      2.1683107706990818     -6.6254938483720682
Au     -5.8509405182731591     -0.0759879809981756     -8.2019536518904737
Au     -4.1433853530764893      3.3857098997484361      8.5209870534654932
Au     -3.8271437281924574      1.1698252971846741      6.9470073137609880
Au     -3.4531764189973599     -1.0629349794652709      5.2500478546292602
Au     -3.0566860850361430     -3.2934907635978785      3.5343257078517833
Au     -2.6404481667485959     -5.5117053122911521      1.8073170512357759
Au     -2.2053642827402586     -7.7075835854869883      0.0771249360913639
Au     -1.7399969530234052     -9.7701249339814158     -1.6598040998139432
Au     -6.0372894454029211      4.4363467628135655      6.7162384714557355
Au     -5.7622154315515779      2.2432992914342669      5.1030299775654910
Au     -5.3841920744571539      0.0082879770185524      3.4099370462588272
Au     -4.9867334082683783     -2.2228057829630696      1.6951385151609486
Au     -4.5714643590831283     -4.4404834619397082     -0.0327932681696339
Au     -4.1404375879159172     -6.6341112415464760     -1.7668514876390180
Au     -3.6339031514176443     -8.7194896804226616     -3.4645517999349504
Au     -4.7396330726204461      6.1576475812396465      4.9788262767332725
Au     -4.3696518506007838      3.9525765593804998      3.2677517876134594
Au     -4.0161623523403787      1.6844968790061645      1.5714706298847378
Au     -3.6218863662817466     -0.5491698989775262     -0.1453697852570208
Au     -3.2026358057633471     -2.7686505480078045     -1.8746462833857969
Au     -2.7401248559483569     -4.9672599443987018     -3.6349620486313929
Au     -2.3049729733994204     -7.1693911098584522     -5.3344514134025705
Au     -2.0023328710468085      6.1322200328453853      5.6711272934122654
Au     -1.5769639155060955      3.9654861682921259      3.9633786165841283
Au     -1.2144192744797269      1.6867548533258887      2.2563589475192138
Au     -0.8162745107172262     -0.5598137975473589      0.5307044644844403
Au     -0.3963191950873441     -2.7914244295937669     -1.2091298683144487
Au      0.0617519545479421     -5.0046421243335057     -2.9782558318344146
Au      0.4346236904921352     -7.2073796271548289     -4.6518727611274553
Au     -1.6607422561038132      4.4496444713668444      7.9127784680106501
Au     -1.2571015986565173      2.2259023343731750      6.2337765542120245
Au     -0.8993401266980734     -0.0445456394967998      4.5415641664796595
Au     -0.5026921720073507     -2.2795270777188765      2.8269827066556878
Au     -0.0858125183108323     -4.4976919855961466      1.0954465223702403
Au      0.3724277533052005     -6.6939323004384850     -0.6689386053329702
Au      0.7739213040018971     -8.8773922682400723     -2.4005009002847624
Au     -5.5220439151147254      6.2834961224218358      2.2860379484553892
Au     -5.1603160944294739      4.0814187883910646      0.5759119621604754
Au     -4.8069967437717107      1.8158639237990903     -1.1364900663257824
Au     -4.4008156978708133     -0.4075256518382897     -2.8570837788199226
Au     -3.9359153334258772     -2.6208148948407892     -4.6106838592118864
Au     -3.4936830078994103     -4.8195253491026673     -6.3061563613867211
Au     -0.0270651311695995      6.2394696810052341      3.6607133276996802
Au      0.3881493221617909      4.0693138237430215      1.9616284459969027
Au      0.7743049526987167      1.7918207779341855      0.2305520522627109
Au      1.1836735268108405     -0.4490118791254778     -1.5035414551280937
Au      1.6229892102927501     -2.6900470082365588     -3.2691787806454569
Au      2.0048650424829022     -4.8830673958475064     -4.9465870481409455
Au      0.6421767284905529      2.8639209048915939      8.1600754278470724
Au      1.0456980373668148      0.6386615145276453      6.4897714262689803
Au      1.4185733280755830     -1.6377398783832495      4.7960021429467474
Au      1.8247554686796490     -3.8611282600695880      3.0754076049482642
Au      2.2701026132629658     -6.0635694232754176      1.3031737109573633
Au      2.6705440921315988     -8.2390970976036808     -0.4321218926459469
Au     -6.2999440749927409      6.4076694385268622     -0.4193739760153967
Au     -5.9583752645663068      4.1945386206773634     -2.1446745039315527
Au     -5.6087192614446391      1.9706378550956263     -3.8705517929202413
Au     -5.1472961935033918     -0.2452244520801843     -5.5804321915076214
Au     -4.6806273304828849     -2.4563023009818776     -7.2788529997977776
Au      1.9510648203517056      6.3279314131557403      1.6363574955487845
Au      2.3695389073541482      4.1512547184851041     -0.0699441587187515
Au      2.7875559946368482      1.9117464014180010     -1.8123427789495032
Au      3.1897721903194962     -0.3385986546358009     -3.5444676010912168
Au      3.5712313853645230     -2.5406611892307094     -5.2267022892375570
Au      2.9555548622347518      1.2732237807029967      8.4004165841342413
Au      3.3646302232217313     -0.9773533441920863      6.7394407416351392
Au      3.7695960971269331     -3.2319349445354462      5.0662670418134574
Au      4.1757130565859777     -5.4171138400333714      3.3036815460520224
Au      4.5748795231655226     -7.5907436818876199      1.5409338995635746
Au     -8.4296418886867528      4.8863416140771827     -1.2488091381902660
Au     -8.1548301259798794      2.5811813451537269     -2.8950201403689508
Au     -7.7450547350372858      0.3381130850152321     -4.6308415225556558
Au     -7.2074584971662770     -1.8037628924173168     -6.4260164611434725
Au      1.1811819157112642      6.5372168848236472     -1.0470998779554215
Au      1.6001777852080616      4.2981695204122063     -2.7767423550601871
Au      2.0158688390739989      2.0227263326172849     -4.5376193894961974
Au      2.4148321617682518     -0.2156387209494364     -6.2728720367951301
Au      4.9697273502174468      1.4038986066141108      6.4516446770321529
Au      5.3804026474189248     -0.8450375418598615      4.7458830141096033
Au      5.7933330331653465     -3.1053638071071621      2.9967038364240821
Au      6.1983559827029548     -5.3214489908605795      1.2471576021681408
Au     -1.6008934342849082      6.5719144351465646     -1.7262530849114235
Au     -1.2058483383001009      4.3397680672384045     -3.4419011371747468
Au     -0.7813208787101842      2.0159511481229795     -5.2402123908857412
Au     -0.3633563059554317     -0.2022285658981025     -6.9684974330206408
Au      4.6195220327110142      3.1211699960559098      4.2013322408860194
Au      5.0159811018707918      0.8882413393113859      2.4870288394308631
Au      5.4405101913170810     -1.4355747586615974      0.6887174961096587
Au      5.8570638560692654     -3.6529710889781111     -1.0409131457155247
Au      2.6997912168685798     -1.2876600694919746      9.3566958748921571
Au      2.9882571154553101     -3.6003931198758661      7.7234939622068239
Au      3.3980345265376708     -5.8434603179116529      5.9876709500756178
Au      3.9219806929217214     -7.9777607198452767      4.1794849522995374
Au     -4.3621771108107446      6.5807274395835842     -2.4409547368541009
Au     -3.9811102198346666      4.3482135524654426     -4.1749267142234423
Au     -3.5681820046951995      2.0878861206773101     -5.9241053182544627
Au     -3.1335554942430508     -0.1446235568675363     -7.6454392066399954
Au      4.2889561049658314      4.8131943389805745      1.9143735660633574
Au      4.6963282444908376      2.5805967744103762      0.1736531669182639
Au      5.1120202228351861      0.3051542607909790     -1.5872237116705090
Au      5.5226084510940616     -1.9396596652410070     -3.3113984404368804
Au     -7.6468601030649666      4.7584989280856842      1.4161948451659487
Au     -7.3719293727318753      2.5097557972915854     -0.2313749182276226
Au     -6.9706951698069179      0.2348119839684069     -1.9490014406681500
Au     -6.5487434051933633     -1.9962728777524568     -3.7184126412287917
Au     -6.0236540856296159     -4.1267518725714183     -5.4597511126712801
Au     -0.7994685201976615      6.4392922121146299      0.9724504060578330
Au     -0.4044338531489866      4.2198153097940594     -0.7534620828874505
Au     -0.0066495158147539      1.9334305636096274     -2.4999922630984912
Au      0.4261798561893326     -0.3268652340040559     -4.2719615264203146
Au      0.8430971950063677     -2.5519202506255372     -5.9854992155661222
Au      2.6471093405755082      3.0044963987959878      6.2049216147764170
Au      3.0571474487028549      0.7736763829119644      4.5016186177327313
Au      3.4477693272592727     -1.5104737904856043      2.7657837197307096
Au      3.8851170643666921     -3.7585208697061177      0.9943263441195853
Au      4.2862693735727202     -5.9680507715245774     -0.7385857335186579
Au      0.4198058167834313      0.2835511284592940      9.1031162792302034
Au      0.7377020557338270     -1.9890240495878455      7.4964859195532547
Au      1.1150369996710214     -4.2507078527540205      5.7560824784022913
Au      1.5608909078338722     -6.4950505392630351      4.0094458863527400
Au      2.0430182224182660     -8.6016954640879444      2.2271668889846339
Au     -3.5747308304074790      6.4560330714846419      0.2759780299732526
Au     -3.1867692195927551      4.2374575761049584     -1.4483589841694791
Au     -2.7994201105049439      1.9551211527908903     -3.1873102476892292
Au     -2.3588025420948333     -0.2947409555655458     -4.9556501077621933
Au     -1.9355769951752841     -2.5165163147991940     -6.6675269844433860
Au      2.3099752458805254      4.7143429636734222      3.9355157768080584
Au      2.7216046152738680      2.4856614156386243      2.2254150002771098
Au      3.1177337858927960      0.2001961797430409      0.4773062286005665
Au      3.5522198571769836     -2.0610183517814331     -1.2930845571389540
Au      3.9525439629241101     -4.2768682800062017     -3.0224346570781320
Au     -1.8805672068703063      1.8432222655776020      8.8433985092463736
Au     -1.5560266700218803     -0.4182216442878408      7.2431272609257817
Au     -1.1824613364995185     -2.6662404002693769      5.5261362396534395
Au     -0.7736613228840707     -4.9039584390126283      3.7944525128811843
Au     -0.3313063656995276     -7.1221786881869793      2.0551940917180076
Au      0.1408546991240454     -9.2217732392489680      0.2806262663170926
Au     -6.8665624415438220      4.6091838199603554      4.0921206573418338
Au     -6.5908801116605424      2.3748413788665053      2.4452943629988084
Au     -6.2033077657984332      0.1190502532013991      0.7416534920793438
Au     -5.7945083910411377     -2.1186689315460692     -0.9900292103962300
Au     -5.3661625202865633     -4.3291182547383524     -2.7426367607220428
Au     -4.8451452691769621     -6.4558151799740315     -4.4706491622536495
Au     -2.7789017884206983      6.3232272986731086      2.9804854672875631
Au     -2.3838379331275230      4.1088299955629797      1.2563954374285533
Au     -2.0067385742324793      1.8296287111059297     -0.4681063320194472
Au     -1.5962065428237939     -0.4175748237961994     -2.2071295885833351
Au     -1.1489621937348828     -2.6507339799066223     -3.9745679979137920
Au     -0.7335255304496475     -4.8729227264823827     -5.6837797590508936
Au      0.3319335470348066      4.5975045767863492      5.9448777808256175
Au      0.7445420063939485      2.3733761869950163      4.2375041692003137
Au      1.1233068285775238      0.0932523978100175      2.5145876033841539
Au      1.5338395104133011     -2.1539507450491611      0.7755639826774701
Au      1.9794200193271259     -4.3861870545539059     -0.9934601968141958
Au      2.3773134648064635     -6.5986440098380612     -2.7193890215812893
Au      5.6700352832513516     -7.2311698212904467      6.0918581091381228
Au      5.2638968750964281     -5.0874975492065122      7.8168251691612589
Au      4.8747588457406934     -2.8779340786099947      9.4606598278280778
Au      8.0553230705335235     -4.5976297825449386      3.1938684739408618
Au      7.7521084674772940     -2.4309060965870692      4.9713168234807537
Au      7.2500040742709038     -0.1894239735477816      6.6052087469099376
Au      7.7697018792945425     -2.9986950228568592      0.9339512058479436
Au      7.3042676059097413     -0.7506929618672631      2.6943865527593012
Au      6.9425020569359548      1.5292831846700881      4.4379782166309756
Au      7.4246667157367927     -1.3214739590223408     -1.3211769985749928
Au      6.9547495483628428      0.9357004233117872      0.4326794099400644
Au      6.5963708208803649      3.2125084773574355      2.1874957477896793
Au      7.0323540709740113      0.3910912095176498     -3.5003457622828336
Au      6.6907803226046205      2.6631237305233251     -1.8618514191883158
Au      6.2259646916554949      4.8051614777882081     -0.0844686487959567
Au      9.5285324525926143     -2.2730514723609119      2.9045208675009224
Au      9.1331969012102672     -0.1090411507287863      4.5791646848614480
Au      9.2310026550373614     -0.6247376152859232      0.6988768077371983
Au      8.8347288602328486      1.5444097233002494      2.3774958683118061
Au      8.8403805392348076      1.0142568286619467     -1.5030338457107142
Au      8.4455364589915725      3.1755812504063918      0.1695307962617711
Au      3.8914325939855927      2.1334989698713187     -6.4934039507991841
Au      3.5865151346896607      4.3851967753409022     -4.8199792692004575
Au      3.0850451981920188      6.5475695307019706     -3.0775265320813059
Au      1.1977962628723309      2.1328466270087900     -7.2549095116188278
Au      0.7737150506165680      4.3645947071427829     -5.4573755592202486
Au      0.3695036477981182      6.6668305347554062     -3.7462365007060949
Au     -1.5480808891813944      2.1702919895801682     -7.9451850560799091
Au     -1.9819760928738437      4.4008001062624684     -6.1546974055664947
Au     -2.3752754078816394      6.6982723429737323     -4.4411591955432241
Au     -4.2646645234694471      2.2368155695942051     -8.5461395544823446
Au     -4.7380900344359684      4.4979659347475369     -6.9308924809011110
Au     -5.0699777362227039      6.6450245175596026     -5.1348012099373559
Au      2.6616337833342807      4.4418812096934843     -7.3909086038129663
Au      2.2667916812155333      6.6032056923840887     -5.7183438676360687
Au     -0.0148891774853519      4.5043684545873663     -8.1117544193243720
Au     -0.4111597547614032      6.6735166079704404     -6.4331359396973724
Au     -2.7083560087783396      4.5152942318037521     -8.7563029066482194
Au     -3.1036877414613442      6.6793060093713370     -7.0816599706954211
Au     -8.3082382944042266      0.5232052536117999     -7.2283683244426449
Au     -8.7580900579801906      2.6911310124472871     -5.5450607489831887
Au     -9.1035096294912350      4.8764447745818646     -3.8595691174775144
