         216
 AuNiAgCu    E (eV) =  -774.560547       T (K) =   550.000000       time (ns) =  0.109999999    
Au     4.209908660273    -3.024661898666    14.493745265312
Au     3.730728734664    -3.282341439260    11.852321178568
Au     3.436500831691    -3.908056721815     8.927960139467
Au     3.377079353564    -4.464226292400     6.171128482975
Au     2.889294616850    -4.616924630669     3.248396231376
Au     2.130981637954    -5.112169127154     0.303026221131
Au     1.527867924169    -5.752157527814    -2.432505094577
Au     1.364367806215    -6.110323622967    -5.147039204240
Au    11.053618836491     2.447598455846     6.625199599721
Au    10.725733910023     1.835435954802     3.760876059281
Au    10.235572760721     1.078338953683     1.004326477702
Au     9.799376886048     0.564140733376    -1.707574039321
Au     0.484393527811     5.905993112648     7.439983849696
Au    -0.034688073181     5.355263654461     4.856026074805
Au    -0.793666903895     4.848250397048     2.199902587000
Au    -0.973123383906     4.101808550053    -0.188220309178
Au    -6.223019645018    -3.487598745341    10.256383671102
Au    -6.616794928207    -3.931397648582     7.382908151042
Au    -7.213392391391    -4.574480781145     4.785468042075
Au    -7.514359244585    -4.981879706509     2.003768910839
Au     5.969624115808    -4.360680089287    13.003303501138
Au     5.703987668770    -5.132461045974    10.391853183148
Au     5.190970229736    -5.675169386500     7.951912141202
Au     4.747766831980    -6.002853878926     4.423504579852
Au     4.537419043554    -6.160368395756     1.728668835323
Au     3.790629416287    -7.073262507521    -0.894921327065
Au     3.308268891895    -7.111712872673    -3.848531079081
Au     3.332549495605    -5.385085730686    13.208192723255
Au     3.096223286507    -5.753585848723    10.711177226398
Au     2.764714711446    -6.347998718682     7.983609975146
Au     2.188901668131    -6.781405775180     4.908725291555
Au     1.843612375240    -6.961399096450     2.240424034626
Au     1.221990587099    -7.875145697116    -0.239930533891
Au     0.780082329264    -8.204263556064    -3.034881502447
Au     1.546362408686    -3.057868432045    13.637370780832
Au     1.272036421129    -3.464543263877    10.660477000077
Au     0.926131878560    -3.985056615323     7.597678763296
Au     0.625662932063    -4.438621741756     4.937665322338
Au    -0.115661435959    -4.848444693974     2.194718056614
Au    -0.499329463448    -5.256606506075    -0.743983393661
Au    -0.985837982373    -6.184414695159    -3.712795398875
Au     3.102520264978    -0.715850655090    12.928798497326
Au     2.837323736973    -1.259400655010    10.138888991068
Au     2.622472664777    -1.606212560818     7.273350941965
Au     2.159836002342    -2.095499972662     4.313701810242
Au     1.582940121820    -2.635825745507     1.328195384694
Au     1.133616828661    -2.957707894687    -1.358747082836
Au     0.745422828080    -3.595644173242    -3.953778615047
Au     5.693869880772    -1.704988199649    12.652594084041
Au     5.538167787971    -1.917722185247     9.808962417457
Au     5.333060611982    -2.353715884265     6.915379477288
Au     4.932891244849    -3.085948987398     4.123735072832
Au     4.251339071909    -3.427868509066     1.251915570389
Au     3.796142737821    -3.912250744255    -1.638347387123
Au     3.165655381122    -4.310757239073    -4.516732133847
Au    -0.924444164540    -3.027999183512    12.442400898722
Au    -1.325055263286    -3.737209447007     9.342896463468
Au    -1.693371515321    -4.415316001721     6.501197362518
Au    -2.330471846625    -4.630024875471     3.974867259460
Au    -2.791607734932    -5.232144318037     1.220062713154
Au    -3.513697984599    -5.764459168288    -1.607783585485
Au     2.576833332300     1.579066369191    10.904757229091
Au     2.228325430725     1.132515534891     8.400963360147
Au     1.301268854260     0.481820326943     5.465267602049
Au     1.162439140056    -0.209660866960     2.528413593409
Au     0.667306972624    -0.464605218767    -0.220857136838
Au    -0.058127223432    -1.067971468680    -2.945696250599
Au     7.482786977132    -0.076344754979    10.327402021892
Au     7.420608276071    -0.556690055744     7.695221864813
Au     6.864639751170    -1.258297454741     4.711501909009
Au     6.505813070706    -1.572561324574     1.974686062113
Au     5.900704889002    -2.492535281976    -0.759822561148
Au     5.360926514053    -2.456293322937    -3.563666133822
Au    -3.650566741174    -3.574961195372    11.085473022044
Au    -4.117811644240    -4.356631268486     8.519007594652
Au    -4.572563031003    -4.590855040605     5.700047355045
Au    -5.011179099856    -4.782828795198     3.083743532469
Au    -5.500070379086    -5.258689513000    -0.076601842401
Au     1.527730526281     3.652100316670     9.297810045584
Au     0.530500869870     3.357684515827     6.564015556405
Au     0.305896620473     2.742023568982     3.660506730357
Au    -0.001319328550     2.145529530707     1.192151390267
Au    -0.486898935215     1.425214248754    -1.454229286975
Au     9.323697248696     1.087521297134     8.579904032003
Au     9.250653115804     0.720211787358     5.724841552787
Au     8.458007713460     0.064671699116     2.843984125101
Au     7.899744904806    -0.597778049500    -0.242671071896
Au     7.367857644370    -0.887986284136    -2.928315816181
Au    -4.345092754987    -6.270818976340    10.317657968833
Au    -4.967844663643    -6.651024349152     7.522546044852
Au    -5.585877853279    -6.982242319816     4.641208728401
Au    -5.873343094699    -7.093388762508     1.991863413541
Au    -1.089015726744     3.350331760904     8.564482186255
Au    -1.904417520373     3.029716741252     5.472837052140
Au    -2.379351523539     2.646851886629     2.667446635221
Au    -3.242983173744     2.018448006569     0.060602025651
Au     8.507123919550     3.142017448076     6.611322768667
Au     7.920185536363     2.760998111530     3.940458814361
Au     7.559500294444     2.288694743533     1.149829496189
Au     6.876710011552     1.691574615622    -1.558142286996
Au    -2.638833015416     0.861172961778     9.260472018141
Au    -3.074265762878     0.387042222021     6.023936626374
Au    -3.910765863578     0.103833398452     3.293443306642
Au    -4.383774809579    -0.587685714263     0.385531289353
Au     5.618959542482     3.883143453468     6.994102757335
Au     5.333058640226     3.662127554079     4.218120225175
Au     4.583237704182     2.876160444111     1.348757850356
Au     4.043801098540     2.865455394841    -1.629845742156
Au    10.745979126915    -1.226711304835     7.293048166667
Au    10.344816485584    -1.462883851854     4.588024221502
Au    10.087701229550    -1.872738364305     1.319313692807
Au     9.642736252201    -2.291041058243    -1.352543199307
Au    -4.688795933168    -1.083658506789    10.227513689986
Au    -4.955920018167    -1.974803605757     6.936734558075
Au    -5.245064859128    -2.282694242028     4.165026202434
Au    -6.036255107349    -2.737493865741     1.339787563760
Au     3.097215883220     5.004774177024     7.338705841141
Au     2.675261640109     4.382913435562     4.565122320290
Au     1.790503677572     4.012598186116     1.785906228807
Au     1.421744943997     3.572715245258    -0.918439321333
Au    -1.772364256056    -5.413301221049    11.523334036476
Au    -1.990007583954    -6.208366845433     8.529648035446
Au    -2.829679896420    -6.829151527404     5.685724975198
Au    -3.190234544443    -7.236652464651     2.911581097435
Au    -3.593377308684    -7.710727945433     0.226979300957
Au     0.016224961367     1.178658940444     9.864993657853
Au    -0.629336201925     0.733443138577     7.210053144408
Au    -1.204811137665     0.465193196238     3.939098955177
Au    -1.681834958035    -0.083593028667     1.421558029981
Au    -2.126490937695    -0.856376334079    -1.259390297095
Au     6.697486768688     2.156296265032     8.850539870445
Au     6.235996284069     1.289026294793     5.884398197176
Au     5.798013238630     0.972763327198     3.081826240234
Au     5.310816130302     0.401064800690     0.170989933357
Au     4.788748673720     0.008607659888    -2.478150606106
Au     9.078728763124    -1.836626596031     9.345159912955
Au     8.936064866122    -2.829732014781     6.643247013125
Au     8.378814925688    -3.146950824455     3.836130017014
Au     8.006782548699    -3.379028915259     0.492196279179
Au     7.590175890087    -3.758740362129    -2.290007843809
Au    -1.979340985976    -1.132384325714    10.837587001861
Au    -2.392517442098    -1.558639921901     8.064629990960
Au    -2.734442266989    -2.151073277949     4.978464596203
Au    -3.127780002531    -2.147415471886     2.242781383595
Au    -3.694156020046    -3.207159199832    -0.356900306159
Au     4.235458198001     3.398618844933     9.315511880018
Au     3.305883678296     2.568952088301     6.479537707573
Au     3.089062224450     1.859022571939     3.436260774129
Au     2.759926069054     1.258492515989     0.455827292216
Au     2.306315732772     0.807001766717    -2.234690024738
Au     7.577580357954    -3.249204243631    11.339324682597
Au     7.408573493063    -3.632405350202     8.562830824985
Au     6.514663105021    -4.425270968848     5.668743558118
Au     6.718895487937    -4.469690048852     2.524235864225
Au     5.829368895068    -5.365714000329    -0.354032774685
Au     5.402412469792    -5.370188203574    -3.353811210853
Au     0.811674867693    -5.310835739807    12.430431632373
Au     0.503838186134    -5.831935938621     9.734619071979
Au     0.040007959591    -6.450864719550     6.640969972923
Au    -0.555881679071    -6.942833918861     4.009712420880
Au    -1.002838104450    -7.426786107690     1.187288640692
Au    -1.596427476922    -7.634815133389    -1.635910965420
Au     0.461630757895    -1.051100422578    11.699890352946
Au     0.352196668097    -1.286938709174     8.816497288490
Au    -0.441857280549    -1.656451032154     5.960966119479
Au    -0.463623212345    -2.373843458522     3.181703073099
Au    -1.239025682131    -2.814944870607     0.516975474200
Au    -1.550012065205    -3.508506874013    -2.466712542071
Au     4.948530149977     0.529089880699    10.979955879543
Au     4.727158867646     0.235432313463     8.200917732088
Au     4.043092462862    -0.097086463175     5.249648763662
Au     3.856965403904    -0.710326428120     2.392914246684
Au     3.360319523969    -1.389561729717    -0.510292124939
Au     2.651889090218    -1.823176769587    -3.233112390350
Au    11.794041451774    -0.539858964401    -0.189870847882
Au    11.979064635088    -0.310036404236     2.590061495183
Au    12.172480472816     0.296641261480     5.361541540042
Au     9.318210995893     2.976090600232    -0.897319198568
Au     9.829880427210     3.812964819475     2.098696214913
Au    10.161666567994     4.262152031074     4.779693531481
Au     6.027458833692     4.373886162752    -0.655753141631
Au     6.935841864704     4.706513602119     2.435644391609
Au     7.729593861789     5.395287913582     5.271450365938
Au     3.456588487344     5.471905028185    -0.779240607228
Au     4.388830862076     5.412005649544     2.171461721785
Au     4.965320901951     6.015046701926     4.920097567512
Au     0.909930554042     6.014294596973     0.204545999849
Au     1.764347956934     6.553868804389     2.957970911250
Au     2.161749851992     6.826534062262     5.565731700708
Au     8.215384881071     5.313697653612     0.439591520706
Au     9.071392179650     6.168975800305     3.108349521317
Au     5.895320694317     6.804792314104     0.595933770785
Au     6.449449369889     7.285242909793     3.210985439978
Au     3.067364496358     7.520795535446     0.862078355579
Au     3.863786219936     7.903618588814     3.712571199252
Au    -3.441408826857     4.526297519591     1.426839576069
Au    -2.750982542962     5.144774562763     4.016541694407
Au    -2.272878773993     5.522281618266     6.807410243764
Au    -5.116848420776     2.353720040777     1.765537316329
Au    -4.613357364620     2.510167047742     4.705904018749
Au    -3.743358047271     2.634343759156     7.564740314781
Au    -6.550201833328    -0.179050908939     2.622892080629
Au    -5.943821579049     0.254672012172     5.148266078248
Au    -5.337384025787     0.463490525937     7.984307745556
Au    -7.929002436290    -2.357505485102     3.368939371824
Au    -7.796680415973    -1.890275540578     6.030168985795
Au    -6.883535715302    -1.541310712585     8.749367247701
Au    -5.484219055478     4.673218543558     3.725975740717
Au    -4.640635368094     4.707888570669     6.189093300622
Au    -7.255119159076     2.608361235709     3.479829453928
Au    -6.513149917628     2.742123364684     6.701671758134
Au    -8.359517394987     0.380004846899     4.477487155462
Au    -7.936517287289     0.546096597008     7.189017210641
Au    -8.000159815635    -6.958889486586     3.655632892193
Au    -7.605896022201    -6.485819233089     6.494520563757
Au    -6.844765764147    -5.907056053662     9.174849337951
