         216
 AuNiAgCu    E (eV) =  -774.007080       T (K) =   550.000000       time (ns) =  0.379999995    
Au   -10.822570757175     1.614822411942    19.365477825261
Au    -8.959106311396    -0.330628308079    18.102173947659
Au    -7.479608027166    -2.289876938964    16.606057783952
Au    -5.698022293395    -4.084814987271    15.250093172719
Au    -4.010394451988    -5.964663281410    13.964965493326
Au    -2.403252633740    -7.638213609761    12.238372740912
Au    -0.507310697151    -9.467648694908    10.609210824209
Au     0.987726843374   -11.341961322054     9.255600036202
Au     0.201049903124     0.711443488852    22.036153148453
Au     1.938117997790    -0.922238254611    20.425047455104
Au     3.725916027340    -2.841518910365    19.116362925440
Au     5.501209336478    -4.815971291629    16.968983575488
Au    -3.377185326222     5.261121766051    11.837942885207
Au    -1.795368570730     3.778741774081    10.353448029987
Au     0.076253796989     1.878008438251     8.944052808481
Au     1.598797841752     0.011193803047     7.117626458197
Au   -12.552290986670    -0.381644951654     8.563520226114
Au   -11.060536450681    -2.311645947032     6.833868432638
Au    -9.156180618884    -3.878426618519     5.471813882409
Au    -7.541327046732    -6.032319870520     3.990144004808
Au   -10.063760590079    -0.781250612153    20.510794242531
Au    -8.304910626534    -2.565741461339    19.224318532717
Au    -6.681537314847    -4.623205808844    17.834601531014
Au    -4.781888232139    -6.438597122516    16.463833456944
Au    -2.907049237580    -8.360406641301    14.831336974583
Au    -1.357875770454    -9.945801193192    13.323328558796
Au     0.457367198156   -11.916663252728    11.762647424551
Au   -11.828580493150    -0.741325632959    18.455437245519
Au   -10.268930433185    -2.731923583764    17.146593531696
Au    -8.624194537716    -4.670701317906    15.893020111478
Au    -6.757757030730    -6.917032578397    14.340118177142
Au    -4.999076308684    -8.321897563315    13.005704478092
Au    -3.395633201671   -10.100777948041    11.503771595920
Au    -1.555626409693   -11.850833277740     9.730593461784
Au   -11.340613516155     0.873240329868    16.604402721413
Au    -9.507929103151    -1.044263805687    15.303610173250
Au    -8.174328163650    -3.227148312039    13.889900426089
Au    -6.568030970347    -4.869406897905    12.572837373075
Au    -4.436638945955    -6.358863528233    10.841012249658
Au    -2.855601341353    -7.994261440840     9.552784908842
Au    -1.415740480942    -9.931772496073     7.795564107327
Au    -9.055067533920     2.287825168384    17.741618209386
Au    -6.937622031881     0.879423830694    16.427709083295
Au    -5.487626096298    -1.347925546594    14.666862531629
Au    -3.786748125456    -3.351985798299    13.162027230107
Au    -2.060398108910    -4.818053480041    11.835847726033
Au    -0.226922792818    -6.333191275699    10.242452843678
Au     1.000269487739    -8.442310798791     8.457487409250
Au    -8.140322629112     1.159385448539    20.493701595177
Au    -6.339174339105    -0.579918628459    18.644013063161
Au    -4.695985266649    -2.486042776039    17.315798956483
Au    -2.936388775868    -4.231354684324    15.853876632793
Au    -1.298864816387    -5.975451692482    14.504520046682
Au     0.316802404829    -7.558018064289    12.636246106190
Au     2.132885238001    -9.481764899701    10.801342484548
Au   -11.465711595017     0.267052741231    13.955742877422
Au   -10.102123742080    -1.583518175877    12.646968729359
Au    -8.362556576640    -3.310803002788    11.058581118304
Au    -6.923917813345    -5.178347811791     9.610867963693
Au    -5.042017838255    -6.702106135125     8.121199810129
Au    -3.626348591211    -8.799824489882     6.850618696655
Au    -7.083835625209     3.676622750042    15.748027122386
Au    -5.269835525621     1.644139663514    14.400644289411
Au    -3.609260820397    -0.340496670546    12.633870867282
Au    -1.998486312050    -1.978038999637    11.265544167359
Au    -0.199411189295    -3.852081708376     9.774581049466
Au     1.255367662489    -5.619528201447     7.822515420314
Au    -5.547191058682     1.078053622114    20.822224060543
Au    -3.905688617751    -0.925756554852    19.227420884104
Au    -1.902112380309    -2.672544771688    18.003476374763
Au     0.153142514191    -4.558986378314    16.431870748929
Au     1.414149364115    -6.159373488622    14.611726346946
Au     2.971538849384    -7.616024340209    12.732705672966
Au   -11.717312000987    -0.039808367654    11.079299174702
Au   -10.237267085566    -1.858629075315     9.596286200561
Au    -8.778913374242    -3.837344108139     8.141900822517
Au    -7.112066120971    -5.443628275360     6.543282382417
Au    -5.687205200400    -7.510465566226     5.506004836927
Au    -4.915811019866     4.276144383425    13.938161309738
Au    -3.487282744231     2.415231435041    12.338380119010
Au    -1.917286404375     0.945523689504    10.827033497633
Au    -0.048153956482    -0.679797801860     9.252688867853
Au     1.310702348867    -2.904833445860     7.415679217138
Au    -2.795404644355     0.495301630822    21.353443214295
Au    -0.879576612382    -1.024084795069    20.329717314872
Au     0.859227486375    -2.797572996434    18.720421399251
Au     2.795184407520    -4.466921750774    16.649326985802
Au     4.338749661060    -6.238867343972    15.223004778492
Au   -12.990921643931    -2.363024818645    10.238350215653
Au   -11.402216322763    -4.660456244503     9.057466429734
Au    -9.818417121583    -6.206116595493     7.220266942645
Au    -8.317800279061    -8.065228909094     5.682679596764
Au    -5.675936197524     3.790042659969    11.123524901228
Au    -4.160053082798     2.184364999821     9.576659460825
Au    -2.436937864972     0.511919631573     7.955426446859
Au    -0.776801796831    -1.391661513543     6.336960251228
Au    -0.954112460323     1.663759731459    19.740029473594
Au     0.946349707693     0.106338416375    18.100877365729
Au     2.617280324738    -1.821492086996    16.691829289304
Au     4.709512922163    -3.627796517964    14.533368197282
Au    -7.790880977097     2.547802065732    10.278473531043
Au    -6.079341453507     0.532518890173     8.736467004991
Au    -4.537229972106    -1.168440222710     7.135159235659
Au    -2.772298407825    -2.861929649725     5.646607542857
Au    -1.710640740423     2.959575886696    17.088115575058
Au    -0.017871202923     1.248356391806    15.339540341012
Au     2.058105717382    -0.420098378521    14.175995543517
Au     3.825022158204    -2.354539784161    12.100617631017
Au    -2.273313943804    -1.685544948826    22.514496809179
Au    -0.474876717404    -3.792532388773    21.081090705312
Au     1.784004780485    -5.206509942964    19.339664980996
Au     3.691879887002    -6.933190142493    17.778576672800
Au   -10.127638419823     1.339802376165     9.252754047606
Au    -8.429125051867    -0.867467104033     7.843218090736
Au    -6.735664579579    -2.438572100716     6.188762302544
Au    -5.238324019427    -4.588002488928     4.843791464097
Au    -2.409593912215     4.184398821758    14.529356306897
Au    -0.741871564302     2.487346080934    12.859236067419
Au     0.768146616327     0.734966482451    11.451246713955
Au     2.624028312585    -1.108239754851     9.378911612590
Au   -12.707273467566    -1.858905701901    12.845565841547
Au   -11.017126895119    -3.872836552565    11.777475950101
Au    -9.331884063868    -5.912466676289    10.486188509091
Au    -7.827517994524    -7.408061921040     8.681321824799
Au    -6.136494050870    -9.222044876958     7.698772526673
Au    -7.328953381197     2.853386746635    13.160061796703
Au    -5.994505123119     1.037308328277    11.483863457709
Au    -4.053164279846    -0.879907552042     9.968169954862
Au    -2.188930106958    -2.278565495732     8.501152529605
Au    -0.734929608872    -4.126458682421     6.617988261528
Au    -3.602105080389     1.758736135798    18.998881507672
Au    -1.859027116800     0.119963793748    17.659744329645
Au     0.041880403236    -1.519686413571    15.922757132331
Au     1.746183768160    -3.340523792825    14.282740389483
Au     3.677546466925    -4.956184643612    12.507351924370
Au    -4.860522208118    -1.196752091673    21.836455947094
Au    -2.950714950618    -3.217732070231    20.632014422985
Au    -1.019756251147    -5.104261731303    18.716037270971
Au     0.760451707447    -7.189467243322    17.392460389095
Au     2.505327703079    -8.308652040909    15.297656024924
Au    -9.788187745539     1.485780093820    12.166649440625
Au    -8.246608223775    -0.449957183084    10.582735225765
Au    -6.640204662760    -2.422613618995     9.097633230413
Au    -4.603559156781    -4.004621066981     7.688456420694
Au    -3.143831891190    -5.575935471299     5.966606067638
Au    -4.238838610349     3.508216403956    16.384574405908
Au    -2.620469506078     1.306649083833    14.788241211237
Au    -0.938780811989    -0.416970850653    13.381474086155
Au     1.036597265399    -1.788714196949    11.823618430172
Au     2.684366687245    -3.903723504715     9.639476944582
Au    -7.443880503487    -1.261665552353    21.402251958237
Au    -5.580818709345    -3.048608660069    19.805936670299
Au    -3.672412989408    -4.934882062024    18.385210112824
Au    -1.920665236796    -6.955477331738    16.946893047888
Au    -0.236921883684    -8.384497257815    15.199378521382
Au     1.288436925897    -9.904565271610    13.447180274858
Au   -12.353762960103    -1.550249010753    15.609839650882
Au   -10.852263083768    -3.504041502023    14.615485004994
Au    -9.359961847231    -5.474377318466    13.259283301958
Au    -7.461421013177    -7.141471342182    11.830868885541
Au    -5.534505539413    -8.868589546163    10.457964349437
Au    -3.974769381946   -10.570075368900     8.864830313666
Au    -8.997626348704     1.577552826941    15.039597305970
Au    -7.707587098282    -0.146394009712    13.304490570330
Au    -5.816352541206    -1.804271033351    11.893670946430
Au    -4.262407906707    -3.625457460417    10.375098658240
Au    -2.470887067228    -5.401470687977     8.823627739037
Au    -1.289794706463    -7.439462815080     7.479104395212
Au    -6.425704911695     2.422889769653    18.231859621088
Au    -4.371469463817     0.356029197123    16.748780669211
Au    -2.847421684566    -1.553268354464    15.263496845031
Au    -0.959147030939    -3.332292917035    14.048879056033
Au     0.843809933209    -4.731104470250    12.251513280425
Au     2.432506204066    -6.459164375672    10.287411214477
Au     4.240961886897    -5.498563718055    19.716475584394
Au     2.089781922894    -3.783183030124    21.431570341156
Au     0.315735503619    -1.796369756192    22.748096928691
Au     5.256891877395    -2.068951176068    17.161883461886
Au     3.945888350083    -0.201396377386    18.661294316076
Au     1.751529391057     1.984938706980    20.042944440110
Au     4.670527635648    -1.015490784457    14.734405036936
Au     2.905614439450     0.884047912470    16.337244027611
Au     0.845017316706     2.877950927063    17.698105338819
Au     3.387536456733     0.141866308237    11.891165333775
Au     1.971128566175     2.314646928392    13.595024798700
Au     0.283058785404     4.212623039050    15.114334975333
Au     2.711807491584     1.515669129566     9.688057945662
Au     1.094798869921     3.442016766434    10.900759713563
Au    -0.415127095184     5.089898673950    12.341035332657
Au     5.468129859269     0.881602693428    16.739237991415
Au     3.619413255072     2.631020740726    18.385235236327
Au     4.406667703456     1.804870415805    14.280916719232
Au     2.840094518950     3.950415071902    16.259817679928
Au     3.857901039135     3.464394559117    12.343055279983
Au     2.496185438687     5.110542276122    13.915988821989
Au    -0.757262802038     1.474176726551     6.296001655399
Au    -2.060324746675     3.591793251218     7.590901099832
Au    -3.932452418275     4.943935758555     9.067794162541
Au    -2.762194241286     0.107755413627     5.131666964060
Au    -4.401603056230     1.894958030717     6.911481899127
Au    -6.242260076786     3.621347312247     8.148368861742
Au    -4.898917055141    -1.611816086257     4.364543548472
Au    -6.383881767036     0.265736344657     5.860593291434
Au    -8.311885183550     1.998702050140     7.519491600093
Au    -7.137599801242    -3.063742444945     3.576931530823
Au    -8.926017362839    -0.983773245745     4.923323967618
Au   -10.539547969836     0.217655523173     6.713185682121
Au    -2.827375006646     2.829786502016     4.955337171258
Au    -4.222485619573     4.627975455602     6.184559295852
Au    -5.030910115551     1.522502372578     4.007835390282
Au    -6.504397789650     3.167353859968     5.472314264199
Au    -7.248350729303    -0.140774998505     3.239770132550
Au    -8.697571514268     1.605482692858     5.052786940069
Au    -9.988769627204    -6.304380955314     4.635664809255
Au   -11.914810446523    -4.893043750066     6.344006906858
Au   -13.335616057589    -3.423611184401     7.733520281972
