         216
 AuNiAgCu    E (eV) =  -776.325317       T (K) =   550.000000       time (ns) =   7.99999982E-02
Au     5.231529649940    -5.103018996187    14.189974223961
Au     4.538383241979    -4.762505917675    11.278967110589
Au     3.556640563587    -4.967152730531     8.669553135660
Au     2.806786111502    -4.099349782921     5.949550060325
Au     1.812899078455    -4.086786241447     3.188343807300
Au     1.021242123449    -3.629407220183     0.503407850118
Au     0.293335028229    -3.008743500005    -2.228538486964
Au    -0.241093418188    -2.526047024314    -5.069145853799
Au    11.301307243179     0.833721116843     6.681550814573
Au    10.581744349613     1.190465860396     3.918411444850
Au     9.700017933751     1.905829911109     1.018596721340
Au     8.597965626213     2.262115514603    -1.505360391496
Au     1.523917986561     4.856228192128    10.560920417950
Au     0.262389221179     5.329998894007     7.908482237696
Au    -0.465067405699     5.583656370964     5.098230919498
Au    -1.425629679735     5.846167122337     2.535264458866
Au    -5.806069835362    -3.627720876037    12.069909472116
Au    -6.640204755619    -3.710372169037     9.019083089762
Au    -7.524724226032    -3.375732933281     6.202193709635
Au    -8.195108726073    -3.479916746316     3.562878661816
Au     6.604568267209    -6.146238806634    12.287578396095
Au     5.552880296421    -6.620789839080     9.382566848262
Au     4.943120053006    -6.111924397661     6.740030047793
Au     3.935749679444    -5.464524990026     3.687201323894
Au     3.170790237030    -5.155601406086     1.099521935130
Au     2.300399995932    -4.939534183916    -1.821513452140
Au     1.351122235071    -4.429784460911    -4.201719181126
Au     4.065232205707    -7.102659815692    12.196773073172
Au     3.015926057781    -7.349803396529     9.746338706299
Au     2.279738986186    -6.726074084209     7.129562834802
Au     1.344562786822    -6.416564903508     4.617569846408
Au     0.481809414375    -6.059750065049     1.618511885447
Au    -0.121915005183    -5.608005381940    -0.975520955704
Au    -1.042162172822    -4.817831951689    -3.676047830372
Au     2.516932723377    -5.054502354499    13.490322638064
Au     1.705115857958    -4.598816975380    10.750873272035
Au     0.876539481879    -4.539571957693     8.185191848197
Au     0.207429304053    -4.141026936319     5.638379800210
Au    -0.855017249445    -3.682534556031     2.765016812641
Au    -1.590178188615    -3.054126215525    -0.164051593111
Au    -2.511218058603    -2.760566930195    -2.888120333520
Au     3.953583838938    -2.891596417063    13.202854236536
Au     3.552919295923    -2.449525545545    10.313693002980
Au     2.426695176398    -1.869720267511     7.759676365557
Au     1.734381221197    -1.562498892859     5.130057458940
Au     0.827944652671    -1.418139293791     2.289645917070
Au    -0.036977571228    -0.953642137480    -0.569445809426
Au    -0.821402754336    -0.656382074901    -2.929767447329
Au     6.607590112226    -3.366850852857    12.462648227423
Au     6.177373689244    -3.146483796092     9.495180124764
Au     5.338461130369    -3.288854646386     6.549123059638
Au     4.218046613705    -2.649417983929     4.089451804607
Au     3.401542290225    -2.403771358164     1.160573242737
Au     2.498007615182    -1.871361239709    -1.479393957237
Au     1.815691706878    -1.398126458160    -4.076114746455
Au    -0.209509681538    -4.948095886862    12.856920808391
Au    -1.416986653743    -4.657965817452    10.153307296768
Au    -2.035583794210    -4.214056672672     7.561202849319
Au    -2.571057662177    -3.945449379542     4.854309329691
Au    -3.452620504334    -3.620773188184     2.090181696943
Au    -4.284999662565    -3.181613840092    -0.657213114895
Au     2.996421239697    -0.613807377834    12.282896325863
Au     2.314508377427     0.318680790187     9.608156636395
Au     1.481429243174     0.798725421237     6.934105972001
Au     0.569446352620     0.876714457962     3.918758397677
Au    -0.291006493926     1.342018339466     1.374146382481
Au    -0.987802917901     1.516162615140    -1.277857489237
Au     8.288199591041    -2.033293771249    10.528580819835
Au     7.642692800721    -1.966747599551     7.543340062626
Au     6.765518787492    -1.547124947549     4.776192047452
Au     5.760372590819    -0.885797427482     2.013158025696
Au     4.890705929992    -0.758938984793    -0.611892492225
Au     4.081060097566    -0.115142920652    -3.328075835076
Au    -3.351374080802    -4.103843864481    12.492755107937
Au    -3.955486524061    -3.950623124760     9.959730820180
Au    -4.701657549209    -3.829081764930     6.912923657056
Au    -5.342883159831    -3.503590328344     4.254427501970
Au    -6.219223627030    -3.220848999737     1.526414802619
Au     2.347621026056     2.311212046432    11.322640896668
Au     1.504021838710     2.936470002003     8.755201143047
Au     0.352608261698     3.102920196434     5.953269894141
Au    -0.258023698301     3.558729723107     3.186011948257
Au    -1.395557646299     3.863952332240     0.634445976215
Au     9.824741944115    -0.585005055574     8.666394309289
Au     9.027942480508    -0.313831771407     5.823794923297
Au     8.130056260517    -0.080687046461     2.769173773141
Au     7.371440262568     0.495742893268     0.167702663349
Au     6.320385901577     0.986644623390    -2.504731507434
Au    -3.869937429520    -6.502726549175    11.283039786613
Au    -4.986744433237    -6.045599193501     8.507267405999
Au    -6.008070415644    -6.108971331541     5.585803389130
Au    -6.601994858239    -5.556779760039     2.850561892497
Au    -0.467576118536     2.998015135290    10.868163080865
Au    -1.432389881186     3.080768776675     8.393268697422
Au    -2.265475147613     3.157246228791     5.297511003287
Au    -3.454449105132     3.656855471132     2.767545646339
Au     8.893887931630     1.816218149573     7.660178700096
Au     8.229182763365     2.229463300959     4.795180370828
Au     7.218806558910     2.507739066067     2.149420256522
Au     6.065190864532     2.943360787258    -0.630134299160
Au    -2.280906177843     0.598284146253    10.790958990230
Au    -3.064848145450     0.837969446588     8.275246272716
Au    -4.199698785360     1.162762088580     5.512357025945
Au    -4.902731871425     1.394058617922     2.764131620808
Au     6.221929345843     2.567224547721     8.506997365740
Au     5.554591552518     3.102015034402     6.027338671593
Au     4.653903052684     3.596845985345     2.939361143126
Au     3.872021610388     4.163908873124     0.228542894471
Au    10.941862418305    -2.119090196087     6.594024417492
Au    10.221010732211    -1.985863183699     3.789620521486
Au     9.019145276061    -1.624155907529     0.804013358319
Au     8.441915566537    -0.474216089527    -2.242243294642
Au    -3.968576759053    -1.655279195398    11.154270644004
Au    -4.948801995968    -1.648574671228     8.422624230265
Au    -5.900980898575    -1.237971190420     5.919711897852
Au    -6.645380750268    -0.867134068803     3.349125429852
Au     3.948072655866     3.897427906434     9.524144339114
Au     2.631681627954     4.104255576812     6.537985225461
Au     1.962595588768     4.579939093460     3.886882145818
Au     1.224146349114     5.046824392166     1.382254345683
Au    -1.230610240264    -6.966178136849    11.479636825415
Au    -2.345958536384    -6.702268831835     8.719225763531
Au    -3.159799553952    -6.435920269676     6.159589510271
Au    -4.188893664599    -6.004654138720     3.625825076214
Au    -4.899988409349    -5.432535101930     0.754800709236
Au     0.120535456926     0.040265789638    11.788236241330
Au    -0.425114879969     0.652515396876     8.913834664778
Au    -1.249554764577     0.764178066883     6.070127021199
Au    -2.115955289308     1.205167101674     3.367413944672
Au    -3.060719889640     1.727164035948     0.722696321931
Au     7.493251899808     0.257197238165     9.592116913800
Au     6.693019078120     0.615889783742     6.730979661155
Au     5.797164324811     0.933218619371     4.106343232693
Au     4.661826111161     1.384609600320     1.294863012169
Au     3.512303375561     1.894448320146    -1.342828206364
Au     9.611377686379    -3.419351312538     8.642231803832
Au     8.673729483265    -3.323044231205     5.278768675239
Au     7.781327843886    -3.036283016959     2.623929574424
Au     7.099654424400    -2.699868843161    -0.231310066730
Au     6.013928448540    -1.803996307663    -2.754359624114
Au    -1.402805071363    -2.135495996304    12.093119351071
Au    -1.902466280640    -1.831178233225     9.089074189184
Au    -3.034916799803    -1.523489705606     6.381049756698
Au    -3.826155284251    -1.157248229407     3.793002356011
Au    -4.337229275274    -1.082754503120     1.178830034675
Au     4.743750457012     1.364825942302    10.448242861645
Au     3.826553468339     1.682954862628     7.800321783368
Au     3.185174627832     1.855626625673     4.620652124461
Au     2.133348624527     2.467584539099     2.059347682834
Au     1.035065562132     2.954487417627    -0.563509408322
Au     7.796271829265    -5.102586197636    10.214430577412
Au     7.450638066472    -4.691946987846     7.271310079485
Au     6.439362563837    -4.782051967287     4.629372988255
Au     5.504580829047    -3.884933686498     1.796711725786
Au     4.602977248679    -3.612450376119    -1.037636792025
Au     3.818999331900    -3.510095895080    -3.503812778053
Au     1.393997911204    -7.149662382660    11.978060042152
Au     0.287742133165    -6.803405163230     9.310591108813
Au    -0.582932171300    -6.547065724771     6.516681123746
Au    -1.228265852176    -6.262071490998     3.852562477680
Au    -2.171116488784    -5.742853847847     1.234990363184
Au    -2.642853671610    -5.388520420366    -1.547987267149
Au     1.384073876695    -2.516097926641    12.565202125243
Au     0.777194981928    -1.926286454617    10.195357239706
Au    -0.243940484340    -1.901283783484     6.974214074742
Au    -1.177110412986    -1.510039765181     4.281723896570
Au    -1.763025392626    -0.940224028272     1.718554973475
Au    -2.820920976348    -0.516908210822    -1.130717997843
Au     5.535658587004    -0.864295455740    11.560718440794
Au     5.019490655496    -0.648738406256     8.589828822866
Au     4.255432161661    -0.603872193134     5.819496210644
Au     3.103226279021    -0.102374526366     2.946214622063
Au     2.188256508163     0.143419431449     0.420215356142
Au     1.424387569812     0.705219842782    -2.497851007727
Au    10.236128465228     0.225024552822    -0.772481414646
Au    11.091725295736    -0.302335397313     1.881489853451
Au    12.260463088529    -0.745783946731     4.713719131866
Au     8.289572227857     4.345931967404     0.305912189330
Au     9.538805322144     3.698058486460     3.044162817007
Au    10.629956856328     3.332564385438     5.821799147840
Au     5.973562170507     5.431616520258     1.406663971921
Au     7.020575696085     4.664042283680     4.091235186349
Au     7.968613057741     4.059825675537     6.629095457055
Au     3.532696112006     6.360285428813     2.409555545675
Au     4.439964475261     5.507912337733     4.983897062142
Au     5.553030133283     5.148194696878     7.553747057575
Au     1.114245129321     7.223199198165     3.307165187404
Au     2.159959669034     6.682811758123     5.820158759200
Au     2.957036478063     6.210721504163     8.300098792200
Au     8.255541080998     6.207040887825     2.208857133268
Au     9.327758209321     5.739422044110     4.868048699612
Au     6.099576045172     7.298945221035     3.477129793582
Au     7.076608126922     6.864708776948     6.026000027013
Au     3.475485878730     8.207955192489     4.095569368790
Au     4.634073096260     7.689861832806     6.418632801067
Au    -3.287695205992     5.819958865342     4.779740745996
Au    -2.297804904676     5.908183172948     7.242545536996
Au    -1.484284277134     5.270084752856    10.015975076212
Au    -5.206443830615     3.627284220961     4.978546132424
Au    -4.013474377229     3.166761558094     7.540894580238
Au    -3.356313594346     3.141150552163    10.524474752422
Au    -6.972990508021     1.532205282319     4.581216975380
Au    -5.860843120348     0.870397979433     7.802648367161
Au    -5.031402243104     0.608028443741    10.558816928201
Au    -8.532845249581    -0.879377852275     5.305993251220
Au    -7.666825516265    -1.389012508006     8.136939498313
Au    -6.877979292872    -1.534250104356    10.767992107160
Au    -5.056169954541     5.598684971840     6.884624392246
Au    -4.143364872652     5.562696551634     9.496860661642
Au    -6.720268483706     3.350084573134     7.067356226423
Au    -5.947565503154     3.056491260694     9.721032635661
Au    -8.392313363509     1.179788885982     6.978642222494
Au    -7.707991402549     1.008518707835     9.584325101117
Au    -8.521209824839    -5.634177370477     5.080409741102
Au    -7.684417088875    -5.852255288415     7.828401784713
Au    -6.416812485731    -5.695963307968    10.675000183723
