         216
 AuNiAgCu    E (eV) =  -773.511414       T (K) =   550.000000       time (ns) =  0.790000021    
Au    -7.290899961513     3.770833151488    10.796303683563
Au    -7.270341869285     1.043507749754    10.377786327677
Au    -7.684254951281    -1.623128578164    10.273105563680
Au    -8.205538732120    -4.357934350271     9.631692630419
Au    -8.168943840755    -7.231817015174     9.370198799659
Au    -8.753837233822   -10.142879666026     9.167851949305
Au    -8.915636824165   -12.849892041026     8.950779257732
Au    -9.403060704015   -15.473550266268     8.489890364599
Au     0.273720643950    -3.366869944204    15.512343237053
Au     0.140675540817    -6.071616740818    15.117204035700
Au    -0.322156536163    -8.881205142836    14.651483671953
Au    -0.552848552177   -11.544166658444    14.298147553701
Au     0.058982358917    -2.078540263706     4.213732012387
Au    -0.209230485625    -4.730053693157     3.526699824765
Au    -0.538898903002    -7.430676804426     3.398604605290
Au    -1.084444865234   -10.726351623824     2.951939196848
Au   -10.459149636224    -0.272415221224     0.881504746686
Au   -11.265834724190    -2.796707335049     0.316484255992
Au   -11.294901877866    -5.478161768729    -0.002002755067
Au   -11.289561572203    -8.343111571796    -0.321350778843
Au    -7.044026849872     1.903609793194    12.827343620527
Au    -7.974961084370    -0.586315679579    12.923473700452
Au    -8.563698204300    -3.437972633260    12.595380798082
Au    -8.845407233050    -6.056392757936    11.878449975225
Au    -9.098779394941    -8.884693653453    11.696326027722
Au    -9.445442671145   -11.439030995873    11.313604016152
Au    -9.844957387442   -14.270174888394    10.810330680479
Au    -9.463270076830     2.620177666594    11.048131139675
Au    -9.815698224280     0.067036609882    10.642644629958
Au   -10.399160676333    -2.714629018729     9.813709610202
Au   -10.869467315686    -5.342999369248     9.826940746949
Au   -10.789317919074    -8.108598889985     8.905466217511
Au   -11.465076552552   -10.618797607828     8.846558771243
Au   -11.461760255611   -13.596096067272     8.749044977502
Au    -7.884610129533     3.084505719370     8.285165596210
Au    -8.402197016229     0.375217885126     7.797777525889
Au    -9.013543932467    -2.856736546535     7.452029493145
Au    -9.306888263263    -5.762598810367     7.335753231661
Au    -9.050612252490    -8.456770037795     6.913681437342
Au    -9.715206986898   -11.164728538773     6.925092029013
Au   -10.113423227437   -14.224669582396     6.293003434996
Au    -5.297119205935     2.432927962535     8.925763561421
Au    -5.413999447032    -0.123304013069     8.540128139404
Au    -5.841209116432    -3.107366332890     8.449612015975
Au    -6.401082956901    -5.944434821079     8.083387425025
Au    -6.508868320774    -8.762373343766     7.579135675461
Au    -6.786199353687   -11.506018180368     7.321678319759
Au    -7.330283905177   -14.427275589420     7.199106116015
Au    -4.936395007593     1.963032582719    11.527133510389
Au    -5.471052596378    -0.773996748020    11.563275027117
Au    -5.951611574685    -3.444986357065    11.102778934814
Au    -6.135557665943    -6.424940007834    10.992567221543
Au    -6.257753650271    -9.122321141256    10.496832253816
Au    -6.700249559404   -11.825942736377    10.208688129032
Au    -7.089824001172   -14.815088820615     9.868363656499
Au    -8.376819361358     2.008325808487     5.385820668112
Au    -9.304225958615    -0.786338718115     5.353825872052
Au    -9.472231270130    -3.657709150691     5.003173226134
Au    -9.921221232120    -6.601528044294     4.713957950690
Au   -10.025558730727    -9.376465981706     4.334387852018
Au   -10.492046626127   -12.171736533060     4.323316859173
Au    -3.100649856098     1.105652194770     7.160748944592
Au    -3.664497186790    -1.655573220823     7.215734922700
Au    -4.077283816966    -4.658821190110     6.929989666082
Au    -4.409299512886    -7.459080529416     6.343449566027
Au    -4.502405750738   -10.445960491374     5.995117428121
Au    -5.197891611471   -13.111403026756     5.800410771654
Au    -3.084307508660     0.526762001174    12.910717618400
Au    -3.677152019641    -2.485980899506    12.981899631569
Au    -4.250784372433    -5.064522172924    12.731535896831
Au    -4.237165230299    -8.220107753220    12.227644845489
Au    -4.671178160440   -10.948199986701    11.901946563280
Au    -4.926954140347   -13.728170673904    11.291359319389
Au    -9.540741705926     1.151230833732     3.198339221163
Au   -10.026099989139    -1.899061870012     2.862876728368
Au   -10.335942380667    -4.883584446680     2.704710049097
Au   -10.958728030572    -7.430750168881     2.348871006072
Au   -11.073701043485    -9.985928247556     1.853584189241
Au    -1.794193408353    -0.626413352437     5.662381197897
Au    -1.885388217714    -3.384424309725     5.650902034381
Au    -2.315408656952    -6.096428056487     5.150848905151
Au    -2.622918197862    -8.804850020667     4.500888992326
Au    -3.022168422559   -11.792761532197     4.271031753275
Au    -1.354065679306    -1.612822948941    14.117450884169
Au    -1.886731580528    -4.115578329384    14.224578135402
Au    -2.116661169456    -6.725440574928    13.741861718110
Au    -2.207148463749    -9.758852133783    13.129349156082
Au    -2.654984869327   -12.712276039394    12.877785853042
Au   -12.164733466245    -0.108856269800     3.595605691348
Au   -12.563254902090    -2.909353645284     2.779527959040
Au   -13.335128449489    -5.738715874469     2.492417924453
Au   -13.328704751938    -8.634830290185     1.910351506921
Au    -2.504226610100    -1.320896189947     3.242767780687
Au    -3.050059083264    -4.018825520690     3.012308669870
Au    -3.282289182792    -6.994396788922     2.461516478328
Au    -3.729312060459   -10.204038402251     2.261582105454
Au     0.893189206570    -2.485162557435    12.638622227445
Au     0.365039376981    -5.812807791399    12.452711957897
Au    -0.284821469139    -8.607911110003    11.836464003198
Au    -0.586526413694   -11.544453615421    11.582841326860
Au    -5.186059699923    -1.085075760211     2.255747121868
Au    -5.584014382553    -3.824854314292     1.973988017232
Au    -6.055266782783    -6.714853293158     1.615843717732
Au    -6.296964954576    -9.729653039466     1.426745580972
Au     0.426111184746    -2.446304689124     9.840426485540
Au     0.251238020957    -5.400686791466     8.968611336484
Au    -0.428273823052    -8.492076550585     8.935622310541
Au    -0.595397870884   -11.321262144757     8.655197223279
Au    -2.037486574900    -3.049254768826    16.677133200364
Au    -2.773761816926    -5.700176147751    16.434114666040
Au    -3.168010924050    -8.705827535463    16.007091705837
Au    -3.285602104973   -11.326230611636    15.248597411161
Au    -7.793888494656    -0.767526460997     1.645207580876
Au    -8.330460224121    -3.443609268450     1.090824333034
Au    -8.797298472812    -6.087452197172     0.745538242836
Au    -8.623152572961    -9.168153366130     0.285658937979
Au     0.518187011760    -2.148851290577     6.864839352711
Au     0.236505571037    -5.090156604950     6.148086389579
Au    -0.371305937161    -7.922879081962     6.231769568750
Au    -0.725972416057   -10.644898354541     5.925593364167
Au   -10.921551565341     0.942263952550     6.051102558110
Au   -11.943603754747    -2.059550689049     5.397498802497
Au   -12.265035418638    -4.668713811856     4.816478325850
Au   -12.659502527144    -7.652537234815     4.436035889305
Au   -12.466819598935   -10.540138385920     3.920552197134
Au    -4.093313979939     0.459604491540     4.587914404551
Au    -4.607277544643    -2.595026739218     4.650040214428
Au    -5.005913748669    -5.468587615803     4.002258763106
Au    -5.385398005517    -8.256027880417     3.952071581051
Au    -5.888282810004   -11.611187901702     3.516616178037
Au    -1.386035195921    -0.894285954744    11.307409564614
Au    -1.766696916105    -3.716408708374    11.497446529531
Au    -1.857407450670    -6.631652482707    10.974768805928
Au    -2.366440729023    -9.825657640426    10.423812694657
Au    -2.897945006371   -12.307539428200    10.162733067402
Au    -3.672975123426    -1.276968511337    15.433943761130
Au    -4.509071032051    -3.797365029006    15.409900899878
Au    -4.831628344158    -6.935372952978    14.945501841935
Au    -5.319751190306    -9.675473745952    14.317855078796
Au    -5.271643270492   -12.591741896787    14.059007384653
Au    -7.094368574299     0.458017654097     3.992418966865
Au    -7.371633793463    -2.536278630614     3.716964282237
Au    -7.886284379563    -5.296221945012     3.423700327978
Au    -8.063153830038    -8.022211780600     3.046876358834
Au    -8.462582808327   -10.614196985748     2.678749968076
Au    -1.362786492652    -0.592437329980     8.353866717669
Au    -1.532786190133    -3.492424716315     8.655366911421
Au    -2.064780639457    -6.300250265221     7.919079497579
Au    -2.636745414821    -9.129379747096     7.521342932712
Au    -2.732206604336   -12.141476735776     7.182560046278
Au    -5.561714682912     0.089547489895    14.011765437497
Au    -6.366638797687    -2.520326408081    13.864710981151
Au    -6.723379031462    -5.244670327223    13.584129509040
Au    -7.157331763726    -7.859948148238    13.103764239852
Au    -7.140199313133   -10.865515464633    12.853495011323
Au    -7.517477476651   -13.549520268387    12.400119940533
Au   -10.427520298041     1.939107747398     8.612824551875
Au   -10.811806858099    -0.952218056608     7.999576586307
Au   -11.450322045619    -3.947507506798     7.504495203243
Au   -11.881661759795    -6.449838334917     6.966999539960
Au   -11.769224414097    -9.167611917565     6.457245967268
Au   -12.174545117981   -12.076517702668     6.445934133607
Au    -5.971678511449     1.177248301309     6.407948379214
Au    -6.726866792590    -1.440276738986     6.164884875972
Au    -6.421601142733    -4.081773633546     5.846334061164
Au    -7.004678198319    -6.982342486471     5.603294805660
Au    -7.214369202993    -9.934047878668     5.018638524564
Au    -8.019659691070   -12.685711432541     5.230564784334
Au    -3.191054337746     0.491323122397     9.994326010054
Au    -3.513634830318    -2.096500302501    10.013430106916
Au    -3.851095710005    -4.912512855149     9.869245317038
Au    -4.111318082556    -7.501489281391     9.224507280897
Au    -4.626764494368   -10.587267009199     8.785468917254
Au    -4.976746420566   -13.526907745343     8.502376190951
Au    -0.671084325263   -10.096655240418    16.903860471169
Au    -0.977414619216    -7.602618721326    17.258310099029
Au    -0.446601259047    -4.994333980575    17.642856239341
Au     1.529609565430   -10.180994652837    12.818462291373
Au     2.071730257120    -7.578309165252    13.544861354997
Au     2.278906217779    -4.453260606975    13.737682945267
Au     1.491167263931   -10.208583220785     9.975975094210
Au     1.883064252563    -7.336249019458    10.463692765362
Au     2.195183692240    -4.344193275840    11.032189723326
Au     1.513282406137   -10.073694789342     7.237282652467
Au     1.814270203548    -7.145182426492     7.562907679773
Au     2.300418372480    -3.657008170396     8.322729537483
Au     1.024468077487    -9.499470912616     4.368548643135
Au     1.957985705455    -6.552498689562     4.449880126405
Au     2.173529326030    -3.733190199118     5.084956873345
Au     3.644864984750    -8.953967300318    11.634105645796
Au     3.887173856409    -6.509373270510    11.971864477365
Au     3.620202831971    -8.786325454923     8.512993928426
Au     3.712206678880    -6.023381267762     9.075374312955
Au     2.985360081149    -8.597690846087     5.718561129010
Au     3.745663190848    -5.206505246075     6.435776506593
Au    -1.799453736162    -9.093487899098     1.121589631914
Au    -1.249220815201    -6.213929406589     0.974058341008
Au    -1.015705676608    -3.132086169557     1.551781956849
Au    -4.442896337163    -8.328004136701     0.311176319680
Au    -3.674751315302    -5.107585806590     0.366815162492
Au    -3.439808801829    -2.336123883837     0.757815534476
Au    -6.752653883434    -7.825704875054    -0.821741708958
Au    -6.613650984034    -4.725622841741    -0.417442760326
Au    -6.229754440577    -2.053907071736    -0.197432168496
Au    -9.562240820778    -6.813734160736    -1.851668410504
Au    -9.290392948441    -4.242286893202    -1.650876798508
Au    -8.766253714542    -1.544226509150    -0.999386880927
Au    -2.179070947679    -6.807137232511    -1.453308917000
Au    -1.669345666306    -4.216548250442    -1.059497373740
Au    -4.710866270175    -5.809481731404    -2.022401829066
Au    -4.085530070972    -3.155574739814    -1.646368278474
Au    -7.606139383680    -5.784431879623    -3.000577941212
Au    -6.522725416591    -3.374555784613    -2.865055750804
Au   -13.501541970189    -6.863537354298    -0.053815663479
Au   -13.457881833189    -3.958827947089     0.321326859273
Au   -13.206059285701    -0.996866653176     1.074548943443
