         216
 AuNiAgCu    E (eV) =  -771.478760       T (K) =   550.000000       time (ns) =   1.15999997    
Au   -10.906139883460    -9.006157299009    22.988722961121
Au    -8.764051919716    -9.558603649129    21.422232530814
Au    -6.990156840686   -10.707329319231    19.560355374897
Au    -4.931136961655   -11.195629285621    18.043526218324
Au    -2.288814143217   -12.141575021767    16.332270151130
Au    -0.157480117163   -12.906556472013    14.786184030841
Au     2.316466101392   -13.670596411241    13.208283005697
Au     4.337497332479   -14.674097354452    11.810301173485
Au    -0.374119768452    -9.737157887725    27.192893625084
Au     1.824700876334   -10.372661435582    25.775843529896
Au     3.869406005550   -11.170918518439    24.095212296423
Au     5.715299292574   -12.135373484532    22.322622693516
Au    -3.405681313953    -1.287346174293    19.257642924157
Au    -1.084630946399    -1.744441263069    18.065866558054
Au     0.900973221304    -2.775771832390    16.179358704114
Au     2.915455453569    -3.778155071625    14.725636177709
Au   -10.905065157286    -6.083706834862    12.367411181329
Au    -7.491870624107    -2.160214389518    10.418711718911
Au    -6.935969961237    -4.660667688927     9.298191466636
Au    -4.118037705933    -8.049825732658     7.365284679532
Au    -9.602345306931   -11.260628555382    23.156295101669
Au    -7.634312321919   -12.242796116606    21.592744027973
Au    -5.703751157873   -13.242108054311    20.078063364434
Au    -3.520028114063   -13.697559225480    18.551095315174
Au    -1.080054671191   -14.771171093603    16.861700246602
Au     0.792053442049   -15.658529482078    15.168459903943
Au     2.540459239085   -16.454023276608    13.557603460745
Au   -11.532702146732   -10.706830900828    21.193333429894
Au    -9.788287117562   -11.509781750579    19.395001187845
Au    -7.301039204854   -12.651399819373    17.583507362776
Au    -5.035007400675   -13.502938270432    16.410074434025
Au    -2.454983789608   -14.262027502006    14.554183880369
Au    -0.348390050972   -15.018535994967    12.835273017372
Au     2.007777692550   -15.584971225626    11.257978965400
Au   -10.875760911222    -7.950281660256    20.504643624712
Au    -8.926821847441    -8.969398781929    18.590479856202
Au    -6.765288637188    -9.776447210042    16.903113739143
Au    -4.458121036789   -10.686766477989    14.927669484151
Au    -2.032492084256   -11.488440816632    13.592356669088
Au     0.094785418530   -12.462502051907    11.903517128186
Au     2.737017789019   -13.044245385017    10.470753066202
Au    -8.989161168716    -6.929337035228    22.384852957060
Au    -7.147978615178    -7.610723629848    20.676954177248
Au    -4.714958958695    -8.790695009718    19.297007985697
Au    -2.593653961220    -9.164281487156    17.200058223269
Au    -0.420855503564   -10.222204854265    15.535506574657
Au     1.961483680900   -11.041627790705    13.739560833840
Au     4.279883391535   -11.791764452903    12.391151174551
Au    -8.389711494313    -8.901212377122    24.096466382302
Au    -5.971132682688    -9.895742405814    22.341461271933
Au    -4.328218614808   -11.128161877366    20.638782664104
Au    -2.458843597629   -11.369850315982    18.840087401272
Au     0.270274793834   -12.540002186849    17.520124800523
Au     2.461435601518   -13.089633780859    15.871521359279
Au     5.056647633489   -13.782436278716    14.297632263230
Au   -10.939571540926    -7.190614898340    17.807651383626
Au    -8.958407410753    -8.328262634937    15.892603735661
Au    -6.731373677204    -9.451361507874    14.014009647586
Au    -4.531584653989    -9.851828591426    12.380442888218
Au    -2.250260192014   -10.823235059098    11.054038400146
Au     0.312386335170   -11.447750064620     9.419355065428
Au    -6.963779408250    -5.049411998730    21.280456632604
Au    -4.967083150818    -5.914773638980    19.893425890208
Au    -2.815102036095    -6.704998472128    18.215021957098
Au    -0.682036644710    -7.515150329427    16.349972885767
Au     1.450163346964    -8.471445911291    14.661574630777
Au     3.817670858760    -9.208975562229    13.420957691155
Au    -5.630691241854    -9.419059944983    24.884772825851
Au    -3.489443431375   -10.073163042570    23.381921371469
Au    -1.585804334724   -10.862762228784    21.501110005374
Au     0.512652358764   -11.652541312120    20.147556672660
Au     2.804110645840   -12.420429614935    18.457786051117
Au     5.090949421399   -13.220743727652    16.970460315530
Au   -10.891079493618    -6.396036747551    14.899576852579
Au    -8.921041639598    -7.523162593389    13.490274530544
Au    -6.888660608584    -8.283293266828    11.563143195388
Au    -4.669086397954    -9.073561289386    10.019707289476
Au    -1.873053856339    -9.610847517872     8.577606385012
Au    -5.317530003379    -2.879738054988    20.309036570865
Au    -3.176014686220    -4.149422646485    18.849677088506
Au    -1.098498634778    -4.649349477584    17.005772838797
Au     1.039709360228    -5.389126464035    15.532123547189
Au     3.425625308160    -6.616786624294    14.047176234377
Au    -3.378461436227    -9.467206616475    26.085924255476
Au    -0.962747311209   -10.149903959369    24.618108069986
Au     1.386597239328   -11.020851227173    22.810588238967
Au     3.454620806398   -11.491741970228    21.250696721633
Au     5.455332071792   -12.428525423573    19.600458854091
Au   -11.429545322804    -8.654056306951    13.250083582795
Au    -9.755079337692    -9.199913055729    11.235157197616
Au    -7.178074326695   -10.244877885032     9.618564417704
Au    -4.395932417402   -10.695470979763     8.187812557236
Au    -5.165696609536    -2.633428064374    17.575576194305
Au    -2.929313537219    -3.280276079816    15.876325393964
Au    -0.776155882456    -3.909630467319    14.199771127287
Au     1.432454320952    -5.101171273798    12.642094388476
Au    -1.455847778175    -7.285455140706    25.480209107291
Au     0.862061737792    -8.258695585460    23.848828187504
Au     3.298953657990    -8.721000216063    22.047160847617
Au     5.566336486062    -9.846751768785    20.454204430472
Au    -6.787637103969    -3.477361243663    15.791448585781
Au    -4.976268997399    -4.381089013352    14.056026815048
Au    -2.190714620835    -5.225829171524    12.234949401678
Au    -0.222705392429    -5.950326900867    10.435244491118
Au    -1.816014089264    -5.384897538546    23.753828113679
Au     0.423340515312    -5.788992059388    22.063605101351
Au     2.566403262732    -6.576245006411    20.255570772269
Au     4.581161053982    -7.447359102460    18.409398648208
Au    -2.002584225690   -12.008098469636    26.354393011477
Au     0.124962640010   -12.740724992955    24.785959525889
Au     2.085628240192   -13.583802126040    23.050943752985
Au     4.538214958978   -14.336573467852    21.243169853651
Au    -8.827265378302    -4.810826579296    13.945346224290
Au    -6.750853733345    -5.743521431895    12.124477048968
Au    -4.597050017720    -5.985208230441    10.277798139119
Au    -2.370899294635    -6.983267127945     8.859094197302
Au    -2.788948675270    -3.306261760163    21.491656911214
Au    -0.616238989955    -4.305908823159    19.794382465621
Au     1.643669871489    -4.937412724260    18.216205619152
Au     3.934364531104    -5.244909510706    16.543116844223
Au   -11.340460505672    -9.094381859172    15.847027236926
Au    -9.291324813518   -10.297477771939    13.690194779755
Au    -6.871786789504   -11.471899824423    12.040097005908
Au    -4.723029966641   -11.839468861865    10.630691835971
Au    -2.342567308158   -12.764160978933     9.058306610338
Au    -7.018967398357    -4.322241424165    18.742076829557
Au    -4.782369445611    -5.299068116115    16.849993433305
Au    -2.669836264515    -5.978008114249    15.041223099293
Au    -0.398161743056    -7.024373812405    13.400832354208
Au     1.947082064441    -7.830339605685    11.839343666748
Au    -3.955183910449    -7.186460529662    24.458934596822
Au    -1.611995224998    -7.949183362376    22.726444626434
Au     0.469684921070    -9.038274991368    21.166669083995
Au     2.793208466720    -9.367949938475    19.260731920035
Au     4.662690114336   -10.517475206285    17.723090805839
Au    -4.681959008295   -11.686579471116    25.267989355977
Au    -2.634845458990   -12.534851613883    23.815845829894
Au    -0.721334031106   -13.408016912137    22.217397513862
Au     1.821338097033   -14.320477976425    20.474980558668
Au     4.077303419506   -15.100772603511    18.719498747009
Au    -9.022097301546    -5.635975292341    16.810240056220
Au    -6.616730976852    -6.672868544186    14.636625848820
Au    -4.323334131164    -7.173402371836    13.034445007938
Au    -2.096251361485    -7.837152039931    11.476081931257
Au     0.099588659996    -8.633215450451     9.820507566414
Au    -4.548747636716    -5.128631788445    22.496239288025
Au    -2.461679845038    -5.902863931173    20.991561882168
Au     0.028334362235    -6.927247029116    19.303335269333
Au     1.931918482056    -7.609942423718    17.338711259478
Au     4.087008177580    -8.233725658088    15.870963480628
Au    -7.289894710106   -11.386351171672    24.333721026335
Au    -5.205045848081   -12.519842006485    22.871110566034
Au    -3.155548537201   -13.341623901690    21.245047749243
Au    -0.891376355910   -14.116797912492    19.653720899776
Au     1.502541676319   -14.797732272797    17.856197136619
Au     3.425787274483   -15.420398834806    15.761728908432
Au   -11.500858452689    -9.839474426708    18.523252276297
Au    -9.299292654447   -10.977055448421    16.376191882159
Au    -6.907119672952   -12.031708449987    14.636832336911
Au    -4.637646656240   -12.937195071134    13.544434739840
Au    -2.292116162995   -13.782297201496    11.505485723268
Au    -0.204526714504   -14.059580769502     9.790156646872
Au    -8.890381840482    -6.160806673091    19.549371069744
Au    -6.865826225623    -7.280951005690    17.795634362946
Au    -4.920731117089    -7.889587818014    16.064018729346
Au    -2.370041774039    -8.865328855959    14.271432075101
Au     0.022021274716    -9.755464063204    12.421121347389
Au     2.355389742649   -10.438783621292    11.129796830199
Au    -6.322568874258    -7.052747486818    23.534800800693
Au    -4.249935158265    -7.887373259409    21.735040611601
Au    -1.947383399954    -8.651133180383    19.795499146074
Au     0.181787925580    -9.749178964621    18.213434054042
Au     2.132877085217   -10.478560354276    16.509079081232
Au     4.588085111034   -11.178723601734    15.022372309675
Au     4.385661969029   -14.280383824067    23.930323634765
Au     2.900081189614   -12.848281219113    25.808270849293
Au     0.510435764206   -12.255908307157    27.284726990366
Au     5.825377184428    -9.496834747087    23.151300405520
Au     3.555227419304    -8.367658791477    24.868618760747
Au     1.141810298870    -7.611354599599    26.347634137489
Au     5.453970313687    -7.052337795425    21.376002497130
Au     3.029055654803    -6.234325135122    23.356509923041
Au     1.026825942136    -5.445882187636    24.810679138830
Au     4.610145238414    -4.848559634709    19.495867715950
Au     2.226554471661    -4.135244697738    20.810924991766
Au    -0.208191190159    -3.157421321215    22.606946085145
Au     3.279147457181    -2.754845133685    17.500841604228
Au     1.287012553865    -2.182875833230    19.388172959010
Au    -0.923111363942    -1.384218695264    20.646173160137
Au     5.708316983926    -7.004723797980    23.980566122274
Au     4.472266384140    -4.646812320848    24.805848380325
Au     4.987445481413    -4.595254308196    22.331295486241
Au     2.854808991381    -3.317952840862    23.168977066361
Au     4.094183699119    -2.213576342579    19.992442105306
Au     1.895689351076    -1.384925907904    21.817689826300
Au     1.047220296653    -2.056256966276    13.684104002188
Au    -1.167650540295    -1.068471260753    15.198852025454
Au    -3.345383237348    -0.540815076123    16.752853589930
Au    -0.596844255263    -3.164555325090    11.330599482190
Au    -3.043083744047    -2.442933362871    13.053319075288
Au    -5.146161071133    -1.744190086295    14.748736955707
Au    -2.023374741605    -4.259694357532     9.458038563830
Au    -4.665690131726    -3.617239925397    11.298242862685
Au    -6.927277640503    -2.979814188212    12.846528856771
Au    -5.096183165038    -5.519656170557     7.675245866369
Au    -4.580204494396    -3.193502112092     8.517794942183
Au    -9.182335629311    -4.319467752983    11.591288661332
Au    -1.053690117568    -0.782740385252    12.377928831612
Au    -3.172114491171     0.110169952523    13.840351772417
Au    -3.350503315828     0.475241587713    11.339351167868
Au    -5.489010248539    -0.875519775854    12.181287948288
Au    -2.884368087480    -1.838944914421    10.095106551189
Au    -5.112021778416    -0.631952172109     9.537258519431
Au    -6.815601586715    -7.388639806052     8.959936467209
Au    -9.102677761396    -8.504844902706     8.580941897455
Au    -9.049262342168    -6.696830919181    10.580643396389
