         216
 AuNiAgCu    E (eV) =  -774.409241       T (K) =   550.000000       time (ns) =   1.63999999    
Au     0.294559759118   -18.199859601545    20.252991213584
Au     1.826327483547   -15.184764784796    21.696382875856
Au     3.672433499662   -13.253929128147    20.704595920957
Au     5.657980496013   -11.641144529834    19.670547225598
Au     7.198276807931    -9.586515451053    18.561839214253
Au     9.060922873435    -7.719865575376    17.210842214823
Au    10.906320174839    -5.548522471372    16.248933365416
Au    10.761886985823    -3.959107652519    14.161833139498
Au     6.568151512654   -10.261322372318    29.903724596510
Au     8.420208529046    -8.267716499983    29.095364041996
Au     9.967557682733    -6.432920160288    27.725773477017
Au    11.705560549547    -4.721513302167    26.618737439771
Au    -2.304561996885    -6.032606479765    23.614069653225
Au    -0.377260069670    -3.806732003988    22.652632765467
Au     1.375618523969    -1.873916282453    21.359031880262
Au     3.068235566632    -0.055985692985    20.657466880029
Au    -2.604754566074   -11.226589558664    13.138871235677
Au    -4.094151289781    -5.830628931496    13.742480156081
Au    -1.891211203583    -6.333281527902    12.453587874417
Au     2.401796723127    -5.849233369280    10.144545522252
Au     0.050347691903   -17.037719462076    22.859717678167
Au     4.185871908272   -15.975862891952    20.533043004672
Au     6.021570817622   -14.177182913815    19.437979967920
Au     7.952796677108   -12.378910629917    18.284421369026
Au     9.708712176778   -10.436759166778    17.146063413410
Au    12.789841434675    -6.931900305962    17.856772194195
Au    13.233010884725    -4.689680410632    16.097775343833
Au     2.532384096107   -17.730599846549    21.696416063239
Au     1.906089675862   -16.664768712772    19.058876594716
Au     3.616870138611   -14.661035537132    17.859115838572
Au     5.392711883649   -12.806264288665    17.104955610122
Au     7.212573978726   -10.954801871867    15.951324943474
Au     9.110444345781    -8.965969495264    14.793179492150
Au    13.154579909358    -6.807504077656    14.465300519180
Au    -0.578357722179   -15.770837956289    20.491615595695
Au     1.167335257445   -13.771238323301    19.310001600616
Au     3.172884433690   -11.928260726918    18.280622709000
Au     4.911781598557    -9.959445086062    16.966198364415
Au     6.657885075715    -8.152142193118    16.096678220649
Au     8.492268517401    -6.180488940178    15.070759910803
Au    10.678077125909    -7.062433499408    13.663397649528
Au    -0.582089328622   -14.467774702198    23.060380022014
Au     1.129909956923   -12.559043647036    22.130300954601
Au     3.205848555297   -10.384536403147    21.137033882508
Au     4.961983073750    -8.590704932958    20.081516248811
Au     6.581544076253    -6.841829170563    18.728590512080
Au     8.445013975952    -4.909491020827    17.595255030346
Au     9.906865066999    -1.329068916186    15.230529464029
Au     1.485371021649   -15.441656896535    24.549437398496
Au     3.430550640900   -13.553657831358    23.476677685629
Au     5.221116459147   -11.551984364914    22.758891125168
Au     7.156688245038   -10.019321216598    21.409893558317
Au     8.966727748863    -7.914674470565    20.198466832361
Au    10.725282395703    -5.706753151984    19.139333973409
Au    11.036364266444    -2.977807765967    16.821794452428
Au    -1.560417279871   -14.030306193427    18.155972642010
Au     0.431977924164   -12.204750311685    17.020008132927
Au     2.242528189134   -10.269323255985    16.277274561922
Au     4.074620880076    -8.671363397756    14.801639158121
Au     5.875345234260    -6.766617661331    13.817946871463
Au     8.334833704768    -4.707850222046    12.761052982890
Au    -1.271602320212   -11.682892332898    23.406188711073
Au     0.611407056185    -9.751715833932    22.336004325437
Au     2.242867749549    -7.806034196619    21.145889732901
Au     3.930932410645    -5.808028089813    20.306980232533
Au     5.838549710745    -3.924349408616    18.814887492850
Au     8.313573150704    -2.046165142209    17.358198326547
Au     2.819420925624   -13.776087156232    26.285176956079
Au     4.918671190124   -11.932969598898    25.536661957320
Au     7.081179990368   -10.018684373037    24.273040334948
Au     8.409405444189    -8.119080540908    22.910103364166
Au    10.468793699671    -6.499089582332    21.918362948768
Au    12.498091096800    -4.638815058390    21.123078809722
Au    -2.436754730773   -12.623991821705    16.076492980855
Au    -0.531194979516   -10.894347296960    14.655905494699
Au     1.547157470426    -9.020555221018    13.506750345928
Au     3.056779535502    -7.099896540354    12.539007113093
Au     5.380445598628    -5.492057981066    11.376822687046
Au    -1.659126183587    -8.861147234533    23.556201564573
Au    -0.226090271733    -6.831437667142    22.242233963664
Au     1.661601200042    -4.686020017765    21.254706858567
Au     3.560548733027    -2.725140504665    19.828796789276
Au     5.588005741472    -1.131157976976    18.756399315676
Au     4.610044645451   -11.817739607189    28.389571962208
Au     6.668445218893   -10.196492985339    27.349963761578
Au     8.603926456580    -8.327115923624    26.274455797896
Au    10.078398175361    -6.230826804364    24.687559722260
Au    12.149524834355    -4.623238323135    23.863285238055
Au    -2.096154908706   -13.757273570760    13.669271155546
Au    -0.424769853260   -12.078383985041    12.272762488005
Au     0.778644531338   -10.110594726900    11.008326947032
Au     5.531762088253    -8.059065523233    11.454353938477
Au    -2.645666219940    -7.629418190522    21.279213862275
Au    -0.599342414642    -5.074708924383    20.175651021631
Au     0.841482693973    -3.316585154983    18.868198043644
Au     3.538191904906    -1.686705423822    17.142678144727
Au     4.313079380193    -9.348261133047    28.345690121889
Au     6.110030118235    -7.411615691365    26.966476914540
Au     7.833352795160    -5.604169666484    25.948330723584
Au     9.858162991736    -3.389114894651    24.711693229040
Au    -2.624816211631    -8.793921880589    18.723632210323
Au    -0.913695928858    -6.671082354248    17.368351924362
Au     0.857464862963    -4.682883967508    16.222375243735
Au     3.316178949099    -3.365215801498    15.158963916889
Au     1.834214970882    -8.260208371809    26.991924483235
Au     3.615359281532    -6.697214359182    25.828970547743
Au     5.379404377087    -4.383188434183    24.336237069907
Au     7.645384022097    -2.423497328622    23.142707690798
Au     7.101921630660   -13.159960024488    26.720499715435
Au     9.061895261366   -10.816744740838    25.905587914900
Au    10.722382908615    -9.107729744213    24.388671007947
Au    12.446386828668    -7.112020716829    23.540716158186
Au    -2.984802063738    -9.957592645095    15.841936866120
Au    -1.087501632435    -8.050980259436    14.800837634007
Au     0.636577670668    -6.236743985860    13.645882704873
Au     3.025188250698    -4.395660378589    12.271430541723
Au    -0.065876231353    -7.251041487420    25.183651758747
Au     1.821748914224    -5.468707770970    24.050320733646
Au     3.574950618491    -3.255826469209    22.651091754790
Au     5.308538912008    -1.254474371651    21.617936423992
Au    -1.481869383464   -15.354544593590    15.889804774076
Au     0.323072888234   -13.440409611728    14.689475720434
Au     2.108511448794   -11.744944818430    13.341519547006
Au     4.067916163655   -10.086661927184    12.157779689907
Au     8.052186713849    -7.423593476549    12.624286279220
Au    -1.476126236922   -10.336262288566    21.005070896288
Au    -0.132849976544    -8.149327789871    19.622432030693
Au     1.528391805629    -6.057572642105    18.576323532499
Au     3.474537913792    -4.390227547329    17.639966457644
Au     5.976549066678    -2.346895606916    16.276919688273
Au     2.600222093643   -11.207796260493    26.933793584955
Au     4.328773994988    -9.327158903437    25.543601439732
Au     6.289405715056    -7.188553930527    24.347654946856
Au     8.026175145908    -5.146976734966    23.302883562461
Au    10.136266957636    -3.604089665392    22.004820358417
Au     5.328041730508   -14.560086605482    25.543145483077
Au     7.230685827679   -12.816669532101    24.083772355807
Au     9.206388975075   -10.977395550329    22.971737021735
Au    10.767298545495    -9.224334116331    21.711325662919
Au    12.658275652163    -7.155757555323    20.401078040771
Au    -1.670750395174   -11.268324221790    18.509794277324
Au    -0.258895317043    -9.474772370204    17.206543577137
Au     1.508655397934    -7.672428665569    16.226810989541
Au     3.413634573846    -6.050100527985    14.909817008800
Au     5.662693569868    -4.009666715396    14.114461781701
Au     0.238950277924   -10.026103888927    25.068643272781
Au     2.213694293247    -8.290879791377    23.930886883710
Au     4.095739906397    -6.273649412774    22.815244053230
Au     5.787093323850    -4.187413574565    21.549012114853
Au     7.758628390583    -2.421561367245    20.261020842436
Au     3.735375556238   -16.145265583271    23.432307576297
Au     5.899270636981   -14.143177522055    22.214824602982
Au     7.747372331930   -12.533384384979    21.217660399146
Au     9.600156348369   -10.833542281278    19.899050424169
Au    11.177407398349    -8.711244436860    18.886413895567
Au    12.977743527766    -4.273696013470    18.496879953306
Au    -0.765134966830   -16.774688790433    18.203498975508
Au     1.110420117669   -14.996649732626    16.926973349840
Au     2.768612662712   -13.181034548631    15.749414565420
Au     4.443863728377   -11.612096768872    14.519059590669
Au     6.386377548411    -9.591359809343    13.784241536421
Au    11.468368136104    -8.456229143423    16.074227722250
Au    -1.132428467845   -13.037322549447    20.658465937211
Au     0.796475138170   -10.999667520081    19.622257151743
Au     2.352259244067    -9.034425632228    18.767077229625
Au     4.108487697366    -7.129110743375    17.484804261966
Au     5.957799504217    -5.350156673054    16.432751132119
Au     8.199734041664    -3.292481904027    15.127423686862
Au     0.827209918093   -12.805064435012    24.867379468007
Au     2.802765820928   -10.915796861603    23.869868442564
Au     4.710087076183    -8.884598246086    22.911163985743
Au     6.433014329507    -6.876851190371    21.616242650070
Au     8.223102561121    -5.148318306717    20.310107715458
Au    10.359436413033    -3.159170401944    19.333291056279
Au    12.118848460370    -7.321359813222    26.081928139372
Au    10.900691235888    -9.150756753795    27.379216871663
Au     9.239737270853   -10.545920578565    28.861084402384
Au     9.170189529433    -3.630355697506    27.697028328886
Au     7.381699534489    -5.756329664839    28.769208288282
Au     5.820666686476    -7.653669222453    29.763242315869
Au     7.455753969959    -2.888804326361    25.820587959323
Au     5.263771798020    -4.660621061653    27.003000166146
Au     3.405283652296    -6.520682425810    28.614254099314
Au     5.432466489283    -1.652539680158    24.359985596561
Au     3.040372547958    -3.402119003411    25.429704654908
Au     1.512356843358    -5.393965585085    26.944561589214
Au     3.028797540060    -0.675152714151    23.309692440446
Au     0.915893591034    -2.228480878479    24.265518056575
Au    -0.403038379948    -4.312915365662    25.320714878948
Au     6.860951230860    -2.942625917071    28.796217392050
Au     5.212736309189    -4.847323908467    29.976100666622
Au     4.919288729417    -1.939331194339    27.061651510374
Au     3.131312988433    -3.593652969463    28.385029495787
Au     2.773785603136    -1.019239407199    26.054997390463
Au     0.914291945946    -2.905873298963    27.063009034609
Au     1.574375494709    -0.931933444590    18.751094380820
Au    -1.642127782617    -2.461210193407    20.277958582113
Au    -2.951742443380    -4.772944522374    21.439529165469
Au     1.241761721268    -1.747541662405    16.203804026762
Au    -1.572877727759    -3.843083457359    17.551481415467
Au    -3.142597952967    -5.922702446743    18.905231999010
Au     0.984979121772    -3.222780542599    13.716958967512
Au    -1.747246785122    -5.184628774896    14.997499624264
Au    -3.248201523865    -7.258209451960    16.467927676286
Au     0.494998868539    -4.726125808855    11.368249122157
Au    -1.634992313052    -3.617493269829    12.890343357016
Au    -3.379424742210    -8.389713947044    13.689446274337
Au    -1.041403645136    -1.216458940808    17.532609045237
Au    -4.107580835312    -4.933250916926    16.609632912271
Au    -3.493041916159    -2.222475245755    16.440588206963
Au    -3.910941413342    -3.292015286566    18.996798716064
Au    -1.090105591477    -2.155763468319    15.100664057181
Au    -3.884795611187    -3.273485315575    14.263000262527
Au     3.087768267811    -8.474448648286    10.013992526708
Au     0.589799332103    -7.369894926567    10.942303102855
Au    -1.162200614221    -9.079494803964    12.307904728979
