         216
 AuNiAgCu    E (eV) =  -774.800110       T (K) =   550.000000       time (ns) =   1.88999999    
Au     0.130041233082   -12.873936496250    25.736633588743
Au     0.428170938274   -10.338970393959    24.336392277296
Au     0.996926200867    -8.647795601834    22.216618481884
Au     1.514738057809    -7.185956175501    20.031861736782
Au     1.969838684771    -5.703388512475    17.808366605886
Au     2.291559428081    -4.326339706570    15.362050703692
Au     2.883084637464    -2.509795772775    12.958896239253
Au     3.315090026907    -5.304621124566    11.605159705379
Au     2.462006843111    -0.386585268453    27.969633603394
Au     2.903816305329     1.182223933099    25.427279760823
Au     3.638703725884     2.664722199528    23.126047742988
Au     4.145806809424     3.947620826720    20.821042236870
Au    -7.367293993263    -3.373050436642    23.772734546234
Au    -7.078869847541    -2.060641000620    21.440831628774
Au    -7.021789047757    -0.671937649024    19.362551868066
Au    -6.260732058385     0.537858405217    17.008439828635
Au    -6.503597034372   -14.802334524447    16.580007252692
Au   -10.623107981072    -8.149608001242    16.440854745047
Au    -7.450807324648   -10.938479709126    14.090061915726
Au    -4.780263867987    -9.023979677646    10.721920845747
Au     0.984823482595   -11.008385987257    27.061957022197
Au     3.033876594334   -10.654913967679    22.910506385904
Au     3.200863622621    -9.170890499808    20.676459165244
Au     3.890393688255    -7.703462973763    18.504176271341
Au     4.533585369224    -5.881941208501    16.351396212055
Au     3.449334826001     0.074578449259    13.043233925817
Au     5.434706172019    -0.738002848371    11.315314692030
Au     2.723761543629   -12.250560759724    24.949451560362
Au     1.044536777259   -12.753430798371    23.099445858763
Au     1.186808652410   -11.280172748046    20.940822379921
Au     1.701556737712    -9.674968156101    18.461332968647
Au     2.436752476219    -7.955652966399    16.240892244645
Au     2.860659054491    -6.654677583872    13.974691992988
Au     4.873302079380    -3.214269484928    11.349573067231
Au    -2.169158792741   -11.691709549710    25.283966543700
Au    -1.288533743882   -11.036192252353    22.513765861979
Au    -0.515651414915    -9.314359646018    20.156122787629
Au    -0.295871215733    -7.745694027986    17.887531395639
Au     0.447264408137    -6.159208017139    15.591545387340
Au     0.571560800653    -4.652224944913    13.242785241570
Au     4.798159340257    -4.386876114760    13.892726579622
Au    -1.204567580512    -9.582990968625    26.315099038738
Au    -1.565043023058    -8.169613140624    24.083348340250
Au    -0.923563967805    -6.671240766349    21.757510677370
Au    -0.465309821116    -5.334263208024    19.234507128723
Au    -0.177948668341    -3.883252919548    17.132079709823
Au     0.457888444345    -2.234693207488    14.496974175625
Au     2.932525403818    -1.378880419674    10.609441208162
Au     0.891360303988    -8.405478954496    27.401518445737
Au     1.065275859482    -7.264782454707    25.057640857947
Au     1.640845960406    -5.796507316568    22.601354341263
Au     2.101305463374    -4.299164004834    20.333461849705
Au     2.328322981910    -2.694840438407    17.848005985502
Au     3.069094091483    -1.194399412488    15.439302725790
Au     1.247871377478    -3.576384340613    10.838403844926
Au    -4.146999050261   -11.632060239277    22.993890241773
Au    -3.010946939616   -11.007666109087    20.102276304764
Au    -2.221605758731    -9.789499681482    17.501697686475
Au    -1.601551563389    -8.048263762338    15.384236334417
Au    -1.676879666159    -6.650272786155    12.931480973278
Au    -0.898446763502    -5.142966427455    10.701450078676
Au    -3.658177213197    -7.413875080230    25.736909761082
Au    -3.400415309612    -6.419816292581    23.166854838975
Au    -2.888126236113    -4.753176852103    20.813121932956
Au    -2.565486158063    -3.287994450946    18.437725183941
Au    -1.887019857728    -1.726277658670    16.208963480903
Au    -1.512054378096    -0.417582733284    13.903030791827
Au     0.890561776079    -5.700333553281    27.434314946631
Au     1.915227946353    -4.234763422806    25.003941123451
Au     2.287779802047    -3.039225670377    22.742452913295
Au     2.747223796638    -1.518708068428    20.481113758474
Au     3.194381671985     0.067479820122    17.895459061565
Au     3.736272334672     1.696567273325    15.593383269384
Au    -5.663744424366   -12.166670002715    20.262690280855
Au    -4.226779792731   -12.213541474105    17.580633966750
Au    -3.711884037914   -10.425445750246    15.343136421012
Au    -3.251886225313    -8.681312755285    13.126741539650
Au    -2.731886732749    -7.444080339037    10.684747642214
Au    -5.715691779743    -5.336392091301    24.714336083357
Au    -5.202779935858    -4.227053773594    22.281385713121
Au    -4.803366362396    -3.028891371698    20.031027058223
Au    -4.473635385555    -1.396225810516    17.809292060209
Au    -3.914665381554    -0.039320617072    15.427850030819
Au     2.048027472811    -3.066817331947    27.487552783312
Au     2.228000398494    -1.476788370334    25.260290507562
Au     2.951494469935    -0.472372219529    22.930069561027
Au     3.629266111777     1.240587954287    20.522565267323
Au     3.460160477883     2.816869126951    17.842999262298
Au    -5.073708101208   -14.509043249285    19.234545577853
Au    -3.977635670382   -14.255919503990    16.179114749329
Au    -2.844714211981   -12.655115813598    13.983503074433
Au    -0.870335628201    -8.928253381844    11.557911793423
Au    -7.431588415000    -5.890089544765    22.377273967012
Au    -6.908475765834    -4.743305939944    20.067160247467
Au    -6.469208882947    -3.310858683384    17.781719578909
Au    -5.827072402359    -2.033403862528    15.110148799728
Au     0.150336916170    -1.122108658858    26.873347353175
Au     0.272316061457     0.613902512890    24.479991459928
Au     1.135919261981     1.809473392445    21.842525688894
Au     1.758413344993     3.287006994894    19.614976959350
Au    -7.809979355055    -8.048641811923    21.042494627583
Au    -6.697839660707    -7.373551837958    18.697187852476
Au    -6.327585849934    -5.918977020892    16.048029623600
Au    -5.610947266699    -4.546706858664    13.765416611502
Au    -2.494057911351    -1.691672139009    25.946956560418
Au    -2.060994634123    -0.519847069751    23.520854384875
Au    -1.350657941475     0.856258033277    21.106644139141
Au    -1.087470997554     2.143449196656    18.565273775802
Au     4.335540455521    -3.849642153210    26.167575609384
Au     4.684273430114    -2.341159583183    24.089276030772
Au     5.259582398731    -0.808828569991    21.537813028752
Au     5.733727793589     0.460148461238    19.245016847023
Au    -7.461633386018   -10.072797508361    19.330927532892
Au    -6.228009519634   -10.610023003526    16.513153422285
Au    -5.900853216527    -8.645414909098    14.345294144549
Au    -5.251982557947    -6.794383435134    12.424418656932
Au    -4.834996473335    -2.665000419352    25.111779121114
Au    -4.685449951725    -1.446347952601    22.502084264285
Au    -4.147925228545     0.184125636217    20.187046890344
Au    -3.649241858020     1.415979657011    17.735120571400
Au    -3.800645689743   -13.740852128701    21.380543608378
Au    -2.413388719123   -13.606006280910    18.838369250558
Au    -1.724281329102   -12.398287460020    16.463023049158
Au    -1.184754832506   -10.435115182249    14.013275439452
Au     1.032698441707    -6.706348085455    11.442422273930
Au    -5.842113362549    -7.931162121020    23.982256831323
Au    -5.078355668562    -6.791323027157    21.043420748863
Au    -4.556183186069    -5.332186868533    18.534700361148
Au    -4.084655568339    -3.991472886169    16.033698361083
Au    -3.582347855812    -2.560522929919    13.932446643918
Au    -0.880245317268    -3.595218123679    26.941649271230
Au    -0.333953955903    -2.481580026239    24.422559347949
Au     0.387586318545    -0.944225138661    22.065121901911
Au     0.874686438595     0.264356735732    19.504767686692
Au     1.167323398393     1.933948863136    16.812996888349
Au     3.404393742723    -6.644807828257    25.737585786813
Au     4.084309238031    -5.189327127503    23.671027258751
Au     4.600178642755    -3.601099829343    21.539062509698
Au     5.242320371739    -2.158781030095    18.839601691062
Au     5.447204601510    -0.639778596553    16.291562969889
Au    -5.474667508918    -9.752697792978    21.932152618982
Au    -4.759952012556    -9.330269143452    19.183340780662
Au    -4.373599874174    -8.084074073120    16.800011626653
Au    -3.874451783858    -6.342031743590    14.606833572659
Au    -3.429480201476    -4.842509245552    11.919738206911
Au    -3.215038546316    -4.848263283174    25.482072000066
Au    -2.815657050175    -3.381127626571    23.263245361750
Au    -2.436667025285    -1.962188650201    20.936004447900
Au    -1.743855730554    -0.457326340887    18.630583291785
Au    -1.257729523220     0.966576040452    16.081523512575
Au     2.860286898137    -9.538764356275    25.538014538917
Au     3.194629651130    -7.927801062541    23.295232359163
Au     3.982272180083    -6.380593576295    21.179047802503
Au     4.396311123766    -4.579291272459    19.032159133468
Au     4.637712757928    -3.348830244508    16.578057518760
Au     0.741146652724    -0.983329616999    12.067387141105
Au    -1.891878550592   -13.680388122769    23.418648818444
Au    -0.901753490812   -13.289204915715    20.986030382227
Au    -0.540819729542   -11.589386011160    18.788198191206
Au     0.396880518259    -9.938197051600    16.185928916521
Au     0.706561272917    -8.193168569823    13.733697620989
Au     5.405424008823    -1.787069866780    13.850417866418
Au    -3.828347853555    -9.593687100870    24.468895831167
Au    -2.903740367143    -8.726207943796    21.664732321189
Au    -2.846075913140    -7.310170766794    19.345127257315
Au    -2.299844313039    -5.857340436699    17.128761915986
Au    -1.722907739112    -4.390800688207    14.728071237436
Au    -1.280445707877    -2.922741253730    12.402288992988
Au    -1.356916940771    -6.745588579124    26.976709837739
Au    -0.862178668561    -5.327789253844    24.473682295644
Au    -0.409131528742    -3.857475174108    21.975647186701
Au    -0.090935613901    -2.421547994000    19.637234258998
Au     0.522710870762    -0.895236120670    16.999830429372
Au     1.177769249715     0.462262913912    14.465134379964
Au     5.912752163878     1.811148336975    21.856568862232
Au     5.234024779893     0.376066491000    24.033265287814
Au     4.660767107516    -0.823765902576    26.431544672882
Au     1.777580973299     4.551563649791    21.886258860140
Au     1.115460405053     3.191475450464    24.268175380760
Au     0.828336315293     1.529376965694    27.136960739647
Au    -0.649433208356     3.705973119163    21.110589040666
Au    -1.587310769242     2.403152558161    23.543509167588
Au    -1.760835487019     0.953735036043    26.265653771009
Au    -3.621964235458     2.729446809621    20.158467354334
Au    -4.157405505913     1.441013111300    22.676497530179
Au    -4.291938632118     0.248080173240    25.165221702309
Au    -6.097708797094     1.849168484045    19.337889806898
Au    -6.557021390575     0.614041054358    21.854469776563
Au    -6.668808404199    -0.606525344591    24.300457855567
Au    -1.158276484583     5.230258817930    23.610184157823
Au    -0.845694588842     3.499857021035    25.777145315941
Au    -3.289804573026     4.017248638139    22.345794626479
Au    -3.641964913391     3.035385889366    25.263736485098
Au    -5.912315689217     3.226045864033    21.906086343641
Au    -5.993986385521     2.173619668615    24.375644959841
Au    -8.124488954413    -1.315722404870    16.754677278159
Au    -8.813472232608    -2.709033873943    19.073002748260
Au    -9.151019147220    -3.775840596364    21.559568942434
Au    -7.877851991590    -3.703622327410    15.263682529913
Au    -8.442797574096    -5.461620087934    17.816047423469
Au    -9.463095311158    -6.073892783879    20.116594427633
Au    -7.859728215636    -6.726947339135    13.752117231500
Au    -8.057905055098    -8.142670463361    16.055474046838
Au    -9.468553214030    -8.298195152645    18.642732592317
Au    -7.193787594818    -8.930151669296    12.133277595691
Au    -9.215005323800    -8.860548109705    13.953711337789
Au    -8.178516727590   -13.103752310916    15.752010141736
Au   -10.425216575219    -3.213551415496    16.956699035591
Au    -8.915630607612   -10.786919997020    16.513082341291
Au   -11.163821871149    -3.781903941519    19.712812872859
Au    -7.261330420105   -12.532705032505    18.090054236999
Au    -9.781126992520    -5.758697836500    15.423173697195
Au   -11.069979161420    -5.920103955840    18.083800512218
Au    -2.618866639624   -11.073495416092    11.774087892892
Au    -5.113776135594   -10.770471712152    12.825451719985
Au    -5.755955053030   -12.811856862287    15.175437183964
