         216
 AuNiAgCu    E (eV) =  -774.324768       T (K) =   550.000000       time (ns) =  0.180000007    
Au     0.659027265345    -1.168366591655    16.632077420876
Au     0.640011849948    -2.953236885890    14.569097430965
Au     0.789396378457    -4.041232997525    11.809026508394
Au     0.346496892442    -5.134002191908     9.354178907857
Au     0.080884431681    -6.213147402512     6.825063137146
Au     0.133080724271    -7.188747939772     4.407988498120
Au    -0.318479263026    -8.347147892390     1.640002404513
Au    -0.801181193848    -9.344573148254    -0.862748642595
Au     7.754683175948     2.076469228357     8.898133224252
Au     7.913557617222     1.310439820532     6.203486136760
Au     7.996109333596     0.200858050533     3.793841478028
Au     7.067431379051    -1.827328059781     0.930782501663
Au    -2.343897390742     5.235728089733     7.497211798280
Au    -2.962595589912     3.881025477204     5.289846601954
Au    -3.308149519993     2.720333262385     2.711608846618
Au    -3.815395984447     1.539849552486     0.230485562154
Au    -9.797983083056    -2.680966878802    12.058854592796
Au    -9.868485731088    -3.861644816306     9.589485280650
Au    -9.841052619034    -5.606869192810     7.240879936154
Au    -9.754978832442    -6.908160155000     4.539703530469
Au     1.562617042353    -4.309107645617    16.611805100702
Au     1.537357120113    -5.575209453737    14.042439804207
Au     1.350508545284    -6.895395751284    11.412669295907
Au     1.618131752452    -7.674144353933     8.755170173942
Au     1.467906043004    -8.674031863513     5.836424640273
Au     1.504773088125    -9.624259318058     3.272490750900
Au     1.088191661170   -10.398999663294     0.530327031341
Au    -0.836846909814    -3.355416310522    16.922754593348
Au    -1.122086473019    -5.060014623197    14.871052780341
Au    -0.799940071245    -6.065942979100    12.393502528999
Au    -0.984559923037    -7.399317482782     9.830612666666
Au    -1.000798880547    -8.709278935856     6.700301363135
Au    -1.115420647425    -9.549342671796     4.088980424728
Au    -1.582820470465   -10.705498326295     1.527876308081
Au    -2.138001533129    -1.208813759382    15.985928555364
Au    -2.138492302110    -2.695493569505    13.719486172382
Au    -1.894927400745    -4.003187801478    10.874813871069
Au    -2.290737348945    -5.327388801690     8.323982382767
Au    -2.673575829672    -6.595603877727     5.796376831818
Au    -2.755910412950    -7.708336029848     3.089459211347
Au    -2.987252110510    -8.540399791205     0.341000578186
Au    -0.166547390646     0.274490775459    14.824291209044
Au    -0.253455691628    -1.211430184303    12.413696063984
Au    -0.379733085415    -2.366290020660     9.772235096696
Au    -0.671197264284    -3.451586576442     7.187924689999
Au    -1.115224230603    -4.410756311389     4.519980263975
Au    -0.746266710575    -5.523427185309     2.031917300007
Au    -1.539901402133    -6.492526038575    -0.515648144262
Au     2.628283389642    -0.714994422535    14.908539128086
Au     2.702828309459    -1.815707016661    12.502181179273
Au     2.350833961012    -3.123903792295     9.808449819819
Au     1.997234819661    -4.106255001818     7.208976903351
Au     1.912249151308    -5.179728477789     4.673921384457
Au     1.750847136419    -6.059566571273     1.850812767225
Au     0.966908391409    -7.048231926168    -0.819010955354
Au    -4.912421309799    -1.372766286838    14.547091344365
Au    -4.809706792911    -2.872215188445    12.141721664027
Au    -4.575110749130    -4.518036312501     9.552498008780
Au    -4.848661107967    -6.006792645227     7.211705236946
Au    -4.932652631783    -7.160264868056     4.436430643287
Au    -5.193170872420    -8.188933186507     1.491040159841
Au    -0.852140188332     1.629238987422    12.440018250218
Au    -1.059872462496     0.463714070219     9.944316131179
Au    -1.713836010521    -0.452855364127     7.555369754370
Au    -1.756982371995    -1.729028915737     5.040513359064
Au    -1.892733571389    -2.857440862882     2.214232726762
Au    -2.261953913752    -4.080441934663    -0.409459627310
Au     4.497168006642     0.129261170996    13.263557164174
Au     4.423982394856    -0.697863504661    10.378897703899
Au     3.996498879728    -1.968525847795     7.840535449474
Au     3.915887050324    -3.023750915156     5.287742553100
Au     3.572128593462    -4.127392537186     2.520834843595
Au     3.223857798598    -5.380306058086    -0.505621094779
Au    -7.337856248909    -1.984356064153    13.246059528880
Au    -7.348754732183    -3.734424378239    10.955125828415
Au    -7.400651226664    -4.847992181186     8.444914488073
Au    -7.331845735190    -6.347329366241     5.884333015702
Au    -7.381135338092    -7.533255109683     3.056944901437
Au    -1.645882607645     3.266409074679    10.377775809407
Au    -2.183203701447     2.455085967826     7.833302086693
Au    -2.487220892914     1.095707533101     5.064780803207
Au    -2.537061714005     0.211172198272     2.610168356776
Au    -3.028615181351    -1.220690416913    -0.012361238524
Au     6.352830568460     1.012227591457    10.841495669460
Au     6.149751883485     0.288702991974     8.273294482718
Au     5.750688575671    -0.972077267320     5.738632674268
Au     5.688047357075    -1.894033206862     3.149074143999
Au     5.232394960287    -3.656032736015     0.483247322232
Au    -7.957877116699    -4.910055736818    13.224785474008
Au    -8.076887478919    -6.571474832415    10.902839186130
Au    -8.100094411934    -7.654906471210     8.233652442437
Au    -8.174725730900    -8.993551316269     5.427247832207
Au    -4.326415909766     3.158162271285     9.199952008052
Au    -4.691479469823     2.078008349467     6.600730791159
Au    -4.973385967057     0.855592152187     3.866525330861
Au    -5.215909097097    -0.319950333789     1.611080606987
Au     5.202790723622     2.940773238101     8.594686969184
Au     5.098376130202     1.836819051743     6.206819606490
Au     5.033314113361     0.755258714412     3.721741838632
Au     4.652238634803    -0.845351957703     0.503165057541
Au    -6.248333460272     1.353873417825    10.130566886992
Au    -6.328542192311    -0.019559768332     7.465182459284
Au    -6.591311696626    -1.248957590289     4.871959602108
Au    -6.662922206785    -2.687399237454     2.603914017152
Au     2.688547905796     3.577077259689     8.585464744874
Au     2.066329850230     2.264218672777     5.907089335963
Au     2.015728253447     1.143225230733     3.321117284144
Au     1.875029485854    -0.221015211335     0.462434584346
Au     7.217723568513    -1.674675952342    10.636833122833
Au     6.879163960447    -2.456790106802     7.991030607939
Au     6.595463706376    -3.525643850149     5.174773579524
Au     6.504107593462    -4.397806534674     2.666534809216
Au    -8.062958527193    -0.714131202329    11.012152196468
Au    -8.059661775845    -2.184372787731     8.557949465754
Au    -8.535426421301    -3.722078157402     6.245547162593
Au    -8.011875990876    -4.822783351111     3.653041631376
Au     0.030302101165     3.905723092882     8.407095312737
Au    -0.288318305816     3.568738677058     5.968769025802
Au    -0.616339637057     2.075381424726     3.097247284739
Au    -0.962678989424     0.757964993294     0.011833076185
Au    -5.865996882411    -3.979685833676    14.343857852862
Au    -5.589744971317    -5.725574349167    11.887101776450
Au    -5.634280812848    -7.186000265038     9.600184153681
Au    -5.818478714870    -8.469009187934     6.804814771455
Au    -5.978343367418    -9.637494441745     4.318425761935
Au    -3.505917472594     1.522559029233    11.493845512888
Au    -3.965763218378     0.582618206979     8.975041309470
Au    -4.051122449475    -0.795107613042     6.258786760586
Au    -4.276099222546    -2.023725368851     3.743876330604
Au    -4.323974015038    -3.252602116636     1.263014057719
Au     3.664502297654     1.830058098944    10.918498836428
Au     3.228869849178     0.862883738287     8.251445351893
Au     3.022595448056    -0.308419782462     5.539111507624
Au     2.878100762148    -1.481101258699     2.920859986254
Au     2.715676285295    -2.770809922048     0.181911771520
Au     5.308919395376    -2.153601577588    12.539949740967
Au     5.023024917324    -3.448338364225     9.926711592103
Au     4.998155068247    -4.545377940953     7.522844961097
Au     4.890814646235    -5.617960526551     4.652367978923
Au     4.699365405899    -6.294388515494     1.403543289364
Au    -5.361020267595    -0.072593250208    12.196754659662
Au    -5.640976319976    -1.586238218015     9.904210146371
Au    -5.680581953294    -2.910137882232     7.548105865985
Au    -5.759926583982    -4.233418118447     4.969546800878
Au    -6.061019327706    -5.567560810167     2.087347601702
Au     0.966230532633     2.421385722700    10.385459771385
Au     0.581029769276     1.244609572718     7.944834797264
Au     0.242912378930     0.178692158980     5.195848202187
Au     0.039386026487    -0.702930812151     2.456297453719
Au    -0.267417336943    -1.839363913934     0.104320382094
Au     3.312712122704    -3.284783625944    15.010220296789
Au     3.333228591672    -4.378786025812    12.462752767759
Au     3.280713484465    -5.762215505537     9.411497302294
Au     3.331698504965    -6.643181009430     6.672417262306
Au     3.127277169722    -7.560520186254     3.821227419519
Au     2.940975837701    -8.387046848152     1.065458950691
Au    -3.750980554188    -3.321666429509    16.108754162014
Au    -3.319535465141    -4.982913980209    13.384244958154
Au    -3.240466116306    -6.718732329148    11.137160434605
Au    -3.367418321547    -7.969125722648     8.323249868500
Au    -3.456337944196    -9.315226859649     5.313860866300
Au    -4.025753883663   -10.219676848624     2.700237993039
Au    -2.730880128981     0.015768593720    13.745121389496
Au    -2.965251863936    -1.087679920019    11.223808233134
Au    -3.137489508926    -2.251679798819     8.747559272484
Au    -3.313324272614    -3.630419103350     6.267899688418
Au    -3.462854584573    -4.812258313456     3.496417933499
Au    -3.817989556177    -6.051136125558     0.648326883073
Au     1.794523531907     0.697043594103    12.927952737801
Au     1.686368902856    -0.333731731384    10.430500080318
Au     1.362724461740    -1.345544648928     7.571325593166
Au     0.966957111384    -2.546972791999     5.025403543554
Au     0.824262447690    -3.273845583822     2.411153273322
Au     0.517644738166    -4.525130299188    -0.138624689252
Au     8.439935729791    -2.495117717118     3.320679959838
Au     8.369411610345    -1.437741752324     5.949183875113
Au     8.673767556788    -0.353743776649     8.778945253322
Au     6.431470694377     0.833860134955     1.449418179414
Au     6.807872030860     2.760338068923     4.170878433884
Au     7.010916984524     4.022628508648     6.667946131325
Au     3.539684350552     1.966445977252     1.297524707236
Au     3.979219459547     3.172319937414     4.074557730045
Au     4.328516882301     4.469723185439     6.514333931910
Au     1.139801707269     2.654563509615     0.941064085572
Au     1.178948288972     4.049537078943     3.691141830229
Au     1.694312272196     5.246876346222     6.307607900548
Au    -1.840761569416     3.159959060149     0.548139298386
Au    -1.425002732013     4.971544652145     3.089475270838
Au    -1.059485200688     6.141440153583     5.569873799631
Au     5.581043026673     3.830067815295     2.089813187718
Au     6.033094314678     5.232462385033     4.729608841676
Au     3.046397094634     4.528773243944     1.844653355323
Au     3.440911181824     5.923624698700     4.178280474238
Au     0.234901388772     5.353356227479     1.248940372103
Au     0.921165801335     6.646712896914     3.619395468524
Au    -6.108156919862     2.323305375040     1.783496087196
Au    -5.768854185421     3.421512390964     4.281200945214
Au    -5.062056365297     4.671271126158     7.007648623315
Au    -7.737948095600    -0.327663162067     2.504096378358
Au    -7.395070443287     1.615252833485     5.716606148283
Au    -6.964466401522     3.009339319991     8.094166009061
Au    -9.086074615643    -2.293112951263     3.804156707649
Au    -8.856334200932    -0.769634144212     6.406839295855
Au    -8.660227888999     0.790024373019     8.656693241368
Au   -10.963919215662    -4.177003319284     5.095263504756
Au   -10.867143291248    -2.921780217943     7.484390097612
Au   -10.324156216187    -1.194953154345     9.537167248048
Au    -8.023906893844     2.874711841548     3.349987701943
Au    -8.555347136201     3.918836738956     6.028238878557
Au    -9.731332490151     0.718149791011     4.219995334433
Au    -9.969766105230     1.859920581326     6.617294556030
Au   -11.490975892861    -1.693534775608     4.968907226016
Au   -11.587101649716    -0.335342598757     7.207977108053
Au   -10.184502808966    -8.335546870709     6.766090217664
Au   -10.569949918545    -6.639884062694     9.516389296696
Au   -10.219114620741    -5.188323927287    11.981815574924
