         216
 AuNiAgCu    E (eV) =  -775.704041       T (K) =   550.000000       time (ns) =  0.239999995    
Au    -3.919634562739     3.087270473625    16.794180888483
Au    -3.067277311423     1.042438740958    15.253760055005
Au    -2.270897817624    -0.974889813230    13.528442622283
Au    -1.294202120676    -2.964713599163    11.671526280636
Au    -0.701489539057    -5.360544712193    10.027345081745
Au    -0.082540081118    -7.372171249578     8.035680007078
Au     0.537975853488    -9.519756430600     6.109305903063
Au     1.303657124488   -11.673839703398     4.658825328464
Au     6.290485023534     3.570998712447    11.990292017407
Au     7.420830261648     1.273000240341    10.319656272409
Au     8.184005357756    -1.375651973136     8.726195009815
Au     8.731278640511    -3.671775235606     6.974197950525
Au    -2.759544627050     5.237532873949     5.742638113580
Au    -2.160357037757     3.208130298317     3.760570816911
Au    -1.201436683625     1.043976651161     2.135132108162
Au    -0.611591426031    -1.059590090201     0.547047279611
Au   -11.070783360587    -1.030118323889     9.549423746809
Au   -10.860721288979    -3.417789302338     7.629179019916
Au    -9.953307115064    -5.372074630840     6.138175364005
Au    -9.099359706066    -7.292377172298     4.451084692883
Au    -2.086528907336     1.009070119372    17.578170092537
Au    -0.914147638822    -1.085388680562    15.755699069059
Au    -0.402190664869    -3.004673832262    14.272701481399
Au     0.431903838885    -5.038664402258    12.501884443048
Au     1.293939959938    -7.310865775186    10.557325626502
Au     1.686135216552    -9.575221133218     8.809870699198
Au     2.287411755235   -11.426452793767     7.147358153511
Au    -4.724515294393     0.466441255083    17.353413102997
Au    -3.662112395105    -1.475181348188    16.024906382903
Au    -3.386184196528    -3.493031608208    13.491523525566
Au    -2.205836618855    -5.575791133652    12.272986148494
Au    -1.495759211583    -7.982109837620    10.226280805584
Au    -1.071860987367    -9.944043552314     8.471662038923
Au    -0.380203612232   -11.954899213358     6.648897877799
Au    -5.638631377696     1.882742008034    15.171591472955
Au    -5.023942732252     0.014268479433    13.376893663836
Au    -4.305641714533    -2.241483356536    11.357780904072
Au    -3.072863176966    -4.273735724095    10.091531663207
Au    -2.773299646750    -6.629544849190     8.327634481326
Au    -1.953597931790    -8.551696365512     6.375593280867
Au    -1.360235511398   -10.605083736139     4.514491009482
Au    -3.948803568934     3.878663008680    14.171377105014
Au    -2.804761149070     2.088025514617    12.574573535084
Au    -1.883948555556    -0.475353847998    10.789997058881
Au    -1.301920588613    -2.319602658024     8.901966510385
Au    -0.887216050887    -4.735082493700     7.155402153539
Au     0.278583997273    -7.027592108942     5.045384600721
Au     1.021803168662    -9.127362789704     3.402730821221
Au    -1.396959831646     3.432691140684    15.453420969224
Au    -0.546855145684     1.250773787432    14.057416122482
Au     0.521669890034    -1.119148837123    12.309261366787
Au     1.287061379412    -3.243859578408    10.347644025096
Au     1.554587402983    -5.461100454138     8.552725196011
Au     2.397311112920    -7.673651281088     6.551202863131
Au     3.240443191692    -9.659539183281     4.894986057837
Au    -7.706483352267     0.651398703021    13.446089206494
Au    -6.958870043341    -1.306181260308    11.613969885647
Au    -6.287580971652    -3.373359431073     9.999638237415
Au    -5.271624860793    -5.556343322209     8.434908854129
Au    -4.475982078721    -7.395394574785     6.281832891842
Au    -3.834624972985    -9.631947740020     4.553911972638
Au    -3.068013030605     4.482217475628    11.493372392484
Au    -2.468886751371     2.319260754463     9.807744946088
Au    -1.765320955179     0.350114512234     8.184990040520
Au    -0.839845146381    -2.232639681695     6.168766559693
Au    -0.247811782308    -4.170390007639     4.296343647252
Au     0.598216725944    -6.535071476773     2.380903638082
Au     1.479561149092     3.084683331930    14.404755435544
Au     2.236673616061     0.981451765893    12.815476135873
Au     3.101834194843    -1.168401238010    11.055945681916
Au     3.734430711092    -3.404926268516     9.027134983446
Au     4.166854304724    -5.482029426697     7.421732314665
Au     4.915482798764    -7.527360348437     5.391735560826
Au    -9.585297929709    -0.383670318426    11.736875582332
Au    -8.923186936621    -2.546993458304     9.724261745678
Au    -8.219729480394    -4.468287489336     8.003641561869
Au    -7.167550705102    -6.687843217050     6.368735498600
Au    -6.273352267523    -8.337059419113     4.529389706478
Au    -2.910133929735     4.632861128180     8.570072471474
Au    -1.967812969476     2.762678708971     6.834991013271
Au    -1.514330751342     0.590021375278     5.024144168784
Au    -1.001666570014    -1.562794886033     3.349646655609
Au     0.022916521476    -3.538323640890     1.609428587734
Au     3.762472369562     2.938161935194    13.281871128052
Au     5.136649837289     1.081252542312    11.626468637943
Au     5.579478109141    -0.909979864451     9.918499055143
Au     6.011624868610    -3.451878446421     7.904891120684
Au     6.731537888056    -5.617642906813     6.197980116993
Au   -10.267029720650    -2.953433176772    12.364420529400
Au    -9.691448026389    -5.155367149198    10.526084336033
Au    -8.896793261614    -7.322023792658     8.759640213888
Au    -8.097986533380    -9.313052638520     6.613035524655
Au    -4.912674642991     3.781645036224     6.974390488974
Au    -4.307695336473     1.528869112368     5.110603897745
Au    -3.587391987148    -0.607025547697     3.256820122184
Au    -2.561563313358    -2.692623789082     1.532040023331
Au     4.053929507374     3.827524911993    10.427632650582
Au     5.074437464849     1.466673813500     8.886330958409
Au     5.794227414695    -0.902259999826     6.927365906065
Au     6.577365932799    -2.907856445888     5.221682314991
Au    -6.779231463867     2.087062763321     8.116419257243
Au    -6.349514382871    -0.354040775415     6.232746088750
Au    -5.636631929996    -2.311359023766     4.447406793022
Au    -4.777782025867    -4.358821359508     2.810359034860
Au     1.895889409124     4.498914746402     8.945426885586
Au     2.639277284237     1.829188737243     7.191933668299
Au     3.441087288059    -0.062844701074     5.359472943227
Au     4.121081528686    -2.256447268757     3.538740149934
Au     5.679558862192     1.500645504389    14.173551306126
Au     6.702936466593    -1.092920276053    12.585398871513
Au     7.191808170519    -3.088643507088    10.507742445088
Au     7.815353956309    -5.203869404044     8.862941595290
Au    -9.089367456731     0.444633727363     8.830171422561
Au    -8.817291553079    -1.752961834069     7.079878538161
Au    -8.006935636018    -3.942794141618     5.309527063471
Au    -7.061885900334    -5.785499430334     3.422469791745
Au    -0.336584041688     5.005161112313     7.417881493243
Au     0.283426054294     2.484045685452     5.396690975641
Au     1.021985001747     0.541430526637     3.724848722661
Au     1.874779644544    -1.594243244924     1.713982793663
Au    -8.781110259297    -1.839128048069    14.036256711606
Au    -7.789449157510    -3.897194860829    12.347624219504
Au    -7.090282122117    -6.010306632627    10.364335166361
Au    -6.319723498943    -8.024378622636     8.553271416749
Au    -5.601717774977   -10.288017152613     7.118991208102
Au    -5.143726516423     3.566925318232     9.915572753414
Au    -4.252352267373     1.465112568302     7.897699988273
Au    -3.555078888374    -0.810479881245     6.239253176493
Au    -2.713766760421    -3.329483672489     4.426427131360
Au    -2.079450233457    -5.188817804223     2.569750056827
Au     1.620221380044     3.667756743344    11.584124533082
Au     2.520143338986     1.691675791148    10.105269267556
Au     3.172888375525    -0.720282109752     8.149990855567
Au     3.703751014768    -2.641648681605     6.192083603094
Au     4.603636855179    -4.916623660982     4.733320792289
Au     3.305052953977     1.090708355531    15.436336062598
Au     4.092587229313    -0.853310020168    13.530849012726
Au     4.844845541343    -3.101538759232    11.707171073909
Au     5.414522092336    -5.443472631954    10.128733396517
Au     6.038602172135    -7.413941980708     8.180421059995
Au    -7.556563451322     1.365466989880    10.810988459654
Au    -6.694618149182    -0.666982887658     8.971574946613
Au    -6.128057894972    -2.994297996136     7.251784898861
Au    -5.154331382527    -4.905029193463     5.229566725151
Au    -4.240922920665    -7.040405595210     3.426813802159
Au    -0.625107778143     4.292678302028    10.123932748383
Au     0.225212141481     2.280882119187     8.452815723082
Au     0.790853451309    -0.137196697631     6.432852870970
Au     1.568944335094    -2.062411528465     4.480538945253
Au     2.261253711349    -4.192993057746     2.912135358433
Au     0.344004464535     1.672695122876    16.649719891717
Au     1.528887463988    -1.247671580177    14.756720646274
Au     2.410777993169    -3.119261911375    12.993161452803
Au     2.945922705148    -5.271035897801    11.277135622153
Au     3.570113102786    -7.518852294999     9.149847731117
Au     4.177812395301    -9.464085325351     7.489556677492
Au    -6.571927359575    -0.540917734324    15.539369411973
Au    -5.824665553901    -2.579298805237    13.954878833693
Au    -5.198894992080    -4.826652473126    12.076020708949
Au    -4.276173827154    -7.288144621449    10.450072438193
Au    -3.635710377145    -9.351033373162     8.701895936738
Au    -3.063831961128   -11.082705170077     6.714762788033
Au    -5.518936494958     2.457256322826    12.466113423998
Au    -4.724189036068     0.557388688536    10.730900836876
Au    -4.075998043301    -1.657794876171     8.869141851097
Au    -3.326516667159    -3.576909092616     7.133347735488
Au    -2.375096964965    -5.850044425247     5.392087268543
Au    -1.724286388328    -8.120483596244     3.302422400686
Au    -0.779241020034     4.021117804210    12.998120084339
Au    -0.179441687916     1.576281205743    11.379573756664
Au     0.754159567075    -0.482424343759     9.474873200627
Au     1.132042956567    -3.069227101879     7.677545470118
Au     1.882296919057    -4.990886752514     5.862485566080
Au     2.891094076709    -6.911342149008     3.854924379548
Au     9.673180073466    -3.168857478717     9.798942230778
Au     9.123422287684    -0.586042023339    11.217295016279
Au     8.076658408009     1.537992174361    12.915631664371
Au     8.283324312701    -1.004434636917     5.779780797445
Au     7.583526952027     1.058693091850     7.558782749270
Au     6.593842787759     3.801133033621     9.180672670183
Au     6.095913179129    -0.424448794104     4.173067032758
Au     5.508109080598     2.068129079137     5.997075275566
Au     4.423412729365     4.101285189041     7.611828469733
Au     3.546165045765     0.420030556153     2.476126415028
Au     2.965298662652     2.396442500292     4.529047428081
Au     2.250161750194     4.555744499791     5.868220166246
Au     1.601333985877     1.009511022890     0.857438061906
Au     0.545268939905     3.010256003036     2.676067317346
Au    -0.419780773222     4.991639014615     4.778517182068
Au     7.875114552043     1.276211411113     4.843698829751
Au     7.460887616402     3.593098756065     6.762305105666
Au     5.487274468783     2.174656903641     3.096042089801
Au     4.458389149220     4.477763386288     4.414212086417
Au     3.369070288451     3.058820927783     1.795788159770
Au     1.974383665155     4.958975102635     3.112865451895
Au    -3.165712470418    -0.178178518783     0.630321755394
Au    -3.750865927848     1.913729200274     2.103775794281
Au    -4.851091485098     4.140541521947     4.099474532152
Au    -5.391234383098    -1.831543006052     1.595202457201
Au    -5.932282345401     0.332967746019     3.383755045712
Au    -6.876048079950     2.601233735068     5.176841578733
Au    -7.581628970754    -3.315925776290     2.620737600493
Au    -8.401752173225    -1.262098416869     4.367725159887
Au    -8.811839594691     1.112515584391     6.155116744993
Au    -9.659459677483    -4.995606023306     3.150061086191
Au   -10.551287451211    -2.828423750576     4.915549578310
Au   -11.071367491900    -0.466415160820     6.945109278665
Au    -5.862843536540     0.558713075932     0.760381695491
Au    -6.483896433048     2.856982102483     2.527425580684
Au    -8.024030497068    -0.961249656914     1.500724423563
Au    -8.510307166829     1.198710327258     3.365416715629
Au   -10.258138981373    -2.591049977730     2.323774302384
Au   -10.663545822340     0.274455767643     4.342026652658
Au   -10.411960552493    -8.010497087491     6.645755667409
Au   -11.164421821574    -5.938846091428     8.364401321593
Au   -11.838972121454    -3.908170955207    10.153418976741
