         216
 AuNiAgCu    E (eV) =  -774.349182       T (K) =   550.000000       time (ns) =  0.159999996    
Au     1.829113479427    -0.204168767376    15.703022217633
Au     2.023576526016    -1.698324538172    13.357083406109
Au     1.649348170207    -2.864535606472    10.775205387317
Au     1.289227808148    -4.190271753123     8.160128260004
Au     0.796879029405    -5.387953286786     5.280705769737
Au     0.649195517058    -6.655124503880     2.794659289837
Au     0.439092244072    -7.663759488193     0.331705541608
Au     0.111904826561    -8.696351768282    -2.426818413593
Au    10.014586219680     0.483634847026     7.692607056000
Au     9.591140006394    -0.365045418951     5.290315634007
Au     9.520682812551    -1.143381175974     2.700437728640
Au     8.809070482750    -2.447016308665    -0.149251023906
Au    -0.222239836808     6.038305907601     7.036749274098
Au    -0.443081608983     5.094980168972     4.425882331617
Au    -0.845936055501     3.755177828728     1.856602455495
Au    -1.194940848911     2.561384844655    -0.563223522417
Au    -8.179143747806    -1.090481560169    10.498417920142
Au    -8.620698031895    -2.671874059446     8.352787489451
Au    -8.738356523198    -3.733151368097     5.855447054921
Au    -8.898202526152    -5.080226440155     3.532160030641
Au     3.691160369726    -2.213548165127    15.481339478227
Au     3.479198102829    -3.976434948932    12.304302012826
Au     3.093608664696    -5.289569758845     9.791240430485
Au     2.831293974522    -6.403040534134     7.409202787939
Au     2.475379834672    -7.556828625358     4.713168316742
Au     2.059429723311    -9.048856275443     2.040214507228
Au     2.028696028506    -9.715445625842    -0.489779622792
Au     0.617476647898    -2.766236761715    15.344490542833
Au     0.833987414913    -4.260822931299    13.036454054029
Au     0.502586819907    -5.420597402098    10.528000709414
Au     0.147513623439    -6.780923635396     7.674139061327
Au    -0.124569315293    -8.166270309391     5.387823557228
Au    -0.647546439493    -9.129028405484     2.774690405188
Au    -0.609785678572   -10.086072606083     0.022502061263
Au    -0.810321921430    -0.472155169700    14.637550304118
Au    -0.548218411429    -1.945611705415    12.303529578602
Au    -0.978651577754    -2.897252153142     9.549135491735
Au    -1.097762014185    -4.155282594270     6.889313726534
Au    -1.756389587677    -5.289073320885     4.324566410455
Au    -1.796252992516    -6.804321386979     1.620999159015
Au    -2.301574866205    -8.331819341510    -0.809272508619
Au     1.470488269774     1.209073417032    13.639702487009
Au     1.361349570457    -0.053305747509    11.206867962425
Au     1.175578350562    -1.347348946723     8.506890435097
Au     0.675023677828    -2.485967469747     6.056683001048
Au     0.267814084292    -3.629437702555     3.259657051820
Au    -0.073036850924    -4.888583134486     0.675928418914
Au    -0.234999232453    -6.144046710966    -1.836888045422
Au     4.163076527571    -0.046191432011    13.893185081564
Au     3.919518575999    -1.450688091726    11.226313323973
Au     3.699050518715    -2.763221399270     8.637246106814
Au     3.152449000611    -3.691447709743     5.684738629005
Au     2.727480798462    -4.787403514522     3.200463462078
Au     2.595234609941    -5.867461684665     0.507920353657
Au     2.136392853125    -7.078281582930    -1.837237231570
Au    -3.245381972164    -0.786864465974    13.282733521691
Au    -3.363330708805    -2.295902034407    11.064420001077
Au    -3.698033566643    -3.000621591832     8.481479515150
Au    -3.661652121533    -4.331650530714     6.059092314915
Au    -4.141480380817    -5.499883093053     3.226168774839
Au    -4.315203454516    -7.008971064063     0.488444830796
Au     1.038076436180     2.753434921190    11.502729558421
Au     0.561409753498     1.545688995295     8.809408578510
Au     0.236914302058     0.377978554572     6.326138234690
Au     0.112966358846    -0.617169994037     3.635419510881
Au    -0.179167263519    -1.813964946157     0.935679955968
Au    -0.630933479097    -3.054013928061    -1.325820601480
Au     6.272639626599     0.008264263161    12.090356083493
Au     6.024817972139    -1.057820227123     9.439127323313
Au     5.520073888234    -2.237533485617     6.562296765471
Au     4.893703310520    -2.935398386699     3.772508468828
Au     5.085461623391    -4.780706909843     1.699875342776
Au     4.630218833837    -5.818702122103    -1.070154202277
Au    -5.759965355494    -1.162000318017    12.609065595210
Au    -5.897993950983    -2.329039129806    10.044877119478
Au    -6.110810708259    -3.357669029717     7.238288807573
Au    -6.520444778100    -4.509865860543     4.658684308602
Au    -6.485114993679    -5.769477819188     1.952578921072
Au     0.743485474375     4.214140479620     9.002236370364
Au     0.050177847604     3.194907969983     6.582388084575
Au    -0.217195865101     2.225756646815     4.120401910745
Au    -0.673761454735     0.996542139023     1.536817729363
Au    -1.031416128631    -0.226654023706    -1.363341648860
Au     8.253355841411     0.160521606610    10.062765919747
Au     7.580578455224    -0.799079778056     7.360769529621
Au     7.593694831326    -1.797281108277     4.587005008542
Au     7.166516385062    -2.956851456865     1.996348323403
Au     7.012898315883    -4.358933945111    -0.558998143230
Au    -7.175869821739    -3.505807476778    12.031880051642
Au    -7.007142340968    -4.908693492392     9.594009658862
Au    -7.076210530129    -6.418124079100     7.147055925302
Au    -7.456028129389    -7.178857706925     4.143876180736
Au    -2.151529124558     4.458868047903     7.925180215819
Au    -2.647236281222     3.390292237220     5.355741751985
Au    -2.779254414815     1.995288865087     2.793105517578
Au    -3.054348920660     0.745576912576     0.366388888734
Au     7.643373423865     2.291184271306     7.794437868079
Au     7.265151086064     1.245743334349     5.339316327147
Au     7.000849232454     0.037510800742     2.531407602529
Au     6.518053938698    -1.096269438085    -0.122182582884
Au    -4.067426887461     2.584163072315     9.003522071396
Au    -4.526722198085     1.116683112097     6.572112440029
Au    -4.763655267190     0.038197076764     3.808885481274
Au    -5.144577123742    -1.346321850349     1.209319759813
Au     5.077005793231     3.823940664801     7.711933363987
Au     4.717158685951     2.562387483754     4.928139162961
Au     4.307314186296     1.192839327439     2.407364135593
Au     3.726910408498    -0.069319554261    -0.514196900774
Au     9.692521568056    -1.954387933069     8.987424516362
Au     9.323357363803    -2.983652490822     6.493845979016
Au     8.887457069685    -3.857598068677     3.853059110640
Au     8.532351648595    -5.347318994481     1.377057281452
Au    -6.241967688171     1.005007395996    10.388203345194
Au    -6.703280399899    -0.495853090599     7.960999793860
Au    -6.622987390410    -1.789941723650     5.197631241796
Au    -7.052796481259    -3.019011214690     2.536952335355
Au     2.463897931440     4.884212808335     6.914121321942
Au     2.025124096859     3.933682695255     4.525364251053
Au     1.737319759371     2.546550786350     2.199036202099
Au     1.369027802788     1.521538615219    -0.682624522409
Au    -4.402669257612    -3.245564342013    13.151630767677
Au    -4.721981997844    -4.640511631421    10.752250538530
Au    -4.588181341319    -5.809075586943     8.211697120945
Au    -4.905088267999    -6.888415737768     5.476070411119
Au    -5.224187660575    -8.248778517823     2.947405562707
Au    -1.357634777501     3.107937993690    10.327904178003
Au    -1.955812070728     1.503746556802     7.725143514868
Au    -2.262091304902     0.354132095309     5.194993090150
Au    -2.529744087831    -1.024704030102     2.524257860113
Au    -2.802110512468    -2.183393645005    -0.023634571207
Au     6.076849482341     1.758931339635     9.758568078806
Au     5.132972313327     1.036305406489     7.079720996149
Au     4.996668255553    -0.268462751661     4.621520277758
Au     4.546340408984    -1.331559768324     1.566850374752
Au     4.570705511264    -3.109545157201    -0.757633592702
Au     7.604026704498    -2.289449775205    11.551825219807
Au     7.438025737445    -3.363958204807     8.560732103376
Au     7.116686658185    -4.624088798123     5.837434398637
Au     6.816660794496    -5.962473104417     3.260436476493
Au     6.363726866731    -6.803630466941     0.674938271071
Au    -3.523635072785     1.376606367182    11.309864423565
Au    -4.216252851899    -0.259378021019     9.119434682681
Au    -4.195325907708    -1.547225665062     6.136681664849
Au    -4.403293569321    -2.712612402943     3.625278697987
Au    -4.682440192414    -4.226002384572     0.792971539138
Au     3.232643095346     3.336396733534     9.428576301673
Au     2.511163482160     2.085766361028     7.047308649596
Au     2.322984393187     0.827747010467     4.448127410898
Au     2.067283993077    -0.125853299268     1.429213386055
Au     1.394483993356    -1.276119715053    -1.347696819577
Au     5.480852335817    -2.453093122046    13.259371141374
Au     5.680681216673    -3.657346539471    10.470854379807
Au     5.267947584026    -4.670496541627     7.662446739622
Au     4.868661100901    -5.834122869063     5.006861670064
Au     4.441195969402    -7.232675699563     2.637798051293
Au     4.057353116716    -8.124798948675     0.240092767543
Au    -1.883550556315    -3.042582705853    14.298358720558
Au    -1.711070774522    -4.392958795146    12.005043764449
Au    -1.881027881333    -5.322488221389     9.301211738232
Au    -2.415141129843    -6.731370760157     7.018225121600
Au    -2.621513874789    -7.789206016460     4.280188845795
Au    -3.100965628123    -9.295348071524     1.794890073206
Au    -0.836289810967     1.248533839000    12.405337093085
Au    -1.509675863105     0.009783469566    10.006836740953
Au    -1.524296675088    -1.472887305637     7.529293040802
Au    -1.849859467877    -2.431359272781     4.631703757181
Au    -2.163855826600    -3.721418467970     2.036282383669
Au    -2.521101225434    -5.468286897021    -0.555942051375
Au     3.477187030469     1.415647064988    11.665464467298
Au     3.295177593957     0.467932985533     9.092969734277
Au     2.805210051322    -0.815290300520     6.593767916351
Au     2.640786483173    -1.735293629474     3.916096333435
Au     2.273192026687    -2.961616624239     1.275828973658
Au     2.150635823098    -3.885970689156    -1.420421447441
Au    10.402555860499    -3.531535601107     1.794011608479
Au    11.308375238130    -2.389822181928     4.389836663603
Au    11.430868208632    -1.636459263414     7.040460650366
Au     8.869261550687     0.160212927614     0.555480485285
Au     9.022442069488     1.566060660913     3.102527270893
Au     9.439205090362     3.058512228518     5.629573068407
Au     6.237240685033     1.516651819853     0.383422840769
Au     6.540747097059     2.863447708443     2.787913301553
Au     7.216493357013     4.288093245232     5.604567931455
Au     3.751323989197     2.703299692730     0.031719062404
Au     3.976121653570     4.131424502557     2.674997673851
Au     4.690162059846     5.461219356835     5.543457663964
Au     1.312198738383     4.083857289270     0.144177319986
Au     1.272766780661     5.635214598811     2.609216218023
Au     2.023990513662     6.646215796596     5.088627823497
Au     8.474628679549     3.006250114796     0.950205217211
Au     8.589745462656     4.453455512868     3.500787984031
Au     5.909717300430     4.790828460488     0.878968997907
Au     6.001094239592     6.174237893473     3.240042799634
Au     3.319893625688     5.869946641906     0.696641203445
Au     3.391047683334     7.095651226012     3.058376397691
Au    -3.704189583957     3.609175578110     0.923647394684
Au    -3.410058644747     4.786569679147     3.137282792275
Au    -2.840890459199     5.948682663903     5.822981120716
Au    -5.469522240575     1.718283309998     1.833923140488
Au    -5.214961282010     2.846841486518     4.200499073597
Au    -4.599961997560     4.359073705276     7.042187296491
Au    -7.346040632843    -0.214675030707     2.516776423070
Au    -7.154485319224     1.108268318122     5.298470310489
Au    -6.623797260992     2.433023346480     7.614360056560
Au    -9.222217966318    -2.001170806960     3.925431948751
Au    -9.086246359660    -0.891133937351     6.550758535393
Au    -8.634956118677     1.225044949931     9.258103514257
Au    -6.170752260555     4.411956278825     2.066613329429
Au    -5.416836971304     5.662456903272     4.656633674518
Au    -7.857699311884     2.624477754269     3.067583673653
Au    -7.320817495700     3.872598799871     5.540417580727
Au    -9.482955452032     0.500088254947     3.625408741168
Au    -9.145850678647     1.820516369760     6.769974719711
Au    -9.369670654349    -6.400654358124     5.768398580082
Au    -9.225893929769    -5.270311398480     8.243413473299
Au    -9.388067520850    -3.805690548053    10.622749402806
