         216
 AuNiAgCu    E (eV) =  -774.889160       T (K) =   550.000000       time (ns) =   1.48000002    
Au    -3.064880254253   -18.876533605394    21.642020310433
Au    -1.363472271928   -16.756671469561    21.480676160350
Au     0.522808411451   -15.235879759148    19.770022047056
Au     1.905342653524   -13.684596553111    17.988956092864
Au     3.252802602156   -12.044286062309    16.077503497022
Au     4.358553423090   -10.008299320435    13.859708514654
Au     5.982487660699    -8.390049367794    11.984432643882
Au     4.418779707150    -5.926644515719    10.068336280260
Au     7.901000377512   -13.372915074273    26.062723739859
Au     9.380270008707   -11.356916348496    24.170261964420
Au    10.913794908947    -9.857115136446    22.238694000515
Au    11.822188763497    -8.271084416961    20.452991355638
Au    -1.515990831870    -6.790532192773    24.771886949713
Au    -0.385513435627    -5.122901927560    23.143537651239
Au     1.011541394115    -3.664993845027    21.217652116914
Au     2.425111753347    -2.247846670498    19.382331753314
Au    -8.275453326294   -11.203172068818    17.091471905170
Au    -7.982850156946    -5.840808417071    17.524899836283
Au    -6.875912112861    -7.034341819127    15.305493665534
Au    -4.417927753017    -7.072015885713    11.406949245413
Au    -1.186888137788   -18.661527957521    23.540661499444
Au     0.852018646644   -18.107880727206    19.466427488108
Au     2.320331051427   -16.383624571424    17.803487402053
Au     3.492525996914   -14.572890489995    15.468912043614
Au     4.977665397324   -12.854751751858    13.815588718457
Au     6.105034110842   -11.073438214055    11.949997856973
Au     6.979687921856    -6.534214959258    10.171284985520
Au    -0.639498392759   -19.770688649431    21.197762576431
Au    -1.808552768813   -18.237623868466    19.262252860653
Au    -0.610001736516   -16.401255027466    17.656272751226
Au     0.761942317132   -14.695699543283    15.754580113610
Au     1.912450609827   -13.005777855190    13.897421679734
Au     3.291397220725   -11.390052379444    11.925295458713
Au     8.240393244823    -8.602089640895    10.265226946763
Au    -4.110300978442   -16.350889387509    22.403642909327
Au    -2.576970595158   -14.912338153900    20.142407396324
Au    -1.051214565626   -13.798067258067    18.029495752676
Au     0.382345395857   -11.997015912517    16.080800567817
Au     1.684101992985   -10.231278350846    14.298596343196
Au     3.373668115306    -8.023724165835    11.773992175715
Au     3.623518462852    -8.015669741937     8.913540075840
Au    -2.005157816524   -15.879159008093    24.084919860395
Au    -0.456800205512   -14.301266630981    22.541251649069
Au     0.621911009589   -12.406278492450    20.288395011452
Au     1.602258209059   -10.878229396924    18.258575263128
Au     3.260565676829    -9.149942579805    16.361577684781
Au     4.470337986085    -7.430550024706    14.377573248490
Au     5.787100918982    -5.568813263098    12.199947263805
Au     0.492390584074   -16.982684135688    24.352347143310
Au     2.003131706034   -15.653189277742    22.213100307536
Au     3.019561243189   -13.949043705341    20.399582127364
Au     4.460975713605   -12.486379109339    18.474535763890
Au     5.471145704590   -10.907697163132    16.406138472742
Au     6.801910947383    -9.059845036360    14.464337186122
Au     8.345987098300    -7.115057458786    12.532508675007
Au    -5.177885725933   -14.681964459689    20.742565284837
Au    -3.649779073325   -13.382871431165    18.371895894166
Au    -2.383631418344   -12.021618419712    16.269511344211
Au    -1.111535386948   -10.325754855209    13.928067308459
Au     0.036523334818    -8.337843910986    11.939149864909
Au     1.398006429393    -6.871157025029    10.184408368618
Au    -1.641443394897   -12.668481121430    24.637647891891
Au    -0.646138429759   -10.972102175096    22.411063738676
Au     0.716876381060    -9.257911444437    20.443201276886
Au     1.919007736761    -7.922827641036    18.458301137914
Au     3.299153856708    -5.947969000451    16.498152222020
Au     4.516996075340    -4.471760467875    14.570959696930
Au     2.874577279722   -15.924483602445    24.825692982855
Au     4.246987477915   -14.159994350695    22.986410342099
Au     5.579245230986   -12.646712863275    20.976942105708
Au     7.147027743880   -11.073329146415    19.232454552443
Au     8.186728044638    -9.663239524657    17.038408898788
Au     9.204200781990    -7.952916796027    14.959686331372
Au    -6.351068860282   -13.147729787630    18.422077808279
Au    -5.300766501710   -11.324589055221    16.564724987022
Au    -4.109661502976   -10.170635998623    14.360506811010
Au    -2.631766805166    -8.729641934799    12.451311810830
Au    -1.809357148412    -6.537126676239    10.534973450068
Au    -1.701697825415   -10.071583603063    24.686548147989
Au    -0.564317000078    -7.960768090774    22.644572266056
Au     0.573900408293    -6.454057600631    20.591919822824
Au     1.986549103283    -4.754554012182    18.634608216132
Au     3.536346111631    -3.264551070654    17.093094171643
Au     5.285319494633   -14.112062608653    25.757102691678
Au     6.657058628252   -12.865546859944    23.823963370253
Au     8.111645394250   -11.483039119875    21.913854448356
Au     9.519448854164    -9.898247540407    19.779936452167
Au    10.439124662435    -8.185357528449    17.773390387405
Au    -7.060176588745   -12.829756147968    15.513069148525
Au    -6.207458298125   -11.493612412204    13.263391315838
Au    -4.519527322406   -10.378512937219    11.415353807390
Au    -0.932140422941    -9.885559853364     9.952544043897
Au    -3.336731420315    -8.026785358206    23.166209627820
Au    -1.974377995737    -6.245127751647    20.884559389008
Au    -0.734086558822    -4.787610570471    18.679169973256
Au     0.667882673775    -3.066385166648    16.971110615994
Au     5.444638563553   -11.440616345696    26.328808232149
Au     6.764539092136   -10.145760999888    24.364172966627
Au     8.175290055287    -8.528358483058    21.876858754751
Au     9.441720683605    -6.807075623068    19.967596096929
Au    -4.965045838426    -9.145880220601    21.101502411306
Au    -3.664718644340    -7.569089669457    19.065380820247
Au    -2.294652457626    -6.169491048792    16.590653765689
Au    -1.041060392919    -4.474617293544    14.806170489317
Au     3.125725998123   -10.017372225928    25.703681429922
Au     4.562037836594    -8.352453322659    23.513760744376
Au     5.909870599254    -7.131675209868    21.510696468157
Au     6.938753621741    -5.687681950677    19.632345760713
Au     6.464452764203   -15.620535894634    23.812979219107
Au     7.892013111748   -14.203419116022    21.468335373843
Au     9.449630088140   -12.695569719260    19.449145029471
Au    10.501165602338   -11.014492349629    17.505447246897
Au    -6.600338135546   -10.384533485727    19.053471191361
Au    -5.117993652397    -8.639616469299    17.108034393001
Au    -4.136287476064    -7.273099536950    14.642204547422
Au    -2.570031950411    -5.589391334221    12.922163054806
Au     0.594750856247    -8.344082914521    25.231695804866
Au     2.188533995963    -7.003736120741    23.100015051242
Au     3.296067495245    -5.370199886698    21.270174880564
Au     4.772234880777    -3.945141980780    19.249387127944
Au    -5.732371821753   -15.631246780614    18.294456374157
Au    -4.730182283757   -14.121713193635    15.999700321603
Au    -3.531454644330   -12.765847384634    13.944459205051
Au    -2.173149203352   -11.555572835594    11.665717946033
Au     2.047819373034    -9.631681290089    10.129648040108
Au    -3.287999325589   -10.958101610164    22.889743498175
Au    -2.162337133525    -9.000318021142    20.751705986855
Au    -0.896671466876    -7.689674257203    18.695767060384
Au     0.487066247860    -6.168197961507    16.579623581560
Au     1.712266942676    -4.461307193588    14.973683273186
Au     3.004525963700   -12.835131285655    25.358669923172
Au     4.271546256595   -11.109566226603    23.553674165083
Au     5.754138098474    -9.973449648551    21.463212651429
Au     6.883822366025    -8.371836225361    19.388848009421
Au     8.134331637253    -6.918203744575    17.386195499790
Au     4.180235303331   -17.120517269392    22.974624998874
Au     5.448244719623   -15.617509993854    20.885029791003
Au     6.959519449327   -14.035600617387    19.085746785637
Au     8.155326060323   -12.229546222810    16.899354065473
Au     9.594489058636   -10.768765860166    14.890702967717
Au    -5.172101153147   -12.013865112186    20.827139797600
Au    -3.887067019962   -10.670266561101    18.823016827187
Au    -2.538621776859    -9.139173980839    16.601766230254
Au    -0.905141379022    -7.453381910571    14.378594552750
Au     0.190075390417    -5.670671937164    12.324413200809
Au     0.703242614409   -11.319563749077    25.379117052602
Au     1.818170071071    -9.896228740081    23.031447171027
Au     3.299315619612    -8.518577247220    20.831260317644
Au     4.187249685765    -6.693197530849    19.144887291022
Au     5.795553617589    -5.104381961235    16.974947344614
Au     1.519777024110   -18.210712886886    22.117885120885
Au     3.231190514934   -16.947549136897    20.173504720614
Au     4.618482824624   -15.072522564188    18.278690561120
Au     5.923551286045   -13.525798050541    16.400645583082
Au     7.278668838259   -11.619224395846    14.239318400464
Au     8.756461251137    -9.729848383877    12.588737468529
Au    -4.007750574418   -17.115842304723    19.869427194801
Au    -3.198512446682   -16.319515080915    17.440108277121
Au    -2.192831808354   -14.708560965755    15.598135352512
Au    -0.623688692991   -13.307036725880    13.674869577348
Au     0.514520774254   -11.514461030512    11.907149279646
Au     4.855685867397    -9.909590092609    10.126787090297
Au    -3.331012403584   -13.803942658916    22.630570122094
Au    -2.155332729122   -12.198287240533    20.468167511465
Au    -0.998863294439   -10.694964374559    18.525571276467
Au     0.293563308523    -9.003913546476    16.467435981470
Au     1.822624420765    -7.355844524608    14.221500509821
Au     2.825129873882    -5.389038624123    12.323858653347
Au     0.544259294001   -14.196751738809    24.956461537787
Au     1.665715344548   -12.648716430639    23.073073624852
Au     3.170210945460   -11.205155116015    21.049019034058
Au     4.335909138093    -9.636355425090    18.648428999982
Au     5.633748302521    -7.878782355374    16.904019827023
Au     7.048615648399    -6.306038984079    14.783458445163
Au    11.913365990579   -10.834699866733    19.788137925592
Au    10.378154276187   -12.711025214575    21.984565294796
Au     8.929443643884   -14.156578198754    23.777074622155
Au    10.681911242277    -7.055950463024    22.610073356289
Au     9.508317850033    -8.567475459844    24.481801898831
Au     8.221887725923   -10.554973699409    26.585592960983
Au     8.193774008899    -5.659240892151    22.203387025902
Au     7.199599602927    -7.317595820899    24.208260377700
Au     5.286222811891    -8.661674261071    26.231702626308
Au     6.194067402530    -4.020344149644    21.748457989143
Au     4.606374191126    -5.445096647153    23.636785740328
Au     3.097159620399    -6.751716337096    25.586971738231
Au     3.754033301608    -2.685785976477    21.625172232326
Au     2.115080538544    -4.236334594232    23.664039237385
Au     0.669334134865    -5.600670790234    25.475027835395
Au     9.268912778742    -5.845368873863    25.280379360388
Au     8.052680672492    -7.918427956275    26.590389966053
Au     7.204365919762    -4.407881886710    24.300906184281
Au     5.903456938738    -5.865992474825    26.160209695679
Au     4.900534805348    -2.900623918803    23.981755862977
Au     3.533716406649    -4.300329696203    25.979931098317
Au    -0.323966857981    -2.266207468134    19.286480970001
Au    -1.804117002553    -3.622676341960    21.269882837611
Au    -2.961753422823    -5.154447743695    23.126987963776
Au    -2.119359004957    -3.107472695073    16.854977387886
Au    -3.481566858795    -4.512572032214    18.983097207646
Au    -4.584099432909    -6.402058882776    21.398150462283
Au    -3.906136199395    -4.445911891595    15.125147159082
Au    -5.296289500734    -5.763847987067    17.311219812906
Au    -6.385666107271    -7.514057617733    19.302409548333
Au    -5.547459974888    -5.471392421247    13.287594550832
Au    -6.551869042065    -4.386328597508    15.636428186542
Au    -7.889758402000    -8.557752071322    17.194603793028
Au    -3.088694798102    -2.030883811689    19.683456224589
Au    -4.430021122177    -3.487213773210    21.651255940839
Au    -5.700641098434    -2.210481426777    19.520167358659
Au    -6.323898654442    -4.804713146131    19.720221983350
Au    -4.659330924214    -2.941806636842    17.357531093822
Au    -7.359209591974    -3.186054261878    17.810923258663
Au    -3.237388371799    -8.743393161677     9.795661182906
Au    -5.815935595395    -8.451838135018    13.140243784430
Au    -7.410489371665    -9.930986589250    14.998335635365
