         216
 AuNiAgCu    E (eV) =  -774.519104       T (K) =   550.000000       time (ns) =  0.980000019    
Au    -8.971321156371     0.403845784515    16.948648771616
Au    -8.637992988780    -1.839006937344    15.480941828662
Au    -7.527652956782    -3.961605508008    13.820877533386
Au    -6.887672084570    -6.187320169257    12.359410721002
Au    -6.582007981703    -8.670474623544    10.524845902889
Au    -5.212111346694   -10.642010095610     8.706539790589
Au    -4.134723168883   -12.724080086392     7.016587706627
Au    -5.874255218412   -14.318282793793     5.739483119489
Au    -0.378617720348    -6.409494845452    20.110381134237
Au     0.662111698186    -8.335249681866    18.506848952084
Au     1.232112165490   -10.463148127948    16.733583369747
Au     2.009634819841   -12.848738488731    15.193923349130
Au     0.823438129811     0.730561796036    11.223743077922
Au     1.557750946787    -1.374859752882     9.928452951392
Au     2.400294795722    -3.366387020220     8.407877412430
Au     2.984832039821    -5.423511894611     6.692759089160
Au    -8.917279306813     0.939203390753     5.867622135567
Au    -8.240039400639    -1.157900535323     3.910015418427
Au    -7.455056856051    -3.160622462157     2.243506106863
Au    -6.686279606440    -5.441877661507     0.920745094584
Au    -9.472730005514    -2.364317240265    17.932081175030
Au    -9.355187961900    -4.511353713512    16.504958805754
Au    -8.097447854621    -6.631058031353    15.009980388115
Au    -7.179031912652    -9.105586356680    13.058211803164
Au    -6.297516838048   -11.274325740249    11.296549995882
Au    -5.276434979270   -13.337480081386     9.915808688778
Au    -5.221676075570   -15.113978107809     8.064562899146
Au   -11.249465961359    -1.542537630658    16.183859798472
Au   -10.707907985357    -3.523383102684    14.530087583821
Au    -9.510216125639    -5.739197343871    13.069619273214
Au    -9.055154287342    -7.898133038365    11.293100256952
Au    -8.279824217796   -10.590151691957     9.562582428093
Au    -7.979570235734   -13.085414102288    10.184411515495
Au    -7.014588830229   -12.633279335576     7.848921025286
Au    -8.569616089989     0.713992155848    14.312355393986
Au    -8.314023780844    -1.578829796965    12.768942235638
Au    -7.695504699203    -3.534652934544    11.144180388301
Au    -6.987158697899    -6.183468864631     9.528504333898
Au    -6.260077962773    -8.114357101688     7.838572217652
Au    -5.174776363825   -10.612146013794     5.897006463014
Au    -4.082788124899   -12.791406028539     4.195079864945
Au    -6.422044648541     0.563992154878    15.980475877459
Au    -5.719953401731    -1.572606292061    14.405281301837
Au    -5.006949213189    -3.638211527731    12.375949990060
Au    -4.542246550505    -6.172213977107    10.748265840415
Au    -3.476239194425    -8.292887179705     8.948458597934
Au    -2.716687039778   -10.570956121506     7.468239802946
Au    -1.693351701577   -12.733625799487     5.973327733567
Au    -7.110825124033    -1.298470747169    17.809652897716
Au    -6.580940877415    -3.580225782619    16.339287411044
Au    -5.338465119355    -5.746703800450    14.569880304206
Au    -4.811769130060    -8.078178435634    13.069769856270
Au    -3.998006982940    -9.813574318546    10.969660906652
Au    -2.925470137612   -12.162421761193     9.571734972818
Au    -2.143282689945   -14.441542793115     8.324671148102
Au    -9.106460140177     0.740580641890    11.482231915663
Au    -8.415632436378    -1.188247129931     9.772231812328
Au    -7.745420469242    -3.653885189760     8.246591267053
Au    -6.936861614583    -5.671414382232     6.622601365920
Au    -5.906828472062    -7.965836801645     4.975590604522
Au    -5.362271641077   -10.519026868150     3.260576432427
Au    -4.034766101197     0.702627324418    14.479494940343
Au    -3.310536268821    -1.542311728940    12.836619792527
Au    -2.685188703352    -3.955207326665    11.071969717056
Au    -1.859132736906    -6.081055192156     9.130473817567
Au    -0.670386202067    -8.438317419249     7.360445691574
Au    -0.122488936657   -10.584776050745     5.859326173013
Au    -4.816672837967    -2.823190486920    18.458624995014
Au    -4.303112349823    -5.106034101230    17.155464297684
Au    -3.233789318910    -7.391336332557    15.386121524740
Au    -2.433066171106    -9.561387304025    13.570263092257
Au    -1.378369119922   -11.702327096533    12.012494537663
Au    -0.601189102869   -13.842994039178    10.507619544384
Au    -9.099381003053     1.069981093329     8.644052735388
Au    -8.471366365726    -1.347717075415     6.993625219746
Au    -7.573132436847    -3.316678652284     5.176972882664
Au    -6.777683565643    -5.692853105244     3.830244686540
Au    -5.951249699560    -8.104152645521     2.215299075778
Au    -1.623171636923     0.804691998469    12.790253217845
Au    -1.102947034269    -1.595667416320    11.472229534916
Au    -0.264841967783    -3.810206146955     9.659953031429
Au     0.651470872266    -5.930996830610     7.814191211288
Au     1.472440316037    -8.151783472043     6.056269405106
Au    -2.513178450115    -4.390463356965    19.537076422804
Au    -1.921385193747    -6.689430782937    17.734082624238
Au    -1.078162176901    -9.223591054897    16.231559719086
Au    -0.135537954215   -11.218696361586    14.542973628882
Au     0.796204905272   -13.310055006674    12.788805930108
Au   -10.894475006371    -0.668863279410     8.019901602502
Au   -10.305695694062    -3.298689219756     6.355820606047
Au    -9.403123299535    -5.588290097659     5.020482608538
Au    -8.645200941247    -7.305909708527     3.098932860310
Au    -1.797649165710     1.094849061266    10.048962197610
Au    -0.907621216223    -1.248475189589     8.341285143314
Au    -0.388508291884    -3.632894796118     6.750472015978
Au     1.062933318159    -5.928025653322     4.901016285547
Au    -0.274285479246    -4.510186099685    17.972332398638
Au     0.547855990560    -6.456966180141    16.145318539473
Au     1.513313174512    -8.805472571172    14.582561950187
Au     2.427747579533   -11.171186662964    12.966937280989
Au    -4.203315810702     1.277127863246     8.923232624286
Au    -3.457990718163    -1.104729315996     6.999409705094
Au    -2.655024062907    -3.384992936078     5.436114810383
Au    -1.997206969043    -5.531124619367     3.562921270988
Au    -0.004832961862    -2.711516745297    16.097187411430
Au     1.130544524945    -4.657490295447    14.415682501833
Au     1.768320873709    -7.081201923628    12.648241287937
Au     2.488838255263    -9.122242451405    10.970651448014
Au    -2.875599472274    -7.285348364363    20.301706518609
Au    -2.184496635838    -9.340330278260    18.838409463605
Au    -1.226814470318   -11.683037490066    17.310018288110
Au    -0.727579717782   -13.666062544884    15.530698913283
Au    -6.560673121359     1.299228661237     7.550679355740
Au    -5.969439355071    -0.820735757674     6.040265733422
Au    -5.238164967982    -3.149373621791     3.868575816585
Au    -4.496539272585    -5.120293212646     2.317148781120
Au     0.423924086734    -0.797815887248    13.627050835951
Au     1.112913337276    -3.018592464180    12.176905432704
Au     2.017775173322    -5.263299140744    10.393981555541
Au     2.892581645268    -7.519019537176     8.441339841234
Au   -11.179874603749    -1.038452047450    10.521379853626
Au   -10.417146575781    -3.155946750606     9.034407474792
Au    -9.615315329186    -5.644833475448     7.604256685780
Au    -8.609780609345    -7.862940315564     5.718759925708
Au    -7.862914998571    -9.799252691896     3.591336855910
Au    -4.040199165832     1.048594991795    11.675664114445
Au    -3.343738119351    -1.302650651879     9.959464118776
Au    -2.789940565773    -3.583648074599     8.187899593168
Au    -1.749446658295    -6.061050306140     6.328315882087
Au    -1.221095669830    -8.215412293078     4.588528742168
Au    -2.423277231156    -2.682265906460    17.476329913149
Au    -1.771417969635    -5.100996640557    15.668459587427
Au    -0.747261234217    -7.286151976857    13.993533607091
Au     0.058067224486    -9.333775352738    12.386030473121
Au     1.049806993059   -11.600784065787    10.611024185975
Au    -4.832644865233    -5.487117341772    19.678321957603
Au    -4.315224512488    -7.810466690403    18.124627430928
Au    -3.790899430534    -9.899064778058    15.885815335250
Au    -2.899271323615   -11.933900300457    14.578602978975
Au    -1.686184397804   -14.219041434896    13.008167290854
Au    -6.661638989957     1.072623506605    10.264563675597
Au    -5.964044518544    -1.156214199226     8.659366721543
Au    -5.250223020144    -3.361659125816     6.684609943647
Au    -4.193371438769    -5.639505060795     5.053772925740
Au    -3.582663619493    -7.954877527681     3.495369927963
Au    -2.020096762588    -0.690505762134    15.103154800741
Au    -1.422104088310    -3.422837322512    13.519270246764
Au    -0.380704992569    -5.545841766747    11.854859968925
Au     0.323113777859    -7.575955168407    10.152812357372
Au     1.226853220936    -9.819627429559     8.374995081851
Au    -7.150046994027    -3.808607108045    18.945196718921
Au    -6.669639154340    -6.194850606953    17.333505979286
Au    -5.948938217672    -8.089319933377    15.614513752727
Au    -5.466831637708   -10.831544148094    13.932820429225
Au    -3.842603527900   -12.529903800695    12.194089568562
Au    -3.120993193233   -14.998984403582    10.658640270276
Au   -10.592340651779    -0.916725698106    13.605140543747
Au   -10.269861718130    -3.352300906100    12.015909210581
Au    -9.492627759560    -5.424954650681    10.378873845594
Au    -8.758117860965    -8.075218202438     8.541148302689
Au    -7.671378928810   -10.124345143625     6.798235623094
Au    -6.926551572628   -12.386002585823     4.328224109960
Au    -6.337442829956     0.696321841590    13.143637821384
Au    -5.742564702582    -1.162167768887    11.342199518080
Au    -5.073203872950    -3.609760079385     9.716868592228
Au    -4.534122415943    -6.019482785476     7.851333249911
Au    -3.448215856222    -8.097818281034     6.191535014929
Au    -2.623932909663   -10.444297304212     4.518791159272
Au    -4.372833878663    -0.840916387117    16.784900899668
Au    -3.871411278114    -3.471571634771    15.103875695156
Au    -3.123522322241    -5.801581472570    13.180461729548
Au    -2.133355874936    -7.722800100754    11.374160101035
Au    -1.236666265427    -9.955391434210     9.675476246941
Au    -0.552790834399   -12.187912038253     8.291381653359
Au     0.971684568656   -13.183828886218    17.566655114467
Au     0.559444126031   -10.951736942837    19.271549161181
Au    -0.648725492405    -8.842577764501    20.929507428410
Au     3.714840512171   -10.608350473128    15.340385641984
Au     3.073614488232    -8.363266314270    17.082941819898
Au     2.061374160815    -6.233221042516    18.300664875222
Au     3.992599537130    -8.651488864737    13.304540372444
Au     3.222623845982    -6.401225293721    15.146467940999
Au     2.592625032212    -3.986483870693    16.713282898798
Au     4.154114933528    -6.611419250695    11.193707361742
Au     3.271493527758    -4.578500450421    13.058597422524
Au     2.614835268959    -2.204255535540    14.511023208126
Au     4.290186817009    -5.139944719148     9.022511144009
Au     3.885608098166    -2.930871271486    10.612936843326
Au     2.869175090388    -0.867123036413    12.204890010932
Au     5.273937243895    -8.406891662072    15.503797529274
Au     4.482355254020    -5.630176189073    17.560367321427
Au     5.416223486682    -6.111345317090    13.613765464919
Au     4.700452765629    -3.751668811221    15.203296400758
Au     5.759916675901    -4.478724075171    11.641094866112
Au     4.994505172229    -2.205190176565    12.888050550472
Au     1.889132690382    -2.991616568681     5.632905171985
Au     1.317648767049    -0.521556994998     6.966027797829
Au     0.301888574143     1.393228565922     8.503655114530
Au    -0.208575277861    -3.466684518511     3.786796484380
Au    -0.942037555843    -1.230762506546     5.621515550623
Au    -2.052620363139     1.057974520390     7.136825228129
Au    -2.479980441830    -3.162848897168     2.420179539440
Au    -3.700747501688    -0.949146868959     4.318266532748
Au    -4.602923802759     1.577237473051     5.855177802591
Au    -4.946747665430    -2.761148875938     1.261166781443
Au    -5.942422920330    -0.620031725294     2.409861587527
Au    -6.794937492374     1.130911212872     4.480905489776
Au     1.233824578979    -0.631955507291     4.364009816466
Au     0.022749429296     1.578250963647     5.606524150186
Au    -1.099945086140    -1.145502766419     2.998919785751
Au    -1.821026796724     1.223328598664     3.733793150510
Au    -3.197193324950    -0.473588358899     1.466331386213
Au    -4.201509256529     1.295829111437     3.111909485014
Au    -9.022826958245    -5.249985863138     1.702157710402
Au   -10.220225297572    -3.238236776637     3.772693417120
Au   -10.587279765711    -0.854647152143     5.179713380725
