         216
 AuNiAgCu    E (eV) =  -773.698608       T (K) =   550.000000       time (ns) =   1.16999996    
Au    -9.729127453945    -8.181656605859    25.497307555343
Au    -7.905619149871    -8.958192645183    23.588111648483
Au    -5.755647532040    -9.756958438407    22.027200723091
Au    -3.796881880761   -10.821027041184    20.376575526534
Au    -1.821084158684   -11.486169110196    18.618951312817
Au     0.212722067700   -12.407247254646    16.942069830654
Au     2.054197823196   -13.380521568888    15.107584136699
Au     3.923693432253   -14.486676026263    13.276452649686
Au     1.600283842552    -7.628777762239    28.563144875628
Au     3.116552365435    -8.832725344365    26.949927400349
Au     5.186559824422    -9.883499113517    25.287583602628
Au     7.254051603763   -10.876503257814    23.528904013628
Au    -2.366099226442    -0.648168526813    20.820760129079
Au    -0.325955479499    -1.398534338736    19.331477845715
Au     1.701800258416    -1.987387692920    17.084959599058
Au     3.713330930717    -3.150175052971    15.785923440012
Au   -10.528874519040    -5.378009333426    14.804472281514
Au    -7.166389932202    -2.053138567136    12.159375456678
Au    -6.927696978395    -4.572469069817    11.308505221672
Au    -4.736805174830    -8.467335460745     9.281768704437
Au    -8.545191463252   -10.419447698980    25.766237393868
Au    -6.773133214230   -11.496272266517    24.038475503605
Au    -4.319109234673   -11.956961215055    22.736355189592
Au    -2.694646459983   -13.243040891816    20.593754907741
Au    -0.348238511018   -14.193720275445    19.362353544364
Au     1.471945087424   -15.070675615490    17.460584117266
Au     2.874970219224   -16.092240570803    15.274262367567
Au   -10.456627301454   -10.055715465130    23.697204862466
Au    -8.702369759566   -11.313248914905    22.041625285615
Au    -6.711992463078   -11.828872499179    20.433915201141
Au    -4.489001790276   -12.609627982864    18.436919765509
Au    -2.367286542630   -13.512429239504    16.828346191810
Au    -0.478754136788   -14.416885652677    15.089519127036
Au     1.152687212255   -15.353253064731    13.400449774674
Au   -10.284382416927    -7.635700633409    22.437703232797
Au    -8.262356761714    -8.452423272966    20.689642716619
Au    -5.795873139890    -9.714430608516    19.353751001728
Au    -3.991425371599    -9.849561514188    17.406996865553
Au    -2.044797785935   -10.834868030804    15.541541765068
Au     0.104167215543   -11.816081897137    13.982098455019
Au     2.128235164890   -12.989561351700    12.231618620015
Au    -8.104158866107    -6.346733089316    24.260623454517
Au    -5.928052687275    -6.880749184457    22.811503358688
Au    -3.835695838308    -7.879957918836    20.854512428034
Au    -2.116258849042    -8.626374504093    19.212187493305
Au    -0.103517684690    -9.741938032391    17.446358368578
Au     2.282980930635   -10.553329532554    15.273372946424
Au     4.176596917936   -11.546600180237    13.464905630944
Au    -7.200357649579    -8.114894714393    26.112378838868
Au    -5.029173592261    -9.547230709792    24.453906943630
Au    -2.892802027859    -9.292382191393    22.918248759133
Au    -1.238647327957   -10.736854078621    21.401755382867
Au     0.862889200945   -11.681283911652    19.558812341633
Au     2.930601049477   -12.324051261190    17.545412050039
Au     4.590671882778   -13.387925915967    15.596271198056
Au   -10.269420442384    -6.755329669581    19.957048904976
Au    -8.349269716854    -7.543621533348    18.234210251944
Au    -6.400890756955    -8.523147221807    16.413493375423
Au    -4.227893434053    -9.726048575174    14.731649839416
Au    -2.096739026262   -10.621180512609    12.906304477173
Au    -0.349889830244   -11.491981754069    11.037041393595
Au    -6.409535228439    -4.282841332267    23.118657902449
Au    -4.152462083233    -5.283326093285    21.481433291461
Au    -2.040383131542    -5.871298688770    19.661020989841
Au    -0.132414951788    -6.855549803494    17.997596076702
Au     1.979093256236    -7.892699492819    15.888747142318
Au     3.903788618095    -8.907477259679    13.770676039414
Au    -4.859037467110    -8.655125561869    27.081000785169
Au    -2.663802191658    -8.722135067921    25.514632379666
Au    -0.324269047818    -9.720471248436    23.811513334813
Au     1.768182249389   -10.715425685216    21.838436560518
Au     3.578290173564   -11.532378398138    20.048832058424
Au     5.550316733656   -12.823613516338    18.107137000541
Au   -10.540752028591    -5.973775600762    17.356191784122
Au    -8.497425532233    -6.787000591704    15.599740794244
Au    -6.199962574556    -7.813475777702    13.820988613737
Au    -4.297385620445    -8.947902829634    12.011276625071
Au    -2.484147445156    -9.965061625023    10.023160104512
Au    -4.323761866212    -2.665658044101    21.946358866120
Au    -2.245834663210    -3.275490707095    20.337866837174
Au    -0.338939857947    -4.020765214323    18.362598924672
Au     1.768338148613    -4.956122503713    16.468830998344
Au     3.549147182391    -5.937473998926    14.825047255320
Au    -1.428489577370    -7.617889674146    27.792069565743
Au     0.461450577243    -8.871771394762    26.396112761650
Au     2.645042839612    -9.971343676532    24.340657717522
Au     4.540326262287   -10.981414365536    22.792788949821
Au     6.255991389122   -11.979576763176    20.903254742084
Au   -11.042600295036    -7.936067603292    15.638992556742
Au    -9.146855134708    -8.856395294202    13.587064324356
Au    -6.761129458595   -10.036237363291    11.780116156366
Au    -4.780493696236   -11.133072546602    10.193727726985
Au    -4.731845192809    -1.892028991836    19.463008276618
Au    -2.648121109590    -2.523980884064    17.789606002554
Au    -0.354047582772    -3.272039594105    15.405623932227
Au     1.557529895591    -4.526312058507    13.639030612239
Au     0.232347302899    -5.846119293240    26.903313138937
Au     2.351848480902    -6.863809647180    25.322289435161
Au     4.444248066216    -7.825985797244    23.558456977398
Au     6.411341390761    -9.158115557098    21.752402668759
Au    -6.500537159590    -2.950040487550    17.664772087666
Au    -4.628415000489    -3.810724150597    16.084825912752
Au    -2.437028132849    -4.728999772770    14.014641553538
Au    -0.643761155110    -5.768794731205    12.060481310558
Au    -0.429251677439    -4.147465090731    24.776849462011
Au     1.322052097223    -5.112247959981    22.884256294051
Au     3.497957831838    -6.013795948765    21.057844561167
Au     5.250142729716    -7.158658568000    19.173296351877
Au    -0.399887076622   -11.282334185860    28.494275269439
Au     1.635880360454   -11.290676903904    26.600540034098
Au     3.594578859130   -12.490236630359    25.171921187314
Au     5.268971839253   -13.622130228131    23.132697290343
Au    -8.838721419287    -3.936772201102    16.186560018712
Au    -6.545687137243    -5.037816536555    14.296483589233
Au    -4.562374335672    -5.978135557185    12.613625996693
Au    -2.887855856443    -7.122783008218    10.429744459484
Au    -1.252854440036    -2.220986637882    23.043774824339
Au     0.467248287658    -3.202119696713    21.116179483802
Au     2.558471360903    -3.997529593438    19.013012021460
Au     4.612088671582    -5.502276087884    17.157174387006
Au   -10.657038668101    -8.880211935777    18.226675030162
Au    -8.742762522494    -9.798389255920    16.367319153928
Au    -6.838414848622   -10.479158727669    14.543036488950
Au    -4.767583059601   -11.651087451691    12.879240245635
Au    -2.827700444584   -12.487387292773    11.123895905186
Au    -6.492675426149    -3.573893790191    20.681482425772
Au    -4.267157977249    -4.457011408359    18.907884820972
Au    -2.298661548877    -5.366579183650    16.551423967133
Au    -0.208636503944    -6.263492743019    14.854360138508
Au     1.507705874059    -7.513960515018    13.283373077141
Au    -2.454711176754    -5.500128720495    26.096378696318
Au    -0.641468961765    -6.841351605376    24.489113680260
Au     1.610709798844    -7.946138043686    22.914157742728
Au     3.636239800430    -8.838269969192    20.919284651295
Au     5.449264687959    -9.834583684682    19.306311142250
Au    -2.728527607204   -10.169229389696    28.070006077099
Au    -1.117595053907   -11.232528729125    25.829189226008
Au     0.857620482714   -12.082565644340    24.163081191644
Au     2.862577744327   -13.232546511829    22.301103598375
Au     4.757152166129   -14.070876940304    20.393608928039
Au    -8.219570879063    -4.883707737096    18.948983042194
Au    -6.353482124231    -5.715075724970    17.118747936296
Au    -4.333640398877    -6.823663026566    15.536075167648
Au    -2.310727413446    -7.747941319316    13.447257236870
Au    -0.544128517515    -8.669533116086    11.464811290391
Au    -3.172642334185    -3.929919673826    23.930009593320
Au    -1.417539902117    -5.114577564113    22.280322247419
Au     0.751734813500    -5.919432050669    20.289512781801
Au     2.611112943036    -6.989197052878    18.330939687631
Au     4.689829358855    -8.125963642662    16.581120803919
Au    -6.169618968095   -10.886731947224    26.689589709227
Au    -3.590881132460   -11.399007274158    25.913347307543
Au    -1.967843523351   -12.536280060184    23.827089779740
Au    -0.010637227960   -13.282115065199    21.811913483120
Au     2.116366050781   -14.066954680836    19.799192284844
Au     4.017561880223   -14.983220665852    17.882896109978
Au   -10.620523644621    -9.656028006102    20.848582376633
Au    -8.574088081167   -10.709617744820    19.226653206412
Au    -6.739040040667   -11.294683422865    17.375147111394
Au    -4.889300219387   -12.010243385937    15.809916089149
Au    -2.793034354277   -13.061918840952    14.286767986895
Au    -0.858492601839   -13.618285712575    12.468130460137
Au    -8.419188665574    -5.599324877049    21.692011580504
Au    -6.288750438424    -6.365145368269    19.944502265325
Au    -4.087507320129    -7.147196428461    18.197752384786
Au    -2.062229673829    -8.195110600629    16.195867070607
Au    -0.214739851928    -9.247032149050    14.404098369985
Au     1.736517081527   -10.250622211540    12.317005743562
Au    -4.982342417501    -5.582263469013    25.335741089146
Au    -3.354494644170    -6.666802114072    23.645913364448
Au    -0.840851558621    -7.861532172482    21.826422926029
Au     0.666337638179    -8.753950104584    19.695344071707
Au     2.772866501857    -9.679431601561    18.077130038439
Au     4.890042312077   -10.769984282901    15.991667810720
Au     6.102838090953   -12.300623522492    25.371283738970
Au     4.239012513987   -11.394448910896    27.370168899766
Au     2.358598928236   -10.334020380778    29.015337910565
Au     6.989376797395    -7.964982923768    24.207575073143
Au     5.015329412187    -6.936501292836    26.132128023673
Au     3.137929152258    -5.489260077288    27.507150408969
Au     6.074097442863    -6.386240653237    22.023055569407
Au     4.001981648219    -5.074548710556    23.652670515206
Au     2.173881786047    -4.081992151484    25.510727339553
Au     5.325089956251    -4.517824181013    20.076912194159
Au     3.157406303641    -3.310928513311    21.704043036158
Au     1.362666658221    -2.179424058855    23.743639321916
Au     4.228683682082    -2.220529526952    18.303058195787
Au     2.288863653745    -1.308419757693    20.123265183580
Au     0.174565282269    -0.425589321090    21.876858874833
Au     6.479739896622    -5.401757934132    24.861465926908
Au     4.810666915983    -3.982991409469    26.031762750007
Au     5.857449204698    -3.587525718749    22.605076177392
Au     4.021797922147    -2.245678760037    24.162306613515
Au     5.046590349844    -1.791155291913    20.699399384642
Au     3.296874007993    -0.499003154811    22.265753748111
Au     1.611380700847    -1.909772449249    14.408757279950
Au    -0.571091753327    -0.556527986492    16.715600459646
Au    -2.836049542116     0.070154445866    18.295841846958
Au    -0.583545924129    -3.023295937923    12.820958162377
Au    -2.839825155186    -1.903603178258    14.550682011908
Au    -4.640815976135    -1.051917758757    16.506460817401
Au    -2.869329904916    -4.486668504828    11.355073583129
Au    -4.922613571168    -3.283555970786    13.104646288662
Au    -6.887679530652    -2.161213209443    15.210114816221
Au    -5.040490634099    -5.636799727138     9.794880641682
Au    -4.980441488897    -2.942695140603    10.394179324563
Au    -8.676977158038    -3.593413100227    13.689339424183
Au    -0.720247754104    -0.318324140829    14.032826720753
Au    -2.812517447287     0.550772924213    15.460146375139
Au    -3.329827606135     0.716252700121    12.723971691816
Au    -5.428758770122    -0.335273952801    14.036929578812
Au    -2.800922441175    -1.690783464079    11.739168680029
Au    -5.026808640826    -0.348033116697    11.278427166124
Au    -6.791366215006    -7.335968301743    10.752078151608
Au    -9.022161804488    -8.218198112897    11.090336327890
Au    -8.536099377870    -6.369039874518    12.895274600734
