         216
 AuNiAgCu    E (eV) =  -772.500793       T (K) =   550.000000       time (ns) =   1.86000001    
Au    -3.062845575794   -12.558692161258    27.426463012245
Au    -1.361748312521    -9.621084623176    26.154836337348
Au    -0.135363834985    -9.137154046756    23.722122024578
Au     1.208152163180    -8.752277261847    21.028111420434
Au     2.363809368097    -7.765446655628    18.533701050377
Au     3.172603383416    -7.396563906111    15.800649388152
Au     4.367093390910    -7.011885796469    13.375781579045
Au     3.451774343953    -9.261683967141    11.880916335526
Au     4.988170708929    -0.698603029610    26.562172834004
Au     6.846618745339    -1.498995750360    24.829485075491
Au     7.873231325838    -0.367276974630    21.882551381248
Au     8.663176077620    -0.179684827816    19.412934960801
Au    -5.084582999036    -0.548062688132    22.832316872239
Au    -4.093718207928    -0.230930331493    20.308561276660
Au    -3.237308332780     0.326085442094    17.778100966831
Au    -2.124389640537     0.756357477675    15.234422196761
Au    -8.912348500438   -10.250132144297    19.388510521725
Au   -10.189890349225    -6.133197710442    16.289422711077
Au    -8.337521134283    -8.104704733401    15.424909164881
Au    -5.329214200670    -9.586371624297    11.749675238730
Au    -2.410616744908   -10.273059490936    28.456965678515
Au     0.748807725708   -11.354891836411    25.141763350135
Au     1.903362675696   -11.059728951099    22.433007725240
Au     2.738775243084   -10.619326283227    19.714733941241
Au     3.713666213622    -9.620460811182    17.461714726722
Au     5.995944165571    -4.607558179836    13.095020245146
Au     5.441578858102    -6.378666813884    10.726920402203
Au    -0.578657459967   -11.907224737170    27.632044780427
Au    -1.771245339325   -12.249949847348    25.126097887873
Au    -0.807709322910   -11.720792327555    22.563572051817
Au     0.342877492577   -11.677629750467    19.721648948045
Au     1.023287718520   -10.708163525157    17.098249466743
Au     2.622328060198    -9.791903518005    14.592824854181
Au     7.663614555708    -6.562569297248    11.920319885557
Au    -4.377462770472    -9.833551099409    26.562958208166
Au    -3.158529343113   -10.131408003917    23.923536550352
Au    -1.987005313834    -9.475137561263    21.530617309630
Au    -0.420017181553    -9.032028281269    18.896548593517
Au     0.622869944658    -8.332633389748    16.025364539017
Au     1.604341252136    -7.507263504747    13.287934381313
Au     4.995596336643    -9.066880970890    14.921257417384
Au    -3.206208837886    -7.357833320766    27.318094889869
Au    -2.453312235246    -7.220877505792    24.899198344259
Au    -0.573366167879    -6.698877769656    22.367829701303
Au     0.406575659520    -6.412263880753    19.916739736432
Au     1.556952974356    -5.483275907498    16.991772004488
Au     2.777079821199    -5.024378434178    14.189409191722
Au     6.166988841095    -8.708460604151    12.470289715180
Au    -0.924319189017    -8.014020934097    28.247884126119
Au     0.694252934951    -7.830266538468    25.789802831241
Au     1.937286839616    -7.130898135121    23.236512546901
Au     3.169057519929    -6.298823443781    20.720306263679
Au     4.169111846148    -5.749163641935    18.128985203763
Au     5.203182589269    -5.284943368879    15.476132669694
Au     2.792412433832    -6.817729388981    10.780545763458
Au    -5.987330652524    -9.976888747361    24.365468704730
Au    -4.721142381450   -10.155720132392    21.608221702735
Au    -3.220152328769    -9.473819641148    18.819021040127
Au    -2.146863325988    -8.937120583410    16.355996121488
Au    -0.928099774667    -8.444794047115    13.757202850763
Au     0.112011577373    -7.856845888152    11.153555013416
Au    -3.550664596007    -5.082522716373    26.155930130822
Au    -2.581349835578    -4.780096955660    23.341759678170
Au    -1.317134359270    -4.390957044328    20.868432822746
Au    -0.334502881535    -3.801916565274    18.258422587800
Au     0.526371798265    -3.035329957205    15.647417264920
Au     1.713071500956    -2.791307723306    13.010353856106
Au     1.617572824174    -6.375627013885    27.662919105696
Au     2.470029219856    -5.218983351150    25.444593041478
Au     4.156872805685    -4.577241334721    22.761959490945
Au     5.218050888862    -4.136803898142    20.249861928273
Au     5.924469975667    -3.294147317371    17.609181119906
Au     6.740864616579    -3.106410995282    15.408046790638
Au    -7.428220000562   -10.242428025549    21.710047918536
Au    -6.176645100394   -10.457016650752    19.336657648214
Au    -5.007293570794    -9.541463191655    16.611392114520
Au    -3.725682229130    -9.255026668977    14.181309955585
Au    -2.578185137344    -8.754419597338    11.427947860180
Au    -4.359587816077    -2.558870826859    24.422762997298
Au    -3.258763251620    -2.304528190465    21.843914443606
Au    -2.262727796563    -2.082304733379    19.286584142490
Au    -1.110912805373    -1.307169698037    16.660703453334
Au     0.152380804559    -0.910243524065    14.039868333284
Au     3.368064056805    -3.694766307462    27.296720040315
Au     4.816743935511    -3.258320815578    25.044256827458
Au     5.989405589658    -2.374166943387    22.571012363209
Au     6.731114743416    -2.042206442908    20.035067056840
Au     8.056637334447    -1.653338919770    17.496373719795
Au    -8.033516396695   -12.572023725264    20.601846557959
Au    -7.032946698471   -12.760272984756    18.091551582752
Au    -6.098174984889   -12.245371350671    15.712265786310
Au    -1.992850305347   -11.190256457290    12.894449615829
Au    -5.710915113885    -3.140667551776    22.248934212009
Au    -5.063784042355    -2.678440773573    19.507849298911
Au    -4.127314094773    -2.268098898919    16.938352934110
Au    -2.671955260266    -1.696420082455    14.495390686515
Au     2.530715241364    -1.313317282384    26.625497847699
Au     3.815081691641    -0.973432241934    23.974794161389
Au     4.839366495273    -0.033305857239    21.348113277487
Au     6.176048757620     0.136257921373    18.422692686361
Au    -6.968844372082    -5.514661852903    21.414473011964
Au    -5.906408536039    -5.223874686623    18.712497106766
Au    -4.782536850091    -4.669102742055    15.896098417034
Au    -3.509461919237    -4.277866620993    13.516714250017
Au    -0.248807284178    -1.046984569598    25.562832734483
Au     1.061493843140    -0.634059629275    22.908666886520
Au     2.216938393506     0.168025743269    20.325630313873
Au     3.385045835079     0.727510545546    17.482991139012
Au     5.406990811752    -5.491259126566    26.235521486120
Au     6.691987715282    -4.924706891980    23.906982005458
Au     7.840944754632    -4.350071618949    21.433902470593
Au     8.672003866636    -4.090893060975    18.862297714107
Au    -8.236798209412    -7.492101880596    20.420886620627
Au    -6.847909723654    -7.900698877061    18.197282925832
Au    -5.416527346496    -7.399993198446    15.102010764199
Au    -4.456095687421    -7.135012687184    12.601490222685
Au    -2.451424891830    -0.768481782850    24.267350205183
Au    -1.251076644299    -0.539715890676    21.328374640069
Au    -0.202580027956     0.301732815645    18.905376028113
Au     0.652921702952     0.920019118627    16.388903456832
Au    -6.028789295686   -12.331491562077    23.003425419725
Au    -5.492187347109   -13.097836764282    20.380281388481
Au    -4.237096783870   -12.132026304664    17.583172614513
Au    -2.840206362790   -11.723532557645    15.456999513631
Au     1.113087620720   -10.154901376130    12.424992093854
Au    -5.195588950493    -5.366826550249    23.774145437667
Au    -4.131038743068    -4.989406239348    21.143243718875
Au    -3.154060163841    -4.611344581539    18.627167124684
Au    -2.048990086268    -4.032757876984    16.102529103001
Au    -0.991397965991    -3.349473468185    13.228880594170
Au     0.680947296527    -3.365204017741    27.222515126714
Au     1.739633027320    -2.934295699434    24.367699364977
Au     3.171589006357    -2.522266993224    21.665051353520
Au     4.048712364783    -1.620312580254    19.261162315929
Au     5.196918617420    -1.016223768334    16.084688253225
Au     3.508243962640    -7.519777111027    26.138903991117
Au     4.669574534374    -7.218907688323    23.843437308870
Au     5.866847437774    -6.485982693186    21.643972512767
Au     6.977772184285    -6.122573626893    19.062905523627
Au     7.541730771474    -5.370117201138    16.789722533782
Au    -6.428523575751    -7.975421656460    22.631112403052
Au    -5.279581285621    -7.725139758641    20.193592012793
Au    -4.079431209191    -7.014698185507    17.560179056948
Au    -2.798880261722    -6.468075616653    14.849492646833
Au    -1.884274741456    -6.162004949384    12.077032702457
Au    -1.829565554673    -3.140321774879    25.670690498752
Au    -0.674423439572    -2.707112046884    22.943488562340
Au     0.781496549407    -2.229147417948    20.311262739036
Au     1.608564010134    -1.505032986819    17.566702713183
Au     2.781441842217    -0.831767932628    15.229048545648
Au     1.282476892260    -9.660386635182    27.440217967006
Au     2.594738285563    -9.328112122808    24.589010335761
Au     3.664418629649    -8.889098737899    21.996110360329
Au     4.845721628906    -7.936911588075    19.495886219814
Au     6.083581116684    -7.797713493725    17.119042336584
Au     3.894639315447    -4.182160618302    11.610063355140
Au    -4.536785997654   -12.179149798676    25.295308757951
Au    -3.228115073431   -12.500058568911    22.628098739057
Au    -2.669577712609   -11.979359982056    20.052111773198
Au    -1.526474091215   -11.340507836441    17.755487034441
Au    -0.258784504821   -10.738663277535    14.903147201332
Au     6.859303438740    -7.269434281530    14.342023071864
Au    -5.167011488463    -7.634976226257    25.114931573816
Au    -3.689754236933    -7.594054333686    22.583090165615
Au    -2.418313546662    -7.045437374035    20.115167281364
Au    -0.937313648354    -6.459195818973    17.156391941648
Au    -0.202832444920    -5.575836705534    14.731409741267
Au     0.891357445215    -5.256428724574    12.046890559848
Au    -0.852065612098    -5.607203902313    27.053299277586
Au    -0.096589677674    -5.081064470557    24.529217596449
Au     1.341380235363    -4.548785316559    22.069666754863
Au     2.474935771079    -3.878324098227    19.029832997723
Au     3.338712146139    -3.407061714221    16.202001094412
Au     4.170688930124    -2.806609064459    13.884429737225
Au     9.694185185433    -2.751369698349    20.838015411585
Au     8.647969965934    -2.952020441201    23.596400420093
Au     7.678214415303    -3.847723295129    26.127082693386
Au     6.796908401937     1.790116726568    20.617756479439
Au     6.185300211555     0.911478242663    23.496505518846
Au     4.362299298008     1.422566794232    25.272722654216
Au     4.194547018741     2.182783760845    19.839987377442
Au     3.044686093300     1.541675461276    22.614538782258
Au     1.729562142045     1.282827069107    24.993879645781
Au     1.197660306222     2.350835741615    18.595462542952
Au     0.307755102668     1.752282569608    21.200811097427
Au    -0.945384901903     1.407798041225    23.936149483960
Au    -1.179818940370     2.656244676610    17.290768571628
Au    -2.189184084167     1.905055472211    19.962272522677
Au    -3.004094633424     1.210255352546    22.348517599443
Au     5.016730096759     3.133037198630    22.079449157753
Au     3.523142077071     3.755281352183    24.128422800105
Au     2.497768241909     3.891445918336    21.092242604440
Au     0.850793579946     3.232954551856    23.472640770025
Au    -0.524403976423     4.145627407329    19.347297756379
Au    -1.501225206425     3.593143621721    21.832121189428
Au    -4.601207187791     0.083083991987    15.547066867348
Au    -5.887110227007    -0.371950530697    18.040412335544
Au    -6.693889937651    -0.825877986105    20.623460364442
Au    -5.340927643903    -2.325311030638    14.440764118655
Au    -6.872080855921    -3.147292197218    17.067864439134
Au    -7.765040178323    -3.332959221093    20.117305101053
Au    -6.271715748999    -5.202069660839    13.587293163130
Au    -7.509382059770    -5.577977889634    16.241340216960
Au    -8.890068750026    -5.608398715714    18.642188471781
Au    -7.168107590040    -7.513617261073    12.730762477577
Au    -8.832730685667    -5.705660201730    14.035993764656
Au    -9.503066201995    -8.279247577037    17.784819857914
Au    -7.679264258134    -0.985239409593    15.898684436199
Au    -9.548742457308    -5.120512722277    21.522596158866
Au    -8.628878511578    -1.538401025859    18.214404103768
Au   -10.130568931189    -3.687924584656    19.465846290053
Au    -7.899021472561    -3.218286210314    14.454722591464
Au    -9.596056998282    -3.569957148772    16.731376336811
Au    -4.780325969387   -11.593625186925    13.266698034115
Au    -6.645198968302    -9.816780243459    14.110318514017
Au    -7.851242563533   -10.458492761949    16.862895184263
