         216
 AuNiAgCu    E (eV) =  -773.933167       T (K) =   550.000000       time (ns) =   1.04999995    
Au    -9.686321324699    -1.785868563287    17.821104819576
Au    -8.592483515443    -3.566824892719    15.897637606022
Au    -7.429054229234    -5.366468759292    14.198974039410
Au    -6.377675399646    -7.452280670131    12.431443954838
Au    -5.353733805218    -9.636143989746    10.812046677543
Au    -4.278208019567   -11.333708968271     8.696292710222
Au    -2.831227511609   -13.219587432175     6.956685864909
Au    -2.001083485207   -15.301680041969     5.221271044714
Au    -0.434147662875    -8.048928873486    20.931223226941
Au     0.704382844614    -9.821668208197    19.039785101736
Au     1.553006470411   -11.830418824943    17.480838242827
Au     2.439839033697   -13.720556128957    15.398342703785
Au     0.619566595662    -0.154516791855    12.891831822335
Au     1.790078791019    -1.380257012203    10.744207986517
Au     2.718674078296    -3.530672621272     9.265904543982
Au     3.503267620157    -5.413200077731     7.541675109078
Au    -8.688305889001     0.862144718239     6.866077956271
Au    -7.862970199704    -1.185371256598     4.944772651074
Au    -6.830191936195    -3.096078982793     2.798052947464
Au    -5.321840032250    -5.259913479981     1.467725912578
Au    -9.804456809972    -5.021754860901    17.712837906098
Au    -8.454875488782    -7.135942723948    16.177914244819
Au    -7.967269794489    -8.825210414552    14.047415564325
Au    -6.509948767954   -10.623337654472    13.099029434902
Au    -5.127813012403   -12.287697813336    10.972289154747
Au    -4.318690222095   -14.019772112260     9.112017308866
Au    -3.376519606008   -15.944230843041     7.590029337269
Au   -11.214582744902    -2.998851000380    16.305364613068
Au   -10.123983678552    -5.227935963640    14.782355490108
Au    -9.320083011436    -6.850962539732    12.834871008379
Au    -8.030173227380    -8.726132316334    10.659128281749
Au    -7.109226903763   -10.501100801397     8.971981535072
Au    -5.968385470022   -12.707032577838     7.155597414289
Au    -4.480004471940   -14.597666474593     5.411498728077
Au    -9.755191346782    -1.082973802245    14.989119744765
Au    -8.594265391273    -2.871854987598    13.334635564104
Au    -7.580526144145    -4.823603206609    11.313075683461
Au    -6.581431407334    -6.766018222417     9.630854957121
Au    -5.340809497086    -8.608140380681     7.943644565526
Au    -3.600887200035   -10.737666501466     5.936220111992
Au    -2.843529558148   -12.715863961349     4.183649844241
Au    -7.323613542497    -1.223971819832    16.650011712773
Au    -6.072003763878    -3.172663251092    14.744328182766
Au    -5.012259215302    -4.950382722232    12.800360173861
Au    -3.894474963506    -7.224060897566    11.199652940808
Au    -2.849625997488    -9.020122741057     9.304156381926
Au    -1.263506925924   -10.809242230652     7.305871925130
Au    -0.078416253348   -12.748556115887     5.694612731504
Au    -7.681520069773    -3.424941142666    18.476518188845
Au    -6.703251416375    -5.541360497731    16.833014993478
Au    -5.375712360644    -7.475556902886    15.142179153774
Au    -4.129481167568    -9.040028178595    13.323772862882
Au    -2.894980130244   -10.963317056424    11.496211793070
Au    -1.656393603627   -12.780359589298     9.260842225772
Au    -0.683888026499   -14.822385987989     7.490574161705
Au    -9.520008591853    -0.414633411581    12.289914778916
Au    -8.670314308578    -2.234745495213    10.306619050028
Au    -7.392070200974    -4.235530220222     8.562094776829
Au    -6.147675644958    -5.950372600696     6.891059892623
Au    -4.990827261038    -8.263810286003     5.253185951662
Au    -3.860014381950    -9.937390503762     3.454897986805
Au    -4.796823905309    -0.449863664178    15.107379515210
Au    -3.893674155463    -2.344113867794    13.518351050056
Au    -2.455880690458    -4.756222062799    11.676594278979
Au    -1.239374788249    -6.613077691569     9.999360901306
Au     0.164567065411    -8.513407260660     7.785867436747
Au     1.296896556068   -10.529330197620     6.461621469875
Au    -5.306383877677    -4.786471752175    19.450498625171
Au    -4.221198262694    -6.797511873479    17.680219163942
Au    -2.984429858235    -8.775650003625    15.881863100033
Au    -1.641983604334   -10.687369305555    13.914873625983
Au    -0.581907890929   -12.390304258346    12.142799535922
Au     0.469808901479   -14.307786408992    10.314818590274
Au    -9.564944243372     0.160861245124     9.676817606897
Au    -8.244491527642    -1.513346328152     7.773731034105
Au    -7.164817443598    -3.897304654782     5.680227260948
Au    -6.008820017936    -5.827571702925     4.135386696019
Au    -4.671330198317    -7.601172086660     2.294879223103
Au    -2.303712783387    -0.417316791127    14.181244970968
Au    -1.162205712784    -1.971918363689    12.278689619109
Au     0.093723838698    -3.986096229965    10.556834027877
Au     1.223502504664    -6.052006394856     8.703673167959
Au     2.510171860787    -8.040826736102     6.837876304783
Au    -3.001852624602    -6.592189845931    20.170891909994
Au    -1.640142720125    -8.181933652712    18.294187206019
Au    -0.722027874016   -10.187384857165    16.623347310601
Au     0.412668232754   -12.163946806431    14.790813772215
Au     1.584707887477   -14.097957745308    12.725917451178
Au   -11.196478346640    -1.820388264002     8.080723249579
Au    -9.725026011438    -3.516385039032     6.147219207609
Au    -9.086252034984    -5.787740218734     4.568326575642
Au    -7.500089680436    -7.608183993397     2.523308301848
Au    -1.686328572574     0.777345530884    11.122782127568
Au    -0.767406416076    -1.335119121544     9.574336809218
Au     0.409381735970    -3.320150083315     8.080496029420
Au     1.453687026297    -5.269104660863     5.777589445413
Au    -0.228827847035    -5.767374708745    19.247517394881
Au     0.690977088937    -7.401665694223    17.409982623569
Au     1.829681166612    -9.629201530536    15.275236017491
Au     3.015721828435   -11.733984110591    13.440752712179
Au    -4.093989370946     0.462656263119    10.012595958604
Au    -3.025114847384    -1.324529968895     8.020422491232
Au    -2.266780249654    -3.406627095652     6.243769777207
Au    -1.080781839564    -5.258784234302     4.607016986050
Au    -0.379474045105    -3.695316900921    17.104280126882
Au     0.632256167616    -5.400897466640    15.134878756624
Au     2.415794139085    -7.698736388601    13.170241292301
Au     3.447988873478    -9.661542467254    11.519294108691
Au    -3.117641920861    -9.018461574535    20.342548633975
Au    -2.004338970761   -11.269744748751    18.858952721842
Au    -0.720214190628   -13.341986193169    16.997313024110
Au     0.202356889464   -15.267371131068    15.091055108424
Au    -6.733639714056     0.844195656601     8.476961808683
Au    -5.504034891077    -1.345021612672     6.467281442314
Au    -4.660165158188    -3.249948170223     4.690817143477
Au    -2.942930233175    -5.203799050424     2.386093265528
Au    -0.003533303279    -1.753875047643    15.113378721285
Au     1.021526638772    -3.265179664583    13.152522263090
Au     2.672456751441    -5.581023413312    11.166330951613
Au     3.661547417388    -7.483282134219     9.421462806359
Au   -11.220399822060    -2.053290132452    10.859981226028
Au   -10.223133529514    -4.111718571523     8.852120614720
Au    -8.899754491610    -5.874930493466     7.117057683642
Au    -7.758422139128    -7.886583029299     5.155056137641
Au    -6.608568572165    -9.804040716677     3.364236766354
Au    -4.764041830567     0.019131751393    12.367671528421
Au    -3.468326282731    -2.138268046222    10.809114604319
Au    -2.129135828142    -3.964536410208     8.993788387743
Au    -1.017916138042    -5.757625340749     7.422410753443
Au     0.067949631033    -7.783324199519     5.280382668594
Au    -3.050134490872    -4.198336389089    18.257813664595
Au    -1.736675655640    -6.195346381264    16.358385125466
Au    -0.230056282583    -8.249376506978    14.295622649069
Au     0.659307995510   -10.078541595961    12.586674254455
Au     1.833270809921   -12.017101210860    10.803888902989
Au    -5.583131174095    -7.343849120196    20.073262529704
Au    -4.335065617224    -9.822192895731    17.941342350111
Au    -3.033791847879   -11.725289816834    16.153898144748
Au    -1.954031994649   -13.552349691769    14.421001760518
Au    -0.841326935096   -15.400514258417    12.470896304215
Au    -7.138126603678     0.011445291929    11.039378087761
Au    -5.789261406679    -1.565591779250     9.097613945654
Au    -4.677074674049    -3.789156563567     7.664833853983
Au    -3.547734962333    -5.934525471469     5.888843967946
Au    -2.208310832270    -7.737721000561     3.886656680946
Au    -2.677882622542    -2.382469375330    16.216204643159
Au    -1.340320192123    -3.922109008082    14.199267315273
Au    -0.051525586729    -6.103673532321    12.720108392746
Au     1.033392705701    -8.319258821905    10.803730628175
Au     2.335216523312   -10.003062818949     9.149212549057
Au    -7.938821123958    -5.760847145295    19.306630087677
Au    -6.600768583857    -8.106232448762    17.854186110636
Au    -5.523321213401   -10.437193720008    15.724791433423
Au    -4.305025390059   -11.943032786165    13.866084164849
Au    -2.940971123967   -13.777727980866    11.711834247409
Au    -1.858516992725   -15.452442253055     9.749281010171
Au   -11.309937774727    -2.859664514895    13.654545037977
Au   -10.322514039636    -4.564292973415    11.652467069552
Au    -9.346864135436    -6.410584328329     9.905961708634
Au    -8.089293940725    -8.266604595003     7.862649216628
Au    -6.575522639969   -10.435345060083     6.076919464788
Au    -5.343449330416   -12.170251713859     4.673301173062
Au    -7.060133619070    -0.487095628270    13.956531808403
Au    -6.234961627797    -2.566402259386    11.866863371421
Au    -4.808725438547    -4.568974697950    10.188011340925
Au    -3.601128564103    -6.372123342951     8.578746697830
Au    -2.615910318399    -8.285257622294     6.471819796594
Au    -1.200922958853   -10.120862622487     4.616588650423
Au    -5.029448711356    -2.493357642884    17.340950774629
Au    -4.122122813164    -4.808666972550    15.732504451433
Au    -2.915531219691    -6.417623329524    13.883319897995
Au    -1.699939675500    -8.427676655211    11.921493092066
Au    -0.535956226308   -10.332819679339    10.027221470654
Au     0.869300175527   -12.415262968618     8.352761359742
Au     1.414104646840   -14.620867991185    17.697156645119
Au     0.665028768844   -12.367529758601    19.775378759753
Au    -0.801957588733   -10.546493769616    21.107476575986
Au     3.745197098032   -11.632283254914    15.993955665920
Au     3.101678806694    -9.305971179151    17.556258166867
Au     2.021961695851    -7.050229038675    19.804984154404
Au     4.573257726872    -9.385171783838    14.164085086259
Au     2.999290404473    -6.978843878097    15.795956613621
Au     2.218606061634    -5.150795184940    17.802515711502
Au     4.845860200897    -7.338089063591    11.938170931558
Au     3.129407008024    -4.970807596235    13.968920543800
Au     2.125065729325    -3.083709616145    15.805630283470
Au     5.066245430118    -5.252561856243    10.209398785294
Au     3.750341398195    -3.314094211777    12.077653975403
Au     2.877859341068    -1.407797764112    13.729887193342
Au     5.274482413896    -8.148022414091    16.644479954963
Au     4.260199251112    -6.631674409598    18.685985446210
Au     5.433491258163    -6.695064730338    14.420233408476
Au     4.754148811310    -5.266808167169    16.489190471293
Au     5.944721390226    -4.755905365512    12.574953775996
Au     4.844301754155    -3.114966708871    14.422926762088
Au     2.655016460027    -2.961758879995     6.615199063458
Au     1.969639428395    -0.808262374685     8.153937521197
Au     0.648517474747     1.014175077626    10.097407210865
Au     0.300576231713    -2.947228795284     5.221246735087
Au    -0.578581031866    -0.831341850929     6.906828951388
Au    -1.424564955250     1.343768259149     8.580225173604
Au    -1.945415210052    -2.838328563848     3.489053335049
Au    -2.799702328352    -0.862334650325     5.150270351499
Au    -3.976767719463     0.990270604455     7.023202553234
Au    -4.158277011404    -2.739989069903     2.024771488171
Au    -5.491753964714    -0.709631713134     3.794720442150
Au    -6.379687518841     1.184968742134     5.546988344071
Au     1.836896373806    -0.784393358570     5.353281119754
Au     0.722667832463     1.411172690223     7.194917527834
Au    -0.506599400217    -0.636013347363     3.984885253867
Au    -1.544648910023     1.610394933184     5.712760619497
Au    -3.083189342155    -0.275128777254     2.455100074628
Au    -3.815676692584     1.497207333711     4.451814760359
Au    -7.960352940865    -5.255212520308     1.955345026498
Au    -9.397773329106    -3.130020036246     3.592456578261
Au   -10.413907852708    -1.027916853787     5.751913894678
