         216
 AuNiAgCu    E (eV) =  -774.484558       T (K) =   550.000000       time (ns) =  0.889999986    
Au    -7.165599689300     4.124176403301    11.359978344845
Au    -6.947337219351     1.359228863844    10.502905919780
Au    -6.712145801392    -1.541858476819    10.123592325815
Au    -6.426541642472    -4.340668219806     9.811405386157
Au    -5.675677033914    -7.408852512289     9.121336514124
Au    -5.854539220342    -9.994088119341     8.771997323833
Au    -5.458950552629   -12.840061437202     8.121364453651
Au    -5.340712245236   -15.473630364042     7.533062412653
Au     1.356204255735    -1.674958130309    15.740040281105
Au     1.968820350259    -4.466533443024    15.910538328534
Au     1.792062011953    -7.289652383302    15.238200874460
Au     2.375114845871   -10.184370003844    15.081726458379
Au     1.831391763265    -0.282212614463     4.737644140342
Au     1.950060003071    -2.970843691152     4.686586016645
Au     2.192416235058    -5.717130706986     4.098489442869
Au     2.409313100042    -8.377024316717     3.595181271422
Au    -8.218147382587    -0.769262050147     0.595534924336
Au    -8.551941072193    -3.039204393030    -0.491540991564
Au    -8.311688352149    -6.180441618518    -0.156266600438
Au    -8.739332389630    -8.939540043426    -0.415030146131
Au    -7.765581494690     2.207952149230    13.088477323624
Au    -7.807700415327    -0.399773709606    12.708811245515
Au    -7.399308624254    -3.144809054009    12.275849894290
Au    -7.042589507945    -6.242678289737    11.618318913366
Au    -6.747129158581    -8.969281222760    11.115583074288
Au    -6.219248010637   -12.079074613117    10.607738944735
Au    -5.861664746086   -14.740570194741    10.161130264215
Au    -9.271945637614     2.899347689403    10.733148385439
Au    -9.098693126640    -0.230483351299    10.310618553726
Au    -9.038976577366    -3.155235238701    10.101100583526
Au    -8.689317921730    -6.034660038768     9.549824266323
Au    -8.321169299650    -8.800106606807     8.976053517066
Au    -8.034720105138   -11.643553046503     8.756770927971
Au    -7.734426200066   -14.440108401175     8.018482131636
Au    -7.635082725772     3.086434719159     8.468003379967
Au    -7.761136281559     0.563658638313     7.871971762014
Au    -7.508996928232    -2.401345620964     7.728624849253
Au    -6.870607842854    -5.279597663509     7.414678414653
Au    -6.525701379745    -8.288114825596     6.769773843966
Au    -6.238031891214   -11.032583630865     6.328919782245
Au    -6.193147344791   -13.871549869881     5.573298114854
Au    -5.176974942453     2.911606316026     9.412017224178
Au    -4.830741906758     0.278415916515     9.372696625511
Au    -4.486321397550    -2.803675462837     8.557655287796
Au    -4.029481574607    -5.533822599718     8.197306191178
Au    -3.591322912623    -8.510381455593     7.777446353351
Au    -3.257572035284   -11.068627711781     7.287318897191
Au    -3.531087734874   -13.906046079961     6.539742096717
Au    -5.175661390182     2.695271263264    12.296108614692
Au    -4.822754167118    -0.081246122059    12.032562566965
Au    -4.503650098077    -3.048975162909    11.489143725215
Au    -4.199394427237    -6.030728335089    11.159877683362
Au    -3.703449039933    -8.621620177165    10.610929735436
Au    -3.456336830735   -11.432482875057    10.208117065316
Au    -3.323656905915   -14.575171293269     9.456372140211
Au    -7.617772802918     1.823879010437     5.532522313649
Au    -7.891234336838    -1.019581733860     5.262311067426
Au    -7.810393863963    -3.663367940507     5.343238482261
Au    -7.354219226075    -6.569113063829     4.982948310583
Au    -7.127562771611    -9.492694823663     3.989017551962
Au    -7.092438764824   -12.240473402695     3.527524311160
Au    -2.588142988057     2.021957405719     7.605758356378
Au    -2.467937112969    -0.619824347830     7.499424366534
Au    -2.390438717162    -3.566006007172     6.887674069341
Au    -1.901199882618    -6.447320842304     6.521306937923
Au    -1.418926542189    -9.370273937263     6.130855553557
Au    -1.526949550113   -12.058693639284     5.616800907789
Au    -2.782573640740     1.135270741516    13.843661113972
Au    -2.962809640555    -1.572371615751    13.161750300752
Au    -2.551028529384    -4.131248257910    12.821483624885
Au    -2.298055928884    -7.484119998054    12.699897920350
Au    -1.684933500843   -10.104602190684    11.913595131612
Au    -1.310172772447   -12.918961539069    11.199169703660
Au    -7.748789105014     0.510890298863     3.001175628676
Au    -8.227754460548    -2.397073512423     2.656767693690
Au    -8.088963201710    -5.313628314590     2.567745887913
Au    -7.926877794153    -7.813932145093     1.983209542874
Au    -7.545220620878   -10.423461679802     1.443357410047
Au    -0.203116137591     0.721871994685     6.185306492977
Au    -0.350363181270    -1.872604362006     5.768799233409
Au    -0.231276298681    -4.789107830160     5.588662548152
Au     0.441735624414    -7.413050168568     5.154071964981
Au     0.571073849814   -10.173965779889     4.820527454760
Au    -0.915496975703    -0.571466017042    14.801874728323
Au    -0.621092476182    -3.364893251835    14.758151963685
Au    -0.457367529094    -6.099575240421    14.323246669573
Au     0.111206095079    -8.923707926700    13.812851685045
Au     0.400818337089   -11.618926506802    12.993209203407
Au   -10.262934463686    -0.655632596487     3.322194684168
Au   -10.596267418411    -3.790803580902     3.149406829058
Au   -10.773946318871    -6.660645531035     2.768920464615
Au   -10.132529255913    -9.376984067530     1.969587257862
Au    -0.649242452455     0.245821736657     3.366922474776
Au    -0.819300439732    -2.875805618585     3.262984454910
Au    -0.394981954789    -5.545656810181     3.023682034628
Au    -0.312371285420    -8.436137201732     2.662815577804
Au     1.429812966582    -1.220473804828    13.269454438264
Au     1.439406293735    -3.926872651808    13.026149274867
Au     1.890637204013    -6.899745528870    12.639670198037
Au     2.458917389327    -9.686026248616    12.458063513331
Au    -3.303478155874    -0.145947821367     2.494566546032
Au    -3.292503079867    -2.804502885061     2.149606494801
Au    -3.006700445532    -5.831674351777     1.774976782510
Au    -2.893797153909    -8.723979550703     1.528394511744
Au     1.142526561502    -0.916374296516    10.325333678762
Au     1.177371770515    -3.727994773443    10.049442523984
Au     1.945916398179    -6.513349426667     9.669460747011
Au     2.348331257045    -9.273330616283     9.346970484335
Au    -1.846398502466    -1.984498953885    16.759050948306
Au    -2.130953221022    -5.202973837273    16.597624902448
Au    -1.560608691966    -7.984420634890    15.735776675218
Au    -0.346742576566   -11.245721529077    15.552721486066
Au    -5.751307241511    -0.172237701199     1.553933071365
Au    -5.937632304916    -3.117401990231     1.214501517444
Au    -5.737670319007    -5.775352339203     0.784728810662
Au    -5.760361155497    -8.583030606914     0.556966770540
Au     1.751270875218    -0.534661863250     7.688352537955
Au     1.744653940658    -3.314111175457     7.535465913200
Au     2.002641010801    -5.929342196261     6.843540969745
Au     2.534599256923    -9.144430417209     6.471535792800
Au   -10.055008637041     0.816125915991     6.003916585731
Au   -10.309170563180    -2.252171896097     5.624854107912
Au    -9.812321181541    -5.555127579291     5.073939077102
Au    -9.717116473141    -8.659626812159     4.653619191943
Au    -9.476267151217   -11.195011398617     3.933261701166
Au    -2.813519457390     0.740654558873     5.154540987407
Au    -3.047162109441    -1.855406152427     4.710870184037
Au    -2.830485925993    -4.745333070767     4.374842132138
Au    -2.548488764334    -7.584646531258     4.031621727211
Au    -2.148881014153   -10.381201375409     3.727735342456
Au    -0.450475200665     0.375089095668    12.202843426129
Au    -0.658730647059    -2.268606222363    11.781882478021
Au    -0.304963707731    -5.741744659832    11.339443145668
Au     0.433988832184    -8.455268318440    11.045522561978
Au     0.474468084803   -11.279030178210    10.253472488563
Au    -3.906872872824    -0.509772322309    15.492947856906
Au    -3.524698995801    -3.312279882898    15.115225315506
Au    -3.515016246646    -6.245936853052    14.756165174214
Au    -3.233464525569    -9.506617108286    14.214383420458
Au    -2.273081316014   -12.016572810259    13.548396232994
Au    -5.400607140085     0.832217426230     4.318364944365
Au    -5.691012932920    -1.951404952164     3.706461420060
Au    -5.544501745473    -4.728972319506     3.606250409967
Au    -5.231858413251    -7.593932055190     2.861113839519
Au    -5.039534020718   -10.224840034869     2.672459431928
Au    -0.674561418412     0.719029710988     9.057748553229
Au    -0.528699544265    -2.068251957661     8.645410894484
Au    -0.331701268649    -4.945126637745     8.297303501421
Au     0.318331642880    -8.182347335206     7.943028428229
Au     0.425254921805   -10.823017680629     7.417647632154
Au    -6.201578578755     0.684864384525    14.457856811489
Au    -5.522686644820    -1.980383102410    13.876429033501
Au    -5.525293620573    -4.934699208812    13.231658377689
Au    -5.140563721212    -7.848167548651    13.146650110784
Au    -4.756225394788   -10.532153867400    12.370358463680
Au    -3.987444298808   -13.359843452111    11.812086165334
Au   -10.023120069046     1.659598588403     8.424849743513
Au   -10.043585061417    -1.430359784132     8.131922661376
Au    -9.570421757767    -4.291783596383     7.450569009365
Au    -8.991696201531    -7.076685659571     6.988465029273
Au    -8.695744513446   -10.025013630750     6.663905763350
Au    -8.565819545045   -12.757896646366     6.049020113731
Au    -5.204854855340     1.887217437219     6.826569003955
Au    -5.451250425350    -0.748773809722     6.631339634695
Au    -5.159373161375    -3.533941377537     5.904864344859
Au    -4.726289297307    -6.602864392570     5.472499553414
Au    -4.303955971037    -9.276914997553     5.207087880368
Au    -4.340583184820   -12.149305371075     4.520728828438
Au    -2.650924803016     1.462427980551    10.990165826061
Au    -2.690419532498    -1.158269846657    10.168071273725
Au    -2.312664936830    -4.159582878795    10.050626448440
Au    -1.729752760016    -7.064871404908     9.397696714009
Au    -1.494579454677    -9.813980117248     9.288276321146
Au    -1.552201918714   -12.535321638223     8.558736964473
Au     0.772976708200    -9.189041630058    16.663251907766
Au     0.229614767450    -6.334928923280    17.060747166024
Au     0.339114801565    -3.223520007684    17.469403874101
Au     4.077056909149    -8.118176158084    13.929215522260
Au     3.736283132447    -5.264153970286    14.217945318818
Au     3.583857266007    -2.762030934362    14.105281983445
Au     3.877175866950    -7.912195883814    10.879439782223
Au     3.740798708214    -5.142042937294    11.266132553438
Au     3.485432919717    -2.389257864892    11.266872248302
Au     4.081248334545    -7.624041834028     8.196287079851
Au     3.844243858389    -4.825308810442     8.578676035657
Au     4.065682843547    -2.018791748549     8.822889536568
Au     4.037233936277    -7.394487015272     5.395810685649
Au     4.112390660737    -4.477566687866     5.760640109343
Au     3.789299554855    -1.849413698809     6.301201374845
Au     5.737995783644    -6.328906887229    12.517651527901
Au     5.608898182907    -3.633652737871    12.683263352721
Au     5.980021134799    -6.336799097315     9.828430712110
Au     6.038620861300    -3.700543966135    10.102936608415
Au     5.667885833760    -6.051897558687     6.922775938942
Au     5.989111918163    -3.223610354028     7.108391994810
Au     1.674638745342    -6.568394685983     1.619163087431
Au     1.615634750080    -3.964155868882     2.122022935823
Au     1.297820012113    -1.223004229656     2.454342561750
Au    -0.930067024703    -6.689915348737     0.438255752354
Au    -1.083553079360    -4.024514886338     0.712153897011
Au    -1.062809745148    -0.706014432341     0.973179749795
Au    -3.547203114974    -6.808038404553    -0.679362525334
Au    -3.830405657253    -3.961316708691    -0.273455838292
Au    -3.695572760649    -1.134512688997     0.035065960228
Au    -6.178211396435    -6.936723657860    -1.612266736316
Au    -6.242906688641    -4.298088560970    -1.610350716828
Au    -6.077832823675    -1.642654511835    -1.183093357358
Au     0.993649390372    -4.926840054603    -0.465358637295
Au     0.924339278270    -2.447259783491    -0.046448647111
Au    -1.631200316391    -5.132154813088    -1.929801003848
Au    -1.725080890535    -2.205566352509    -1.405904384018
Au    -3.814063798170    -4.841885110065    -2.873507244251
Au    -4.012449116513    -2.222895004381    -2.539929648537
Au   -10.590360784161    -7.136808779927     0.360816632932
Au   -10.779573998246    -4.600481849449     0.715496436321
Au   -10.547786887280    -1.932635490122     1.081084524602
