         216
 AuNiAgCu    E (eV) =  -772.790405       T (K) =   550.000000       time (ns) =   1.66999996    
Au     3.482188692535   -18.135068682429    19.681818936121
Au     4.016305309070   -15.594442860432    20.816079932722
Au     5.721457955341   -13.129614205691    20.003403958815
Au     7.041222918235   -10.580690824100    18.987015451727
Au     8.397383070578    -8.172592977731    18.385799957057
Au     9.671887669211    -5.763715895730    17.106660558298
Au    11.191786110441    -3.296896270017    16.261923895104
Au    10.394088651492    -2.056137370875    14.249285757092
Au     6.878313990082    -9.783960392891    29.067585780016
Au     8.460308682658    -7.767998842037    28.247723887029
Au     9.865447859394    -5.323664770460    27.613240922758
Au    11.470251971365    -3.540809207596    26.718191619021
Au    -1.752635555928    -7.093152712198    22.333087649006
Au    -0.694187702086    -4.762318517855    21.666322383351
Au     1.007829068546    -2.594620837960    20.973724717855
Au     2.304466258318    -0.421745466068    20.213111783873
Au    -0.897281130340   -11.870939527217    12.212456485203
Au    -3.053172002348    -6.343524837190    12.856723550356
Au    -0.547675467990    -7.111357843905    11.077194879241
Au     3.623870946989    -5.404393145495     9.752255104103
Au     2.479723812962   -17.257731944181    22.196174128680
Au     6.750120309311   -15.522966841085    20.098040101671
Au     8.425531468917   -13.070785839521    18.620155259704
Au     9.724901587026   -10.757144836820    17.869172927577
Au    10.812490513791    -8.271083570043    16.817095425906
Au    13.534026387373    -4.327564562686    17.838718247038
Au    12.393277581977    -0.995595852682    15.684845554171
Au     5.373438713456   -17.503484733027    21.615453531084
Au     4.760125509262   -16.473421963587    18.268254516635
Au     6.324684404053   -14.317684243426    17.487957699575
Au     7.701321245218   -12.080888858083    16.121918809978
Au     8.993520127915    -9.764203305778    15.230173084867
Au     9.865636728554    -7.100646342785    14.672630389297
Au    13.257097979941    -3.445143951193    14.710270743291
Au     1.271742994285   -16.398336673605    19.979988308314
Au     3.108367182330   -14.156112761437    18.178486804562
Au     4.738555416197   -12.100968219894    17.647282116195
Au     6.515295504392    -9.614984720743    16.462837231375
Au     7.500096365636    -6.969354060239    15.641600128414
Au     8.781395620573    -4.542914834937    14.609375941640
Au    11.291713362962    -4.539303122561    13.183586678162
Au     1.567885333379   -14.782827846427    22.332609982568
Au     3.107985184487   -12.810893007690    21.013645540354
Au     4.403199246112   -10.529139454058    20.214103600173
Au     5.938888079848    -7.899507979552    19.153177468375
Au     7.088094517910    -5.641393888840    18.292001690114
Au     8.288017655732    -3.164744997875    17.380803398059
Au     9.327100855070     0.310428038429    14.860993936792
Au     4.596340113528   -15.707411372065    23.430956046636
Au     5.640037128756   -13.533515476147    22.677972160319
Au     6.496984041281   -11.212570553604    21.702882127701
Au     8.192217455628    -8.770774203229    20.915770953261
Au     9.415666917395    -6.297398654568    20.213689130320
Au    10.867907317761    -3.964060589559    18.810462709160
Au    10.045860198725    -0.887953128285    16.951729076022
Au     0.313300973308   -14.694780333071    17.523301624585
Au     2.595275605726   -12.749787208413    15.914083639882
Au     3.895254880404   -10.480823490909    15.310721801969
Au     5.436603020995    -8.055441096196    14.072024914016
Au     6.868011733105    -5.749376861804    13.160859110156
Au     8.350134653603    -3.215754821298    12.426388308614
Au     0.148687855331   -12.589768376513    22.231696314211
Au     1.657780607185   -10.431241044460    21.249501160829
Au     3.245670905085    -8.068608824949    20.139527348987
Au     4.571998358496    -5.680727216581    19.180049777518
Au     5.824804750534    -3.072818104474    18.371591081272
Au     7.544086262335    -0.368369734328    17.454697962941
Au     5.144713921992   -13.926912414551    25.798033252900
Au     6.125817030920   -11.573651885649    24.670958544234
Au     7.841525238609    -9.539277591446    23.690233945613
Au     9.067131407034    -6.997483887847    22.843338000360
Au    10.611525634781    -4.444691823346    21.734461852871
Au    11.863807759754    -2.066169656701    21.501652391023
Au    -0.233562374945   -13.385930579626    14.992002312100
Au     1.251023108294   -11.538212058569    13.697131719988
Au     3.173745778127    -9.015239110370    12.660061046240
Au     4.394432192771    -6.684973200200    11.865041281201
Au     6.341018008369    -4.353671524025    10.985054661998
Au    -0.730434092853    -9.823293703027    22.272018932671
Au     0.671526201582    -7.482429010096    21.331828180823
Au     1.833556654335    -5.318011242258    20.577000783097
Au     3.498966363176    -2.930262886024    19.734447063666
Au     4.965385659100    -0.464815208483    18.809113566518
Au     6.441074624339   -11.964004826127    27.480065698738
Au     7.351267848559    -9.685941971920    26.439193917400
Au     8.723782180816    -7.384362335328    25.547883606461
Au    10.362276312200    -5.379549743487    24.686972427566
Au    11.846358805909    -2.798369581107    24.041649116811
Au     0.211009649594   -14.161267455129    12.458062152573
Au     1.898824596219   -12.561554678058    11.053877189105
Au     3.083340234239   -10.274321995712    10.305974101858
Au     6.762110662358    -6.734567168425    10.601185407242
Au    -2.085168738279    -8.639039628536    19.988362560246
Au    -0.303988263557    -6.193105168281    18.910449733559
Au     1.358365598417    -3.922748670921    18.246642775923
Au     2.882361350564    -1.595125340173    17.388969576537
Au     4.687412421282    -9.379616527844    27.534291840581
Au     5.943360974242    -7.013484430338    26.374682897845
Au     7.447252022627    -4.703320683081    25.831291613228
Au     9.386933691768    -2.823194715369    25.103083112535
Au    -1.869725008430    -9.807646636850    17.591848340272
Au    -0.008724407755    -7.421666386217    16.276736175648
Au     1.652907774629    -5.123197616630    15.666748409351
Au     3.186335106997    -2.717073115358    14.800866468435
Au     2.484933793438    -8.846992596082    25.776804174460
Au     3.763182377931    -6.395345824781    24.579707025432
Au     5.319133214972    -3.918274148264    24.247385651258
Au     6.894961863176    -1.716295325966    23.067978394200
Au     8.752490148687   -12.060772527708    25.793680967756
Au    10.133994888024    -9.915623178080    25.004110487555
Au    11.517815201914    -7.838816825042    24.299759338638
Au    12.557489566757    -5.298875514051    23.413957387938
Au    -1.241886882515   -10.632515558712    15.006573038514
Au     0.452614887862    -8.782897808363    13.643914966594
Au     1.952035831408    -6.265388959207    12.875661621105
Au     3.697007463107    -3.857576698794    12.030387264397
Au     0.290929886660    -8.141268634777    24.064302045964
Au     1.558795458428    -5.464794113849    23.271798125887
Au     3.213430014421    -3.304752634947    22.512427748055
Au     4.582994789207    -1.136735820751    21.602406029657
Au     1.496065883767   -15.533967251525    15.088663899770
Au     2.895055244079   -13.771572325833    13.233788972587
Au     4.323735150094   -11.633401120245    12.730512528224
Au     5.973172805486    -9.168453324516    11.544434165217
Au     9.178637002012    -5.623563426135    11.854769702692
Au    -0.871158889635   -11.116190379626    19.992098599362
Au     0.774280970326    -9.023276922190    19.112985494198
Au     2.179935469323    -6.665080081515    17.595107976588
Au     3.903910689940    -4.146295189547    16.956822974858
Au     5.315890104092    -1.629646542908    16.314374846288
Au     3.770921812440   -11.461904163110    25.812416999110
Au     5.031271109711    -9.084180944911    24.643927465907
Au     6.579634061360    -6.434883065856    23.908699564808
Au     7.979651025538    -4.388510762786    23.113692320303
Au     9.410828677072    -1.867985932160    22.403079979722
Au     7.446489276471   -14.203139667395    24.637851785899
Au     9.181855990806   -11.898024539777    23.148959877797
Au    10.418607896441    -9.402232794644    22.431725363729
Au    11.892086513532    -7.043952088939    21.338577506620
Au    12.835665809249    -4.762537181814    20.465238165079
Au    -0.265861283676   -12.073027472686    17.393501659398
Au     1.212794041264   -10.038382422582    16.146968813040
Au     2.571492244298    -7.658074019514    15.199861042528
Au     4.341652553002    -5.535613984341    14.335247706559
Au     5.690672240970    -3.122399511863    13.559808174764
Au     1.238180260618   -10.949805047762    24.132946576271
Au     2.697365214399    -8.386344064368    22.998998915837
Au     4.265131983537    -5.772043623943    21.812263497339
Au     5.704148324215    -3.499693319581    21.387679991005
Au     7.287655470159    -1.216366112747    20.074841841590
Au     7.180950144462   -15.989885243050    22.645091592802
Au     8.032136007159   -13.584371319414    21.282849091738
Au     9.545273705377   -11.320562433222    20.362366091257
Au    10.797698381016    -8.938406225469    19.583117644986
Au    11.916775553219    -6.568026013247    18.724348353121
Au    12.463874712720    -1.915156536995    18.391055197006
Au     2.108685487613   -16.547291338468    17.447253769727
Au     3.987667597878   -14.983816316357    15.809021692688
Au     5.326260897090   -12.883442784019    14.915548404133
Au     6.756871358043   -10.366589452437    13.874169536251
Au     8.042780713411    -8.113206082123    12.961593154639
Au    12.762554996604    -6.111817882754    16.139863670354
Au     0.675421460070   -13.491579482177    19.794043714707
Au     2.155089790907   -11.418720128402    18.839553852949
Au     3.643738262013    -9.097814982440    17.760298405892
Au     5.131871125349    -6.860179276804    16.626715778955
Au     6.416216489810    -4.280507354341    15.764793635466
Au     7.988732606227    -1.873885890630    15.011796042591
Au     3.161917947393   -13.237211873149    23.930232013101
Au     3.976270616000   -10.851549872410    23.051019583298
Au     5.501592093832    -8.433105820327    22.061354240641
Au     6.946033872045    -6.129586727035    20.917267538805
Au     8.447652958498    -3.810367885097    20.211519357960
Au    10.041805191789    -1.442482447618    19.541552891191
Au    12.482345047329    -5.804975419608    26.006915263858
Au    11.115729457608    -7.836424194394    27.163776834447
Au     9.866061461530   -10.054025203695    27.624110784744
Au     8.871600090446    -2.841762871297    27.626952460171
Au     7.233934307962    -5.072959576156    28.614611481306
Au     5.896186748594    -7.365547443275    29.045525771888
Au     6.733405294435    -2.254054044328    26.019749399161
Au     4.835628573905    -4.460716430508    26.749889948096
Au     3.429433151558    -6.802671457382    27.473077220191
Au     4.343176749804    -1.361313195470    24.791058323179
Au     2.539011637119    -3.641952696971    25.224734463288
Au     1.139204344832    -6.128402945567    26.030602534400
Au     1.939621699511    -0.947705709337    22.814764125302
Au     0.176788512476    -2.867769436758    23.427617572786
Au    -0.933222164277    -5.539887297498    24.476130679081
Au     5.561499406531    -2.748426927502    28.746578249180
Au     4.682103505912    -5.068724613985    29.318275892981
Au     3.392152930157    -1.967680231853    27.040601661989
Au     2.392351963988    -4.269354821339    28.064973670714
Au     1.113382565173    -1.303144471895    25.477281733506
Au     0.011903078682    -3.530240761386    26.318234396175
Au     0.363291911888    -1.367292554130    18.463272723577
Au    -1.170284434909    -3.562914843136    19.086953625534
Au    -2.728846092742    -5.606412438897    20.025496395619
Au     0.562239297102    -2.528628161581    15.782646501338
Au    -1.188129819628    -4.876950855142    16.581271990459
Au    -2.638324366769    -7.288349184808    17.728305737830
Au     0.992691562963    -3.718464341616    13.310650721624
Au    -0.788460703975    -6.121351831579    14.071232565823
Au    -2.710200101286    -8.205277972193    15.167780443595
Au     1.252660319998    -4.800579468705    10.746331364512
Au    -1.317454462194    -4.506756945862    11.692028357619
Au    -1.945706869553    -8.944996427751    12.654352758448
Au    -2.024784546888    -2.191089017583    17.173760949815
Au    -3.879873577280    -5.513265365480    15.348761574270
Au    -3.934619081122    -2.899685950661    15.473199492539
Au    -3.626470767238    -4.414643514986    17.799006622954
Au    -1.574922186264    -3.408547939000    14.368207266332
Au    -3.738200040614    -3.874324126802    12.923848463592
Au     4.463603403795    -8.057657637593     9.391655736424
Au     1.938140841729    -7.590049609354    10.536498645737
Au     0.498477283241    -9.840713950929    11.109090206371
