         216
 AuNiAgCu    E (eV) =  -774.123291       T (K) =   550.000000       time (ns) =   2.99999993E-02
Au     4.060094491728    -2.985184544239    11.580487864772
Au     3.657391326187    -3.570196378361     8.736216679790
Au     2.972009053934    -3.754418571970     6.075440520586
Au     2.698933638407    -4.195360052507     3.145786632139
Au     2.245289442139    -4.248567206786     0.279978467994
Au     1.466707243494    -4.276593872559    -2.429005050830
Au     1.423892897851    -4.195847913718    -5.531939742502
Au     0.640035944703    -4.061918975228    -8.151085646019
Au     9.799411430097     3.120146128398     4.301226807103
Au     9.283925753521     2.716641274307     1.567649221506
Au     8.950279214582     2.632282842468    -1.415205962491
Au     8.968298001637     2.513823608392    -4.385966329279
Au    -1.024546143998     4.745652126346     6.387879158581
Au    -1.745865599069     4.763848447807     3.818333409098
Au    -2.254951477441     5.044994597621     0.952334552436
Au    -2.932731591458     4.361757026618    -1.807343172739
Au    -6.276056793480    -4.976307376656     7.870711286636
Au    -6.905655861243    -5.220572679894     5.024013245514
Au    -7.424978381305    -5.289979408807     2.350196735869
Au    -8.200318053658    -5.364506376162    -0.207064240292
Au     5.879340670562    -4.419214209802     9.596533669118
Au     5.245867512975    -5.120357451800     7.132456993919
Au     4.965178691864    -4.902837024255     4.451795053896
Au     4.578364887536    -5.504677228685     1.742830790551
Au     3.978008123273    -5.817032744455    -1.035016177953
Au     3.501711059064    -5.709734204979    -4.193112853003
Au     3.277910629135    -5.402626142417    -6.845393699664
Au     3.174281144985    -5.838773441409    10.319786583090
Au     2.876836658669    -6.136650316750     7.455392630853
Au     2.766304907918    -6.477519561426     4.691306754201
Au     2.011588149600    -6.515857244082     1.794802575264
Au     1.433931055378    -6.867632143236    -1.219235790604
Au     0.595368632969    -6.467995915589    -3.689608192863
Au     0.667661634369    -6.472933388577    -6.501043959336
Au     1.355058708718    -3.809585394624    10.849127253980
Au     0.975606711744    -3.863602052456     8.082953212586
Au     0.425390001626    -4.365271637083     4.964561141366
Au     0.112821168543    -4.371583106447     2.246289922369
Au    -0.622408605153    -4.409836742694    -0.428389405936
Au    -1.214394910844    -4.451038160328    -3.452797696209
Au    -1.131679718603    -4.220594327488    -6.373794329471
Au     2.870934263767    -0.891286734286    10.585642407260
Au     2.601529777523    -1.215218339833     7.806279915584
Au     1.679966417030    -1.523778243873     4.808796967876
Au     1.217442582954    -1.727559382945     1.892104823323
Au     0.737529989958    -1.961476284886    -1.074544495315
Au     0.432301919850    -2.081959619956    -4.080309167584
Au     0.220316674150    -1.863276029325    -6.771227491591
Au     5.496291547689    -1.556276974999     9.751542378024
Au     5.092730087788    -2.204719857107     6.932604997418
Au     4.638912374357    -2.392532789229     4.073555040050
Au     4.154121142631    -2.535859812070     1.481402816572
Au     3.681916692147    -2.619985282711    -1.474985153863
Au     3.189047241868    -2.566473719278    -4.298693974820
Au     3.211081698092    -2.660919791638    -7.248332154354
Au    -1.313682227864    -3.933231319585     9.944145261912
Au    -1.616280843226    -4.454348451656     6.837841940355
Au    -2.187716086171    -4.890161655872     3.954205933331
Au    -2.638622496281    -4.856134342270     1.325215539531
Au    -3.359077657029    -4.695468151581    -1.803330385371
Au    -3.653986332650    -4.592766551422    -4.603494411976
Au     1.644874658276     0.716536910888     9.177832259989
Au     0.990464680073     0.636319949956     6.336258910798
Au     0.469904450942     0.629759133129     3.409683804425
Au    -0.189938687644     0.409599739883     0.470199292957
Au    -0.450161244878     0.342487148456    -2.604530327077
Au    -0.944679432934     0.305191475649    -5.224078066576
Au     6.986435429172    -0.009085940562     7.986157895997
Au     6.859390203852    -0.380948054317     4.995568419475
Au     6.016323298637    -0.788480397702     2.386614633857
Au     5.581747108991    -1.002636892877    -0.411260609372
Au     5.418517573727    -1.261453548951    -3.170059694732
Au     4.914847310434    -1.165656239107    -6.038157165192
Au    -3.672689058131    -4.580999413774     8.782246062160
Au    -4.288713113247    -5.057251599120     6.123054539080
Au    -4.959998236290    -4.835116813403     3.203157762617
Au    -5.641793248598    -5.235974104588     0.330250592653
Au    -5.787611344988    -4.844974599577    -3.131216409780
Au     0.366737600921     2.813193625061     7.743734519124
Au    -0.438828385100     2.648355714735     4.903302110242
Au    -0.670714927538     2.651143378060     2.020857664789
Au    -1.448868252808     2.606588969965    -0.914913984340
Au    -1.821698135720     2.446511775934    -3.642470473924
Au     8.852815348696     1.455115244562     6.045081425237
Au     7.844086538684     1.307014660814     3.348272269513
Au     7.218066664216     1.232774899976     0.527004731862
Au     6.961339421842     0.817718244420    -2.185907637101
Au     6.867938433963     0.690775779128    -5.084095132359
Au    -4.283722917807    -7.240273222893     7.628428340921
Au    -4.649212739168    -7.160703879992     4.528956603973
Au    -4.944238568966    -7.549492775251     1.927006689018
Au    -5.934826858381    -7.243834457100    -1.313152035966
Au    -2.663138238638     2.643049648554     7.009203725611
Au    -2.988943408150     2.369522925432     4.007874556198
Au    -3.132084282569     2.153573465323     1.124066204333
Au    -4.405162097510     2.180738394447    -2.053994764286
Au     7.132813185507     3.604505064360     4.983782861432
Au     6.852955245952     3.609122134622     2.223038242303
Au     6.192352545267     3.398709060007    -0.876872435149
Au     6.308361571425     2.937299530602    -3.691152024777
Au    -3.604377744351     0.028939857481     7.294988547948
Au    -4.140022148866    -0.378110867084     4.534781774223
Au    -4.925621897498    -0.448994669220     1.497004684047
Au    -5.263914213045    -0.361968177332    -1.466541189182
Au     4.400722726700     4.351767472066     5.559251922593
Au     4.049605062902     4.043034002212     2.763826728614
Au     3.339792654074     4.008723140797    -0.193808847983
Au     2.854087287880     3.144816735112    -2.946641200127
Au    10.491489332023     0.265523448482     4.345857349765
Au     9.683027970014    -0.026764575716     1.691938165737
Au     9.216131247090    -0.420395037907    -0.854123638453
Au     8.491850067239    -0.665917479636    -3.519951901955
Au    -5.173939015494    -2.561572953168     7.604068450195
Au    -5.700227614044    -2.622967617716     4.617709048431
Au    -6.229975103775    -2.816236410508     1.640950363400
Au    -6.624638596772    -2.886012235787    -0.911076630657
Au     1.739829320156     4.458768852134     5.578382861533
Au     1.201889630668     4.539965809227     2.984110382709
Au     0.546543643958     4.142170105040     0.156175676748
Au     0.280734019833     3.920574104278    -2.645665145874
Au    -1.702878948406    -6.685896007995     8.571847505539
Au    -2.365234642211    -6.914183923902     5.765985717896
Au    -2.399693086655    -7.254129769415     3.001791221314
Au    -3.550620017320    -7.111401537614    -0.273782545603
Au    -3.700354347610    -6.891842288575    -3.168896210087
Au    -0.921932933121     0.493452123401     8.233531016224
Au    -1.596837908192     0.040548362362     5.245428629763
Au    -2.298081841524    -0.268702120106     2.507669840624
Au    -2.799895218424    -0.079041037037    -0.584543359978
Au    -3.008748816500    -0.133955872290    -3.383453298764
Au     5.918439898709     1.760209243819     6.424419781152
Au     5.250732446295     1.966387163449     3.895809319909
Au     4.700726165075     1.622681888964     1.104928931485
Au     4.293478102657     1.207509458321    -1.649829623448
Au     4.086326508705     1.017964493918    -4.494735970748
Au     9.196323613158    -1.140614799439     6.225806779489
Au     8.690556859231    -1.816175638579     3.538589709222
Au     7.994814156963    -2.130494373798     0.727276430900
Au     7.650899498046    -2.699709970407    -1.879135803127
Au     7.084114020276    -2.737055765901    -4.615712929124
Au    -2.389053756916    -2.071199186903     8.411920277599
Au    -3.199564949989    -2.638172845136     5.789804535328
Au    -3.548372827244    -2.607009543888     2.733949984772
Au    -4.129587629755    -2.427726052904    -0.191042644919
Au    -4.516366643497    -2.436275468368    -2.963768726424
Au     3.177787103302     2.434638432114     7.133627670595
Au     2.503113206730     2.323702260415     4.332573511221
Au     2.072854720661     1.987079244031     1.499163528627
Au     1.421932767639     1.787017393791    -1.383688476762
Au     0.831256196074     1.941903246013    -4.302933214226
Au     7.381892760881    -2.747863836309     8.029917152433
Au     7.338201473610    -3.024393349700     5.465848261639
Au     6.500548237638    -3.608658231574     2.832964051857
Au     5.897111350757    -4.038417376362    -0.091370079525
Au     5.386273942379    -4.125485499712    -2.863162952893
Au     4.984692103509    -4.005192165132    -5.592318620827
Au     0.747731514119    -6.189239046469     9.202434499756
Au     0.470996258648    -6.759760818645     6.282781413995
Au     0.139243550237    -6.768938522979     3.688903326767
Au    -0.483822919191    -7.080662882025     0.827472801335
Au    -1.319767916853    -6.663104997858    -1.855399418369
Au    -1.939903227604    -6.447076607467    -5.037601099353
Au     0.236264139402    -1.634151407155     9.683573670769
Au    -0.329458749899    -1.885028605297     6.807552061544
Au    -1.104956062374    -2.347181237787     3.929667670144
Au    -1.432426467617    -2.344930847680     0.941045331098
Au    -1.901180267116    -2.233887732777    -2.054584611187
Au    -2.364923536387    -2.363436864806    -5.096031283820
Au     4.440459477631     0.546266627027     8.573947262238
Au     3.863077472962     0.029709116816     5.843902417559
Au     3.306380505516    -0.067153362929     2.903185132470
Au     2.936049589100    -0.340354979373     0.188603319692
Au     2.365955177032    -0.535427926714    -2.683639332326
Au     2.078353558911    -0.263278069268    -5.582307789063
Au    10.440033059135     0.923730353387    -2.749185263758
Au    11.043329946731     1.629596328755    -0.298071250840
Au    11.741764884584     1.451714235563     2.406360831773
Au     7.650115208401     4.968615261462    -2.613319531619
Au     8.547875772568     4.968667536027    -0.030758240851
Au     8.750226112052     5.289823585810     2.732567572104
Au     5.053420108928     5.433298449022    -2.310412320063
Au     5.472614892915     5.609585390981     0.732844322325
Au     5.963758583334     5.661298203853     3.821591477178
Au     2.185864486737     5.728260677490    -1.844209103390
Au     2.486697459528     6.135625634316     1.178643181298
Au     3.089558365988     6.406480754694     3.906549791996
Au    -0.854092837410     6.217180395131    -0.935219381090
Au    -0.209631610278     6.831994401798     1.707813770783
Au     0.457742866654     6.484796984559     4.599325243380
Au     7.029936809498     7.071417989966    -0.992829310510
Au     7.347797030957     7.294874139598     1.819916170380
Au     3.963565042978     7.410854547381    -0.587443365304
Au     4.572123906523     7.760957939243     2.132108177274
Au     1.355785169734     8.020653816071    -0.117562342268
Au     1.842781786601     8.392657372776     2.544115299757
Au    -4.825085841755     4.121490370095    -0.140270199976
Au    -4.414833241386     4.436147256460     2.656908919355
Au    -4.114950870920     4.310254457584     5.307199457586
Au    -6.189691430541     1.691932001034     0.127960043897
Au    -5.711093657864     1.908674333112     3.120918140754
Au    -5.153583111558     1.895849045198     5.801992338564
Au    -7.705279079930    -0.619038214493     0.640924507830
Au    -7.021751097698    -0.787376517023     3.304506775348
Au    -6.604467844111    -0.493892011817     6.313914095277
Au    -8.959080648503    -3.170121341779     1.096893017128
Au    -8.402193022894    -2.970823119930     3.622081783428
Au    -7.562023054537    -2.948781344722     6.470830279775
Au    -6.970826150299     3.738961622883     1.694593311017
Au    -6.627676637783     4.215776483077     4.424683068941
Au    -8.289873117182     1.605853737737     2.174901173816
Au    -7.881901890038     1.552447105511     4.906138185852
Au    -9.464294041708    -0.863685768688     2.493430968259
Au    -9.031923544154    -0.898231945682     5.099919478731
Au    -7.567946287951    -7.791205583791     0.887323055829
Au    -7.112491501579    -7.881282851982     3.444662479809
Au    -6.529187493196    -7.590530211388     6.312516884168
