         216
 AuNiAgCu    E (eV) =  -773.088745       T (K) =   550.000000       time (ns) =   1.75000000    
Au     0.817862311707   -16.068613501786    24.533823232081
Au     0.963491769630   -12.815013687624    24.192031691970
Au     2.187908281979   -10.526797368950    22.382045302591
Au     3.640212159028    -8.516339558817    20.819897898265
Au     5.346232773702    -6.698243923884    19.094870289647
Au     6.669689396763    -5.114918063546    17.195744220712
Au     7.733947819681    -3.289435631469    15.426357738287
Au     7.408792767218    -3.344797219579    12.792293244699
Au     1.228938758854    -3.538013175100    29.378079603175
Au     2.459679953036    -1.686929081952    27.723557254189
Au     3.897620143240     0.549808728780    25.687727455327
Au     5.213820780156     2.357816952565    23.970417793848
Au    -6.042769391850    -6.408342127177    20.726796947767
Au    -5.138300920191    -4.507835735635    19.163461630955
Au    -3.806228198218    -2.532737823920    17.606811288308
Au    -2.445185010815    -0.728308969759    15.673670521360
Au    -1.582416123641   -14.933132372547    14.892454364260
Au    -4.529021883948   -10.841845651122    12.433550800054
Au    -1.849509995911   -11.019352431121    11.934934339011
Au     2.770115570642    -9.187337392303     9.588070911355
Au    -0.031331239908   -14.495630847519    26.337143350809
Au     4.293560523410   -12.430766274980    24.530569917957
Au     5.149070397693   -10.469464220218    22.191374326523
Au     6.383694050861    -8.801038489571    20.071125847053
Au     8.192342705404    -7.327039565020    18.210216684916
Au     9.464618376045    -2.618496570201    17.533203505858
Au    10.873136023698    -1.231026651741    15.855842258476
Au     2.899620309685   -14.087118929177    25.874226170666
Au     2.616805544018   -14.829482718815    22.991132796917
Au     3.676709637513   -12.520351827884    21.028853266022
Au     4.954526778239   -10.947284882246    19.094308754125
Au     6.336213462182    -9.343572528453    17.145373998767
Au     7.606977414420    -7.220492093937    15.644659395321
Au    10.321635204531    -3.371071221450    14.697488307738
Au    -0.898894930880   -14.220958328693    23.435608427404
Au     1.028732862119   -13.194580339855    21.466904792614
Au     2.353275755943   -10.898595104367    19.514910206542
Au     3.708070987952    -8.390222285639    18.026178415712
Au     4.865053754446    -6.929782394611    16.267966290731
Au     5.933590277567    -5.255206399740    14.350116583883
Au     8.800965863308    -5.351090735580    13.827579995777
Au    -1.635495023908   -12.163093206887    24.877564128132
Au    -0.388286755439   -10.452363722711    23.360026348486
Au     0.797623913068    -8.672539101227    21.186958014539
Au     2.191878673222    -6.554862149754    19.422351065116
Au     3.637580030997    -4.747682580195    17.612387132354
Au     4.897417911390    -2.837331923790    16.191820038143
Au     8.977461528980    -1.146993125110    13.976445115267
Au     0.473562853235   -11.995142235217    26.718737058498
Au     1.675778038623   -10.207890388556    25.022390218967
Au     2.684549398112    -8.083859892734    23.592308477636
Au     4.354209187028    -5.663635083684    21.528564701201
Au     5.266379828467    -3.998188061075    19.644375532251
Au     7.023179409843    -2.285736224437    18.203070001376
Au     6.231015355676    -1.213273307811    14.378702772681
Au    -1.278350318120   -14.592179624776    20.760103735965
Au     0.757642796020   -12.994427765926    18.721984847265
Au     1.614943478444   -10.863130247555    16.986363766835
Au     3.072398200507    -8.789691171075    15.222630200130
Au     4.550179811507    -7.197659464284    13.091200041081
Au     5.992898465339    -5.465956439812    11.478117478706
Au    -3.206165981215   -10.207072487680    23.683636205519
Au    -1.748560077689    -8.452525045673    21.615274670859
Au    -0.485096694420    -6.587793908995    19.854212894758
Au     0.688926837350    -4.433348790921    18.194299555297
Au     2.301985073023    -2.750151153721    16.307835105993
Au     3.657005175443    -0.696222816243    14.947786368759
Au     0.885524738902    -9.060121243341    27.335358136151
Au     2.009963269173    -7.050366651232    25.862706749778
Au     3.216441363889    -5.029555968741    24.156885184624
Au     4.796957166000    -3.058119010278    22.526655655841
Au     6.025121112168    -1.536687619983    20.790649074541
Au     7.397911705443     0.318471182501    19.049450384112
Au    -1.024898145830   -14.753156629203    17.743470662949
Au     0.088110436756   -13.024051587781    15.997517057099
Au     1.415941742083   -11.050459529358    14.179961854443
Au     2.660986620166    -9.180914343099    12.235507230938
Au     3.799329820092    -7.100299252194    10.355632192066
Au    -4.471260623984    -8.378235068686    22.399929202029
Au    -3.365925425534    -6.432592135301    20.503155943006
Au    -2.306706668192    -4.588643215694    18.522234050515
Au    -0.903480669319    -2.597834472446    16.838757015290
Au     1.034868813531    -0.821320941988    15.086486001510
Au     0.916869788501    -6.023395966725    28.494228674563
Au     2.271208755952    -4.220386032620    26.667816416431
Au     3.799214888094    -2.371742727227    25.042946945214
Au     4.727010473505    -0.564986261762    23.320874563541
Au     6.405576863871     1.016749909152    21.450423939872
Au    -0.222897476201   -16.547124124139    16.091401862924
Au     1.349204812412   -14.993063954841    14.330290896612
Au     2.253283770432   -13.121156077940    12.714903937731
Au     5.351602973009    -9.542601316181    11.665295972459
Au    -5.000630639734    -8.555178900675    19.489189809357
Au    -3.849698502779    -6.818758562731    17.636827828575
Au    -2.503447046200    -4.784891205017    15.847662671985
Au    -1.149970799428    -2.780938788802    14.135118703154
Au    -0.930906703394    -4.213186083625    27.253207474523
Au     0.711412656844    -2.353970743552    25.534733559406
Au     1.922491415006    -0.108753705627    23.665566467770
Au     3.665170881305     1.748822432362    22.047571563120
Au    -3.807678077233   -10.552645947226    17.828975157949
Au    -2.550546092424    -8.799193044476    16.099563654829
Au    -0.998264420033    -6.572634782063    14.268435341355
Au     0.341043451769    -4.895654206253    12.542913456565
Au    -2.419642179337    -4.713562977376    25.227763111676
Au    -1.134707547856    -2.920186273655    23.571955942482
Au     0.139100326512    -0.847152492324    21.784321835005
Au     1.632469998139     1.082167257079    19.603183244743
Au     3.670277425799    -6.202440480930    28.073834662696
Au     5.149942880594    -4.533598383014    26.561813681143
Au     6.585448449576    -2.678638447242    24.864505560298
Au     7.743228380809    -1.018757147111    22.957344754091
Au    -2.786323792686   -13.006459741239    16.350369230579
Au    -1.395975620528   -10.949445096576    14.629939701423
Au     0.112117233007    -8.704354569409    12.594813869493
Au     1.181492421779    -6.915019765633    10.753506948342
Au    -4.174854056307    -5.693196397039    23.054693644728
Au    -3.181850745856    -3.907028715840    21.216843569886
Au    -1.499003538568    -1.543634965553    19.416687265437
Au    -0.316279633539     0.077930549150    17.362591032819
Au     0.820896958310   -16.772638738223    18.792878925683
Au     1.807414677074   -14.926099924656    17.054800139583
Au     3.256168967446   -13.289661368659    15.239379167161
Au     4.108994092521   -11.120058170137    13.504416612532
Au     7.183364650690    -7.371317751989    12.769547371183
Au    -3.517244074153   -10.501672376658    20.675350009939
Au    -2.027983517767    -8.712863152897    18.980607078525
Au    -0.653334815524    -6.644810307958    17.149985617638
Au     0.460148907059    -4.612616519512    15.361409666389
Au     1.762295534013    -2.948016926096    13.550748347952
Au    -0.753168532789    -6.973589759586    26.670048816318
Au     0.061630718024    -5.215042430698    24.779531289457
Au     1.886316187869    -2.910320927169    22.979006252041
Au     2.802927834850    -0.896422342834    21.065416658599
Au     4.591887711706     0.690606240921    19.320664332010
Au     3.558931866987    -8.994754577913    26.783105544319
Au     4.791609064433    -7.029851276733    25.599308137153
Au     6.091522474532    -5.313643465337    23.619366009266
Au     7.512991695050    -3.659369901833    21.764915005370
Au     8.640468442551    -1.561385262384    20.432984053337
Au    -2.451679579788   -12.695423151103    19.231696853936
Au    -1.064626358359   -10.976022030748    17.689722387007
Au     0.316304734321    -8.630046919757    15.399569804681
Au     1.764986152080    -6.812611879009    13.630347552509
Au     3.100728837889    -4.796029149941    11.661592886714
Au    -2.674190956888    -7.422342054430    24.207370689212
Au    -1.621101994124    -5.815054002563    22.483263568040
Au    -0.445343517896    -3.702962858804    20.958505977996
Au     1.139614754411    -1.709350137609    19.022965037499
Au     2.600908017039     0.058050492809    17.256113909358
Au     3.059707621820   -11.862069908101    26.753776197526
Au     4.578728920514    -9.903315104853    24.552191614265
Au     5.674091450102    -7.877026433388    22.751527909441
Au     7.233469426489    -6.294481920729    21.182410505381
Au     8.250382399075    -4.658663737535    19.138470504820
Au     8.344470657486    -0.598708564502    16.370544448126
Au     0.851517963400   -16.109159984535    21.355032062854
Au     2.712798488862   -14.950390584682    19.897665224780
Au     3.505671012656   -13.024823538390    18.041610113012
Au     4.308655410361   -10.968127589303    16.257071503310
Au     5.883145744143    -9.078090597834    14.613726336622
Au     9.383904333746    -5.416821903860    16.573756467911
Au    -2.188927969614   -12.235768848366    22.031193220791
Au    -0.308284729207   -10.887047629001    20.371646043414
Au     0.691924991726    -8.765332129891    18.367126068789
Au     1.927961559227    -6.724725104833    16.635416234202
Au     3.316185030606    -4.989948025800    14.915034182360
Au     4.741942770117    -3.323958270758    13.237952687149
Au    -1.245875251575    -9.656477736327    25.992357809364
Au     0.079925936876    -7.804477098806    23.977481192529
Au     1.141229077506    -5.723745825634    21.950096912509
Au     2.365333126653    -3.720315180592    20.493795908957
Au     3.938447875663    -1.968445040492    18.637304323726
Au     5.662907932219    -0.393140216646    16.802970448017
Au     6.656472436638     0.030776206985    25.230070797318
Au     5.408590240968    -1.628761085317    26.941207858339
Au     3.995065529694    -3.631102536035    28.706771199002
Au     2.524898553150     2.366446805060    24.522864055949
Au     1.308397455302     0.337344436913    26.355415801961
Au    -0.308762088879    -1.707479339320    27.949962298318
Au     0.590402240228     1.876400093703    22.427668850909
Au    -0.774113713956    -0.303612310833    24.357220211599
Au    -2.196934802385    -2.111428842424    25.952411528415
Au    -1.112721121705     1.118827351331    20.015600887633
Au    -2.600735202301    -1.237825642112    22.055718935724
Au    -3.949246772404    -2.942364539020    23.724254227243
Au    -3.094492661230    -0.070201149314    18.159350233732
Au    -4.390065803958    -1.720003197092    20.098525700693
Au    -5.740574094711    -3.633514382564    21.740166362990
Au    -0.018460633718     2.246379055650    24.939739676150
Au    -1.739490328718     0.385826468598    26.730363310237
Au    -1.787550584505     1.421486351468    22.460085121410
Au    -3.505566563921    -0.139656387873    24.340975373920
Au    -4.153083736598     0.856308891726    20.454245036365
Au    -5.392751583428    -0.934409844394    22.309684029096
Au    -4.007555108168    -2.539698562341    14.820810291061
Au    -5.127221885620    -4.473682063363    16.340023856078
Au    -6.555371940918    -6.583725992037    18.177944028806
Au    -3.140667640431    -4.651782572126    13.130610532709
Au    -4.042179982966    -6.859728368616    14.891790245353
Au    -5.241618406458    -8.825726549868    16.500905973813
Au    -1.555599370268    -6.772412604927    11.713725033954
Au    -2.991795622817    -8.875590712056    13.352210236179
Au    -4.127414026014   -11.135911766689    15.110049457936
Au    -1.005898124672    -8.957800465427     9.949816935627
Au    -3.533126895218    -9.203191383586    10.510410271075
Au    -3.064745303979   -13.069195797184    13.475181337348
Au    -5.616794905267    -4.868898658938    13.465421669741
Au    -5.742327489906    -8.844955232099    13.894922651067
Au    -7.266675182572    -6.725647786118    12.808423219970
Au    -6.737179090441    -6.700387701762    15.261847789853
Au    -4.489610749899    -6.851605461000    12.039535615174
Au    -6.015635700059    -8.933679824256    11.446861130608
Au     3.450686812891   -11.357285720791    10.864178718413
Au     0.770652330208   -10.947083145254    11.251590227565
Au    -0.348052156230   -12.972504105920    13.198124129494
