         216
 AuNiAgCu    E (eV) =  -772.654236       T (K) =   550.000000       time (ns) =  0.610000014    
Au    -0.506326239628     3.973147717722    10.506066384932
Au    -1.441368728590     1.464803799199    10.683079821345
Au    -2.689381528436    -1.499518939511    10.939888394239
Au    -3.567049484933    -4.109800886347    11.197973475080
Au    -4.728469691167    -6.813859424781    11.193590425425
Au    -6.275219820533    -9.721015701230    11.329467056391
Au    -7.228163748753   -12.217792411658    11.169349003275
Au    -8.218091236320   -14.648145692913    11.628960582568
Au     6.452034907390    -4.960786279619    12.004505412894
Au     5.715933356961    -7.904374645308    11.989931695666
Au     4.750823164849   -10.573347320092    12.140450586710
Au     3.124643224520   -12.982075963319    12.010871701673
Au     1.431660964412    -3.861422000946     2.351731823251
Au     0.543861268825    -6.209383270453     2.026570139735
Au    -1.069218966478    -8.712948257265     2.359293049162
Au    -2.075454158267   -11.272724394797     2.664997422473
Au    -8.874890816091     0.910651543760     4.200418443841
Au   -10.110650678187    -1.545309076047     3.914354461420
Au   -11.221798714123    -4.292868877486     4.497009657572
Au   -12.268371867683    -6.792038696962     4.474162925040
Au    -0.230318055239     2.262604284832    12.818110651103
Au    -1.290153333440    -0.239857500229    13.542028642333
Au    -2.861098033857    -3.113706781534    13.595845716628
Au    -3.749274278592    -5.691349809929    13.552076863200
Au    -4.991785351784    -8.097680848129    13.620709047494
Au    -6.467410183426   -10.572220147081    13.738523666322
Au    -6.583851000152   -14.055145561937    13.421482130770
Au    -2.571804345740     3.684014312574    12.245721936808
Au    -3.937886441573     0.495372217131    11.961231156431
Au    -4.997344482321    -1.953672151187    12.425387528883
Au    -6.240201282628    -4.857309625224    12.388299468767
Au    -7.325144867476    -7.456155669209    12.319128311801
Au    -8.800388308357    -9.881079052708    12.251088574168
Au   -10.114746349089   -12.467218809217    11.924644480250
Au    -1.822230497881     3.015201099964     8.354676221217
Au    -3.659001007562     0.404987598463     9.325962864655
Au    -4.977720076685    -1.949930590946     9.521054343916
Au    -6.069377410200    -4.861572431615     9.414956120551
Au    -6.825724166012    -7.544714183047     9.589689708970
Au    -8.273868226976   -10.216327432175     9.613771167944
Au    -9.392692415368   -12.878148317235     9.464995375749
Au     0.419760590722     1.887635715451     8.321732256177
Au    -1.019867714567    -0.637685390233     8.902681377205
Au    -2.265052191796    -3.255465530708     8.775825541539
Au    -3.321720309750    -6.128552473945     8.890424973150
Au    -4.351325944327    -8.873872813689     9.406201271348
Au    -5.596483495684   -11.319674134677     8.978935670970
Au    -6.638308220922   -14.013301400971     8.900976896794
Au     1.610742386288     1.613233764903    10.869061654159
Au     0.008795388721    -1.355878879650    11.283575055495
Au    -0.781069316812    -3.996353200162    11.518044551134
Au    -1.866041755132    -6.418351542236    11.567146576234
Au    -2.819580993561    -8.950091811705    12.128299754145
Au    -4.489192137365   -11.518610161761    11.541133885014
Au    -5.181123984726   -14.248776260245    11.272660882758
Au    -4.109301150726     2.114239841379     7.102968996469
Au    -5.909833622835    -0.203906712133     7.462337609784
Au    -7.183816644615    -2.876227608875     7.782209167449
Au    -8.119904294119    -5.729188449980     8.099705091133
Au    -9.453301083131    -8.385448305161     7.826888581564
Au   -10.567708980147   -10.737441645934     7.905017238189
Au     0.746973838340     0.251558641769     6.454185933277
Au    -0.982939360647    -2.291634766881     6.781530520867
Au    -1.953309000229    -5.211627806342     6.806821491928
Au    -2.877246520528    -8.171598540155     7.038659120275
Au    -3.930252703690   -10.723498128186     6.915242580141
Au    -5.269819198801   -13.203336084643     6.749505061992
Au     3.124971508242    -0.624542494656    11.266431182911
Au     1.913830935168    -3.477235564212    11.533939602445
Au     1.114322643809    -6.181708119530    11.554696007505
Au    -0.158975577085    -8.581588887276    11.750443623438
Au    -1.384209421248   -11.481097362429    11.884210083447
Au    -2.576603470573   -13.843110844276    11.846942892848
Au    -6.459274967352     1.466164232540     5.608640982259
Au    -8.038926520909    -1.137551672589     5.672904258066
Au    -9.249406200882    -3.632749607257     5.966305312132
Au   -10.171346806677    -6.142990514743     6.340596676572
Au   -11.862434590703    -8.587673751922     6.303418674114
Au     1.076040911018    -1.608160203293     4.181545236209
Au    -0.140354029890    -4.189790161952     4.596569269067
Au    -1.156118502302    -6.931303409583     4.473362764459
Au    -2.450776750458    -9.646394985821     4.766661628439
Au    -3.625514275426   -12.214379406105     4.665986268242
Au     4.669789440331    -2.927535383603    11.519939616306
Au     3.899044333826    -5.880662827274    12.324637833224
Au     3.090700928734    -8.423878778061    12.491031647513
Au     1.622671815065   -10.754237326200    12.338687732518
Au     0.494470757543   -13.471922688221    12.423119595873
Au    -8.539202685366     0.984067919935     7.051139377790
Au   -10.434467418241    -1.387187228082     7.279421642477
Au   -11.596475959101    -3.922599689708     7.424335172015
Au   -12.828390615996    -6.273449500524     7.293192072130
Au    -1.213998287916    -2.568978748665     2.547636034416
Au    -2.194397457818    -5.227943993100     2.910174955674
Au    -3.553714819471    -7.816001050027     2.810089049513
Au    -4.983459548920   -10.367811696924     2.966272681154
Au     5.240620170739    -4.716920207319     9.502438150386
Au     3.989824023625    -7.198796051400     9.828847791088
Au     3.337261342993    -9.957284284116     9.915234671389
Au     2.136778390385   -12.491742284001     9.618313783270
Au    -3.917964978229    -1.611979557628     2.963922704191
Au    -5.051504354299    -4.123783650361     3.190677874918
Au    -6.039076151776    -6.879552942796     3.317003493506
Au    -7.547345937419    -9.273289742348     3.249433727069
Au     4.134185649107    -4.334260892845     7.090018937303
Au     3.033387345500    -7.023269477362     7.319257608898
Au     1.823333473760    -9.939285595220     7.473833452307
Au     0.814485762026   -12.442739965696     7.274268279955
Au     4.834437265713    -4.056603327708    14.113298662063
Au     3.219601748840    -6.639379249775    14.818411548327
Au     2.307132586660    -9.272029319327    15.181073804705
Au     0.945515862768   -11.936560831554    14.636688653655
Au    -6.362856479240    -0.344724061398     3.576233296604
Au    -7.672612872330    -2.930507648657     3.636290111363
Au    -8.890837542559    -5.691575173104     3.970045439791
Au    -9.907185309577    -8.062106100059     4.185426588396
Au     2.592564861916    -3.988199083132     4.815430290425
Au     1.668155867132    -6.890394618293     4.619828306051
Au     0.367579567707    -9.298858142154     4.720000226538
Au    -0.810321643450   -11.902810712685     4.880027565508
Au    -6.152692342082     2.165224149374     8.618069640694
Au    -8.363298741488    -0.917518811227     9.003685642644
Au    -9.428479705894    -3.470894274519     9.030029282417
Au   -10.803168202031    -6.101747219386     9.065478200765
Au   -12.107385606200    -8.617087530321     8.984235477353
Au    -1.618565711162    -0.908018657197     4.645229412128
Au    -3.062640404337    -3.295567576367     5.008131008753
Au    -4.186459256810    -5.851806726015     5.009233451276
Au    -5.125750479865    -8.727195536891     5.075316351366
Au    -6.473075313071   -11.439950886337     5.235252482011
Au     3.479616353685    -2.633793258721     9.176939128986
Au     2.073495877757    -5.176963179024     9.233871730166
Au     1.425770201593    -8.130099985289     9.370153160416
Au     0.336264204136   -10.689556749061     9.412276097674
Au    -0.926870496874   -13.138538795006     9.834002891019
Au     2.805914785899    -2.102633110870    13.610518717695
Au     1.893669239686    -4.659577469823    14.013105591508
Au     0.561013047317    -7.402455143665    13.916760710597
Au    -0.672863334701    -9.945800112279    14.326608038071
Au    -1.678205797471   -12.365236994191    14.484167910122
Au    -4.146737355457     0.156517507212     5.025090037397
Au    -5.569011709231    -2.258335985860     5.403553043535
Au    -6.600368732833    -4.768451232307     5.502513856430
Au    -7.699506681344    -7.492146259937     5.625934868334
Au    -8.809375270211   -10.189652393856     5.985399695157
Au     2.035533679907    -2.314516000435     6.729703531231
Au     0.887000645090    -5.037092324433     6.946319360185
Au     0.072115278475    -7.608786601879     6.951187231375
Au    -1.265593257898   -10.434373980247     7.095514997462
Au    -2.353132364341   -12.957038982979     7.178395249484
Au     1.394458205295     0.041276231214    13.040554960812
Au    -0.339876996473    -2.718761738399    13.892298772148
Au    -1.002332049983    -5.091397125210    14.061176432726
Au    -2.371896100630    -7.675144249781    14.564997302502
Au    -3.608416779741   -10.315568702527    14.278210680750
Au    -4.204756710905   -13.041271406815    13.748293346503
Au    -4.017111434341     3.052730925809    10.237932165232
Au    -6.099312961130     0.319299167390    10.478269549635
Au    -7.549515002380    -2.530809134652    10.639976614975
Au    -8.355513761263    -5.363427617530    10.790574784219
Au    -9.529429481196    -8.016362709539    10.644570308122
Au   -10.836731613866   -10.398549638730    10.530193743730
Au    -2.012683577930     0.872301536014     6.670760225065
Au    -3.583756991716    -1.296886061577     7.296844472434
Au    -4.565195683076    -4.291878527078     7.292540618337
Au    -5.363368059076    -7.134274252831     7.279740651499
Au    -6.563245667869    -9.526507889822     7.244426170569
Au    -7.963848175403   -12.447671264804     7.402737375182
Au     1.663551895905    -0.469480418622     9.015212905765
Au     0.566314436130    -2.915028599240     8.988845749331
Au    -0.734697685476    -5.465551135916     9.150448752107
Au    -1.325156861617    -8.370747311683     9.241950944234
Au    -2.620015879517   -11.019588551202     9.575956730995
Au    -3.907527302417   -13.410988281048     9.246096325751
Au     3.733325398541   -11.436419196250    14.351337600447
Au     4.773812371037    -8.817168821572    14.463517955787
Au     5.941172288376    -6.405762214179    14.113569723980
Au     5.304288750363   -11.793758011160     9.666749026344
Au     6.105998952405    -9.271838156779     9.783516961732
Au     7.081119098044    -6.737068686384     9.728850762587
Au     3.739205822318   -11.995826198112     7.349165801518
Au     4.905848035648    -9.308386509456     7.250026460167
Au     5.760929944934    -6.639181003076     7.512932866452
Au     2.203758680766   -11.480815218727     5.150706422487
Au     3.398918475162    -8.840894175144     4.980741831823
Au     4.379043074130    -6.118863516154     4.972395650281
Au     0.561274472314   -11.051145946421     2.754914751826
Au     1.861113077656    -8.616760928581     2.127422268395
Au     3.450657556041    -5.631523024892     2.522773217342
Au     6.727230310118   -11.328843085479     7.344278027759
Au     7.510221625171    -8.748444332720     7.553941367198
Au     5.163730319353   -11.091721095278     5.028122037764
Au     6.313519361254    -8.360142364991     5.075873132019
Au     3.528704624816   -10.516111438990     2.908565368355
Au     4.747110064902    -8.006623649211     2.873911035268
Au    -3.361255132561    -9.501499656790     0.756335131429
Au    -1.586372411382    -7.013283388387     0.525715191141
Au    -0.619367417370    -4.277354775727     0.644298016146
Au    -5.864658575575    -8.619645146533     1.202402290436
Au    -4.192057449234    -5.953209691314     1.133910136257
Au    -3.459108156771    -3.460262189938     0.960563136595
Au    -8.447018319443    -7.702650284733     1.251772702154
Au    -7.262106874815    -5.057222951797     1.772898032903
Au    -6.193224039862    -1.892139775430     1.180554846174
Au   -10.871533719886    -6.226901439697     2.222400529944
Au    -9.968206780985    -3.736258296808     2.123299270713
Au    -8.518062742251    -1.016285475864     1.919160907174
Au    -3.941391487735    -7.525626050639    -0.914955650956
Au    -3.048058970006    -5.085506671137    -1.105335547896
Au    -6.742531604448    -6.655799516243    -0.304153314465
Au    -6.045265142746    -4.152908870153    -0.337870097303
Au    -9.375295622405    -5.591597924549    -0.171482743835
Au    -8.381624546376    -3.019529943820    -0.044787196456
Au   -13.749156028932    -4.616714645209     5.499750664013
Au   -12.435060584078    -2.111947757204     5.853509534605
Au   -10.948858068232     0.516910009228     5.515408929908
