         216
 AuNiAgCu    E (eV) =  -775.402710       T (K) =   550.000000       time (ns) =  0.819999993    
Au    -1.938067422097     5.857362593562    10.678313582186
Au    -3.233004736062     3.543324023595    10.671661158248
Au    -4.584627786844     0.914859906070    10.724885069168
Au    -5.621010579165    -1.891532984382    10.605184888208
Au    -6.700182667619    -4.489194384618    10.477165891385
Au    -7.929407616853    -7.189971984034    10.126642169999
Au    -8.778434272220   -10.010557246710     9.791922018353
Au    -9.928846760033   -12.488244677009     9.730692090918
Au     3.078218328798    -2.851359033573    15.229658094630
Au     2.628291626539    -5.762655538755    15.310250746280
Au     1.218009607352    -8.263692367600    15.081222160920
Au     0.086992461379   -10.876531108226    14.313511850826
Au     2.162804604411    -1.695709824890     3.876811948661
Au     1.315072236169    -4.405169851707     3.884975758316
Au     0.132572611395    -7.019124359994     3.740792782438
Au    -0.948453798561    -9.724938317431     3.445152133631
Au    -8.071250461136     2.700601769979     2.074405129217
Au    -8.835476053725    -0.071519596487     1.718398308860
Au   -10.125187291194    -2.948779339777     1.551065641038
Au   -11.171688340253    -5.746222544128     1.396826207710
Au    -3.116723255468     4.743840300876    13.145343815080
Au    -4.711339800155     2.338061889191    13.234374756232
Au    -5.557342450461    -0.280275518096    13.209772246391
Au    -6.827358667328    -3.012581502536    12.835839525220
Au    -7.876465510266    -5.824722198309    12.781087753271
Au    -9.078044464065    -8.355940732812    12.404371357945
Au   -10.010701110461   -11.062394786787    12.038561071983
Au    -4.722666457577     5.576022185776    11.238371804042
Au    -6.128481569719     3.154703831727    11.228803858455
Au    -7.714252901637     0.151695248827    11.004571093070
Au    -8.472921742767    -2.311261378668    10.788569620848
Au    -9.580673989562    -5.059941977635    10.545984433987
Au   -10.517307454438    -7.654254000054    10.142664306495
Au   -11.583159397599   -10.454580791815    10.047426530108
Au    -3.610013516635     5.322595102113     8.626443335750
Au    -4.801374772211     2.798213398637     8.529257038628
Au    -5.999492148955    -0.317649088329     8.459417042344
Au    -6.947551657206    -2.883634309172     8.381472694080
Au    -8.094375200043    -5.517688083470     8.172054945886
Au    -9.316414811551    -8.311692419299     7.725991195766
Au   -10.320764427769   -10.915437629366     7.632522027421
Au    -0.552475138916     4.241247815035     9.018288250947
Au    -2.226906206770     1.404108733789     8.888709032770
Au    -3.302776012523    -1.054267892958     8.961747807979
Au    -4.213116958019    -3.802168705754     8.829597081198
Au    -5.618046101748    -6.394207992217     8.724157372225
Au    -6.699948528450    -9.125151155663     8.414167805563
Au    -7.727634991869   -11.744329034648     8.126101229644
Au    -0.626290405270     3.714663214512    11.599175945167
Au    -2.040017695106     0.869519500696    11.647402119134
Au    -3.098432121615    -1.540277484799    11.708928850263
Au    -4.050627486810    -3.948466068984    11.594648995169
Au    -5.467409019800    -6.711024060854    11.490166951169
Au    -6.440217358092    -9.271783133508    11.280383441215
Au    -7.601954749922   -12.120429830126    10.932409540563
Au    -5.005015038437     4.278102027883     6.407664266213
Au    -6.125856695833     1.698933847601     6.429381386940
Au    -7.434570795852    -1.026724541813     6.085252461174
Au    -8.582943266577    -3.695627599845     5.929628683392
Au    -9.874844131828    -6.329841303179     5.706147869739
Au   -10.656684261076    -8.874265787929     5.666229448689
Au     0.492014016748     2.102809522926     7.615035613159
Au    -0.718326416479    -0.556662394904     7.158452721479
Au    -2.063496573906    -3.128006562501     7.346865911612
Au    -3.391164742984    -5.694576075000     6.940889390300
Au    -4.090212374681    -8.584378620027     6.909248084141
Au    -5.836132024093   -11.075826046773     6.663051434132
Au     0.608006593354     1.640270256963    12.992585539372
Au    -0.472360701449    -0.925658770829    13.133554750966
Au    -1.569553384915    -3.796993678605    12.841648354101
Au    -2.741965912807    -6.367223024737    12.543039660469
Au    -3.910764165921    -8.910297362444    12.346429955635
Au    -4.990341851198   -11.695119236967    12.172197012328
Au    -6.968836320841     3.496810542826     4.589568551383
Au    -7.563257706970     0.810063621938     3.937919720200
Au    -8.965121593449    -1.986629698942     3.658061188197
Au    -9.814924595962    -4.691801340267     3.547569712043
Au   -11.050708202838    -7.394652018507     3.384958780878
Au     1.350896364820     0.193977667709     5.812904352859
Au     0.194189475539    -2.348368588864     5.483115717096
Au    -1.149798730975    -5.050375124978     5.514891782838
Au    -2.170614028093    -7.876785468821     5.088618458300
Au    -3.493645873502   -10.327389427988     5.021250854889
Au     1.989340762743    -0.667257643701    14.197631553285
Au     0.700668535415    -3.311516054659    13.980877295132
Au    -0.162969964303    -6.203183982969    14.159453097309
Au    -1.528472746659    -8.834800659434    13.659661168630
Au    -2.686604917272   -11.269486028579    13.433294093667
Au    -9.654109535615     2.868656449806     4.454886839576
Au   -10.483191956581     0.261741446669     4.208529898865
Au   -11.713890831499    -2.477750476078     3.945317893636
Au   -12.361629245568    -5.125822266045     3.646225055814
Au    -0.128153321387    -0.470126352387     3.337863597557
Au    -1.319912550795    -3.167793711435     3.113462263795
Au    -2.528279546583    -6.131518534190     3.027173865260
Au    -3.648914455059    -8.685538592878     2.913384357463
Au     3.223944778060    -2.619162703120    12.412457907827
Au     1.961556055241    -5.244717155398    12.710780798660
Au     1.216511708563    -8.207545332814    12.230035522253
Au    -0.035109899885   -10.693612909944    11.716792659549
Au    -2.899751261756     0.691401116135     2.995042705135
Au    -3.585912266500    -2.012712478485     2.527463948893
Au    -5.020272410570    -4.818950466015     2.502761493693
Au    -6.180912372170    -7.378466836107     2.395343449895
Au     3.159543939538    -2.271068490110     9.845664228945
Au     2.093942930476    -4.796813380501     9.357384357379
Au     0.952839839486    -7.517557720533     9.227395524660
Au    -0.315873716613   -10.250113333359     9.081455674421
Au     0.641616782047    -1.735048135065    16.362240689490
Au    -0.521193930737    -4.017532901303    16.210587250373
Au    -1.847532178634    -6.805015633103    16.142145593110
Au    -2.955370863011    -9.589797265363    15.838919203906
Au    -5.389186472426     1.869868951328     2.398690852954
Au    -6.414788253990    -1.031736661882     2.341268897321
Au    -7.615954508161    -3.803072982769     2.217365428271
Au    -8.596572148861    -6.278976839047     1.483697710474
Au     3.026035322963    -2.034783466496     6.711282851667
Au     1.637749672169    -4.648583396225     6.438119922356
Au     0.375004365886    -7.320984105033     6.401222537902
Au    -0.715491899171    -9.970131308999     6.349927554371
Au    -7.859023798336     3.604213449578     7.153886437764
Au    -8.925062098344     1.195542667978     6.490781816934
Au   -10.203914474015    -1.538135944637     6.171441430012
Au   -11.604003389180    -4.099485999871     6.056967836489
Au   -12.486801000518    -6.768191782447     5.856345918699
Au    -1.207448338182     1.531980508584     4.819330159498
Au    -2.345059199768    -1.342443622281     4.790380978288
Au    -3.624526516531    -3.951584087305     4.884175630366
Au    -4.789937240200    -6.624550622988     4.748660627315
Au    -6.008792182525    -9.434904951627     4.530901041900
Au     1.902342796816    -0.297529990999    11.305927596576
Au     0.878962961645    -3.128428185484    11.166502883278
Au    -0.248203842048    -5.953740162598    11.475856806868
Au    -1.601610532674    -8.340629348617    10.893103645892
Au    -2.604078378355   -10.844779582306    10.531303673505
Au    -0.390793495466     0.533653484664    15.392692016737
Au    -1.967265467512    -1.884007594681    15.232874514019
Au    -2.738603875086    -4.574124926971    15.086473106534
Au    -3.937623062032    -7.440873297666    14.724794508014
Au    -5.181161188470   -10.059573525846    14.431638301663
Au    -3.994788569928     2.478076004723     4.534311071355
Au    -5.146590169092    -0.187579429299     4.619448252857
Au    -6.188505520532    -2.932054504815     4.383363378367
Au    -7.446994308985    -5.644018893483     4.286598616974
Au    -8.580666056131    -8.110293217936     4.024108814132
Au     1.852406617496    -0.014400819991     8.521445721840
Au     0.846473771158    -2.722783302668     8.361728878338
Au    -0.682813193709    -5.506263757517     8.335098424819
Au    -1.742319206231    -8.024064987908     8.202697327503
Au    -2.861937353959   -10.580750085155     7.958704259352
Au    -2.088251153535     2.504166032151    13.881049539045
Au    -3.232862333445    -0.018842099239    13.858562993047
Au    -4.279022107296    -2.655366161498    14.034262734404
Au    -5.354839789268    -5.210035349936    13.829158652738
Au    -6.811027662197    -8.011518750334    13.857474420670
Au    -7.723542208021   -10.620748768831    13.280815290063
Au    -6.239850699145     5.069540513901     9.157491103235
Au    -7.520904869045     1.777357839261     9.116239258310
Au    -9.079701614802    -0.768819618824     8.611203618255
Au    -9.994273035475    -3.282485513161     8.565545190017
Au   -10.971475985489    -6.125640994486     8.153317660977
Au   -12.082371650887    -8.700574185441     7.937162579077
Au    -2.398259504149     3.356333062537     6.836967614888
Au    -3.151814956469     0.636973636438     6.556038620749
Au    -4.596037247081    -2.033395024384     6.644395458733
Au    -5.847868052224    -4.522389584235     6.588785674223
Au    -7.039665967837    -7.463926196659     6.187979929204
Au    -8.203526844558   -10.434766483717     5.559229308946
Au     0.287687706652     1.612630977403    10.281450077033
Au    -0.708078259736    -0.846491352385     9.804563263981
Au    -1.636051797385    -3.537827097842    10.104128788976
Au    -2.836788713617    -5.881263639955     9.852659342475
Au    -3.996381854102    -8.470237169414     9.677793018469
Au    -5.417257361802   -11.296421107515     9.510077237799
Au    -0.746437097187    -9.125764027292    16.893777405218
Au     0.806713668969    -6.475149900619    17.111234727260
Au     1.967949807640    -4.152398794355    17.345770986279
Au     2.466268289607   -10.216675494261    13.289293657617
Au     3.580633401453    -7.660926336984    13.681328914879
Au     4.653260396393    -4.691671261348    13.256865636009
Au     2.075861223420    -9.846008180959    10.143038867807
Au     3.022305242612    -7.080629337350    10.786191350457
Au     4.664211323151    -4.460297130192    10.446498675080
Au     1.910453765737    -9.353571627488     7.020714519145
Au     3.001250876903    -6.831311418720     7.394492261586
Au     4.321609507158    -4.285475673242     7.792749440873
Au     1.440267835907    -9.413966648052     4.562888776524
Au     2.696495700513    -6.795156138122     4.686264264368
Au     3.764570781880    -3.998526306960     4.956561842943
Au     4.230474406306    -9.321484965905    11.627807909259
Au     5.569135861672    -6.511779422224    11.682341823979
Au     4.153629145401    -8.689352618974     8.969457632525
Au     5.445383706386    -6.444404774629     8.719798480817
Au     4.280458437736    -8.564104961499     5.581966448604
Au     5.021441683010    -6.135185672270     5.768752813052
Au    -1.374974145026    -7.920529975624     1.355660291312
Au    -0.316785574591    -5.265954807179     1.719479544255
Au     0.748109348229    -2.466200167418     1.660056831070
Au    -3.876921178414    -6.913876801085     0.703954666020
Au    -2.863951707985    -4.012936757139     0.797428107836
Au    -1.662475782292    -1.096661618302     0.830639388889
Au    -6.418669767047    -5.846541493978     0.130139400034
Au    -5.150188089094    -2.789578516843     0.431460207444
Au    -4.305941907157    -0.085131639377     0.503850722043
Au    -9.229860902521    -4.416796048379    -0.429327168968
Au    -7.760461716762    -1.962037100159    -0.070286393694
Au    -6.684011896765     0.681131485527     0.089393299959
Au    -1.727112427117    -5.893366893865    -0.603930366430
Au    -0.662664588525    -3.364153820803    -0.377363053051
Au    -4.049025904033    -5.068540921001    -1.491968909302
Au    -3.069322516487    -2.412124698049    -1.262441120150
Au    -6.609956753305    -3.837761911113    -1.773706591511
Au    -5.426497706438    -1.089936793428    -1.586359119179
Au   -12.701414554993    -3.119431222219     1.529615558931
Au   -11.450165082863    -0.688527873001     1.873538653533
Au   -10.507858766175     1.922580280695     2.195664706640
