         216
 AuNiAgCu    E (eV) =  -773.912903       T (K) =   550.000000       time (ns) =  0.649999976    
Au    -3.127697432617     3.159984504957    12.645055878498
Au    -3.825890760491     0.527350660057    12.461911636761
Au    -4.669958269424    -2.228622067251    12.048645005494
Au    -5.715873914298    -5.169672642964    11.519869785792
Au    -6.409711093418    -7.727515681221    10.961546067647
Au    -7.083320405244   -10.485841619298    10.597941392100
Au    -7.798029494151   -13.223395846498    10.034698857505
Au    -8.462065830247   -16.142745645755     9.846646213786
Au     3.635559134700    -5.240178194816    15.658565495968
Au     2.988192846805    -8.439695011908    15.119851751378
Au     2.236585563451   -11.107003235403    14.799931280777
Au     1.238654826594   -13.575818118637    14.437668950502
Au     1.781234340582    -3.502193776749     4.583070997649
Au     1.058521897305    -5.851992322733     4.148565532164
Au     0.329066212910    -8.427599450672     3.593324811999
Au    -0.817163954782   -11.250808692268     3.551329472383
Au    -9.257626490689    -0.012736890157     3.281919253067
Au   -10.120118947992    -2.792238868993     2.634434203997
Au   -10.758985450610    -5.164702577397     2.127933042323
Au   -11.205025159031    -7.890781664365     1.787617268899
Au    -3.624600562391     1.571554441012    14.807884735595
Au    -4.338931401837    -1.299972494763    14.581553572311
Au    -5.443894459240    -3.976358062422    14.015576632046
Au    -6.371182385839    -6.908597760922    13.679169749832
Au    -7.232743989696    -9.261110814188    13.035146764656
Au    -8.064790554083   -12.109064272762    12.784834232671
Au    -8.443875526936   -14.752895918056    12.133414392126
Au    -5.636513560173     2.375228286869    13.150104409904
Au    -6.723359051857    -0.523018987407    12.813337568173
Au    -7.521648942172    -3.194252816112    12.009256339171
Au    -8.409157220013    -5.816337371816    11.386268643028
Au    -9.319221192029    -8.588490801607    11.198086232080
Au    -9.842633184270   -11.286489418622    10.580255024500
Au   -10.251442740881   -14.119503524677    10.054806434885
Au    -4.798539282515     2.520069390092    10.446683861129
Au    -5.581069515688    -0.243300023741    10.302523049169
Au    -6.658615245976    -3.033186841689     9.423463874116
Au    -7.227137266592    -5.727015803374     8.922690814083
Au    -7.929198010963    -8.216084697858     8.600290253046
Au    -8.742123966020   -11.118093966606     8.052454755873
Au    -9.350526885016   -14.205546700194     7.637980721649
Au    -2.017242042100     1.404663756057    10.620699881008
Au    -2.830971486760    -1.033119267517    10.233298588752
Au    -3.479787384991    -3.851844427275     9.588093548502
Au    -4.281111006253    -6.760257243751     9.332934752152
Au    -5.182184954056    -9.526385592409     9.026685406673
Au    -6.090497519897   -12.121131542347     8.471649619261
Au    -6.684362880744   -14.867500656502     8.401022310750
Au    -1.111317108306     1.568972839119    13.231474258033
Au    -2.008866102459    -1.795094819278    13.108485363546
Au    -3.224776146677    -4.509334445055    12.309297990194
Au    -3.986854472154    -7.223528664660    12.203078610120
Au    -4.731693542008    -9.891585384574    11.750994901194
Au    -5.450147653608   -12.629210899652    11.486278074748
Au    -6.249407461559   -15.439884790395    11.031770755822
Au    -6.531297039007     1.401639155637     8.121182566930
Au    -7.202413356860    -1.323859412890     7.430051968067
Au    -7.903283120732    -3.814597540796     6.812803094150
Au    -8.922010702749    -6.583196823197     6.566731814012
Au    -9.321558029142    -9.361631729502     6.085675091749
Au    -9.951236975685   -12.026221298622     5.456614507991
Au    -0.915596347200     0.403554331638     8.452184107599
Au    -1.392003354757    -2.380575847424     8.368778615066
Au    -2.302423327928    -5.729740058286     7.684233740374
Au    -3.005007917353    -8.198915502134     7.408794517378
Au    -3.860016553578   -11.009004390026     7.040350387117
Au    -4.560461306490   -13.791483113738     6.731095007552
Au     0.698677365556    -1.188431782490    14.010536596025
Au    -0.269256994304    -3.960012228160    13.497745019284
Au    -1.216426347871    -6.564997717889    13.100714647686
Au    -2.307147184239    -9.213251069374    13.159297902897
Au    -3.076423005659   -11.877238868825    12.640448840421
Au    -3.779865115432   -14.529526368004    12.227558091266
Au    -7.903006410897     0.711080659299     5.900126528289
Au    -9.292509454160    -1.747249587999     5.528371292920
Au    -9.784115799683    -4.493786653730     4.976710078073
Au   -10.296566075966    -6.928342712264     4.223407790866
Au   -10.401125692472   -10.137147666230     3.761508226499
Au     0.500031297351    -1.310645647768     6.821541973271
Au    -0.113032416405    -4.380966154158     6.373684276161
Au    -0.892094888630    -7.244259148769     5.957228389511
Au    -1.993102137806    -9.995199337420     5.435799386265
Au    -2.673785738862   -12.662171469923     4.898176496977
Au     2.086864140024    -3.408888634976    14.756160528876
Au     1.419146731090    -6.137884768123    14.443184558424
Au     0.524218260542    -9.013053948083    13.993017036827
Au    -0.507509586119   -11.562704451892    13.822838005928
Au    -1.410471099126   -14.386090092567    13.609036904601
Au   -11.026312932153    -0.120499978206     6.553373436780
Au   -11.915663808219    -2.730357582309     6.099444045655
Au   -12.428732029080    -5.548472280485     5.372919671960
Au   -12.351809596575    -8.548511237925     4.681356504845
Au    -0.957138307203    -2.287675246190     4.610099931741
Au    -1.680994097774    -5.130294129697     4.105901950161
Au    -2.565246639278    -7.928610917551     3.215236096512
Au    -3.211218618366   -10.431329668157     2.719191685543
Au     3.259190299053    -4.923037547426    12.775638901318
Au     2.680557833880    -7.571551459076    12.484771598522
Au     2.214075836913   -10.742993691859    11.977591496214
Au     0.810057896769   -13.120176369400    11.789459618558
Au    -3.569262580991    -1.549064337151     4.125831706454
Au    -4.423829595240    -4.150359235677     3.432209522695
Au    -5.241192360708    -6.944673416499     2.973150312785
Au    -5.907955918416    -9.833962547418     2.540234776769
Au     2.814532602964    -4.188457569088    10.082426743743
Au     2.094179898771    -7.073948708273     9.649270729940
Au     1.447711731526   -10.163156841585     9.498140034767
Au     0.382016868758   -12.580570157962     8.786396236238
Au     1.394959139508    -5.043181930865    16.983547692229
Au     0.595567461348    -7.698095851722    16.518111344045
Au    -0.444834766203   -10.339531305947    16.428136831465
Au    -1.627099823534   -13.018770269422    15.968668227342
Au    -6.725345611673    -0.653204318094     3.688646686517
Au    -7.665459471873    -3.415187361139     3.544758382464
Au    -7.981991793458    -6.260940067242     2.630279647997
Au    -8.585721004402    -9.261594718363     1.861984826648
Au     2.369336066090    -3.820595472055     7.152952749292
Au     1.661731179546    -6.638028318461     6.995395029317
Au     0.818744931029    -9.349591697394     6.473721535374
Au    -0.248175510839   -11.986784532434     6.200076030442
Au    -8.920702030759     0.641640484201     8.794279991336
Au    -9.874550789247    -1.851806262042     8.147254044522
Au   -10.651283664830    -4.657598957987     7.614925919616
Au   -11.436392211141    -7.354802054746     7.130556068371
Au   -11.867540947451   -10.328448804371     6.645785685303
Au    -2.328851882550    -0.384883311040     6.351830426489
Au    -2.833640706161    -3.338384825457     6.219692512181
Au    -3.665787406326    -6.093128523621     5.380868670956
Au    -4.687614371131    -8.735969764278     4.674921291017
Au    -4.956660021786   -11.537700474883     4.476886276731
Au     1.849553447243    -2.531465557092    11.967785587080
Au     0.790135998233    -5.579372051880    11.751017387010
Au     0.208608017315    -8.434858625105    11.167920679812
Au    -0.873140600309   -11.128482505106    10.965003819922
Au    -1.462640577409   -13.671856600666    10.808787869935
Au    -0.257584194246    -2.518209742692    15.919364544131
Au    -1.151293136618    -5.606043887138    15.879020034520
Au    -2.138739847522    -8.148954903080    15.898662381476
Au    -3.262090490976   -11.074476675007    15.347799600505
Au    -3.865106090908   -13.446250992295    14.669729881376
Au    -5.401832341235     0.354167768037     6.030503159995
Au    -5.593041841803    -2.833462841546     5.338070880510
Au    -6.414948248719    -5.553613149740     5.107562471151
Au    -7.423484426515    -8.150642197286     4.335700697378
Au    -7.942367865670   -11.062358703457     3.905601712662
Au     1.045763819519    -2.174449559748     9.410749828209
Au     0.243557224850    -4.801984035754     9.017460048205
Au    -0.605130633163    -7.790541156596     8.640800941609
Au    -1.316411283214   -10.454237073766     8.391250663797
Au    -2.042053326420   -13.389772402708     7.809957927230
Au    -1.641399715354    -0.196845504188    15.274341552438
Au    -2.896240549679    -3.603553113271    15.029710069645
Au    -3.809625975932    -6.115305214751    14.840174224302
Au    -4.653537523718    -8.764000362238    14.777643266883
Au    -5.547834726462   -11.296669940284    13.897838332254
Au    -6.119965912918   -14.228286553076    13.555442639664
Au    -7.308369775992     1.589053934982    11.321498645382
Au    -8.653139675369    -1.059317922533    10.949661655718
Au    -9.077763119460    -3.963912122377     9.746455027726
Au   -10.132588931678    -6.733118609431     9.506832319132
Au   -10.584967059907    -9.371540741206     8.947057720877
Au   -11.198168018099   -12.148679583471     8.248344701835
Au    -3.694985310626     0.894659867785     8.582491708387
Au    -4.544484265380    -1.543077398424     7.889425673703
Au    -5.224509817172    -4.606229563692     7.448536763148
Au    -5.872495907197    -7.495650835450     6.953648857392
Au    -6.907253239881   -10.270866909980     6.381993271265
Au    -7.304793039017   -12.919372066595     6.050990946617
Au    -0.188275131431    -0.478117508045    11.287962652078
Au    -0.859567543990    -3.216073979880    11.086732456247
Au    -1.769224594599    -6.116137285409    10.366298726356
Au    -2.605006076534    -8.694347543458    10.262382230542
Au    -3.310280124527   -11.540888971208     9.829447198626
Au    -4.321948620219   -14.255598810944     9.542420463444
Au     0.806808154626   -12.520462044068    16.896436326834
Au     2.043266470408    -9.888854115808    17.433165643864
Au     2.858808313837    -7.233005360335    17.535565713611
Au     3.550037349695   -12.737995708511    13.171992260859
Au     4.482592372774   -10.135624066200    13.475453123903
Au     5.064031422063    -6.865570428410    13.561986443784
Au     3.065389576479   -12.559660856378    10.220821484551
Au     3.811214897815    -9.043336571452    10.378909399843
Au     4.608175561652    -6.355233946008    10.696437506109
Au     2.464282156428   -11.472513812415     7.152305203250
Au     3.137070973835    -8.810944975144     7.812325878614
Au     4.024959902798    -5.925364469940     7.894306694382
Au     2.112026031486   -10.417929528829     4.507338797712
Au     2.722426206008    -7.922998094782     4.704289712555
Au     3.599616999655    -5.407737760888     5.200408202307
Au     5.164201092842   -11.306609204863    11.411277535276
Au     5.954370901721    -8.623614206252    11.806103345767
Au     4.551330909395   -11.316849852026     8.737743449240
Au     5.706236338920    -7.735252883148     8.813329168915
Au     4.436591821897   -10.317730593393     5.745853697978
Au     4.980383627754    -7.731413379665     6.171440471566
Au    -1.297061600944    -9.222457913965     1.460132977099
Au    -0.412524996690    -6.396712960016     1.848270109517
Au     0.207034441160    -3.758707160821     2.590868029085
Au    -4.109429427805    -8.631078896878     0.630825478792
Au    -3.047344029024    -5.663255062737     1.538206694052
Au    -2.441769529446    -2.847106300343     2.064595209125
Au    -6.839521527071    -7.623152397463     0.619442324736
Au    -5.728179370874    -4.911375411465     1.189513247989
Au    -5.483790836685    -2.207470687461     1.960060077450
Au    -9.349765447371    -6.676544741500     0.246996571486
Au    -8.094823379802    -4.085909730937     0.763098602425
Au    -7.995787578401    -1.315769268748     1.346457823246
Au    -1.934311827619    -7.281571930155    -0.340050981394
Au    -1.343451640778    -4.469407504885     0.034032126014
Au    -4.330724666424    -6.403279442152    -1.011114583194
Au    -3.943829783254    -3.722720868854    -0.304916386579
Au    -6.943488685657    -5.754756803197    -1.110419559752
Au    -6.435182693680    -2.494452420002    -0.412715868539
Au   -13.112430738994    -6.527570063283     3.111610198830
Au   -12.340626425260    -3.590811387802     3.698336575528
Au   -11.504427055376    -0.856411329896     4.078508471473
