         216
 AuNiAgCu    E (eV) =  -775.497009       T (K) =   550.000000       time (ns) =  0.550000012    
Au    -3.953411541783     3.856596002488    14.764160379994
Au    -3.732262073149     1.295373213200    14.426282245292
Au    -3.520524003597    -1.566165363594    14.207748665000
Au    -3.004625392945    -4.326455603821    13.307452416661
Au    -3.170575388601    -7.143085797186    13.090822540256
Au    -2.848588479523    -9.879041037934    12.477375899806
Au    -2.451856531731   -12.662338650718    11.787854779859
Au    -2.001639569382   -15.484080620193    11.285688516317
Au     5.982728487925    -0.237300736174    11.731187269125
Au     6.420289894811    -3.146267969431    10.854786165673
Au     6.684738523374    -5.706551226793    10.573462219712
Au     6.735810406748    -8.728554403750    10.456130491560
Au    -2.414447764111    -0.027594294273     3.745296161985
Au    -2.524561113130    -2.705197146206     3.614239162603
Au    -2.054873524641    -5.345569583484     3.083010917113
Au    -2.201179798182    -7.960055754396     2.939462443365
Au   -12.186234519557    -1.613630093952     9.493194041936
Au   -11.875282810470    -4.173137760090     8.967485736637
Au   -12.044557993902    -6.962262176105     8.615081774619
Au   -11.702269223987    -9.529085850271     8.372613055444
Au    -2.755986375011     2.392721987759    16.675092085534
Au    -2.685855527314    -0.514778698797    16.407739027625
Au    -2.109199258704    -3.159612051275    15.745187111863
Au    -1.716363997387    -5.944906208644    15.219412690458
Au    -1.590895250916    -8.789170840537    14.929206827675
Au    -1.414031514207   -11.432687837437    14.330388862822
Au    -1.194425369709   -14.255462100969    13.710089896916
Au    -5.479422398015     2.179901046483    16.213272028852
Au    -5.560251781000    -0.337665115201    16.215775909819
Au    -5.013920617518    -3.140030717177    15.808126387947
Au    -4.627077396559    -6.198016795095    14.942100131607
Au    -4.306775549374    -9.144107949767    14.500785009611
Au    -4.156415690445   -12.094442029892    13.794829709534
Au    -3.755294938502   -14.688316888776    13.038279730800
Au    -6.015953746237     2.571888206813    13.680866973888
Au    -5.946719834083    -0.153159980875    13.512320149137
Au    -5.464379432142    -3.053564189104    12.792034410534
Au    -5.382110730333    -5.745290635394    12.204081255329
Au    -5.090697185270    -8.445617737428    11.458682681503
Au    -5.069690402014   -11.196563166468    11.152779713070
Au    -4.411406530503   -13.874882114804    10.338382441131
Au    -3.275875452234     3.209062270634    12.126175517400
Au    -3.279484192418     0.490332916343    11.821078271934
Au    -2.978139148420    -2.575072527636    11.172995997760
Au    -2.660785017732    -5.300060184878    10.866100801294
Au    -2.613203635971    -8.084559979716    10.320167772445
Au    -2.411609319920   -10.906073929609     9.606999263702
Au    -1.897191306079   -13.563471807332     9.385435301609
Au    -1.499376342372     2.919837974252    14.367401046093
Au    -1.208923439888     0.173708872580    13.583012072156
Au    -0.828468955496    -2.636472705131    13.133473343083
Au    -0.615358243093    -5.574580245003    12.691647782465
Au    -0.423912896707    -8.272574299012    12.116885538425
Au    -0.158961806846   -10.987784825106    11.700061400753
Au     0.104113935035   -13.644507152273    11.328324625864
Au    -8.270213058756     1.362388252644    12.429406461854
Au    -7.874426271628    -1.325173489659    11.917823737747
Au    -7.869990053902    -4.338666690494    11.488351472579
Au    -7.717805817813    -7.134814621943    10.792005738955
Au    -7.242895209667    -9.872424920456    10.449545060558
Au    -7.144671744149   -12.767677624069     9.755039643513
Au    -2.890397342690     1.986820703333     9.273204216551
Au    -3.019300957959    -0.707779080151     9.061545953361
Au    -2.718855874348    -3.318549094205     8.699960726127
Au    -2.557853063515    -6.258283378926     8.163670783498
Au    -2.186640157184    -9.034365821173     7.679186508505
Au    -2.194710710655   -11.879193784741     6.945507406195
Au     0.841280954701     2.000436356278    13.737160306209
Au     1.318976184591    -0.821475311425    12.975628538340
Au     1.901020695385    -3.793412732527    12.509253515217
Au     1.830956581557    -6.734501954174    11.963120561582
Au     2.061946208187    -9.480608801034    11.461362258360
Au     2.341618193790   -12.285819614187    10.689363445062
Au   -10.261694197545    -0.058921453988    11.082395959844
Au    -9.816224131478    -2.693561739253    10.611796592233
Au   -10.118189733782    -5.724967497189    10.294510845504
Au    -9.970632490051    -8.591277589928     9.826629192136
Au    -9.368221914636   -11.350416654240     9.153400743616
Au    -2.837746925967     0.899393772174     6.848286064062
Au    -2.457877796005    -1.715006329006     6.348744314897
Au    -2.454859080019    -4.337544072645     6.008286639877
Au    -2.537756525307    -7.105680423514     5.461065645495
Au    -2.363431324331   -10.024757161077     5.156402550431
Au     3.516993147516     0.845806789140    12.695834839693
Au     4.043301582002    -2.035096875370    11.958909938760
Au     4.348511595178    -4.723498920894    11.696193441316
Au     4.388737508936    -7.375686605791    11.110768353451
Au     4.506002777628   -10.615238128579    10.700737851767
Au   -11.820056742004    -1.858096691779    12.508823109291
Au   -11.171509098227    -4.744346295985    12.487894123494
Au   -10.815714886726    -7.505735106276    12.213097082158
Au   -10.946693096189   -10.331823731982    11.543970813705
Au    -4.721673430696    -0.053532341484     5.219147205823
Au    -4.777624775440    -2.983192332962     5.027975773207
Au    -4.751884917327    -5.740969640513     4.870486825507
Au    -4.561946601646    -8.534984836989     4.113181274565
Au     3.755664073066    -0.203224507646     9.801164229371
Au     4.255405045566    -3.025286020794     9.280201214256
Au     4.607365464035    -5.827186698408     8.926161216955
Au     4.723699951464    -8.775514602509     8.491275703169
Au    -7.599180659904    -0.473652287530     6.773081188299
Au    -7.403123505598    -3.140207876178     6.584310744252
Au    -7.173573381312    -6.223384620432     5.989350988265
Au    -6.989074597233    -8.944677650022     5.671133411496
Au     1.783597059961    -0.004472436416     7.652890739647
Au     2.125505454828    -2.937651941926     7.440106306014
Au     2.220384481520    -5.564272088625     7.286414954354
Au     2.373774548689    -8.742485716254     6.516452580566
Au     4.704985914222    -0.614644726886    14.519698666221
Au     5.033184640359    -4.134462256864    14.588363712862
Au     5.604817638868    -6.617569689287    13.682850365856
Au     5.746458701915    -9.211871841741    12.776895819010
Au    -9.912649925728    -0.755274247625     8.131695400878
Au    -9.560744274954    -3.681337606397     7.934899625895
Au    -9.527458111027    -7.094325887669     7.446675544868
Au    -9.293597003335    -9.706930556512     6.939915150773
Au    -0.352486968068     0.177206418161     5.929701851936
Au    -0.058965435592    -2.662314915952     5.451952726671
Au     0.087977408273    -5.480814251650     5.154926199742
Au    -0.037892531784    -8.341051339653     4.715623850142
Au    -9.850006909251    -0.240464920370    13.742773951682
Au    -9.457018625789    -2.913108388797    13.513889766112
Au    -8.753930989824    -5.938734202135    13.145980424732
Au    -8.803718391494    -9.025351561352    12.855566899011
Au    -8.562525848679   -11.547712365736    11.885701290761
Au    -5.385486573429     0.653444255544     8.703186416277
Au    -5.046256929468    -1.718234466941     7.593192659251
Au    -4.998245317554    -4.441030279714     7.425257441512
Au    -4.847301138922    -7.724178611598     7.014072283906
Au    -4.651770969398   -10.197192253061     6.327348540914
Au     1.607844935295     1.350560271348    11.019461861106
Au     1.739668671447    -1.669372000575    10.384737316182
Au     1.908653699275    -4.793249824999     9.993721217446
Au     2.138365332298    -7.495632579910     9.208507818529
Au     2.512474188434   -10.380691930217     8.770370730277
Au     2.183670319704     0.383721981905    15.369734757402
Au     2.692611927319    -2.352151645352    14.608000707905
Au     3.025739764067    -5.550991721682    14.209970177734
Au     3.294153646397    -8.173718627558    13.903003615258
Au     3.462348154740   -10.922208617870    13.379208012797
Au    -7.936718390198     0.808097245333     9.689703343717
Au    -7.674437351380    -2.048155667999     9.096765656660
Au    -7.331003385578    -5.092279341762     8.646859286581
Au    -7.157848679167    -8.104747872658     8.323420046366
Au    -7.123567243824   -11.206388540237     7.539773725280
Au    -0.212412105012     1.228136875580     8.864869434564
Au    -0.081250618826    -1.743159906013     8.323604950830
Au    -0.211450398560    -4.444105398859     7.747581226072
Au    -0.076975518118    -7.383994307533     7.345460581799
Au     0.136481543030   -10.171179198794     6.756425828719
Au    -0.426724821788     1.092130991127    16.061583068485
Au    -0.108848698817    -1.528038661292    15.681708904650
Au     0.477565380233    -4.134224425111    15.060634528494
Au     0.696951574298    -7.304133708763    14.448848347888
Au     1.032324263111   -10.182189296219    14.137053170329
Au     1.181510761492   -12.703574895374    13.726706909876
Au    -7.626371488484     0.908757979900    15.059531465101
Au    -7.275315015458    -1.845539296230    15.006838371481
Au    -6.752192957880    -4.631047573091    14.761840318472
Au    -6.754200486058    -7.678197112878    13.907767127590
Au    -6.351914053355   -10.320173174831    13.202128111343
Au    -6.248797358825   -13.377877942808    12.234442021223
Au    -5.435193933039     1.867587836638    11.045112722115
Au    -5.386446849118    -1.041214275492    10.758926514525
Au    -5.401029399516    -3.744564072920    10.075747073446
Au    -5.081308840271    -6.432710974025     9.452921381536
Au    -4.897666366096    -9.560816112818     9.052346891433
Au    -4.517349339397   -12.259262368639     8.379242407092
Au    -0.958484815106     2.089186468917    11.590287368448
Au    -0.729176933094    -0.505106928447    10.809248500437
Au    -0.467970236519    -3.502001956416    10.691349537504
Au    -0.257508848520    -6.459561803774    10.088186876821
Au     0.009601257204    -9.243154841902     9.477736194048
Au     0.135451494714   -11.841068895841     8.923894771221
Au     7.826591940799    -7.312988300115    12.562259910393
Au     7.388557675326    -4.747957856722    13.052946555601
Au     6.662975446029    -2.290475858254    13.321906366441
Au     6.760957397673    -6.806116772044     7.996929136186
Au     6.806804317747    -3.880079175421     8.442120964386
Au     6.261582133068    -1.049146055580     9.054122553412
Au     4.684501157459    -6.993159787892     6.318657448603
Au     4.442969185465    -3.937507122908     6.530909429591
Au     4.338491740948    -1.185368587444     7.077033057327
Au     2.437137460294    -6.993986896392     4.449600024024
Au     2.349025935291    -3.661052301326     4.699812360693
Au     2.114711254034    -1.027680126556     5.256138309148
Au     0.239734512108    -6.424400990152     2.515482379487
Au     0.154688819761    -3.638521576683     2.919703246930
Au     0.063905087667    -0.784471339699     3.479718569868
Au     6.760539188716    -4.948137122049     5.789064040670
Au     6.959846736393    -2.160012805350     6.360314305765
Au     4.642203026112    -5.326189806778     4.164091787126
Au     5.057248394264    -2.290504536292     4.594424864281
Au     2.373006754035    -5.157227146189     2.345161547049
Au     3.346433266542    -2.424227604884     2.712053227308
Au    -4.644169498808    -6.654981003762     2.038486001303
Au    -4.585113069871    -4.086991248496     2.253188828050
Au    -4.662087741600    -1.223848112880     2.781989613668
Au    -7.000411135393    -7.393057123856     3.386598889174
Au    -6.820926510078    -4.421119148881     3.823275707973
Au    -6.977146379180    -1.102704556619     4.111904725074
Au    -9.212154910128    -7.401024009662     4.763077015947
Au    -9.590750159021    -4.735921109936     5.401820903930
Au    -9.715457569013    -1.827101025561     5.660834928603
Au   -11.551759892208    -8.268708302415     6.060701297803
Au   -12.226653266048    -5.584893963509     6.042769183141
Au   -11.779878707215    -3.141788423063     6.569480274483
Au    -6.840884302669    -5.391420376726     1.284614030618
Au    -6.799217447476    -2.543856361218     1.849944057571
Au    -9.011102301193    -5.742070442951     2.635432875179
Au    -9.101433904954    -3.018625289538     3.083233718319
Au   -11.517321623649    -6.259146925033     3.443846660423
Au   -11.579518941333    -3.760760519446     3.827423167894
Au   -12.770103813634    -8.777545451326    10.570523140722
Au   -12.910430669189    -6.187458653557    11.219877175791
Au   -13.354208784826    -3.574225159281    11.182271178011
