         216
 AuNiAgCu    E (eV) =  -773.324585       T (K) =   550.000000       time (ns) =   1.46000004    
Au    -1.746008329172   -19.060977591968    24.616249878512
Au     0.444758954206   -16.244366778736    23.807264691060
Au     1.190127275729   -14.946964379266    21.660655525857
Au     2.008472407156   -13.401394452184    19.266624076441
Au     3.043844274934   -11.982849786061    16.782673203686
Au     3.927484868477   -10.701071242153    14.358012539426
Au     4.957078812545    -9.216297786361    12.581564280778
Au     3.381686524514    -8.027687942126    10.615547619867
Au     8.363517693467   -10.632118344141    27.053453849043
Au     9.180175575065    -9.491098456318    24.856098009470
Au    10.512461387225    -8.198863221883    22.399429009121
Au    11.024243897951    -6.805005492061    19.952956545162
Au    -1.592627100829    -6.177878400581    25.303840761958
Au    -0.667016728795    -4.692383150164    23.151233466306
Au     0.292005414857    -2.964969408788    20.884297494119
Au     1.097743401748    -1.721336741515    18.142780360512
Au    -8.565980069114   -12.725332243787    19.337407326512
Au    -8.831881973780    -7.371474126212    18.903996264908
Au    -7.961168908300    -8.352483997206    16.662435683351
Au    -5.672539177677    -9.253992235640    12.082924971410
Au     0.100991666812   -17.737185370810    26.069815557578
Au     1.569726544179   -17.710152678407    21.809271363128
Au     2.330406155825   -16.356185987043    19.423640100807
Au     3.158353538077   -15.065890689823    17.203023014362
Au     4.200496049681   -13.528209158112    14.800544111456
Au     5.524951889974   -12.503510208045    12.723515566497
Au     5.912933898444    -8.135877557171    10.348191898733
Au     0.823395672025   -19.306992994838    23.839193105195
Au    -1.127241938857   -18.023059755438    22.232412417317
Au    -0.447656730577   -16.575336217120    20.273759160361
Au     0.283225792820   -15.180831340212    17.774729925914
Au     1.142841462368   -13.965303842308    15.650618533250
Au     2.158173746368   -12.652322932593    13.090148500590
Au     6.369106705035   -11.079544398633    10.655072789528
Au    -2.118404501878   -16.433359812866    24.826301701542
Au    -1.709887060469   -14.994113798754    22.534794562035
Au    -0.827240132403   -13.632754275190    19.669980849950
Au     0.084196089292   -12.164265717494    17.719431874482
Au     0.934178708067   -11.229760956077    15.150760066670
Au     1.776617279933    -9.700733862861    12.822225688083
Au     1.778553060128   -10.553871526008     9.683165469274
Au    -0.393583885660   -14.695048100535    26.107914837254
Au    -0.075735179238   -13.077637195061    23.714377451236
Au     0.984179271703   -11.899923410514    21.259397922574
Au     1.853713198283   -10.441045748775    18.868311280125
Au     2.773846307517    -9.309635092556    16.508633613320
Au     3.603812636793    -7.679175577137    14.335307357800
Au     4.892783792505    -6.292795001800    12.055999181456
Au     2.002340422491   -15.845308479409    26.221870790223
Au     2.442791947514   -14.143964894894    24.236780239064
Au     3.287042623883   -13.004390686609    21.763327438248
Au     4.363476959560   -11.663400423107    19.277278144203
Au     5.172955842104   -10.356180856168    16.902549295458
Au     6.131256753097    -8.896653883314    14.987746379630
Au     7.206130214489    -7.558905152548    12.645954526203
Au    -4.120047767610   -15.243602864845    23.328313505959
Au    -3.900308957263   -14.223177078416    20.639762345110
Au    -2.781751843455   -12.467999987218    18.559959952387
Au    -2.091847179958   -11.206915470423    15.883343158326
Au    -1.014150628417   -10.043627693169    13.567103413594
Au    -0.003766447294    -8.972765659436    10.919120854232
Au    -1.070105915837   -11.872965672135    25.987568979674
Au    -0.313975730633   -10.171516859528    23.332096046995
Au     0.618621791832    -8.570745181321    21.171376498119
Au     1.416213150114    -7.387903702304    18.646074231331
Au     2.362006603886    -5.983709327225    16.526071531065
Au     3.226503067570    -4.809212298169    14.260247271247
Au     3.980734869984   -14.055755657070    26.530292393583
Au     4.793964994991   -12.962018999563    24.069949920651
Au     5.583676565966   -11.242939892905    21.925121849747
Au     6.422970861184   -10.111563801921    19.426136655787
Au     7.292766974986    -8.450408285607    17.440593918411
Au     8.259018205074    -7.351188473484    15.211936615871
Au    -6.423836456777   -14.109592828815    21.976662137698
Au    -5.908782897008   -13.348289718106    19.138180752498
Au    -4.767624738703   -11.528030782199    16.548244250161
Au    -3.613672546138   -10.130416591599    13.856095367074
Au    -2.642299169523    -9.222505341871    11.323352060218
Au    -1.268545401012    -8.972211519122    25.677468559475
Au    -0.602282016493    -7.438773617751    23.338036853380
Au     0.330238361576    -5.935997917995    20.751751466705
Au     1.066022450563    -4.406576854741    18.428113818788
Au     2.094578291603    -3.258144642153    16.007142961612
Au     6.127973572982   -12.256294416879    26.838385792535
Au     6.891929833240   -10.894564793778    24.425439419389
Au     7.858744653120    -9.649226901269    22.069299418606
Au     8.757585886769    -8.245080770036    19.890527213300
Au     9.522505422791    -6.883754624307    17.686369669869
Au    -7.664975368584   -15.384370653107    19.805689433328
Au    -7.346044180440   -14.339827794075    17.172013932377
Au    -6.065762420672   -13.089998493550    14.793034647532
Au    -2.302175979131   -11.922983875972    11.953286318390
Au    -3.205398327435    -7.708496968016    24.053622245855
Au    -2.493744422505    -6.301219741105    21.619984595875
Au    -1.770766470935    -5.011027704942    19.124616714755
Au    -0.740241385659    -3.594054736551    16.677565029736
Au     5.576814951183    -9.648114352662    26.997886968137
Au     6.702874162549    -8.263979479369    24.128905125257
Au     7.490050742098    -6.845909128540    22.020979470362
Au     8.487295387329    -5.456289335911    19.669169102329
Au    -5.116754285015    -9.582175659118    22.371065082750
Au    -4.231145422909    -7.966599700509    20.126168708644
Au    -3.575591179181    -6.902079310004    17.570761483178
Au    -2.253423168413    -5.474407627760    14.712375354800
Au     3.359724105775    -8.371466459626    26.195038965161
Au     4.041233126647    -7.242484954322    23.619974361817
Au     5.159825467992    -5.458324627007    21.464613804887
Au     6.054682520432    -3.906568616209    19.326023774413
Au     7.100307118223   -13.999537460154    24.533060404516
Au     7.872322132335   -12.672749446199    22.207244552734
Au     8.964395602900   -11.223438751050    20.179689742886
Au     9.888945585624    -9.824791307694    17.849705645311
Au    -6.452919477701   -11.480831950942    20.886885914815
Au    -6.032721691361    -9.662182245161    18.297480449164
Au    -5.137675264151    -8.603824851782    15.842860278890
Au    -3.879179039547    -7.247209158853    13.284260576562
Au     0.827245108337    -7.119342278435    26.065980804849
Au     1.801453839946    -5.491360977507    23.193699925788
Au     2.719804554091    -4.219435984981    21.073786790737
Au     3.539858775923    -2.791157065678    18.768480341528
Au    -5.566894063953   -16.549408447183    21.101610697176
Au    -5.307873024879   -16.013232040008    18.605400283739
Au    -4.839768428411   -14.176258009627    16.823377149474
Au    -3.362517230788   -13.050487153702    14.559131259018
Au     0.275510092957   -11.854554189303    11.546721494628
Au    -2.966676521517   -10.695982022796    24.391802208708
Au    -2.517620514232    -9.219523291812    21.814771229076
Au    -1.353561015717    -7.731888577683    19.347494865592
Au    -0.386821160652    -6.366056403368    16.949594777159
Au     0.379797263718    -5.234639808035    14.516068975079
Au     3.738658378200   -11.334662874417    26.803221134046
Au     4.176779408726    -9.951823778214    24.130347861556
Au     5.262980453048    -8.590230884392    21.456602788603
Au     6.303980538436    -6.935242395899    19.330758086280
Au     7.257566229895    -5.609110607179    16.993793248230
Au     4.776422351788   -15.809252729071    24.587611872157
Au     5.732205313698   -14.309844899734    22.047553770876
Au     6.851910060446   -12.932127335768    19.702660763630
Au     7.899971264766   -11.536073979867    17.526684605556
Au     8.698182700740   -10.022377482705    15.292125362022
Au    -4.750112538751   -12.313861972789    22.924242166785
Au    -3.831809338702   -11.114469083353    20.435352856573
Au    -3.167695714009    -9.605264972261    17.809174663136
Au    -2.279187955045    -8.270728554701    15.340181720467
Au    -0.859201007875    -7.010565043331    12.785369759297
Au     1.131373927033   -10.026935672474    26.012067561263
Au     1.892272513122    -8.395161337854    23.721351189831
Au     2.994177990190    -7.188003348178    21.056121517300
Au     3.849112199159    -5.731019944926    18.942044978574
Au     4.879327954265    -4.260207651854    16.842162366809
Au     2.841249445006   -17.681157038996    24.427085180516
Au     3.737206047617   -15.823103427861    22.138498005214
Au     4.420014265038   -14.405684359809    19.628880458237
Au     5.471766863850   -13.216043552569    17.120276885557
Au     6.664333163952   -11.974522803421    15.144926012491
Au     7.323189246645   -10.388623013809    12.990969145229
Au    -3.677355202651   -17.891064823818    23.119280297492
Au    -3.140450259060   -16.949979843807    20.703508735742
Au    -2.442080409365   -15.122911021464    18.508880003324
Au    -1.513638582870   -13.901628203253    16.266114783204
Au    -0.755852677130   -12.935829172362    13.817666871014
Au     3.570074501669   -11.276429063678    11.337878428785
Au    -2.521473096059   -13.608552468641    24.680509683502
Au    -2.013426890881   -12.279161553478    21.928820647382
Au    -0.938010160491   -10.400174489080    19.563378440844
Au    -0.219905061764    -9.142357152406    17.022498026362
Au     0.583511882268    -8.032945130890    14.781925699235
Au     1.896223827097    -6.652087783362    12.760678378201
Au     1.598731211355   -12.994564416792    26.478762203899
Au     2.232218104187   -11.463493274064    24.223121423274
Au     3.031511415410   -10.171257417745    21.631464720716
Au     3.921267273254    -8.805045825648    19.089543519292
Au     4.745668450940    -6.996158521769    16.952267197903
Au     5.934720755417    -6.004652267280    14.644018909274
Au    11.121109123384    -9.579166141881    20.244220614000
Au    10.278360832355   -10.954098974855    22.518939966591
Au     9.074749073179   -12.241938400653    24.615329697352
Au     9.955871825669    -5.536026689338    22.214951048701
Au     9.063576617829    -6.482860115933    24.552285408146
Au     7.842385106129    -7.782594203800    26.733942943911
Au     7.495328934232    -3.397253539991    21.727301979765
Au     6.524074775878    -5.397165606374    23.990895985241
Au     5.570614314044    -6.598628973468    26.238162062175
Au     5.095710405715    -2.405273195551    21.418294281866
Au     4.087007464961    -3.903907724555    23.637524648777
Au     3.076453090336    -5.690024863235    25.633056159669
Au     2.570499965695    -1.401130054974    21.074627989291
Au     1.381406977544    -2.195192136267    23.329322545511
Au     0.773433141863    -4.129265308377    25.350751118982
Au     8.751653604241    -3.745440305377    24.056859662917
Au     7.837887183762    -4.658148753229    26.272358984696
Au     6.340944588081    -2.590699657556    24.129966901224
Au     5.162489926545    -3.986134366329    26.121130793760
Au     3.821282304990    -1.046478821324    23.467384224012
Au     2.740639990957    -2.347703625378    25.623307686566
Au    -1.501840430193    -2.448295701136    18.802333607308
Au    -2.299275113212    -3.344647889536    21.216229162378
Au    -3.530117543710    -4.827469229040    23.427335289109
Au    -3.271641550447    -4.191136332828    16.941775381508
Au    -4.546724858390    -5.094470405488    19.833285287959
Au    -5.520992651022    -6.816451376358    22.586225107607
Au    -4.947467620197    -5.823968564723    15.569578530872
Au    -6.200160342311    -6.816087096183    18.317313407303
Au    -6.865823224435    -8.527623177500    20.675984655419
Au    -6.531939610127    -7.593313456728    13.990188701400
Au    -7.702048507390    -5.699642740174    15.906012118950
Au    -8.470139638034   -10.115626748396    18.969279647662
Au    -4.027694516031    -2.489603995810    19.169083459833
Au    -5.592230938363    -4.049041883145    22.290378631781
Au    -6.336382494194    -2.783749973576    20.018801701701
Au    -7.260410981179    -5.599626307512    20.618657986891
Au    -5.851652703899    -4.134579453947    17.510621597408
Au    -8.274969476004    -4.955131055495    18.287233905675
Au    -5.463750252137   -11.912325827977    12.498528434132
Au    -6.391383412264   -10.335486938340    14.526526636573
Au    -7.639345792941   -11.506303539134    16.972082765342
