         216
 AuNiAgCu    E (eV) =  -775.315674       T (K) =   550.000000       time (ns) =   3.99999991E-02
Au     6.420441099356    -3.879664428111    10.692791382255
Au     5.219612554581    -4.021365740964     8.487024481280
Au     4.264211230527    -4.163912617443     5.990791174280
Au     2.574859800064    -4.008672496969     3.323505763739
Au     1.373284346467    -4.346540285317     0.638595255847
Au     0.154082718220    -4.302752968861    -1.934435951650
Au    -1.144814694460    -4.260779284557    -4.498907290389
Au    -2.400085611057    -4.207280012130    -6.944530769570
Au     9.840416655148     3.402576336431     2.688275957551
Au     8.659983105873     3.516081769306     0.085015210001
Au     7.380117340413     3.332134364905    -2.594565121954
Au     6.422847808099     2.971503469378    -5.020216458124
Au    -0.448186577852     4.881369796860     7.359616423024
Au    -1.877772109088     4.686236552190     4.821807916563
Au    -3.139624060699     4.444080496708     2.468119925719
Au    -4.243121389104     4.386708188636    -0.107483831288
Au    -4.961454647234    -4.781630185112    10.492422683621
Au    -6.220513813626    -5.233546723938     7.859777699019
Au    -7.263192892995    -5.764555267635     5.003682071738
Au    -8.192749264856    -5.855091269719     2.596236184879
Au     8.062015436305    -4.463118495371     8.589699946556
Au     7.030866939057    -4.842335071886     6.192818939899
Au     5.252205963530    -4.751024459822     3.567908332931
Au     4.030326870455    -4.962600633328     1.034064676600
Au     2.974749706954    -5.137163712675    -1.882015307611
Au     1.547065865474    -5.077186305802    -4.275654563756
Au     0.218914909654    -5.130096697224    -6.558834571929
Au     6.557950774010    -6.337031583660     9.235928188896
Au     4.496596265372    -6.570671123198     7.215432616105
Au     3.410642729131    -6.500961679829     4.587854297767
Au     2.059158619039    -6.455782738078     2.269309695918
Au     0.681720184553    -6.657544044833    -0.465567539622
Au    -0.883072511773    -6.687808052631    -3.172194562726
Au    -2.194704250631    -6.461874768403    -5.737161167500
Au     3.585090877616    -3.776701472851    10.862267027117
Au     2.492658629455    -4.743491935423     8.342497263018
Au     1.472119700450    -4.605123328677     5.881903508536
Au    -0.127333710173    -4.390958448298     3.044724383585
Au    -1.371120465744    -5.044776383408     0.722090618950
Au    -2.640921810259    -4.621874525179    -1.947971653783
Au    -3.808414199624    -4.915380834340    -4.531813392235
Au     4.737108058978    -1.285684559921    10.086706555213
Au     3.767111898710    -1.726049816553     7.772822408783
Au     2.445231279625    -1.656744473816     5.143590783566
Au     0.939486610207    -2.004660556399     2.467429375946
Au    -0.233811482436    -2.417296120069     0.058287456582
Au    -1.691034409005    -2.061070146913    -2.545500105454
Au    -2.737439562373    -2.127755687622    -4.873174014489
Au     7.141951837250    -2.046167903919     8.742615281135
Au     6.099819336566    -2.213229740972     6.252896172335
Au     4.714554586614    -2.181448438272     3.707426677250
Au     3.362925914370    -2.307461383832     1.139949734776
Au     2.256252407409    -2.256253113448    -1.428946527127
Au     0.851452857751    -2.717919872662    -3.862335443252
Au    -0.142361348352    -2.633776397550    -6.768528264421
Au     0.987736675037    -3.889715886450    10.893957676336
Au    -0.459476647472    -4.745532344650     8.769407671691
Au    -1.131856621877    -4.925502289045     5.958360479062
Au    -2.794700479992    -4.999887107900     3.195026827201
Au    -4.082161352235    -4.909225846105     0.498779078624
Au    -5.114870866085    -5.570375557930    -2.471337265500
Au     3.092978313219     0.730373844251     9.369867153364
Au     1.997103998474     0.286832848909     6.902057480753
Au     0.720980543934     0.285357054180     4.168017667462
Au    -0.766802256229     0.239606429884     1.432754923109
Au    -2.115500557668     0.195152646588    -0.897952782557
Au    -3.113615986317     0.168195021907    -3.520684326338
Au     7.956713725318    -0.184177477388     6.558208488245
Au     7.210779400355    -0.381515222395     3.968520552282
Au     5.831812127997    -0.392554892756     1.549454570105
Au     4.451498603590    -0.296030172529    -0.750302454384
Au     3.133368689611    -0.441027086950    -3.603759802835
Au     1.757866910042    -0.949411745451    -5.727496987770
Au    -2.271865428471    -4.582229564267    11.027451384647
Au    -3.215234141740    -5.174165701270     8.312728274043
Au    -4.343804136801    -5.612214946973     5.648657698430
Au    -5.594211080558    -5.774156751854     2.963400708493
Au    -6.607437844704    -5.641243205001     0.219039645066
Au     1.022473691974     2.698011477175     8.228059289100
Au     0.039584124407     2.297779635800     5.797714394970
Au    -1.237003355952     2.393605276992     3.103875916837
Au    -2.560110243074     2.226500816388     0.708653444366
Au    -3.946148854530     2.189756365589    -1.730081674340
Au     8.880800808205     1.626356894709     4.746807645200
Au     7.792538728634     1.725784399051     2.255144779318
Au     6.831187850981     1.620751486284    -0.601404675666
Au     5.203053146719     1.396380928797    -2.819263734948
Au     3.977437138233     1.164192976580    -5.689993242574
Au    -1.693477728298    -6.906882246715    10.038125963686
Au    -3.334429241314    -7.594151183688     7.198774410630
Au    -4.430014113341    -8.300976609576     4.240931693875
Au    -6.283758576275    -7.920063983722     1.468881106525
Au    -1.703136627575     2.592826751494     8.111784359636
Au    -2.733459223741     2.139737270689     5.509051747283
Au    -4.081514571027     2.047023250800     2.973936484481
Au    -5.615477481182     1.851145444967     0.229958050861
Au     7.044167857267     3.634906367739     3.947254241540
Au     5.956016747672     3.601169746388     1.337263267631
Au     4.845271309405     3.484921175862    -1.253344693532
Au     3.723065042994     3.305706300704    -4.061040134580
Au    -2.691071987220    -0.187362396777     8.976207450283
Au    -3.631194008575    -0.464888876795     6.420619349784
Au    -5.134370511005    -0.336024508060     3.793787472824
Au    -6.464515338236    -0.707050633920     0.790685852211
Au     4.603343145471     3.947484461149     5.298307301106
Au     3.617256753330     3.845287327511     2.754533633867
Au     2.258882038150     3.971082425019    -0.163944820383
Au     0.901955961653     4.007058109195    -2.924092032939
Au    10.087270795650     0.503974242519     2.446589162201
Au     9.308628214280     0.465066211918    -0.228207161077
Au     7.813094826609     0.192856068980    -2.673059521286
Au     6.460039034467     0.163761103470    -5.221487882053
Au    -3.712811917647    -2.704766137186     9.497225128784
Au    -4.937050946143    -3.103591342399     6.865851997903
Au    -6.117133355342    -3.423314377520     4.406923125110
Au    -7.106546248672    -3.569625103479     1.576538342619
Au     2.049375544486     4.331705996121     6.101319563248
Au     0.831524362153     4.242869269594     3.735249458378
Au    -0.203166130894     4.241443522078     1.262850240797
Au    -1.707040766595     3.966818966192    -1.435934107897
Au     1.169139354468    -6.745258538648     9.708937239126
Au    -0.691471723952    -7.152917598921     7.475058537664
Au    -2.132173131843    -7.514206019996     4.448585524775
Au    -3.558634787601    -7.121698451211     1.763696134856
Au    -4.687009610621    -7.595189480825    -0.740110621323
Au     0.216484776491     0.217923307093     9.191031812579
Au    -0.926625965415    -0.071525005779     6.682454528134
Au    -2.137254650011    -0.076070290165     4.137939159277
Au    -3.580188400917    -0.272571839519     1.569957906626
Au    -5.060588423981    -0.228588736795    -1.565746910920
Au     6.249319812585     1.986154867811     5.904889747485
Au     5.198374664616     1.545892953157     3.515464883341
Au     4.106365329129     1.828121850349     0.865385687885
Au     2.595916843533     1.710834682893    -1.787810242994
Au     1.417027094810     1.532994348275    -4.295364370078
Au     9.757666781237    -1.186596053450     4.426708583437
Au     8.413732729602    -1.694356954755     2.038922987462
Au     6.952535687572    -1.643164840857    -0.585841523136
Au     5.685791491686    -1.456604019301    -3.070534638426
Au     4.398655261615    -1.484558295098    -5.922280248086
Au    -0.994780361869    -2.163072718885    10.075267936692
Au    -2.138403158383    -2.566294437449     7.344866842430
Au    -3.174361890132    -2.740095927751     4.684238126264
Au    -4.366978984032    -2.833372047495     2.180078528404
Au    -5.739333330347    -2.821590904916    -0.555182969232
Au     3.946365859349     2.490651010512     7.401944240447
Au     2.748897300195     1.910820935789     4.757485848295
Au     1.477751366560     2.028223884412     2.109086429616
Au     0.151041897080     2.283229979349    -0.656483673647
Au    -1.022562139646     2.038822656104    -3.131602200555
Au     8.845465116176    -2.660733408244     6.493844557108
Au     7.674494744014    -3.398021146477     4.011175141339
Au     6.152642460760    -3.453681254375     1.552624405937
Au     4.782827011149    -3.488688674130    -0.956044799785
Au     3.716645182102    -3.267120442593    -3.815549148733
Au     2.387406883135    -3.370725142782    -6.417361295769
Au     4.004847783046    -6.163302127169     9.988627520144
Au     1.756981731593    -7.056772064056     7.113880254666
Au     0.651517734741    -6.736461421101     4.459765917585
Au    -0.738787370151    -7.213109464016     2.119831886043
Au    -1.956060955123    -7.138306741681    -0.868794320722
Au    -3.492037501391    -7.381474787388    -3.173339266801
Au     2.062352887337    -1.690926584643    10.119431365843
Au     0.774934901948    -2.495197218266     7.731723571906
Au    -0.625828561346    -2.341644073995     5.057428620642
Au    -1.723288790679    -2.247393938564     2.285948167003
Au    -3.303342460492    -2.295706431994    -0.207188795602
Au    -4.532685717064    -2.583464698731    -3.055458182949
Au     5.698135124782     0.547789076990     8.294651720853
Au     4.569538525963    -0.141410755482     5.840198745524
Au     3.075378158078    -0.180486819174     2.730150338796
Au     1.756888578385    -0.108319136705     0.325500155521
Au     0.478151730905    -0.228356033542    -2.058429157997
Au    -0.627120630308    -0.375283963729    -4.652723544914
Au     8.674660828746     1.702078366030    -4.633877562621
Au     9.644292685279     2.022156827450    -2.113931085189
Au    10.827307619435     2.385058824752     0.478361547182
Au     5.620499594009     5.102293511397    -3.533898322428
Au     6.906105085512     5.420176620368    -0.732735149257
Au     7.985979769777     5.612864428635     1.670417430815
Au     3.076988590541     5.473682735780    -2.415918562215
Au     4.163647273576     5.653435690698     0.393853151650
Au     5.456988914798     5.900880610183     3.169554244519
Au     0.391998235902     5.745436711083    -1.027982434799
Au     1.697825236890     6.116724532493     1.463874166396
Au     2.664690896330     6.339407811830     4.125086946476
Au    -2.328694074237     6.209733262871     0.274507517746
Au    -0.924723459151     6.295483139270     2.763350382017
Au     0.227143929043     6.542583378436     5.161439232068
Au     5.112718454622     7.063651512596    -1.651775098616
Au     5.929357482099     7.632567637483     0.911473752010
Au     2.272409761128     7.739158547957    -0.596078407010
Au     3.679157197045     7.898437636643     2.029653717369
Au    -0.293715721025     8.031623484049     0.794648673001
Au     0.887735936544     8.308594866162     3.031750208258
Au    -5.910559998430     4.087094734008     2.069399212870
Au    -4.835818324589     4.495312556427     4.506779320682
Au    -3.275503400297     4.466553658445     7.148862117861
Au    -6.812965505056     1.513607135490     2.609997378409
Au    -5.582846814859     1.843382113752     5.249348012666
Au    -4.328767224769     1.813109501296     7.757658865630
Au    -7.730065079707    -1.376003332598     3.310637781431
Au    -6.505180726297    -1.134461824039     5.950057485422
Au    -5.381336971491    -0.632896751754     8.460657867994
Au    -8.647113481531    -3.790270425057     4.203161228609
Au    -7.817271180385    -3.426307193117     6.694308428183
Au    -6.375080256951    -2.989809226967     9.255585759373
Au    -7.366946296680     3.585478702959     4.208665350343
Au    -6.011101588964     4.004995571060     6.747562573014
Au    -8.184462735123     1.129852790859     4.705112909590
Au    -7.238072043831     1.148418042848     7.418656286695
Au    -9.077364452671    -1.067536497015     5.841415232418
Au    -8.023802901479    -1.168195423194     8.206623602695
Au    -7.229782572286    -8.093127154610     3.897093241900
Au    -6.039388511708    -7.651499634822     6.283576147163
Au    -4.285391603324    -7.216815741120     9.767194407162
