         216
 AuNiAgCu    E (eV) =  -773.354919       T (K) =   550.000000       time (ns) =  0.490000010    
Au    -3.727974193493     5.198264062993    14.926320938658
Au    -4.233503815589     2.385351405364    14.671771854576
Au    -4.547403220940    -0.568817374280    14.343978665305
Au    -4.904418388801    -3.323230517828    14.127491760330
Au    -4.930389013589    -6.035612128971    14.213974106803
Au    -5.048357947587    -8.705437824673    13.693173163574
Au    -5.073504232217   -11.549202248276    13.353972662009
Au    -5.089808903656   -14.196020499919    12.843715828273
Au     5.056916075469    -0.949981880343    12.347001710877
Au     5.108199731772    -3.706986781266    12.256374062169
Au     5.232453304335    -6.307603137565    12.336810034219
Au     4.947666098623    -9.133185258159    11.794489329202
Au    -2.568776716965     0.375493045269     5.053538308805
Au    -2.676442942550    -2.172875998152     4.253047126850
Au    -2.588745162782    -4.940561305088     4.132899535927
Au    -2.834595657077    -7.613654129520     3.586668422342
Au   -13.248083028969     0.308651901846     9.902886512174
Au   -13.168455694325    -2.323242857214     8.930186653996
Au   -13.562117773456    -5.282765256646     8.424082955620
Au   -13.409612064947    -8.059235168447     8.403548470006
Au    -2.822842607114     3.465050171045    16.934389115494
Au    -3.309720062817     0.625236712574    16.695248704830
Au    -3.617184127391    -2.308840882443    16.303480301935
Au    -3.627838141111    -5.076987448718    16.412933290581
Au    -3.546962634341    -8.234151598580    15.890518267726
Au    -3.438792166463   -10.865633372526    15.996935168080
Au    -3.308898741726   -13.357911266210    15.211375564472
Au    -5.346970857506     4.238268639084    16.641825103684
Au    -6.036763728830     1.388971742353    16.317474299706
Au    -6.328709450000    -1.564449756399    16.424445862125
Au    -6.305484972879    -4.361331407571    16.144640006282
Au    -6.184914410033    -7.418982188463    16.241804513366
Au    -5.887906629928   -10.082246239329    15.769342909115
Au    -6.022589397130   -13.106225718706    15.323112094187
Au    -6.193664644991     4.088447324048    14.174236259773
Au    -6.416839748868     1.349602200237    13.506893597083
Au    -6.829560260799    -1.496993672187    13.084991163063
Au    -7.304627907753    -4.402523827619    12.726386813989
Au    -7.089158062848    -6.961349639022    12.073355808546
Au    -7.195640250891    -9.924176048258    12.069365238449
Au    -7.229801934172   -12.757733907605    11.639385663482
Au    -3.922749391313     4.166517848583    12.381500106518
Au    -3.702984044606     1.447390311261    12.260275126970
Au    -4.055001113403    -1.740769028649    11.853779703111
Au    -4.576601567354    -4.536926987173    11.640482406064
Au    -4.310663134945    -7.164581586458    11.256377798356
Au    -4.345225218876    -9.874250649618    10.785492185183
Au    -4.387424621133   -12.632960178485    10.732212562363
Au    -1.670066855776     3.895646640384    14.477890961902
Au    -2.046765710029     0.634179339570    14.412849249344
Au    -1.956038066419    -2.115216418020    13.854449024325
Au    -2.465305839490    -4.818079184823    13.486491460213
Au    -2.564559482728    -7.478121284814    13.424442428763
Au    -2.340699721218   -10.380039204899    13.448817973582
Au    -2.655446450559   -12.949506207444    12.773625094748
Au    -8.389450529334     2.823497218357    12.515952951484
Au    -8.760376803689     0.269220066171    11.715526849726
Au    -8.782239277636    -2.526414472463    11.384826522494
Au    -9.270245815429    -5.676162008488    10.844164405899
Au    -9.288188433199    -8.502099032625    10.799680842584
Au    -9.290996164893   -11.234125279912    10.525105467960
Au    -3.061620691796     3.031598315416    10.048942286957
Au    -3.179900253476     0.262393399910     9.752851205458
Au    -3.484145032824    -2.775234707734     9.385521139214
Au    -3.889515143583    -5.481525067676     8.876914753216
Au    -3.985919986091    -8.364934864230     8.386290947981
Au    -4.017201426480   -11.100170675395     8.286403711610
Au     0.506807357477     2.001053961692    13.995433154094
Au     0.443548674139    -0.551706157968    13.922490226131
Au     0.177085215605    -3.653044689279    13.462173931086
Au    -0.019924215170    -6.340012724812    12.864372205656
Au     0.034317001958    -9.000678390632    12.701998528779
Au     0.323755324015   -11.863010371648    12.203800373454
Au   -11.051379832649     1.650255212925    11.011069650828
Au   -11.130469126562    -1.022743044704    10.836729419095
Au   -11.207079478345    -3.843060332140     9.977342422028
Au   -11.485384773387    -7.013165758286     9.629669188076
Au   -11.191147904152    -9.638846291645     9.295403329602
Au    -2.757561603891     1.984806937594     7.397681298130
Au    -3.056266609707    -1.050156444693     7.241057981908
Au    -3.334483503691    -3.644420920827     6.807096385023
Au    -3.115013921355    -6.499910185730     6.224896598271
Au    -3.626665717601    -9.093857514894     5.779035167007
Au     2.676892374902     0.748098105149    13.294390526714
Au     2.936385543279    -2.166945204648    13.383876255794
Au     2.568900983006    -4.957479707143    13.171429532250
Au     2.543261322622    -8.017604109615    12.578246371658
Au     2.582875290701   -10.680939066092    12.077923007601
Au   -12.467146825652    -0.000863900387    12.972983150933
Au   -11.935353412679    -3.083890313003    12.348827262784
Au   -11.941298307787    -5.858709831432    12.340567610049
Au   -11.921835804566    -8.491590864406    11.954759689052
Au    -4.998119459588     0.719718383326     5.986173721088
Au    -5.043290746807    -1.800554750900     5.505293519325
Au    -5.459073894482    -4.856696902338     5.005838651647
Au    -5.478631105674    -7.626398409914     4.580621734698
Au     3.058692440155    -0.070434854494    10.621502242087
Au     3.253247579492    -2.958198495812    10.531950576402
Au     3.166071378545    -6.168247154689    10.387766634625
Au     2.918981259131    -8.803619435164     9.899536104594
Au    -7.392408061212     1.334095865151     7.328616822145
Au    -7.600224931515    -1.548923747401     6.703621593073
Au    -7.946270195551    -5.198167347527     6.377209672966
Au    -8.214407511463    -8.122117295936     5.575730895266
Au     1.280095268394    -0.065150381606     8.771528401089
Au     1.530068301566    -2.875170062921     8.587229540378
Au     1.401318475877    -5.898568176788     8.269588691059
Au     1.054186264089    -8.902808177326     7.803845890817
Au     4.078619758792    -0.807176967599    15.624749427384
Au     3.720153684217    -3.819390323856    15.615800766912
Au     3.870929554342    -6.614106289453    14.801378439338
Au     4.332546285600    -9.432713852669    14.267911851118
Au   -10.588542200963     0.926029227155     8.436848188703
Au   -10.438322002304    -1.804262033290     8.142438180914
Au   -10.707959353571    -5.160865143734     7.337278909142
Au   -10.963511339287    -8.303295364168     6.957282757256
Au    -0.437460706436     0.377119921569     6.812592019804
Au    -0.596088646443    -2.339809756287     6.458993349923
Au    -0.735885206909    -5.144647297685     6.170649187548
Au    -0.956215118574    -8.255096129672     5.673696955204
Au   -10.278467756312     1.012138252193    13.774907517569
Au   -10.073610501291    -1.784142097937    13.723369795118
Au    -9.785178086895    -4.430712392679    13.201712881177
Au    -9.795750501524    -7.341031526974    13.290682532636
Au    -9.789762040788   -10.431506572941    12.741784115932
Au    -5.091239128773     1.986497711682     8.637805084776
Au    -5.485320001930    -0.989845208033     8.430893493449
Au    -5.943749323506    -3.582616195869     7.707262255838
Au    -6.089226807030    -6.833578410112     7.333713704667
Au    -5.866850860987    -9.703834345723     6.982046814274
Au     1.063860103180     1.744354218670    11.497837388283
Au     0.837290264110    -1.637570541767    11.444117862572
Au     0.971644823228    -4.545985676130    10.932598920680
Au     0.472135539271    -7.442840479248    10.198760133640
Au     0.300929332917   -10.312978774336    10.033816179903
Au     1.749280525224     0.347701011624    16.085429854325
Au     1.337024160882    -2.600855297718    15.849866700631
Au     1.347279018828    -5.277114547233    15.523251941319
Au     1.530905546617    -7.933765214167    15.214379326163
Au     1.424091411177   -10.613973864565    14.407349921139
Au    -8.138401987783     2.167418107226     9.862109388494
Au    -8.001806478698    -0.618062371766     9.127193238623
Au    -8.389267878385    -3.670020259558     8.674244817180
Au    -8.753519346182    -6.997591580323     8.213980119927
Au    -8.724407519521    -9.600737732725     7.922357469899
Au    -0.784057303320     1.639866680377     9.413652315556
Au    -1.024383768094    -1.449189003234     9.148829916275
Au    -1.154327975719    -4.247511896415     9.005364680585
Au    -1.295989991347    -7.165131493636     8.357402411107
Au    -1.589356958952    -9.772484615035     8.065775040060
Au    -0.716865349373     1.743956788380    16.503622511922
Au    -0.877244956932    -0.928018998153    16.422198166805
Au    -1.149285637124    -3.690576922926    16.063757226623
Au    -1.563431496092    -6.559811555829    15.736533168854
Au    -0.897487000182    -9.289804471147    15.354276993052
Au    -1.002735026941   -11.982283839849    14.761993039561
Au    -7.982851532058     2.467242528666    15.234359339531
Au    -8.153116284957    -0.216690490535    15.142741750363
Au    -8.261623135185    -3.009406635773    15.247842958246
Au    -7.921722402815    -6.124120489289    14.687502895370
Au    -7.735411855087    -8.964767764783    14.392848585804
Au    -7.699065298220   -11.715445654288    14.057977424308
Au    -5.875112333720     2.996315812258    10.963681907704
Au    -5.996121723129     0.327405859494    10.968966675668
Au    -6.356907958877    -2.802989830281    10.454997004820
Au    -6.491123684677    -5.550716956945     9.843908444913
Au    -6.675041430943    -8.252382874215     9.692863924025
Au    -6.599875054707   -11.064573792183     9.656596484237
Au    -1.135094264068     3.018272213016    11.873459681510
Au    -1.247977190765    -0.077581144586    11.713169299547
Au    -1.595934098014    -3.070798173555    11.432311477943
Au    -1.978362808403    -6.090215552186    10.647770322687
Au    -1.975220037234    -8.746638220441    10.473950615654
Au    -2.052042403974   -11.432434117855    10.446636374963
Au     6.286397514076    -7.624275730773    14.494569574614
Au     6.066794105903    -4.968400602309    14.728750516195
Au     5.817916908102    -2.346026560460    14.476538988127
Au     5.276260357126    -7.156619834851     9.690918731197
Au     6.376087845566    -4.940648269350    10.209900920807
Au     5.700730795700    -2.004421996956     9.786456780744
Au     3.636747703756    -7.337754069873     7.569150314087
Au     3.856740741816    -4.255268594244     8.152986011705
Au     3.796479964469    -1.159384758831     8.277430209993
Au     1.450394231941    -6.982566735614     5.737694736466
Au     1.577407162618    -3.923630664313     5.964429498787
Au     1.920300951933    -1.039588333573     6.274033716539
Au    -0.296636610327    -6.177480332636     3.644782231936
Au    -0.021751523187    -3.567247447144     3.775421354995
Au    -0.003102257263    -0.835308962882     4.534024013244
Au     6.015301292225    -5.839563755126     7.489771216291
Au     6.432127392637    -3.139073690088     7.706439690721
Au     3.928987963030    -5.758976798617     5.614160315905
Au     4.439059551245    -2.642202534521     6.097362940736
Au     2.121524943959    -5.259285948672     3.711757010297
Au     2.599572291360    -2.574556268676     4.067468422270
Au    -4.823692962807    -5.946196474907     2.742263018857
Au    -4.945353557785    -3.179639324061     2.925089532558
Au    -4.562022494018    -0.157026114988     3.294089084087
Au    -7.771283142740    -5.869939912870     3.873814883392
Au    -7.398344225881    -3.080858557943     4.253446014054
Au    -7.630913019704     0.162703728091     4.499007285392
Au   -10.186974135137    -6.317274722465     5.051104280359
Au    -9.787099639530    -2.938777805262     5.908337666330
Au   -10.093611797767    -0.083525003020     5.707734065320
Au   -12.972901527222    -6.299765676427     6.096581483296
Au   -12.456720903796    -3.263195447996     6.524252817702
Au   -12.470321772315    -0.397717839089     7.055526742694
Au    -7.220984328025    -4.143642367009     1.792925408550
Au    -6.823028326958    -1.238063269717     2.352488278007
Au    -9.627467130792    -4.307305076477     3.342477117699
Au    -9.544597062448    -1.484679853490     3.435436040291
Au   -12.053157666496    -4.515604220870     4.184347524065
Au   -11.783619703294    -1.615609323144     4.512047829713
Au   -13.888844589234    -7.281352948926    10.945612018053
Au   -13.712841751062    -4.452643148525    10.798536292154
Au   -13.900230667759    -1.786283088897    11.352987621599
