         216
 AuNiAgCu    E (eV) =  -775.409241       T (K) =   550.000000       time (ns) =  0.349999994    
Au   -10.678674624535     1.695224243665    17.394245536614
Au    -9.087340037291    -0.121783658550    15.728794332646
Au    -7.707016282514    -1.971827742718    14.221035037837
Au    -5.984677567762    -3.544274379780    12.462277174946
Au    -4.401211432997    -5.498617430614    11.142382318012
Au    -2.932194886020    -7.415075916951     9.660956253580
Au    -1.124903134658    -8.683733701152     8.242774271886
Au     0.592915885191   -10.369806494040     6.438139002413
Au     0.087886494420     0.317234662507    19.851700101851
Au     2.014243845327    -1.923028716727    18.344867550725
Au     3.949864768077    -3.297573177841    16.603375060943
Au     5.216889359066    -4.625214702940    14.616557002834
Au    -2.476207671884     5.939193181196    10.204628329418
Au    -1.067029849800     4.239944885816     8.674910893792
Au     0.351388349027     2.497997172010     7.307964707672
Au     2.222343426670     0.619083746461     5.733950980005
Au   -12.307430709435     1.212200315632     5.928622880164
Au   -10.605951814821    -0.513600668141     4.417785172667
Au    -9.424319039942    -2.408499199612     2.835787789435
Au    -7.324406872085    -4.455623125828     1.610538069102
Au    -9.660034165288    -0.801466652216    18.244709415149
Au    -8.121391827384    -2.538866480757    16.858793283044
Au    -6.656062629946    -4.393478414880    15.406134604490
Au    -5.092672097752    -5.991341584224    13.855169083316
Au    -3.524201095246    -7.634225993829    12.392924901389
Au    -2.068845165100    -9.892033552110    10.454538074609
Au    -0.030616298947   -11.054152316957     9.221246464007
Au   -11.690698676362    -0.497322060031    16.160421623806
Au   -10.359889767317    -2.550353900071    14.822630620333
Au    -8.664618599273    -4.212073366189    13.336948934915
Au    -7.024834293647    -5.939963459137    11.918992942735
Au    -5.407637088859    -7.835629713047    10.258747546836
Au    -3.845027850156    -9.605758306342     8.192740659447
Au    -1.890450695391   -11.078413077953     7.207625542229
Au   -10.801722781079     2.049977441171    14.719294874270
Au    -9.501136218451     0.123586116858    13.127072173392
Au    -7.880466433422    -1.765363480271    11.461874635772
Au    -6.582696327115    -3.991539385613     9.671384469864
Au    -4.879037612655    -5.710282875558     8.485670557010
Au    -2.826928179119    -7.276529423621     6.738326186182
Au    -1.345990764361    -8.971513297364     5.104676826024
Au    -8.748617636596     2.932520542393    15.826588275962
Au    -7.136058300964     1.323564924717    14.203336754805
Au    -5.732610994473    -0.594351829887    12.747719698290
Au    -3.832940027063    -2.601081358228    10.938863269624
Au    -2.195995558665    -4.222878331979     9.200574465765
Au    -0.479995824017    -6.071623523420     7.651103159477
Au     0.898255266202    -7.886227694709     5.865994448394
Au    -7.868323427497     1.290493385939    17.870760622356
Au    -6.404435147695    -0.386465253209    16.402240870147
Au    -5.015495921581    -2.215393156254    14.817490399717
Au    -3.243846308010    -3.821059996935    13.275907621351
Au    -1.644898885090    -5.540956632620    11.599649401295
Au     0.180608507519    -7.497486778493    10.276013954115
Au     1.764863842261    -9.015897195207     8.509541467476
Au   -11.376946489518     1.634793920807    12.123525357470
Au    -9.968290544458    -0.048444342196    10.512316868066
Au    -8.393614063238    -2.058082389831     8.756162908251
Au    -6.684915978401    -4.026656611394     6.836245463882
Au    -4.879623315866    -5.994907728854     5.313691803573
Au    -3.384957844064    -7.751941715097     3.853420724936
Au    -6.824958000697     3.989472827950    14.112198425602
Au    -5.180750067155     2.422165756017    12.511409528125
Au    -3.863668032956     0.401649624279    10.726185323841
Au    -1.814480448298    -1.369339402774     9.049978310638
Au    -0.271118347240    -3.453914263483     7.415258998778
Au     1.544337275572    -5.336097024433     5.802295179925
Au    -5.396180925944     0.817540209584    18.525331094567
Au    -3.750042602113    -0.996330439353    17.027655338257
Au    -1.873897408148    -2.568545968979    15.406239742880
Au    -0.398356532771    -4.433656232343    13.841240972199
Au     1.339471547776    -5.844581159711    12.152253155029
Au     2.928203852491    -7.832735424549    10.531135827743
Au   -11.777675342650     1.584643645011     9.350749875440
Au   -10.607411568421    -0.432470997859     7.318240410734
Au    -8.987328156700    -2.454136669929     5.903927157790
Au    -7.675259812342    -4.092399627895     4.128551488552
Au    -5.381554960590    -5.980977581085     2.714176320024
Au    -4.842522865624     5.095796369337    11.976101126846
Au    -3.406752452191     3.166866468802    10.442508304531
Au    -1.547611281025     1.478247538463     9.136743502639
Au     0.157205322020    -0.448960092415     7.237268192254
Au     1.608525230652    -2.451731410749     5.739155940266
Au    -2.493929623049     0.724969016952    19.131040399113
Au    -1.006481312656    -1.281974698593    18.015042791304
Au     0.750850080802    -2.925357598717    16.002030235099
Au     2.479155330817    -4.656281503300    14.336809067080
Au     3.808243722936    -6.324919907585    12.743982175512
Au   -13.165776623501    -0.434776518781     8.388613713576
Au   -11.425493898505    -3.152294391552     6.862184599781
Au   -10.040357297095    -5.216936771599     5.332647712492
Au    -7.993533333805    -6.704552912158     3.042556328045
Au    -5.049745840924     5.039908639805     9.259255982275
Au    -3.627083095822     3.065216655310     7.813432028406
Au    -1.805160282046     0.978292217516     6.198758558487
Au     0.098465347643    -0.608231781501     4.417512646154
Au    -0.646977262098     1.501091397047    17.536389152396
Au     1.184187276892    -0.240719619329    15.994986563707
Au     3.083157363128    -1.830367952983    14.281868041535
Au     4.415867212187    -3.504501952545    12.333085409112
Au    -7.555023343472     3.821683100562     8.214958519891
Au    -5.951978162704     2.064400948007     6.754439352360
Au    -4.143400276481    -0.450985798928     4.912284768155
Au    -2.503696422876    -2.085452322492     3.549370556101
Au    -1.406304700455     3.290938585970    15.086979118338
Au     0.110339252325     1.264223741232    13.591584655712
Au     2.047745863686    -0.323858235538    12.085825852686
Au     3.777167569781    -1.745297824575    10.304459803362
Au    -1.862675061515    -1.719207164617    20.541065294517
Au    -0.230436107606    -4.274282094504    18.788257448208
Au     1.597172048247    -5.304327208428    17.018658339932
Au     2.843676121042    -7.215171210583    15.150430464818
Au   -10.097734206422     2.309696455234     7.149226922489
Au    -8.445665809288     0.611148666194     5.550597507043
Au    -6.938376870837    -1.596474936144     3.951250047726
Au    -5.167356595689    -3.163493846673     2.465921118098
Au    -2.315097846195     4.625687736340    12.724681736311
Au    -0.568083922399     2.989308825592    11.270561706308
Au     1.285472567037     1.115468113740     9.721277020105
Au     3.184514975402    -0.434706608937     8.108837655294
Au   -12.412514399866    -0.647688974987    11.026931767734
Au   -11.111789290435    -2.246079426443     9.233634433400
Au    -9.133476462863    -4.470084653891     7.717763721375
Au    -7.576083337453    -6.444710172452     5.739845104099
Au    -6.009801463374    -8.269378687234     4.264642969013
Au    -7.082546328331     3.996137421078    11.254757998918
Au    -5.760713517167     2.231169335037     9.547688714242
Au    -4.132848231778     0.271250400321     7.902855945733
Au    -2.060041697379    -1.824471551247     6.331632230061
Au    -0.537189369219    -3.494731581121     4.664479766132
Au    -3.273784785673     2.245031627640    16.775800690792
Au    -1.739370607854     0.206169169301    15.490959251069
Au    -0.082651837615    -1.525674656769    13.773989002002
Au     1.764405931148    -3.001700299104    12.117496903017
Au     3.167799221806    -4.730076685185    10.339090314203
Au    -4.227614973889    -1.344528442872    19.679652624464
Au    -2.906994441807    -3.326395862294    18.306848069275
Au    -1.041940543986    -4.869672714274    16.506745054861
Au     0.157138173460    -6.948472510823    14.782571319128
Au     2.067964290998    -8.572991252514    13.087297210844
Au    -9.335893954026     2.695604582774     9.906179912631
Au    -8.067176947396     0.895790586308     8.158008113974
Au    -6.566130096979    -1.038810534150     6.694573136035
Au    -4.552058491044    -3.028727151677     5.140435340273
Au    -3.171071552569    -4.854911266140     3.739399540695
Au    -3.961022408778     3.615322674947    14.457895126308
Au    -2.291667199928     1.587743442048    12.656261310142
Au    -0.581599425964    -0.155405638983    11.255630079120
Au     1.209047547498    -1.689682809545     9.506564965945
Au     2.632828049485    -3.359101181571     7.961837037369
Au    -7.154017454851    -1.267184068618    18.846491294772
Au    -5.501660130161    -3.297783105277    17.777820645283
Au    -4.022182506710    -4.335738455124    15.852872431875
Au    -2.334648922954    -6.320458533766    14.483615200336
Au    -0.934080326607    -8.206849906103    12.839548447699
Au     0.605873110718    -9.952397406431    11.391042136435
Au   -12.015767822005    -0.665017162216    13.572839515615
Au   -10.427479176204    -2.424043127841    11.798054928933
Au    -8.843919378161    -4.319045912020    10.659317442710
Au    -7.421542419991    -6.625807397381     8.803574682773
Au    -5.684995201087    -7.909891434713     7.068096649740
Au    -3.936088778597    -9.703507271602     5.405283684356
Au    -8.998336334956     2.758336705593    12.649347514469
Au    -7.471299657698     1.081007563674    11.149629506797
Au    -5.972030479691    -1.032326980777     9.489451327978
Au    -4.313051849430    -2.701937820663     7.731921059153
Au    -2.743588957131    -4.496451742110     6.438058940280
Au    -0.877072583845    -5.994585061716     4.725336836166
Au    -5.789921039202     2.657167789392    16.189461390278
Au    -4.347326389063     0.656683740676    14.653616164119
Au    -2.792540413432    -1.071112644131    13.136096834212
Au    -1.352127542294    -2.776043369711    11.588762291846
Au     0.351020951550    -4.488234160187     9.879813458471
Au     2.015278502413    -6.300907021773     8.221725798203
Au     4.120608297658    -5.749553464365    17.402504454183
Au     2.847473073934    -4.247311341870    19.138304318015
Au     0.724607248682    -2.186202096426    20.449176173238
Au     5.643174691721    -1.788041108499    14.795623231452
Au     3.814878734961    -0.620447877428    16.630225119199
Au     2.067457184843     1.171658019701    18.261682551019
Au     4.791286122184    -0.539146692312    12.648851958887
Au     3.016118809466     0.869001921084    14.438985593607
Au     1.051632754473     2.563586891398    15.971058803206
Au     4.116903250392     0.861520337288    10.279857088542
Au     2.175404948938     2.555232687031    12.026898855758
Au     0.475601409262     4.276135729769    13.480260154853
Au     3.019542586647     2.249984991838     7.940699519251
Au     1.422544632535     3.916737022616     9.500770147303
Au     0.129926159928     5.489478009783    11.174463013464
Au     5.806212196291     0.978981567466    14.457857654955
Au     3.709358955918     2.179247283762    16.548302088667
Au     4.649578721564     2.646150461620    12.489165417631
Au     2.968795030915     3.707630839482    14.294721142490
Au     4.119512550952     3.498158792064    10.102984473288
Au     2.682211640848     5.178174991403    11.885226568398
Au    -0.010270171943     2.152928377010     4.676925613275
Au    -1.657586742734     3.886674831532     6.006882954807
Au    -2.944110429121     5.609195120002     7.535744862245
Au    -1.958366097512     0.596822008079     3.152896649619
Au    -3.812576682971     2.451287079010     4.913861932101
Au    -5.404070367854     4.820740575234     6.573719636287
Au    -4.286037851899    -0.556809217464     2.281392015231
Au    -6.246213333873     1.085279207478     4.015722194540
Au    -7.882371753758     3.239775481563     5.218319574394
Au    -7.007309495907    -1.550571379200     1.393774721820
Au    -8.570387218978     0.236071848739     2.598459083885
Au   -10.505666326178     2.078868902037     4.327978739554
Au    -1.944722432741     3.644210361394     3.163898540780
Au    -3.496585221988     5.330826908560     4.570808482390
Au    -4.055262625992     2.321366631242     2.074454618153
Au    -5.869344496980     3.945794959440     3.771719823957
Au    -6.200839028528     1.168365879217     1.223640753115
Au    -7.941873809430     2.768412456776     2.671184796666
Au    -9.870576164775    -4.977657846913     2.566350424320
Au   -11.522438672737    -3.242404423291     4.235571434569
Au   -12.785902374859    -1.458262953178     5.695113636920
