         216
 AuNiAgCu    E (eV) =  -773.095947       T (K) =   550.000000       time (ns) =   1.23000002    
Au    -8.807943101175    -5.116608613956    28.017903102048
Au    -7.365994566488    -6.024296580156    26.016426477649
Au    -5.636073023440    -7.662807828591    24.191303036452
Au    -4.242546442019    -9.079171295725    22.273537896073
Au    -2.750241437653   -10.371389157197    19.949782861901
Au    -1.280823436888   -12.005877916616    17.972729081919
Au     0.469025762815   -13.047943932603    15.854302618411
Au     1.701904317971   -14.251608261316    13.818092695977
Au     2.670097804924    -6.340983307420    29.190830840675
Au     4.203607555233    -7.844673148483    27.527735309710
Au     5.471938154242    -9.193143066843    25.439616515565
Au     6.882572885702   -10.832285797364    23.387697482566
Au    -1.476009773201     0.741336826888    21.717202777823
Au     0.097440953438    -0.256616768382    19.517608532502
Au     1.586682698815    -1.693864358151    16.714916755870
Au     2.733218360261    -3.111333404905    14.962469459369
Au   -11.532723254024    -3.837520312332    17.734067629511
Au    -7.496093609244    -0.410046609443    14.329532952955
Au    -8.067520548438    -3.314555024545    13.772065744560
Au    -6.992839122512    -7.193116227409    11.409828933353
Au    -7.696940445086    -7.936141381125    28.503033390909
Au    -6.438062780951    -8.953607768504    26.388671151054
Au    -4.859124843164   -10.295471613565    24.589835498349
Au    -3.427259433043   -11.676400107112    22.436827192473
Au    -2.091553266066   -12.851037495920    20.496723498826
Au    -0.377341171617   -14.580473153810    17.977784069835
Au     1.264654714493   -15.691615879833    16.183876458131
Au    -9.706882740582    -7.265340976711    26.851167070845
Au    -8.322078973484    -8.325639441371    24.669245852195
Au    -6.684546532843    -9.780754535706    22.712100289478
Au    -5.186170030347   -11.331801369550    20.479213759566
Au    -4.046293088433   -12.407202145839    18.366437741656
Au    -2.487545020225   -14.223683320018    16.494693664873
Au    -0.708562303453   -14.943458234420    14.488818672945
Au    -9.276406671099    -4.001674290691    25.396173150162
Au    -7.727514874911    -5.687498131565    23.338539841245
Au    -6.154605258426    -7.340142689847    21.421326380427
Au    -4.693002264844    -8.530862557495    19.119061077902
Au    -3.168522973946    -9.917449701204    17.192832546939
Au    -1.728170183176   -11.377839598295    15.157274752923
Au    -0.324075197882   -12.610150655950    12.827041403183
Au    -6.895363201014    -3.386829047133    26.875174143726
Au    -5.423790741410    -4.481777320935    24.756084832157
Au    -3.800442213855    -6.157250350872    22.295517077318
Au    -2.144013935221    -7.654735481044    20.194489057009
Au    -0.911124965950    -8.914124566940    18.197235783451
Au     0.564647838922   -10.216925182936    16.337171515719
Au     2.069178788952   -11.520083392936    14.043926189031
Au    -6.236473672134    -5.627912973587    28.634239344935
Au    -4.335469647828    -6.790871592518    26.592034377133
Au    -2.732554759919    -8.427446643231    24.713024252494
Au    -1.363073450439    -9.189032946252    22.492906598523
Au    -0.193863938929   -10.936764533728    20.359423926173
Au     1.638601096634   -12.006402835034    18.427269184867
Au     3.023178088468   -13.676482077550    16.084892922217
Au   -10.096517301173    -3.872402171992    22.848718051953
Au    -8.552448927926    -5.423953126550    20.619614470872
Au    -6.707150718853    -6.734983968045    18.575588801015
Au    -5.637854815491    -8.251113575245    16.486887276299
Au    -3.827338418273    -9.587133228385    14.579315541764
Au    -2.398376648623   -11.098245686078    12.607411796075
Au    -4.841717709805    -2.055089148792    25.530720912307
Au    -3.485981094412    -3.496414937697    22.954418455056
Au    -1.598893140061    -4.866527305104    20.713081918400
Au    -0.371938509489    -5.947018947385    18.436148711226
Au     0.836382732141    -7.442835941871    16.524230854395
Au     1.935170873300    -8.933318409617    14.337812173400
Au    -3.315452982160    -5.861693968116    29.024279504274
Au    -1.511264311909    -6.820028920147    26.944255355034
Au    -0.004685533431    -8.237946056487    24.819355936715
Au     1.327609998867    -9.930350641078    22.768684478570
Au     2.891742250773   -11.411453475598    20.832842266562
Au     4.311461840234   -12.872099335206    18.739636441911
Au   -10.737228960255    -3.360080196074    20.138378118346
Au    -9.029796334931    -5.005730318354    18.088666328144
Au    -7.758304099067    -6.235243489386    15.995481476190
Au    -5.958204669377    -7.931565748569    13.853240266259
Au    -5.056009578985    -9.281745479581    11.814792853258
Au    -3.240183680623    -0.844040582942    23.446610475184
Au    -1.695222038676    -1.981946038847    21.364014066132
Au     0.071322881179    -3.154657516827    18.700200774925
Au     1.381726447400    -4.676281647984    16.786678034962
Au     2.457512050245    -5.962946937357    14.676622805073
Au    -0.241097575739    -6.219319091847    29.275949337386
Au     1.127084393561    -7.176562939452    27.102617411241
Au     2.630388107230    -9.150544171849    25.254932014214
Au     4.297581381176   -10.332698654617    22.983804755055
Au     5.897530976421   -11.682483960027    20.866369080961
Au   -11.560612372690    -5.853243737007    19.217771860423
Au   -10.263179380913    -6.979824877994    16.891217842905
Au    -8.840479636198    -8.885898277551    14.835262687988
Au    -7.481511152957    -9.923171215131    12.704942407453
Au    -3.762284398238    -0.132781279537    20.265466247356
Au    -2.211398755691    -1.261336090386    18.304030721452
Au    -0.852479572168    -2.749567497393    16.059050224090
Au     0.591220474515    -4.221104261064    13.922389901844
Au     1.630521575783    -4.489480425477    27.512351493756
Au     3.166474133496    -6.122069349524    25.415448477510
Au     4.535541425802    -7.574237045922    23.250597527612
Au     6.295612223636    -8.946378968265    21.150479392041
Au    -6.116850273595    -1.433981546197    19.441108826661
Au    -4.867113659205    -2.484158229429    17.289682721577
Au    -3.343874157245    -3.869924087224    15.150044896129
Au    -2.080796119462    -5.147651992706    12.803022652137
Au     0.639935862485    -2.885691239471    25.439974724047
Au     2.108811225038    -4.337324373091    23.593542117030
Au     3.786123581838    -5.951951516492    21.260980209180
Au     4.937571949384    -7.628806790527    18.840055421338
Au     0.845385669166    -8.539607689613    29.618007705909
Au     1.834590213185   -10.120427750056    27.497713360223
Au     3.218851381934   -11.610904803121    25.176335771039
Au     5.022460910658   -12.908935817507    23.039491349648
Au    -8.704060450544    -2.251216466962    18.448545873951
Au    -7.171483259959    -3.612705246065    16.169318906867
Au    -5.704303436902    -4.839395401813    14.179873287152
Au    -4.352071724235    -6.358950802760    12.178747881493
Au    -0.490070188220    -0.996174294668    23.737610137735
Au     1.129810509342    -2.273745115331    21.246250638498
Au     3.051877873125    -3.773130147830    19.293689777642
Au     3.995909281870    -5.437871024400    16.783699918351
Au   -10.798738035974    -6.068022199136    21.718560703179
Au    -9.479526023406    -7.744838556308    19.531696811213
Au    -8.191601428937    -8.823461900323    17.415901319145
Au    -6.526635660548   -10.373939858027    14.983814150877
Au    -5.235658111595   -11.527232179346    13.058828916055
Au    -5.374111800832    -1.690621012201    22.252808081679
Au    -3.970215681497    -2.923527988151    19.958675693261
Au    -2.541637615776    -4.129940245653    18.165035048444
Au    -1.099600050853    -5.640970761648    15.578014552319
Au     0.211339333978    -7.133119335369    13.597309588386
Au    -1.117620110915    -4.249609810668    27.520065662918
Au     0.386964104363    -5.547003910851    25.154876843641
Au     1.768638830818    -7.115862797400    22.998603536761
Au     3.331761921643    -8.761388971281    20.938957230142
Au     4.744922338884   -10.261063114140    18.878608990749
Au    -2.209225614490    -8.242002149892    29.057691708354
Au    -0.795286720374    -9.930943587502    26.941356357945
Au     0.422872943480   -11.373206908549    24.911862925908
Au     2.348508032312   -13.176453102575    23.228025769057
Au     3.409302371383   -14.143490100199    21.025181350731
Au    -8.258061901347    -2.843454872138    20.999672481116
Au    -6.306134316601    -4.141619564737    19.221719952137
Au    -4.928704554535    -5.387948585228    16.991290072620
Au    -3.600045269614    -6.753520901293    14.809601990384
Au    -2.129503859576    -8.224095995719    12.830602261057
Au    -2.220577808999    -2.786944455547    25.171561559888
Au    -0.535640831818    -3.714280712285    22.909043365065
Au     1.232781386097    -4.993981985716    21.024533043561
Au     2.601881846857    -6.371645526181    18.920788870612
Au     3.721951075706    -8.161234295128    16.491988761964
Au    -4.844644701017    -7.969223003329    28.815925414352
Au    -3.515484938678    -9.600992306679    27.135763099475
Au    -2.237196696065   -11.046829038107    24.748194005248
Au    -0.437627758289   -12.384619814366    22.563638921341
Au     0.798328707801   -13.956739611831    20.289578306767
Au     2.430360854202   -14.948343925510    18.544797160589
Au   -10.184534503229    -6.416319269695    24.339564777488
Au    -8.756729290779    -8.225812817329    21.907721487128
Au    -7.134565460890    -9.445581533235    19.737563945228
Au    -5.778720322340   -10.744205478481    17.566852180125
Au    -4.594380700295   -12.161715377888    15.622985664975
Au    -2.833079003650   -13.485043493977    13.933266747755
Au    -7.259461342462    -2.640521854376    23.867500232515
Au    -5.858790734789    -4.246070595650    21.833416960393
Au    -4.299294739651    -5.840233234706    19.694713762322
Au    -2.862935961061    -7.090757966063    17.344730548209
Au    -1.428303107064    -8.579564494375    15.564555660576
Au    -0.199772858597    -9.751511747286    13.264824018083
Au    -3.730187783783    -3.970053535684    27.191575387713
Au    -2.553714873480    -5.423819200078    24.922427762418
Au    -1.022220756437    -6.431811705227    22.965655724334
Au     0.532720655722    -7.889150711366    20.538797068820
Au     1.944336131299    -9.140168157567    18.338710220100
Au     3.297296298014   -10.952516746771    16.764533115021
Au     6.029957270521   -11.948034102218    25.534097449487
Au     4.592071713536   -10.465774361035    27.493464653077
Au     3.278564402900    -9.056117790639    29.740717383572
Au     7.177660139619    -8.103883435854    23.578107646477
Au     6.028104519284    -6.305203926669    25.494524212220
Au     4.317912333364    -4.839451910562    27.616157547011
Au     6.444981534890    -6.217748327269    21.656151191713
Au     4.924765533220    -4.720246610587    23.667285932653
Au     3.171101838929    -2.883161030456    25.843438016597
Au     5.535107374043    -5.113059168943    19.240878916242
Au     3.715993505938    -3.125808962436    21.748311965082
Au     2.381462597515    -1.377359427812    23.580147490395
Au     4.348034720896    -2.703735037334    17.482314180958
Au     2.690527830571    -0.938794640164    19.555531875829
Au     1.193297686239     0.452085667450    22.015282507010
Au     7.453565742731    -4.954780365853    23.843757976733
Au     5.681846047120    -3.292694274014    25.633189854311
Au     6.513751701418    -3.440991521510    21.728712137084
Au     5.514726425001    -1.846931880346    23.429800347188
Au     5.174964013220    -1.776544967199    19.909914565081
Au     3.932077073240    -0.267536449338    21.883263169369
Au     0.691627201378    -1.266307492984    14.322641035584
Au    -0.628048626147    -0.090583629348    16.580506575201
Au    -2.113909821531     1.334248198012    18.456157051200
Au    -1.412015856328    -2.524540640765    13.388580606685
Au    -2.981068097559    -1.071664022816    15.509093604332
Au    -4.395569513431     0.196272195553    17.672460250878
Au    -4.126918461293    -3.471054194920    12.397781506890
Au    -5.357927266169    -2.239729286774    14.397752775281
Au    -7.007581816547    -0.895983356228    16.924978737437
Au    -6.526889107070    -4.356687046185    11.514052860674
Au    -6.454701850916    -1.774901154731    11.984235477762
Au    -9.317102428646    -1.627333575947    15.432937841720
Au    -1.294958759325     0.303863575226    13.701089359626
Au    -2.589148880316     1.640711593632    15.971469683671
Au    -3.426714144480     2.008697830145    13.483441598160
Au    -5.063026898939     0.539881873649    14.970399468068
Au    -3.564798703130    -0.662056571210    12.847978590668
Au    -5.709275146528     0.843857272470    12.642685709191
Au    -9.503170185670    -8.481733406120    12.360379587961
Au    -8.438928847311    -6.045589353316    13.214334247709
Au    -9.952819890829    -4.418814201750    15.406940673758
