         216
 AuNiAgCu    E (eV) =  -772.951965       T (K) =   550.000000       time (ns) =   1.38000000    
Au    -3.758750333632   -17.222350062799    28.575427233912
Au    -2.816787817816   -16.005976056615    26.202352864014
Au    -2.226866000923   -14.968094545239    23.556852943829
Au    -0.989493775889   -14.269254781636    20.819742569127
Au     0.207559270384   -13.250373191055    18.595583051577
Au     0.453822162892   -12.528391864097    15.753414903426
Au     1.215182341722   -12.093484786728    13.204144873535
Au     1.544087170946   -10.131538614338    10.995179128654
Au     7.435411140808   -13.347039327005    26.899825166632
Au     8.356943117758   -12.154243417442    24.735297228173
Au     9.483152548478   -10.985793840048    22.002441185217
Au     9.597424589633   -10.106216700650    19.627793494015
Au    -1.613762524990    -6.014867596608    27.483493185082
Au    -0.819207071181    -5.072411033555    25.218858890146
Au    -0.120249859469    -3.966267188107    22.336169133972
Au     0.704764986069    -3.357350491913    19.758825033361
Au   -10.393488194394   -10.859537255676    22.156887156379
Au    -9.794006987007    -5.879636231155    21.972305129210
Au    -9.459102366000    -6.757839778204    19.324166690131
Au    -8.355730620058    -7.779475472798    14.907918559296
Au    -2.181901768164   -18.615662446489    26.969312666298
Au    -1.115180891016   -17.711591887566    24.635779419011
Au    -0.372811648003   -16.737450282676    22.123067652550
Au     0.151012575776   -16.251206974235    19.366436546188
Au     0.575400359677   -15.478941525975    16.702697572344
Au     1.046363364805   -14.722442299531    14.310742398370
Au     2.876889938051   -12.419538566430    10.882229284951
Au    -4.581087385594   -18.042952153341    25.996646234554
Au    -3.573398220296   -17.304477685145    23.715276976497
Au    -2.941478399397   -16.033318986694    21.082861951439
Au    -2.268472132983   -14.850489861676    18.574791649968
Au    -1.528905376254   -14.049922196513    15.766969643227
Au    -1.036224701131   -13.412748240884    13.021300801046
Au     1.536389195532   -14.300757710006    11.733106529351
Au    -5.522806514134   -15.484657767915    27.154782686626
Au    -4.668606780843   -14.465643383005    24.747280676876
Au    -3.662876645917   -13.498527527244    21.734057722737
Au    -2.651779945390   -12.290806645397    19.271000628049
Au    -1.897984728801   -11.220640729777    16.508583952856
Au    -1.067035530873   -10.758061309544    13.968028037602
Au    -0.982293198352    -9.570090143958    11.606536803257
Au    -3.522241327607   -14.237371937100    28.358637698105
Au    -2.346295666272   -13.264321519561    25.979606040422
Au    -1.399215256857   -12.492124159139    23.385868319822
Au    -0.285732451880   -11.442737534200    21.024508804567
Au     0.454322401140   -10.604954049021    18.493967978073
Au     0.847019338504    -9.716641189978    15.776630807051
Au     1.155989721093    -8.882651857430    13.153594679739
Au    -1.132583432077   -16.076254348217    28.336458340505
Au    -0.285764157589   -15.298551150118    25.693400423365
Au     0.677039331943   -14.338544356278    23.060570271196
Au     1.832161043784   -13.408118009573    20.868005797931
Au     2.641382968516   -12.214855896980    18.178239840397
Au     2.957038609093   -11.650678801818    15.545420365651
Au     3.731866073809   -10.938732479613    12.942883107277
Au    -7.232326723963   -13.566243945832    25.468164626657
Au    -6.142256960788   -12.844088848540    22.912002802089
Au    -5.127461068174   -11.709325884660    20.120452706616
Au    -4.696686102308   -10.601924415698    17.620200875802
Au    -3.826532568949    -9.638372371400    15.043106364404
Au    -3.662505658403    -8.874382023537    12.486722795943
Au    -2.615995844807   -11.592885211126    28.077254980452
Au    -1.753193876373   -10.353575368959    25.724600221609
Au    -0.877743828143    -9.878190872120    23.078059886739
Au    -0.237191476340    -8.759965596772    20.577843777964
Au     0.695932833451    -7.722810387193    17.749577497743
Au     1.367850297235    -6.880545249175    15.153145242795
Au     1.659714818060   -15.015782947692    27.632061079147
Au     2.438701015138   -14.163644039760    25.010101364620
Au     3.856304590130   -13.029372097758    22.499286308171
Au     4.531234355591   -12.523386670275    20.009904169625
Au     5.328469759747   -11.363159451203    17.518914820740
Au     5.817390919873   -10.040857238111    15.163736451005
Au    -8.725801095157   -12.008516399186    23.647518892406
Au    -7.845851147002   -11.357630035728    21.132186975747
Au    -7.300638106590   -10.293643060788    18.842922322010
Au    -6.522491768897    -9.001961739884    16.290082980548
Au    -5.812994384502    -7.910769311256    13.993041868193
Au    -1.916430404299    -8.905871629792    28.039987539827
Au    -1.089175049778    -7.894570163621    25.090857359672
Au    -0.548540037604    -6.853955978924    22.618998295660
Au     0.305702731476    -5.828886604677    19.841909141901
Au     1.312127436426    -4.970287014571    17.492684339570
Au     4.179626299574   -14.173595293828    27.120838939797
Au     5.487885611517   -13.383587259721    25.059918078007
Au     6.489844331007   -12.448057925391    22.550099218825
Au     7.178714943407   -11.364523603279    19.911398021185
Au     8.009917189462   -10.564396281266    17.363067461711
Au    -9.819010056134   -13.695347988638    21.339309075606
Au    -9.051447750501   -12.600218404188    19.083059446276
Au    -8.189271968329   -11.314224577143    16.543390296192
Au    -5.294024441546   -11.137849524740    12.844056127734
Au    -3.960777801581    -7.058009305111    26.219830849639
Au    -3.157701279437    -6.155726216904    23.806138607212
Au    -2.188690899180    -5.432788881292    21.081353620945
Au    -1.322632589581    -4.377997720798    18.410920835657
Au     5.262018546322   -11.545028803376    27.365030736954
Au     5.988791578031   -10.665253825145    24.501299338064
Au     6.887853857346    -9.605328481005    21.870466230534
Au     7.567440091736    -8.552623449839    19.454554442037
Au    -6.032278974045    -8.314033418794    24.640884747771
Au    -5.562296148602    -7.035655608383    22.193157113612
Au    -4.565357051749    -6.129546324292    19.565092869305
Au    -3.719936394263    -5.096399294362    17.187471813573
Au     3.166450401148    -9.863211764565    27.131047833111
Au     3.816638673912    -8.605400289046    24.980997714156
Au     4.486488252399    -7.764123673978    22.190400447723
Au     5.397585258621    -6.945802846530    19.488219402148
Au     5.864163102625   -15.837793439009    25.840568988301
Au     7.007385361510   -15.134608620456    23.178582968363
Au     6.970495647107   -14.123108847267    20.272219938275
Au     7.628214749158   -13.244154989219    17.500711566511
Au    -8.343875247193    -9.075358032923    23.630694240512
Au    -7.864970496796    -8.404392038443    21.060547775899
Au    -6.899481471185    -7.254280441981    18.632428456057
Au    -6.004720223403    -6.100845085326    15.795477289862
Au     0.597616661044    -7.959301189233    27.497599975798
Au     1.520253656807    -6.895170283754    24.790230477388
Au     2.284882744862    -6.008617514875    22.167483068926
Au     3.077332453003    -5.029313698811    19.517279782753
Au    -8.235707899323   -14.793339733793    23.236094888190
Au    -7.242204451931   -14.279194448516    20.576103038027
Au    -6.462275193234   -12.903148448805    18.114092398585
Au    -6.057478531573   -12.172099668229    15.238978393559
Au    -2.739012930794   -11.654001604821    11.691565886994
Au    -4.199459621207    -9.721198060876    26.304644582513
Au    -3.421416591288    -8.967771658707    23.925735856699
Au    -2.715136013522    -7.990739720705    21.274130592257
Au    -2.161294828781    -7.121213072777    18.773158580075
Au    -1.157165633446    -5.930309765339    16.274144596910
Au     2.106345411916   -12.423589407792    27.882795396381
Au     3.381758044298   -11.337836569700    25.109421970277
Au     4.115072386228   -10.362346343179    22.523244606095
Au     4.940921318430    -9.449654208806    19.950424254722
Au     5.329015767541    -8.596434130765    17.188203496329
Au     3.472307513798   -16.435508557146    26.098724860450
Au     4.129645617829   -15.566640267467    23.493549103486
Au     4.624114479833   -14.957845358101    20.589906120113
Au     5.217118888533   -14.167963385769    17.820219570243
Au     5.500349282089   -13.005731470241    15.380543060090
Au    -6.553309574393   -10.900747987134    24.686530092326
Au    -5.740358529726    -9.927547323318    22.277770850429
Au    -5.034364885614    -8.922877449647    19.780252625862
Au    -4.205375864677    -7.729774808042    17.225090251815
Au    -3.289021238960    -6.634100546309    14.697795746860
Au     0.349137570479   -10.641477735562    27.667863203282
Au     0.992487851772    -9.776822000108    25.260796844847
Au     1.598733773383    -8.775316926157    22.734244179931
Au     2.337499641282    -7.714246297372    20.095394315884
Au     3.349383306558    -6.608417264953    17.454232857759
Au     0.368497203240   -17.679144113613    26.594528126818
Au     1.497642038810   -16.639147710756    24.213868457822
Au     2.323611794881   -16.161669716343    21.625849270518
Au     2.412612553001   -14.936031652292    18.844509697719
Au     2.943196670843   -14.199785112919    16.239139641487
Au     3.510104938384   -13.447720209038    13.557276519292
Au    -6.430086002537   -16.404244043957    24.705053457541
Au    -5.331144438429   -15.443088082957    22.278702008483
Au    -4.775843582078   -14.422319350628    19.487703978538
Au    -4.067757134771   -13.101707443047    16.816655233896
Au    -3.251321036716   -12.568626249215    14.437997703533
Au    -0.346835014652   -12.037354804543    10.737530402610
Au    -4.812719558397   -12.501667483073    26.569368151277
Au    -3.887474453316   -11.717450142225    23.983427214694
Au    -3.086531751731   -10.446635778215    21.478215718658
Au    -2.354849718316    -9.664736106045    18.733052465817
Au    -1.586990071839    -8.541398410945    15.962612848678
Au    -1.071935623852    -7.459396800440    13.529663311279
Au    -0.454197088846   -13.268618560043    28.285540962841
Au     0.292748184366   -12.535426858368    25.706496322499
Au     1.556618151320   -11.516880066003    22.984520241760
Au     2.295070323597   -10.218031707689    20.299336005088
Au     2.818075339247    -9.516937264768    17.585170432478
Au     3.482780091270    -8.944745117364    14.855933629465
Au     9.450039311042   -12.869067015654    19.555202598952
Au     8.918540729531   -13.812990327453    22.139331224704
Au     8.695265669428   -14.821471986143    24.963710818284
Au     9.285985418598    -8.155139250345    22.046904965236
Au     8.813228417710    -9.338147065969    24.244667648283
Au     7.950305777635   -10.455430707342    26.682908785110
Au     6.962936067587    -6.683332705182    21.727147528179
Au     6.502102234485    -7.708582922051    24.100841988183
Au     5.780975508239    -8.787031796901    26.955362242088
Au     4.929811529546    -5.056893973563    21.481925041755
Au     4.196395828499    -6.051406599053    24.243641389617
Au     3.481626770589    -6.963166096349    27.232032837308
Au     2.901482040119    -3.318483420252    21.678550168140
Au     1.867015614604    -4.168770931008    24.231317750831
Au     1.025023621610    -5.424911344609    27.381266688927
Au     8.906506216654    -6.438846611507    24.145208575461
Au     8.439221732250    -7.737035419788    26.282787807949
Au     6.627863296917    -4.887382111038    23.804041256069
Au     6.028965166749    -6.047551495232    26.240531619854
Au     4.432015632602    -3.304314475294    23.862152600161
Au     3.478398773952    -4.478292669846    26.306931161908
Au    -1.870325732360    -2.621158173688    20.473217746420
Au    -2.455876100018    -3.477919972081    23.198193110174
Au    -3.231655184610    -4.188353350267    25.949660955488
Au    -4.241401423082    -3.557193360901    19.458122545464
Au    -4.598933581533    -4.573601667610    21.827947283293
Au    -5.618085498825    -5.334971923631    24.682102075567
Au    -6.129059977343    -4.456591730138    18.020236801858
Au    -7.423304452707    -5.560232903951    20.665777550230
Au    -7.956256773222    -6.561907267387    23.685842055889
Au    -8.303806818162    -5.575370233132    16.907993446156
Au    -8.663293745516    -3.962916321661    18.949631963998
Au   -10.869471331836    -8.251935033427    21.430771300978
Au    -4.219523513264    -1.720300876338    21.968090160708
Au    -4.654104291719    -2.814551912752    24.217672473194
Au    -6.679030687952    -1.463345715870    22.525760849806
Au    -7.269429605238    -3.952753693708    23.035604035058
Au    -6.591158758720    -2.879143728827    20.366624448654
Au    -9.160771510138    -3.262613637491    21.491307389380
Au    -7.373018453605   -10.112412884866    13.935236654924
Au    -9.063734228680    -8.768046454312    17.213243540288
Au    -9.876881126817    -9.808154501141    19.527950427640
