         216
 AuNiAgCu    E (eV) =  -773.936218       T (K) =   550.000000       time (ns) =   1.82000005    
Au    -1.339015370617   -13.073275745878    26.177476447193
Au    -0.434631192369   -10.235315816861    25.197921816706
Au     1.127346704287    -8.927073608161    23.146892972866
Au     2.160384093985    -7.813413363260    20.824331797309
Au     4.051428551555    -6.458305950977    18.663605849704
Au     5.638425146516    -5.521837605460    16.252737754650
Au     7.406896997700    -4.350294390991    14.271356576780
Au     6.054984115686    -5.290498211320    11.350058872265
Au     2.347598518544    -0.729167122311    27.948351574050
Au     3.825202496688     0.640623840287    26.181830154627
Au     5.432839990722     1.887154830761    24.084142157138
Au     6.410607751862     3.025380417090    21.564425776391
Au    -6.464082857856    -2.768329907263    20.679311718718
Au    -5.080588799439    -1.562864994996    18.622770201847
Au    -3.771672005481    -0.590396243189    16.583985727232
Au    -1.831857074692     0.368500785247    14.742725488998
Au    -4.888423496486   -13.391854079694    16.520865466062
Au    -6.749157177748    -9.237058434183    13.583307495487
Au    -4.383899889163   -10.185991177468    12.662690704673
Au    -0.230459119866    -9.747614327718    10.012465842535
Au    -1.788666955398   -10.612005415795    27.540361832252
Au     2.341859303079   -11.167202677096    24.358681697724
Au     3.799711139680    -9.628029749144    22.435567930099
Au     4.918436015313    -8.270338418202    20.402315193916
Au     6.675342688705    -7.523980015792    18.177708757044
Au     9.271943689095    -3.688929950923    16.295945303208
Au     8.301833496352    -3.527313904245    12.020345139148
Au     0.716835936722   -11.644064260046    27.275758249694
Au    -0.057181888864   -12.681920524039    23.940949498533
Au     1.661994680828   -11.435309191161    21.907979260900
Au     3.405228663147   -10.609609399761    20.057734993106
Au     4.498149117659    -8.977792171216    17.671324217480
Au     6.215120468350    -8.310444346882    15.498171611986
Au    10.244192490022    -3.105173432883    13.946065368506
Au    -3.090923382492   -11.560778436746    24.953389603626
Au    -1.576536182324   -10.699995558806    22.759168794996
Au    -0.003252163164    -9.544997484596    20.244610414273
Au     1.792681179932    -8.555924783348    18.324619709790
Au     3.470348798670    -7.209656578577    15.847044787170
Au     4.954811133574    -6.056489858163    13.673549499770
Au     7.446823489980    -6.872724933368    13.328556451939
Au    -2.712672667453    -8.842192663498    25.549552358550
Au    -1.467508687548    -7.726485251703    23.347637631576
Au    -0.261894138633    -6.613563455028    21.289315588676
Au     1.296513793856    -5.823850513784    19.081760498816
Au     3.251939149207    -4.528624003500    16.796993113737
Au     4.531599477167    -3.322331469802    14.613957840331
Au     9.757138355619    -5.791956263248    14.139940054040
Au    -0.761382507127    -8.220192839654    27.604454130259
Au     0.479449471420    -7.313147845777    25.409239007132
Au     1.899807391296    -6.031315564505    22.974064689027
Au     3.692644344153    -5.139831595294    21.010383537579
Au     5.156655092133    -3.916313647902    18.837162421701
Au     6.467533107929    -2.675991969590    16.740904791119
Au     6.151686124818    -2.344932310437    12.604070784577
Au    -3.985643387750   -11.980658681973    21.772445658546
Au    -2.226280431747   -11.106072558961    19.819836853784
Au    -0.471120777145    -9.851444862925    17.332420235716
Au     1.148113540324    -8.837249501975    15.209525908361
Au     2.695385448802    -7.718170983473    13.360982149995
Au     3.770854474375    -6.443155577792    11.238566416463
Au    -3.879702369800    -6.876270204353    24.117201720482
Au    -2.910100291810    -5.924226546163    21.870450182604
Au    -1.344725132363    -4.418317325939    19.680635834885
Au     0.549863895558    -3.687521517481    17.364275983422
Au     1.732944678352    -2.404710339698    15.278502295322
Au     3.397518253606    -1.198581243233    13.465922927294
Au     0.127901837368    -5.684033703239    27.706717162384
Au     1.629785003780    -4.575228983253    25.393972186800
Au     3.110703477876    -3.516856026374    23.147382985332
Au     4.800242222617    -2.443351632244    21.283565002155
Au     6.190080872185    -1.314404265036    19.154517879721
Au     7.602622426066    -0.135206988770    17.104380978970
Au    -4.445709069659   -12.645841556688    19.137706034501
Au    -2.592278241332   -11.455519725404    16.980359379015
Au    -1.193018856355   -10.507793338228    14.707218333845
Au     0.484027426951    -9.422920251143    12.584722657308
Au     1.821825538937    -8.013122398746    10.649191686789
Au    -5.369278968580    -4.607582590024    22.720973378010
Au    -3.868609161275    -3.567397293910    20.410408347957
Au    -2.558722709416    -2.347741653627    18.065786635469
Au    -0.925513490339    -1.763616371160    16.135924765353
Au     0.922511179984    -0.122164163149    13.956566964337
Au     1.260305686704    -3.019434833644    27.672351520640
Au     2.994489388458    -2.037453084933    25.580751590837
Au     4.432276187987    -1.106460708977    23.481114488830
Au     5.844412247863     0.389729192822    21.397022943513
Au     7.026697823713     1.436397069303    19.126611172248
Au    -3.422616862135   -14.911486800087    18.041065164629
Au    -1.835360124208   -13.990801004850    15.752204874167
Au    -0.488690775030   -12.668913660235    13.581431554630
Au     3.063861939371   -10.147222332844    11.432718148109
Au    -5.840259465203    -5.213034351952    19.672512174671
Au    -4.390589427046    -4.160058992302    17.479744746023
Au    -3.258918945346    -3.152047586458    15.192033442876
Au    -1.433147332497    -1.951819376714    13.338612225638
Au     0.168318659546    -0.893432064204    26.254370455457
Au     1.770306400122     0.122702390566    23.734358544014
Au     3.369586944828     1.296804767115    22.027748737310
Au     4.552827731939     2.587644733405    19.757273493236
Au    -5.737285791510    -7.819622965267    18.859370431107
Au    -4.207079416570    -6.921894633260    16.302540312877
Au    -2.846826591988    -5.642340106089    13.855207947815
Au    -1.198459379759    -4.324297053755    12.035957020329
Au    -2.070341732819    -1.580843823366    24.401665503190
Au    -0.533523858601    -0.411111291344    22.175453596841
Au     1.166592414363     1.108703757110    19.922183882046
Au     2.536528403431     2.017583814803    17.936968553821
Au     3.867764938724    -3.901010190058    27.565565837925
Au     5.581160282410    -2.840024665452    25.568725020961
Au     7.102839286207    -1.563683155249    23.021328859182
Au     8.270970782959    -0.314594717848    20.989441720822
Au    -5.228775220931   -10.604912720687    17.751775632071
Au    -3.850440206401    -9.519710645682    15.467721621914
Au    -2.394892545006    -8.465041798187    13.098895215464
Au    -0.873367702890    -7.167738642619    10.777047027634
Au    -4.349157686960    -2.040118787607    22.734614697224
Au    -2.997418832786    -0.881293057489    20.473893611347
Au    -1.270227244750     0.266587914296    18.188627322003
Au     0.153511488837     1.265907295137    16.225414598692
Au    -2.759342803812   -14.268689401410    20.652543761047
Au    -1.098125904147   -13.653379759759    18.377256322636
Au     0.259345022818   -12.328386186406    16.240287130855
Au     1.995649125638   -11.278579535209    14.109994551347
Au     5.274010039994    -8.708677683422    13.119896625879
Au    -5.391394309308    -7.255031178301    21.587642173296
Au    -3.439353942480    -6.245278051304    18.981292677216
Au    -1.839805696072    -5.157023108476    16.991982393457
Au    -0.021794613344    -4.248193841415    14.782499057578
Au     1.131236704150    -2.791657887583    12.502005443806
Au    -0.667116883877    -3.633242912719    26.153321116729
Au     0.463554363891    -2.552458149472    23.859896453119
Au     1.922547956401    -1.495883175210    21.660575538766
Au     3.624632567261    -0.158432118078    19.772231702142
Au     4.954576225914     0.882165873577    17.399446539503
Au     2.530163410468    -6.664854786704    26.930272670570
Au     4.308239833051    -5.242641577887    25.136524993024
Au     5.676025084867    -4.473668987818    23.073960989513
Au     7.443641478644    -3.359978537426    21.097688694257
Au     8.652845123157    -2.256278820837    18.960586144794
Au    -4.724771412433    -9.821155683360    20.334078946498
Au    -2.931574909590    -8.895611653301    18.185137794909
Au    -1.592205879172    -7.784564155209    15.662048427261
Au    -0.273599933883    -6.601207707551    13.364826764979
Au     1.236729138365    -5.203879389003    11.567422689311
Au    -3.315500934387    -4.294193817813    24.366935682129
Au    -1.698926474736    -3.115721929735    21.900337505247
Au    -0.221437643333    -1.803524937751    19.658446351376
Au     1.535897419458    -0.945400740134    17.940007991006
Au     3.003374257977     0.397659619657    15.726714244966
Au     1.639276490070    -9.351445682466    26.732356455344
Au     3.125925452642    -8.097768121877    24.952410600089
Au     4.474903554674    -6.951961394581    22.689919601774
Au     6.284366520788    -5.863538268974    20.534827154884
Au     7.758694996872    -4.685370976566    18.189534365682
Au     8.084383866306    -1.761511285639    14.393544782504
Au    -2.563479212703   -13.476122342488    23.287685114980
Au    -0.674237584853   -12.857015603049    21.183055551978
Au     0.679761137554   -11.734249732963    19.040120527078
Au     2.349276828990   -10.935375847296    17.033645886592
Au     3.987480599287    -9.745217485716    15.048685843545
Au     8.106336916748    -6.382260195295    15.939794218195
Au    -4.224686450605    -9.246181279374    23.009800883005
Au    -2.408052215076    -8.465740410440    20.735667601279
Au    -0.819834575963    -7.357654203227    18.462465741551
Au     0.543405841755    -6.293434363677    16.406354442177
Au     2.355131559658    -5.043465801240    14.079736500533
Au     3.755796214368    -3.737956447323    12.102519619645
Au    -1.926855077800    -6.215203634373    26.131855345778
Au    -0.897299858045    -4.820436959594    23.490787167764
Au     0.875566586435    -4.212004413000    21.444497388651
Au     2.603237299606    -3.048912696103    19.385260635651
Au     4.079271126005    -1.688106891401    17.082808455109
Au     5.545381440620    -0.198828921853    14.997614036415
Au     7.811811158033     0.957887044105    23.468140161939
Au     6.594881989981    -0.232108529333    25.421473018685
Au     4.848569434817    -1.342602999837    27.534735261715
Au     4.040410047783     3.874900351119    22.510479712249
Au     2.659762630164     2.688679363367    24.485540623317
Au     1.199244853581     1.485091194456    26.224411527874
Au     2.083281017097     3.586002548188    20.236406741387
Au     0.949386274902     2.253647159745    22.287185419827
Au    -0.978526918717     1.105725062038    24.532005103658
Au    -0.328837092396     2.860683047252    18.651444097463
Au    -1.449400356399     1.535803279375    20.602735361723
Au    -3.039484312261     0.426120617366    22.842752103314
Au    -2.556625865014     1.969850810150    16.792972037706
Au    -4.094697199920     1.260179646583    18.993166765349
Au    -5.334024636731    -0.065353380296    20.990641756009
Au     1.643293880261     4.824675074589    22.670559071843
Au     0.097663176214     3.691179328235    24.467053700463
Au    -0.802740742231     4.237781662087    21.239541966599
Au    -2.195981992543     2.870408732808    23.013217859849
Au    -2.889828286449     3.610641045370    19.404176109021
Au    -4.406966210309     2.436947590465    21.364838161575
Au    -4.041395129015    -0.942534965342    13.770444035561
Au    -5.917437316628    -2.347266197096    15.965076080817
Au    -7.237263513249    -3.256461975133    18.115378282931
Au    -3.789437179927    -3.126488607398    12.173163448743
Au    -5.450635404115    -4.987891983628    14.976352043072
Au    -6.959916754916    -6.143163013552    17.183524472987
Au    -3.138205565004    -6.043108190533    11.344554316823
Au    -5.107613822133    -7.355770841562    13.826674243173
Au    -6.336087494618    -8.760767931007    16.126984101034
Au    -2.766822986691    -8.820745276369    10.588219224667
Au    -5.177395885205    -8.012198458094    11.275203502022
Au    -5.894344780527   -11.351398846692    15.152026664636
Au    -6.318863074383    -3.033820830793    13.395487978815
Au    -7.880630642655    -6.872284298303    14.750711293311
Au    -8.065557483496    -4.774891323390    12.556433122912
Au    -7.974517733625    -4.191208542096    15.465459896403
Au    -5.628676907175    -5.194454315277    12.072344741880
Au    -7.672887935141    -7.247266762731    12.030442164376
Au     0.895328431727   -11.669968837826    11.175139474022
Au    -1.769805975849   -11.051526373111    11.774686161994
Au    -3.381538069518   -12.038782603394    14.433601240666
