         216
 AuNiAgCu    E (eV) =  -774.260681       T (K) =   550.000000       time (ns) =   1.01999998    
Au    -6.710060770096     2.165290590581    16.941975908523
Au    -6.864664787552    -0.297252236818    15.689688835792
Au    -6.842217662075    -2.871721024991    13.982921519144
Au    -6.962030530125    -5.232683953780    12.430476821211
Au    -6.611173257027    -7.981384120147    10.911887483078
Au    -6.378097868752   -10.152334515029     9.240039302078
Au    -6.382891824624   -12.349509584723     7.449931780143
Au    -5.915975052386   -15.128071101753     6.248929055076
Au     1.349422271938    -5.108626958488    18.964375628476
Au     1.988911889401    -7.691065913193    17.445256591847
Au     2.287705952039    -9.845456651302    15.650593262960
Au     2.400425290115   -12.057311442178    13.878051857251
Au     0.767594003548     0.531577070555     8.910565052789
Au     1.267844268813    -1.549193999780     7.241067857972
Au     1.067973173014    -4.133746386872     5.703976299522
Au     1.121568070440    -6.355031419420     4.094388660669
Au   -10.097699039839     2.080003055824     5.775764118514
Au   -10.277881055510    -0.408963262067     4.462065956231
Au    -9.997795821418    -2.886568632906     3.099403798986
Au    -9.719903326416    -5.895936985199     1.425644123275
Au    -7.611166896819    -0.319996826141    18.120192006804
Au    -7.516353041127    -2.917350015087    16.728445819661
Au    -7.371065861560    -5.371532483045    15.124905531071
Au    -7.373919911229    -7.666046056816    13.781984398119
Au    -6.977470815500   -10.309446230140    12.173622721440
Au    -6.690219535163   -12.624918460802    10.376892865723
Au    -6.437428708871   -15.238267690386     8.649592265319
Au    -9.348636824511     0.894694415486    16.078079354150
Au    -9.214947883066    -1.876129130227    14.874629084719
Au    -9.213481036160    -4.042074935148    13.148305650734
Au    -8.974405652529    -6.883960704305    11.687025332194
Au    -8.902279646006    -9.484151478939    10.174854146393
Au    -8.758372573583   -11.788059850733     8.723108248266
Au    -8.275409430008   -14.125425071712     6.899826597821
Au    -7.725519461686     2.407745014967    14.527863364962
Au    -7.848300067582    -0.346150942946    12.947811053237
Au    -7.724618658659    -2.656638949824    11.192567858067
Au    -7.412604419639    -5.240508817277     9.778808796016
Au    -7.243204349700    -7.778496195435     8.136554170443
Au    -7.181923772869   -10.065746278527     6.375567113990
Au    -7.119044178183   -12.747905720241     4.634371661271
Au    -5.073467652911     1.692057603155    14.875419859086
Au    -4.930834605109    -0.620825545957    13.623713267446
Au    -4.938221840619    -3.062981288662    11.959605966914
Au    -4.478914825851    -5.999386965468    10.244963695263
Au    -4.580449991837    -8.043916967401     8.694935964208
Au    -4.402015274130   -10.514396498678     7.180165030938
Au    -4.601799801284   -12.804662975078     5.295103289117
Au    -4.741742163655     0.191541514208    17.364799466970
Au    -4.695102795985    -2.322194500952    16.036506694734
Au    -4.774831702190    -4.885197775386    14.265349984970
Au    -4.771349698886    -7.223598790787    12.944507336797
Au    -4.506435278002    -9.791547348207    11.240874170769
Au    -4.158416665482   -12.142546390745     9.565917041340
Au    -4.225246440860   -14.303342746334     7.788430162306
Au    -9.013032909076     1.761865124090    11.708779385842
Au    -8.535913609868     0.080539562205     9.724608331866
Au    -8.387951775936    -2.635871586359     8.552766187604
Au    -8.397962863168    -5.441813652614     6.847007120335
Au    -8.166627860633    -7.845909210214     5.251827230097
Au    -7.939044879263   -10.322951135618     3.693418629973
Au    -3.114629803599     1.460558008182    13.134046632235
Au    -3.112467453898    -0.736867914165    11.415433194042
Au    -2.901013643297    -3.817329335575     9.877058980905
Au    -2.635487057811    -6.392023020504     8.338049863010
Au    -2.456664215707    -8.485140414016     6.758940197749
Au    -2.512691993920   -10.708437611923     5.210877522911
Au    -2.852963101726    -1.701221879884    17.751027423717
Au    -2.663750929999    -4.041293294018    16.501915864354
Au    -2.621154117051    -6.537847439809    15.160635633498
Au    -2.657460933698    -8.967507671897    13.312625208422
Au    -2.127114474078   -11.577279404053    11.869372944453
Au    -1.991257788725   -13.781988395671    10.224334916790
Au    -9.087161670877     2.539875673038     8.975769257409
Au    -9.433288649720    -0.105788936717     7.128121041973
Au    -9.042837237220    -2.611407557601     5.693818276657
Au    -8.862655125468    -5.218342846904     3.885281012137
Au    -9.170975136456    -8.106788927319     2.775169308704
Au    -1.176492730871     1.185165351780    11.055324912561
Au    -1.025390979524    -1.184437697763     9.531470147075
Au    -1.011382819860    -3.939291647521     7.939676058209
Au    -0.640290421861    -6.165213403339     6.162386591102
Au    -0.473685846991    -8.461844874736     4.859643553020
Au    -0.744675231598    -3.450090392685    18.252977470505
Au    -0.568962259598    -6.057920334119    16.795613599511
Au    -0.484204498781    -8.673019770051    15.571501743813
Au    -0.079723598906   -10.766924978393    13.927656210797
Au     0.164649093467   -12.985108476045    12.343083345948
Au   -11.177290368370     1.194046263642     8.765058883624
Au   -11.674676118860    -1.874611798458     6.603658792980
Au   -11.270704741336    -4.383717623935     5.310735605858
Au   -11.297078841526    -7.378862206876     3.803318319574
Au    -1.939951064524     1.428406942878     8.345364214995
Au    -1.483780310243    -1.313814294442     6.749671839687
Au    -1.522586817048    -3.843045164531     5.023745338169
Au    -1.692893984267    -6.273828911240     3.527905221351
Au     1.269594765946    -3.946445271220    16.340901879185
Au     1.317689340874    -6.391019415504    14.956020761305
Au     1.681470312472    -8.747732219339    13.259232827128
Au     2.001203802542   -11.078804264465    11.377876351234
Au    -4.674578925077     1.404481344921     7.848319802691
Au    -4.405008643976    -0.621386301396     6.129495947963
Au    -4.525309390400    -3.835871024682     4.230175225273
Au    -4.587006180279    -5.945338127444     2.540900138670
Au     1.081114346990    -2.346546468873    13.996614990500
Au     1.193311387684    -4.706827195798    12.595321354879
Au     1.316959745287    -7.203005457746    10.906276639300
Au     1.616644805228    -9.520208969110     9.104433249956
Au    -1.520081990528    -5.887028788116    19.352242125657
Au    -1.596885801725    -8.246406295237    18.074596968108
Au    -1.169221140332   -11.137123683585    16.685242691151
Au    -0.906596015167   -13.211972988912    15.054463384733
Au    -7.281111042145     1.846201246005     6.833395399793
Au    -7.460578795346    -0.472732429909     5.336997867855
Au    -7.165337009452    -3.238830416311     3.874976712491
Au    -7.259271406015    -5.996776589944     1.720412552537
Au     1.059505914029    -0.710516643288    11.427281082435
Au     1.217976890538    -2.937966810486     9.604951945035
Au     0.976592983257    -5.479595309783     8.393844511117
Au     1.488831648472    -8.248955153333     6.620403966130
Au   -11.493935459891     0.799074099899    11.361106669220
Au   -10.953786990867    -1.411413601331     9.109514176813
Au   -10.493267459218    -4.229565599094     7.815089709122
Au   -10.725413470122    -7.069276277060     6.208538103785
Au   -10.196135799701    -9.556276314762     4.934467104111
Au    -4.165579794904     1.701885443462    10.537545926788
Au    -3.664067416132    -0.888581254931     8.643898837427
Au    -3.624624526252    -3.155294023956     7.190973979127
Au    -3.534780536933    -5.940712766664     5.554599043469
Au    -3.264681289212    -8.492629599677     3.944919160706
Au    -0.893522376020    -1.889436344668    15.920473489375
Au    -0.958480010438    -4.439577376519    14.221892914797
Au    -0.585554109486    -7.149381342703    13.107485581018
Au    -0.377783940679    -9.520463656858    11.155169845274
Au    -0.028999099254   -12.009685947157     9.508743309024
Au    -3.866300177248    -3.958798230786    19.021258565609
Au    -3.531237592505    -6.687615882177    17.524934388341
Au    -3.275191353024    -9.221629322264    16.029387106169
Au    -2.983301887069   -11.585551340009    14.366305514165
Au    -3.058919439868   -13.932482920802    13.166171532176
Au    -6.497839944792     2.034078319317     9.654446251570
Au    -6.626114562224    -0.710106809186     8.047594701799
Au    -6.171830438049    -2.852170407808     6.506502572092
Au    -6.318144026989    -5.695995659426     4.942522779929
Au    -6.271837379756    -7.991035010507     3.199399953719
Au    -1.065852940288    -0.572394720702    13.249471678408
Au    -0.974203205682    -2.837280519350    11.690742150008
Au    -0.705959613138    -5.419521943262    10.679019900690
Au    -0.440059169428    -7.896538724222     8.672392640947
Au    -0.674601202396   -10.342331187675     7.175186394830
Au    -5.774411779773    -2.095588726129    18.670505293566
Au    -5.547088815633    -4.691278179958    17.019064941062
Au    -5.410551114052    -7.493699458072    15.739431724744
Au    -5.224652573729    -9.918577600795    14.031885782765
Au    -4.978932578665   -12.296353883414    12.570389495054
Au    -4.403093575387   -14.520103124723    10.759408542637
Au   -10.430132462306     0.455355918214    13.649594353467
Au   -10.121040995231    -1.644678580498    11.911254963468
Au   -10.039167238915    -4.466227586949    10.503031520450
Au    -9.657675984877    -6.800277539025     9.084229523271
Au    -9.403909918286    -9.151480652593     7.627661352720
Au    -9.318571472181   -11.744700568436     5.871882304525
Au    -6.114620605032     1.656624928719    12.411930902301
Au    -5.904337854539    -0.689281877883    10.845656804404
Au    -5.520486470739    -3.044860224558     9.432535895744
Au    -5.611993337507    -5.158271750300     7.635999179215
Au    -5.210232698594    -8.151528119982     5.798786549115
Au    -5.044759509172   -10.410958039692     4.317922744497
Au    -2.857839959586     0.101775233180    15.421481562918
Au    -2.913260224869    -2.571804967871    13.718622216014
Au    -2.986651592021    -5.138416963373    12.268266795786
Au    -2.274842129870    -7.570865946973    10.754060262610
Au    -2.356338848118   -10.248783247757     9.259211021104
Au    -2.396963491199   -12.538191422629     7.569194096903
Au     1.344610213595   -12.346900456641    16.155738049024
Au     0.856944638032    -9.990626610513    17.912399469312
Au     0.709902521032    -7.522925340322    19.593045241921
Au     4.029109782599   -10.122343385222    13.657002059826
Au     3.840755395426    -7.570104201342    15.292582687156
Au     3.380887910938    -5.442940943048    16.795552686835
Au     3.526771665992    -9.056475511146    11.255263534165
Au     3.144067068664    -6.561195442490    12.918522887697
Au     3.174528945157    -3.819930959151    14.435708605645
Au     3.059007337442    -7.192678735538     8.658425566102
Au     2.857288923813    -5.033417764552    10.359201132206
Au     2.895333534836    -2.661712236820    11.627802247113
Au     2.974716232492    -6.027442914148     6.159067619079
Au     3.073302477860    -3.827304763838     7.719267427394
Au     3.183943235040    -1.033317109721     9.558645841357
Au     5.536586789254    -7.699548094867    13.142997440069
Au     5.283281416131    -5.353865522721    14.611749839083
Au     4.971531294759    -6.869209246821    10.698708446392
Au     4.918330003842    -4.428456731217    12.124144874458
Au     5.056883105006    -5.426147448479     8.232572676160
Au     4.772048501734    -3.142634449208     9.849711149545
Au    -0.078444442261    -4.290464256085     2.631760118033
Au     0.232784005477    -1.658249291944     4.503931768076
Au    -0.048601469921     0.895747140682     6.215709237852
Au    -2.586593429035    -3.856544334076     2.146149091980
Au    -2.880066486360    -1.669466919459     4.135845286489
Au    -2.659879329888     1.422598572999     5.781591699882
Au    -5.431340459131    -3.670248077102     1.556461295500
Au    -5.411454915387    -1.271740480160     3.610656591135
Au    -5.355505357237     2.250871496099     5.004297979389
Au    -7.926979351988    -3.172412377734     1.093064376541
Au    -8.092355742553    -0.956552351466     2.585953312946
Au    -8.391610355631     1.450178848639     3.973665421525
Au    -0.815920678672    -1.830977710889     2.042678296225
Au    -1.047108976946     0.489722713721     3.600428500514
Au    -3.469980131410    -1.425237451408     1.479009661874
Au    -3.693423235335     1.008897360666     3.195820536234
Au    -5.948602811439    -1.230617706958     0.807833746711
Au    -6.160920595156     0.885756368280     2.418931554788
Au   -11.620748215217    -4.837096319281     2.829137728444
Au   -12.424412926510    -2.395987175346     4.174300392116
Au   -12.147799730800     0.697401865876     6.285620565203
