         216
 AuNiAgCu    E (eV) =  -775.103699       T (K) =   550.000000       time (ns) =  0.340000004    
Au   -10.615223285677     1.506473314394    18.305173296943
Au    -9.223652383265    -0.060618628420    16.568342058056
Au    -8.193133951040    -2.143124813050    15.191683238035
Au    -6.361146827555    -3.875599823950    13.574347831593
Au    -4.801468448327    -5.581965185945    11.853829750446
Au    -2.987551876226    -7.284924662410    10.441285814111
Au    -1.368591351550    -9.065652915882     8.783458135170
Au     0.202500846719   -10.860630253321     7.370980983791
Au    -0.124461150214    -0.714648847013    21.045325018376
Au     1.601502096840    -2.342993580162    19.611039627435
Au     3.144597527732    -4.073752114837    18.038563036785
Au     4.350624303036    -5.733113274441    16.402690541181
Au    -2.744966150858     5.508808715931    11.967988915314
Au    -1.091454836123     4.070927547848    10.159394114790
Au     0.594592660860     2.459030673182     8.563406129372
Au     2.051534301074     0.457593198095     7.370437155660
Au   -12.353288289821     0.946621125192     7.101238061031
Au   -10.776546447173    -0.503889392368     5.387215873037
Au    -8.870333348457    -2.062150135842     3.724852447287
Au    -7.131638469413    -4.135508386641     1.962416325884
Au   -10.337758076575    -1.016487232613    19.019656791507
Au    -8.657838799393    -2.812400934272    17.646029563394
Au    -7.246550451501    -4.969612483860    16.309761507177
Au    -5.548830837791    -6.501551138580    14.166624646176
Au    -3.897136916569    -8.522089886524    12.506013787885
Au    -2.115059617574    -9.991492024101    11.416303878649
Au    -0.620192161126   -11.503879129076     9.764254118856
Au   -12.011823934377    -0.300093319539    17.117304333909
Au   -10.748547296904    -2.577761910842    15.392077410577
Au    -9.271685324147    -4.232568047874    13.822953888312
Au    -7.435665671294    -6.284805410008    12.331657490567
Au    -5.881166019322    -7.833513734547    10.612754734149
Au    -4.134232271862    -9.546805099674     9.487498184147
Au    -2.721782047552   -11.338649032494     8.231410793948
Au   -11.368170061339     1.628745422592    15.570952852114
Au   -10.173962963431    -0.127888491611    13.779275936435
Au    -8.214758612456    -1.952084558391    12.338012713050
Au    -6.500300773326    -3.614912054141    10.688033159873
Au    -4.774830031554    -5.537798423807     8.969236891232
Au    -3.423192385455    -7.353050395327     7.516068341349
Au    -1.598833476046    -9.123318104874     6.101876088119
Au    -9.090786737495     2.667531688025    16.466038095592
Au    -7.148104098134     0.946182171630    14.898909325819
Au    -5.980471505788    -1.127325173687    13.544217377261
Au    -4.162426456725    -2.852207002918    11.789550797100
Au    -2.392320156006    -4.420975271355    10.453594479186
Au    -0.911231146190    -6.361541669437     8.870113457281
Au     0.709992389085    -8.101943501341     7.363711535081
Au    -8.181541686920     0.765043690495    19.336814428971
Au    -6.772127277461    -0.806763675699    17.520531137605
Au    -5.543863652508    -2.707319974659    15.917166321234
Au    -3.668116755566    -4.104576873872    14.312987950718
Au    -2.124704879361    -6.153662257023    12.643650475135
Au    -0.133629247422    -7.802607866962    11.316665623470
Au     1.296769285716    -9.635616353249     9.746640328408
Au   -11.987369416577     1.658308392603    12.688390511912
Au   -10.245222180160    -0.426142965622    11.008998828773
Au    -8.636424236093    -2.536485060665     9.305342400774
Au    -6.975295062450    -3.933184648713     7.718141022286
Au    -5.074941112161    -5.594216575725     6.171510973188
Au    -3.475714806830    -7.410469805288     4.588241995187
Au    -6.982852691688     3.956670214387    14.693286369970
Au    -5.352754567850     2.119537685979    13.381972101583
Au    -3.568906630340     0.076391458559    11.869668922298
Au    -1.990127567317    -1.730587387348    10.171751179911
Au    -0.602463427409    -3.498109365180     8.742334420473
Au     1.028189417842    -5.417860363127     7.116063992318
Au    -5.501854249676     0.192477427824    20.037146878731
Au    -4.170288816178    -1.431920323843    18.170335002368
Au    -2.580209288091    -2.966329336279    16.615181135375
Au    -1.000431319308    -4.645114441781    14.971724247976
Au     0.637637468549    -6.801133738760    13.398429693746
Au     2.316699498759    -8.410695245967    12.044839170150
Au   -12.153918130220     1.126182056809     9.807333238583
Au   -10.284799247566    -0.770114726232     8.211873125076
Au    -8.695341266193    -2.244391266016     6.486523102519
Au    -7.165896203484    -4.131696286047     4.675655123378
Au    -5.360789318269    -5.815210624671     3.594681582068
Au    -4.949878529705     4.942087753372    13.449246879288
Au    -3.057192822837     2.703825157313    11.809371161676
Au    -1.510014751680     1.279746823794    10.051799640024
Au     0.056061161124    -0.544936054572     8.692260636855
Au     1.756572065384    -2.318058116663     7.312041982252
Au    -2.654872274634    -0.218333234813    20.512893822642
Au    -1.426708689135    -1.922182624988    18.901899273167
Au     0.349910777407    -3.677842227681    17.510419605944
Au     1.630038730245    -5.559705487294    15.782716136197
Au     3.507130627689    -7.181377255439    13.963099268420
Au   -12.907994902555    -1.268954086638     8.743979024623
Au   -11.388210479368    -3.008351310068     7.049193981750
Au    -9.703965159031    -4.680477781783     5.168562484719
Au    -7.911175108397    -6.494536195079     3.516433990633
Au    -5.189403424923     5.020487577232    10.674106397010
Au    -3.646587099654     3.006914932028     9.169313995653
Au    -2.081703492682     0.925088942042     7.416291111816
Au    -0.027770168768    -0.932704086081     6.082465877032
Au    -0.795728437330     1.046982499470    18.938031380069
Au     0.559333187903    -0.718354362813    17.337651953436
Au     2.385034525054    -2.429021354601    15.952909940455
Au     3.815992734784    -4.096452600991    14.110472268446
Au    -7.689713436963     3.612101859802     9.243745507137
Au    -6.059135986909     1.990577136466     7.740442738522
Au    -4.482492685387     0.049717277757     6.387703217058
Au    -2.584930861371    -1.915561286017     4.496478725493
Au    -1.656602893528     2.533483648624    16.324641830979
Au    -0.120122563391     0.829194171534    14.948749379200
Au     1.719024027747    -0.986641474595    13.584892151665
Au     3.482453490132    -2.637464260360    11.869266284796
Au    -2.270758363365    -3.087589231345    21.511890721874
Au    -0.701510976139    -4.461344636050    19.746959002181
Au     0.515112292672    -6.367407161317    18.296440052586
Au     2.114060979900    -7.982849704832    16.309669196780
Au   -10.058612343940     2.387911475293     8.255334167570
Au    -8.494632510185     0.529744413565     6.562187566917
Au    -6.554405001052    -1.253169278657     4.926985840738
Au    -4.851156998449    -3.123685177544     3.400821232713
Au    -2.072079998891     4.059062316872    14.110555464608
Au    -0.501195047197     2.249103760516    12.772078355310
Au     1.065821527120     0.489268649819    11.218583778621
Au     2.993648854465    -0.864668744535     9.429470687653
Au   -12.919927755965    -1.029318586645    11.589989682297
Au   -11.228558487574    -2.963853545731    10.097629650135
Au    -9.635564032505    -4.868212223303     7.872652461473
Au    -7.777014651288    -6.245372903959     6.364908825503
Au    -6.064513647079    -8.123312773919     5.268607014343
Au    -7.156251715394     3.509233431201    12.107203678643
Au    -5.575139912528     1.836979065100    10.617373799451
Au    -4.049211407692     0.017553918289     9.043465714497
Au    -2.229101148607    -1.806403212584     7.207925432232
Au    -0.635766264738    -3.494937571640     5.957204343401
Au    -3.381563900526     1.547652704683    18.218802587797
Au    -2.106121886287    -0.316122238453    16.706216124825
Au    -0.263002503857    -2.005311487265    15.267626485623
Au     1.172275068880    -3.611648097920    13.520465393874
Au     2.946564329370    -5.553367641650    11.748781051259
Au    -5.036602026420    -2.148361218449    20.978623222308
Au    -3.566206383204    -4.117516397256    19.338550218941
Au    -1.984157999983    -5.397528581179    17.609481076296
Au    -0.493284001978    -7.625397665113    16.093276392127
Au     1.274103173733    -9.456448284757    14.412173778357
Au    -9.904673057620     2.295379365670    11.231302196414
Au    -8.182796182646     0.840406322434     9.274038840959
Au    -6.568852292532    -1.018501289134     7.708405000921
Au    -4.727642521567    -2.866519860308     6.201819184680
Au    -2.765827737344    -4.578721122948     4.468747950827
Au    -4.311848722177     2.976550121515    15.757226855692
Au    -2.719588861279     1.240225910936    14.164080460680
Au    -1.138014707947    -0.626543657603    12.542276723654
Au     0.922264858533    -2.237892534477    10.913299411678
Au     2.207992526772    -4.034392885162     9.340960637009
Au    -7.475096295346    -1.461239321507    20.301974003938
Au    -5.999811701167    -3.375086114903    18.562799568143
Au    -4.660067757002    -5.162905589697    16.636438324439
Au    -2.947473930319    -6.588144607568    15.081534892480
Au    -1.358691863410    -8.682690262572    13.592731861363
Au     0.607365199428   -10.329132127101    12.173871866220
Au   -12.618251985282    -0.546870628663    14.325763550630
Au   -11.038032542146    -2.462681273531    12.933975761570
Au    -9.111758860236    -4.487762630688    11.172064582599
Au    -7.517809719458    -5.981000400402     9.556187368683
Au    -5.887804083808    -7.844164751482     7.946797304844
Au    -4.287746433822    -9.615400313705     6.518017686304
Au    -9.331793433749     2.376737473302    13.771446413665
Au    -7.578285895804     0.752267577982    12.039716285509
Au    -6.021823860761    -1.005245109797    10.619776301676
Au    -4.576708656589    -2.521924730195     8.814563304587
Au    -2.923860533710    -4.605041036678     7.139697091321
Au    -1.351075958862    -6.499687561894     5.987839833539
Au    -6.426280007739     1.843421791280    17.282756682481
Au    -4.701408813071     0.267681053923    15.976049657769
Au    -3.159153174519    -1.402950883403    14.422762510048
Au    -1.514553098520    -3.185275373720    12.737659121279
Au     0.377376439945    -4.956505103819    11.325533410798
Au     2.046069460543    -6.894006841875     9.473425722204
Au     3.195579835994    -6.725096100659    18.643652202126
Au     1.807942434764    -5.098430274098    20.486803575838
Au     0.175079994393    -3.201516797873    21.913800281981
Au     5.007499384995    -2.990864993922    16.437352396095
Au     3.525900977884    -1.196150874587    18.072176569681
Au     1.861480035414     0.558002638995    19.398533538095
Au     4.456306526525    -1.612512912248    14.188846854531
Au     2.682941704959     0.357474088569    15.757656095311
Au     1.137702834016     2.093738012912    17.202867216579
Au     4.187118909925     0.147735088912    11.676217527245
Au     2.193125823774     1.880613982297    13.565832673913
Au     0.728166075716     3.468148568319    14.995832077607
Au     3.009699317630     1.593961904045     9.505953520443
Au     1.812834083038     3.247975348735    11.027243733570
Au    -0.120737423839     4.843082490886    12.645234205833
Au     5.284928953449    -0.347759148509    16.487683526907
Au     3.898952408427     1.618430072724    17.707163975010
Au     4.644953294028     1.468163457795    14.341699115429
Au     3.459090986820     3.238734440739    15.568320030351
Au     4.256557004862     2.789600020273    11.918052825985
Au     2.559918638761     4.496765204228    13.376722698837
Au    -0.163555332179     1.811045708861     5.710599060086
Au    -1.482504861491     4.110424513485     7.547829330361
Au    -3.174303032376     5.619382421146     9.125760767469
Au    -2.315721943969     0.800896616174     4.728149193992
Au    -3.800722684315     2.736205973817     6.194489552151
Au    -5.686610171461     4.774261836792     8.080019770913
Au    -4.406937465880    -0.232012344803     3.456694057118
Au    -6.214538280671     1.562787720541     4.842009892283
Au    -7.962908519533     3.382578455783     6.528657859197
Au    -6.798611987984    -1.528132068063     2.214715608293
Au    -8.587811162038     0.577923569261     3.656525167146
Au   -10.301718355133     2.309432175886     5.709073550873
Au    -1.792893347269     3.394849229252     4.425609764826
Au    -3.740776405356     5.342726680047     6.568337803262
Au    -4.218189887220     2.940197761501     3.424638738492
Au    -5.742338420389     4.344243029243     5.111502520837
Au    -6.350505140771     1.156547457374     2.247245466368
Au    -8.082780915079     3.202667299098     3.795781499453
Au    -9.801834988537    -4.360307386801     2.616549153497
Au   -11.459859932609    -2.846087209201     4.265971927084
Au   -13.377233312176    -1.278345416929     6.337691591532
