         216
 AuNiAgCu    E (eV) =  -774.099915       T (K) =   550.000000       time (ns) =   1.90999997    
Au     1.525159572389   -12.774098922043    24.201729204995
Au     0.760562620722    -9.982862253429    23.937159998045
Au     1.250818584540    -8.548811959524    21.413885288346
Au     1.319209611198    -7.209458820900    18.949094116057
Au     1.704975719456    -5.911865038384    16.679001182042
Au     1.552976589803    -4.402862756062    14.308541560413
Au     1.617364473560    -2.918888139560    11.870726192419
Au     2.212236716418    -5.729688564975    10.411229443439
Au     2.720603442201    -0.515405226623    26.415571928145
Au     2.896557017279     1.176869060539    24.212013803994
Au     2.948826539452     2.471865004326    21.759621987598
Au     3.219873266260     3.862756280653    19.179041835964
Au    -7.452024857363    -4.459973622982    23.536796696427
Au    -7.419576012338    -2.663848338081    21.126427097023
Au    -7.473719529641    -1.451426908868    18.576073386927
Au    -7.270773981992    -0.397980996270    16.072517018105
Au    -6.198870506059   -15.401504307054    16.762330890010
Au   -10.719635042498   -10.529158279559    16.290323739766
Au    -8.143085164170   -11.180394681154    14.617643566574
Au    -5.957817868276    -9.596863785730    10.477228646225
Au     0.667450442981   -11.163130094906    26.413481141934
Au     3.287097965665   -10.114789512676    22.809141596652
Au     3.741952567049    -8.731361923946    19.585660793407
Au     3.768756858362    -7.487441675758    17.060798474407
Au     3.736084653118    -6.043570756368    14.712425219847
Au     2.059504055863     0.064574023957    11.543140651463
Au     1.375990034390    -1.569123888471     9.357151047441
Au     3.094850617748   -10.772760269548    25.369653583299
Au     1.940317879316   -12.381753519162    21.766249036021
Au     1.236006444816   -10.785188235162    19.718399998972
Au     1.883287641173    -9.376081564032    17.344155075081
Au     2.056913014588    -8.125049097208    15.044776990882
Au     2.043252616353    -6.729008587885    12.687734311749
Au     3.720946262111    -2.630835806973    10.252941811868
Au    -1.093937869724   -11.841421664070    24.600128652276
Au    -0.350485250801   -11.092619088532    21.865318253394
Au    -0.638163651886    -9.225416484033    19.399371411124
Au    -0.673849756894    -7.819510556189    16.969535435274
Au    -0.366605609079    -6.399715853617    14.612921065635
Au    -0.102650614169    -5.212074773876    11.900447813165
Au     3.799095193810    -4.556037481128    12.372562515978
Au    -1.435837536421    -9.382577862101    25.884197287067
Au    -1.194473881910    -8.142714993120    23.350246319292
Au    -0.778112428685    -6.607869373570    20.671017658377
Au    -0.789166188163    -5.374681231132    18.293757139177
Au    -0.480580345342    -3.817874214025    16.084530669098
Au    -0.584216778131    -2.544632971056    12.995923104750
Au     2.384659438908    -3.992507324547     8.526301910012
Au     1.408017414766    -8.576943876448    26.109108412205
Au     1.439314301291    -7.029005689111    23.894267015579
Au     1.740618980789    -5.825974550018    21.349019132698
Au     1.898443794252    -4.323541562128    19.041743309509
Au     2.171671329793    -2.702640031123    16.474645403927
Au     1.909533109826    -1.380124274814    14.052810977487
Au     0.043348410625    -3.872396554563     9.625616003455
Au    -2.897734167723   -12.286502145657    22.444001405774
Au    -2.068696448645   -11.526517738279    19.547355886711
Au    -2.596243153668    -9.818629985393    17.394667018623
Au    -2.081365797255    -8.962536282059    14.772878417886
Au    -2.158538772246    -7.295315688123    12.526265529821
Au    -2.020657759647    -6.119311468264    10.051285471761
Au    -3.509587780332    -7.744106403578    25.071546422186
Au    -3.138880966393    -6.492020382994    22.488657036068
Au    -2.809611151068    -4.660886263120    20.153405095323
Au    -2.930916932558    -3.504323562330    17.724436208192
Au    -2.647085638207    -2.342082655151    15.068610620850
Au    -2.853323933271    -0.749057483344    12.818778577670
Au     1.815241097292    -5.951124151551    26.654009187039
Au     1.819023426465    -4.220732891375    23.941877235781
Au     1.984018796318    -2.934750416139    21.521977827972
Au     2.194369321695    -1.630822927684    18.974532118428
Au     2.310690928606    -0.061541408393    16.592471409575
Au     2.751242505025     1.144667831334    14.066825997802
Au    -4.744159519729   -12.574690151372    19.957831102126
Au    -4.150931725427   -12.356735652455    17.320502460594
Au    -4.348411894535   -10.660614480647    15.102717776977
Au    -4.344155053369    -9.152138880345    12.700013111366
Au    -4.100560577418    -7.723535806502    10.456292040527
Au    -5.217802319246    -5.769733099913    24.344420779655
Au    -5.403290127942    -4.503543608966    21.711697174599
Au    -5.140830286721    -2.939848217074    19.324386069482
Au    -5.041477302623    -1.792273198371    16.789370989134
Au    -5.030419761592    -0.528913958861    14.606556015497
Au     2.321499848486    -2.986914726951    26.487963891196
Au     2.339736638012    -1.453212775645    23.989795588539
Au     2.736027516095    -0.111649450926    21.534776809296
Au     2.494308342975     1.169921457067    19.181359042028
Au     3.167201899957     2.565722468022    16.882841056456
Au    -4.381546590326   -14.854233241192    18.593664498021
Au    -3.932541839248   -14.472246602245    15.533611427263
Au    -3.688008792702   -12.680052732718    13.501955834355
Au    -2.255169789741    -9.560922475328    11.166428536480
Au    -7.347624234011    -6.679211823400    22.204160762558
Au    -6.973606477698    -5.279977326080    19.640095813627
Au    -7.151065410526    -3.659780003459    16.966903881775
Au    -6.957922555251    -2.610805848402    14.386923289239
Au     0.262706260246    -1.091676850944    25.912997677183
Au     0.382986363246     0.404334604973    23.509147199562
Au     0.487943062086     1.754023167041    20.797299474004
Au     0.530136158596     3.278987893827    18.341374752454
Au    -7.240779338946    -9.168149401588    20.830312166484
Au    -7.120802520626    -7.945521769584    18.346074805051
Au    -6.742057226706    -6.380394450443    15.820946667608
Au    -6.372227907830    -4.938473978835    13.336300291827
Au    -2.303722991077    -2.183027549411    25.245832055740
Au    -2.308882813286    -0.649244311218    22.577305385020
Au    -2.057872195919     0.837055237395    19.668970174474
Au    -1.994084409338     2.480112000287    17.420215668638
Au     4.748375744523    -3.267854847493    24.866321775291
Au     5.006786229966    -1.917433827391    22.291714798819
Au     5.353028364501    -0.333485030608    20.032072218470
Au     4.960280001012     0.633469003251    17.517898890001
Au    -7.196048497950   -11.603787181130    19.946006223229
Au    -6.553970052121   -10.490616388485    17.017206671540
Au    -6.405753508273    -8.892676491848    14.505266928103
Au    -6.344552006805    -7.409685586325    12.140818212840
Au    -4.763002505196    -3.185982891290    24.461200076885
Au    -4.717668795776    -1.634006607714    21.565385229656
Au    -4.948086405598    -0.232079430145    19.244750022368
Au    -4.269472378680     1.236249284069    16.807918021420
Au    -2.466760047116   -14.110307286560    20.363151776599
Au    -1.956038408963   -13.794617264400    17.675604102236
Au    -1.940392860698   -12.247387368221    15.469871137782
Au    -1.464545309953   -11.096917084513    13.087272280665
Au     0.145779872775    -7.693415800905    10.772499200082
Au    -5.272367161738    -8.380992147064    23.286088805374
Au    -5.203281321462    -7.363859903867    20.529529357101
Au    -5.092047023409    -5.538605651981    17.826874984999
Au    -4.623365017687    -4.329821639152    15.349000969330
Au    -4.438932754652    -2.797433850985    12.797902857301
Au    -0.150244887759    -3.973164717229    25.854707816300
Au    -0.305171016339    -2.349203542819    23.269515575929
Au     0.190628684672    -0.982199141041    21.011155356869
Au     0.127877096206     0.625574661459    18.148066153590
Au     0.722117547334     2.245841133935    15.684261797027
Au     3.989136397133    -5.773253231903    24.868120757546
Au     4.267046518090    -4.484260474485    22.240598709947
Au     4.425499842932    -3.169347062144    19.841702081500
Au     4.754034746490    -2.160352158761    17.553295239190
Au     4.727003164705    -0.380544799089    15.050316863738
Au    -4.928043761471   -10.357846000466    21.550697309607
Au    -4.795304395013    -9.881732689389    18.929589479225
Au    -4.976748529797    -8.397871941836    16.675185146968
Au    -4.232929336542    -6.775808172025    14.254379183714
Au    -4.054256782937    -5.261557989155    11.693213621494
Au    -2.674278216279    -4.896922799043    25.120903041184
Au    -2.825753152489    -3.541716209827    22.552221210344
Au    -2.568096756552    -1.940301987979    19.907228970005
Au    -2.454503474730    -0.615516861104    17.551750713283
Au    -2.399242497805     0.771476104205    14.759171171937
Au     3.718082533598    -8.338510770910    24.800558926854
Au     3.812431565119    -7.360057074599    21.971479944524
Au     3.913612472071    -5.766508336772    19.620913276433
Au     4.255437711843    -4.716686281575    17.055479153533
Au     4.184670611881    -3.312766960133    14.729043489200
Au    -0.658596823766    -0.891252310509    10.714891858510
Au    -0.581955376483   -13.619952867691    22.554850530744
Au     0.048673590652   -13.319112526188    19.673226121896
Au    -0.194001939091   -11.558361343177    17.552181280262
Au     0.220414218158   -10.301773731243    15.244190538065
Au     0.203248993149    -8.774382592739    13.111039095369
Au     3.997042561714    -1.515586682849    12.605637880661
Au    -3.112742839116   -10.081600524469    23.806095930478
Au    -2.747914111673    -9.027035595775    21.116066884519
Au    -2.880676561477    -7.055266667276    18.786306931094
Au    -2.644587855272    -5.965678375263    16.203338318470
Au    -2.274989943221    -4.640647292293    13.632764749345
Au    -2.210374174373    -3.466370735142    11.062823650012
Au    -0.562034645363    -6.641125438413    25.757673857295
Au    -0.889481979972    -5.463011281491    23.222709787722
Au    -0.478134862451    -3.449582207661    20.637773812084
Au    -0.207613582433    -2.105663621897    18.026584323791
Au    -0.352455893756    -0.936948862091    15.709971283849
Au     0.187555549530     0.480058458259    13.322429666583
Au     4.899977883947     2.192297970018    19.758244345408
Au     5.141826712685     0.807618271769    22.470081445138
Au     4.961987210569    -0.640748843102    24.667056668860
Au     0.895692242568     4.231845987339    20.987895820739
Au     1.038529624071     3.142288932395    23.551363052465
Au     0.627870266926     1.515953523157    25.805621405541
Au    -1.717798949906     3.575465280088    20.012876168154
Au    -1.776088023985     2.020240026948    22.472224917159
Au    -2.040413394254     0.462460138541    25.071100230408
Au    -4.059967950515     2.507801363145    19.338126738161
Au    -4.350845650262     1.155559128646    21.640567535522
Au    -4.509606620042    -0.489513451200    24.402372780958
Au    -6.779554876683     1.242356501627    18.498015248630
Au    -6.846160797110     0.338070908226    21.035389291551
Au    -6.721805414504    -1.856540339074    23.634735719304
Au    -1.420359316215     4.565642566753    22.507132318716
Au    -1.347275148493     3.131488215112    25.010625018638
Au    -3.829175507342     3.793322045510    22.141765306970
Au    -4.077297422452     2.173198774954    24.251435318150
Au    -6.194291034554     2.998111707956    20.703232403841
Au    -6.335019919836     1.020836185493    23.349267796545
Au    -9.154778411907    -2.127994385925    16.253996129631
Au    -9.066146710919    -3.531021857616    19.030573925988
Au    -9.059777282145    -4.722919185557    21.540408417484
Au    -8.804642474978    -4.614667303914    14.894582466489
Au    -9.030400192824    -6.038633310283    17.431702957776
Au    -9.202944354111    -7.450225235786    20.216328909979
Au    -8.601309731361    -7.131509130871    13.899559861775
Au    -8.680669982533    -8.715893123956    16.119498876730
Au    -9.152097590425    -9.848635726207    18.897351790658
Au    -8.130342320574    -9.222170954761    12.217002916214
Au   -10.293244194636    -9.341701714478    14.106009390594
Au    -8.282394192868   -13.722352745879    15.588605485276
Au   -10.770807009084    -4.081985690716    16.858623182967
Au    -9.019633985542   -12.255103557430    17.407808139369
Au   -10.776394280847    -5.433446278987    19.549106913202
Au    -6.679005945456   -13.279007449274    18.031153812810
Au   -10.723213751066    -6.903082160527    15.399596928958
Au   -10.747055020759    -7.905742994645    17.846122321675
Au    -4.293709011282   -11.420438476654    11.148097573596
Au    -6.171102181559   -11.364147595755    12.885450287843
Au    -5.933517750147   -12.852313284398    15.062178844996
