         216
 AuNiAgCu    E (eV) =  -772.718018       T (K) =   550.000000       time (ns) =   1.19000006    
Au    -9.522567545130    -7.748554368776    24.845482161262
Au    -7.210646873243    -8.561761740577    23.797073145630
Au    -5.054999864775    -9.432688789331    22.328023483758
Au    -2.786885270695   -10.346480085682    20.488830862664
Au    -0.496174097615   -10.970329713684    18.732419812153
Au     1.421518672194   -11.886771906740    16.868812673597
Au     3.704808874554   -12.098993064431    15.167571085251
Au     5.922640678343   -12.733320913822    13.598463409783
Au     1.082596076970    -8.401522884455    29.392584999105
Au     3.707368689338    -9.100880462054    27.769802648757
Au     5.677715700222    -9.397893622622    26.184520392137
Au     7.591245638488   -10.590427448016    24.216550497569
Au    -1.913584698449    -0.086303708130    22.246467958289
Au     0.306051562612    -0.712699508816    20.632180335645
Au     2.420260233631    -1.537533496147    18.837073938941
Au     4.672059533301    -2.055573002869    17.548177429058
Au    -8.570750707081    -4.544491427378    14.798910182147
Au    -5.106673674179    -0.434835059602    12.946813020327
Au    -5.269009558431    -3.458360476284    11.570211956541
Au    -2.579270486385    -6.561466606994     9.543682922964
Au    -8.227064801248    -9.758968270494    25.960701069921
Au    -6.772024026254   -11.180814368025    24.369799686487
Au    -3.939178465487   -12.281901965249    22.225206141845
Au    -1.663324403483   -12.920194527661    20.594093265700
Au     0.335090605785   -13.382671878044    18.828628680873
Au     2.659964227612   -14.315483698694    17.264137558811
Au     4.760561627638   -14.620043239939    15.479488352052
Au    -9.261370047421   -10.169616283603    23.405430933292
Au    -7.050142719741   -10.890311341687    21.737231524345
Au    -5.116572428909   -11.734647131323    19.869984944826
Au    -2.934526534546   -12.393199734826    18.316464265234
Au    -1.017344251783   -13.189819632997    16.201916345547
Au     1.339760379195   -13.471972845854    14.754224839443
Au     3.840478474762   -13.793803164206    12.787773951506
Au    -9.245111596109    -7.355862000877    22.447611051757
Au    -6.844730097199    -8.201279338003    21.123703137552
Au    -4.806661641823    -8.837744443747    19.258585124877
Au    -2.751174381797    -9.589247854358    17.716268052982
Au    -0.520689370357   -10.200902363190    15.936709361439
Au     1.707709260784   -10.583178974574    14.202870702159
Au     3.827593927399   -11.067918141945    12.318702140605
Au    -7.265341587773    -5.977584022920    24.982069889869
Au    -5.365083267859    -6.645250899004    23.159436732095
Au    -3.059943173582    -7.568561732474    21.469071032044
Au    -1.187202047638    -7.985908729830    19.614492566124
Au     0.961860574733    -8.762724001812    17.833488684746
Au     3.385133322703    -9.715701256160    16.312375748630
Au     5.457591439969   -10.263501983666    14.522434233981
Au    -6.688568142002    -7.929969258044    27.028173277663
Au    -4.160122017136    -8.388448335993    24.980115523226
Au    -2.412024777991    -9.532217063904    23.194001208339
Au    -0.256299687350   -10.309813574949    21.393318736842
Au     2.116789486061   -10.883107865618    19.563846369313
Au     4.175222132334   -11.872809774579    17.927461522948
Au     6.222500753215   -12.572447503588    16.355245207932
Au    -9.106350588219    -6.638246777712    19.914280494639
Au    -6.713118737427    -7.146951641911    18.489990077028
Au    -4.608713327516    -7.602793165897    16.578334356405
Au    -2.740370677233    -8.677909822086    14.949721385408
Au    -0.453180045489    -9.090491260984    13.087074101472
Au     1.523656037555    -9.727253053483    11.474948198654
Au    -5.725663678681    -3.823838805454    24.065420401083
Au    -3.664269020448    -4.521115652123    22.438227319442
Au    -1.364687714175    -5.616478225835    20.733697857175
Au     1.118250874030    -6.089782566146    18.544297843415
Au     3.100689418135    -7.074243797769    16.970815931349
Au     5.407350687443    -7.800789232870    15.451522831615
Au    -4.175635126529    -7.732055007680    27.686928610245
Au    -1.790172868070    -9.113509774164    26.186286031882
Au     0.251007820739    -9.792068772745    24.269554787812
Au     2.505724470998   -10.737308606147    22.271190885889
Au     4.480895106809   -11.436381512738    20.918665807874
Au     6.555248241639   -12.385322007021    19.043499318436
Au    -8.752762352573    -5.346162804928    17.450505356430
Au    -6.644753369683    -6.076220201512    15.648954920837
Au    -4.681887893934    -6.843157026349    13.831937076258
Au    -2.440290782602    -7.552522771538    12.092982919171
Au    -0.415660868667    -8.085278268175    10.553766487183
Au    -4.095813549403    -1.884645430317    22.927403090095
Au    -1.683533446277    -2.761537958452    21.709367816725
Au     0.344019876155    -3.352846444006    19.858961597930
Au     3.004686870185    -4.170115028135    18.166778428012
Au     5.037402482908    -5.184825878119    16.642730692237
Au    -1.472827514946    -8.046854249310    28.447391596967
Au     0.886391491227    -9.038795012560    26.914095555904
Au     2.990353720304   -10.095298001696    25.145410517834
Au     4.908643712304   -10.568913883407    23.528828417964
Au     7.362939721939   -11.625062497199    21.717980138971
Au    -9.250209466736    -7.145528386589    15.442079104379
Au    -7.275747762170    -7.878519895776    13.884328106395
Au    -4.654905200023    -9.223618947453    12.014097643862
Au    -2.777484747323    -9.500543180785    10.300003379213
Au    -3.499627084340    -1.190977380012    20.260952428624
Au    -1.612739536774    -1.683478765637    18.764015686031
Au     0.494697746290    -2.503812674078    17.005617890082
Au     3.121331618840    -3.121930485209    15.402244894813
Au     0.617370727722    -6.193399002332    27.771585191263
Au     2.725137603099    -6.993469928760    26.052656664830
Au     4.924736972154    -7.774328028033    24.337300295749
Au     7.126943755772    -8.892304687363    22.348845019883
Au    -5.637548311906    -2.132700163235    18.414002096831
Au    -3.497215357574    -2.771861578426    17.052269108860
Au    -1.121686490972    -3.571449780679    14.776752112084
Au     1.221998735566    -4.225282575666    13.294475397718
Au    -0.366606934195    -4.159217214603    25.919735537034
Au     1.932118583958    -5.003230252405    24.148597163041
Au     4.306469366477    -5.877310054846    22.298374902852
Au     6.443486674498    -7.066717155265    20.684141892738
Au    -0.500881557066   -10.670484876255    28.505157977047
Au     1.926417557140   -11.801472994906    26.741730753549
Au     4.090233780286   -12.974682715436    25.241430877257
Au     6.067640263755   -12.970462837388    23.707441189575
Au    -7.368235612576    -3.137796618190    16.733578219734
Au    -5.056466955115    -4.203958220779    14.640440065101
Au    -2.962246784297    -4.760539735003    12.985564675152
Au    -0.698299887657    -5.649863701959    11.272790693692
Au    -1.234180364762    -2.050233105954    24.384810779628
Au     1.200908426143    -2.725926269512    22.438969713986
Au     3.345909628381    -3.742987951272    20.729801677834
Au     5.629346390432    -4.473390482505    19.423071656089
Au    -9.292148969256    -8.290203798930    17.838029536465
Au    -7.223070235179    -8.881720580803    16.500287071914
Au    -5.252778952796    -9.515519513975    14.753268276483
Au    -2.874698725141   -11.012838670331    12.734027130377
Au    -0.688986711092   -11.324064016359    10.906573510780
Au    -5.817618825723    -3.302596192290    21.323577811569
Au    -3.304322975700    -3.660908386191    19.694133717137
Au    -1.296362373954    -4.469314659064    17.970413807910
Au     0.892126600377    -5.130591278861    16.157929703392
Au     3.389408893909    -5.984264865236    14.568747402582
Au    -2.221806435309    -5.991817445867    26.787260736064
Au    -0.108247725456    -7.016956862587    25.399006863154
Au     2.021024594255    -8.018615491469    23.639975766789
Au     4.398065157581    -8.749080512678    21.658369825250
Au     6.610562956069    -9.689580417168    19.928472214588
Au    -3.309188499711   -10.986680518088    27.448690586935
Au    -0.922507385728   -11.708402513586    25.818663633254
Au     1.301280278892   -12.563625433727    24.245631750938
Au     3.431214858213   -13.389255158205    22.664379865027
Au     5.320206928050   -14.028811920564    20.970971492593
Au    -7.304284627020    -4.301443737290    19.430593082291
Au    -5.186893251958    -4.773832692294    17.524674645347
Au    -2.998822580226    -5.526797719951    16.034941570207
Au    -0.590468771620    -6.233592051206    14.180115225962
Au     1.540727710346    -6.930760748304    12.483378228090
Au    -2.955628172217    -3.896718976512    24.971734082192
Au    -0.707956545889    -4.689560947214    23.197640805476
Au     1.460592822365    -5.550067177284    21.343145592257
Au     3.778835217896    -6.615198072608    19.681701576896
Au     6.171484932200    -7.204456015438    18.036905445263
Au    -5.562122838559   -10.236917751679    26.900817787450
Au    -3.511703296485   -11.287955219460    24.959566125442
Au    -1.384754053243   -12.097385490479    23.314661562757
Au     0.983658219886   -12.976782098049    21.540998677433
Au     2.984803829955   -13.612549371649    19.816279172489
Au     5.275000796721   -14.386536304922    18.228910268316
Au    -9.310999851366    -9.345184867023    20.461313931330
Au    -7.289908993911   -10.127396761852    19.184641985830
Au    -5.172119230545   -10.692268933115    17.439834572754
Au    -2.900258322717   -11.564908144547    15.440943188917
Au    -0.556213175275   -11.711342786364    13.629477843869
Au     1.444527604728   -12.519144595363    12.292482929648
Au    -7.646927449898    -5.243477780064    22.298456959996
Au    -5.218257884126    -5.664584282022    20.627637109050
Au    -3.119458316376    -6.537284073538    18.660979704258
Au    -1.007453054257    -7.184678069312    16.846912774363
Au     1.234100090214    -7.830845997503    15.065524626576
Au     3.400954773233    -8.557210900447    13.502384673333
Au    -4.746490956067    -5.621173653514    25.700578040146
Au    -2.622699070524    -6.637802839172    23.934673621807
Au    -0.252345920385    -7.360402674914    22.525353062703
Au     1.544921603409    -8.283808383983    20.374543370681
Au     4.248229631079    -9.335029651781    18.976032065377
Au     6.292027087610    -9.835232698802    17.172830739009
Au     6.508388992526   -11.852118818172    26.224531687443
Au     4.526948182220   -11.643386118300    27.701879986138
Au     2.347259508760   -10.707537210914    29.283767062143
Au     7.564631376953    -7.843151721725    24.869222618067
Au     5.530061205852    -6.453248238398    27.153173449011
Au     3.287088048656    -6.241072199822    28.560777819493
Au     6.894887377610    -6.007291318172    23.229678420504
Au     4.740822020365    -5.091621531455    24.959901724444
Au     2.468721359582    -4.362451410116    26.919958979998
Au     5.845908283544    -3.792909592940    22.062092430455
Au     3.633670807604    -2.936388629527    23.710029009591
Au     1.200198550718    -2.281883590475    25.307503605733
Au     5.238473668135    -1.996551853310    20.163132994207
Au     3.033244117700    -1.106143340431    21.603747947992
Au     0.641507161732    -0.276818657918    23.301667870021
Au     7.428662600628    -5.228064856107    25.810165490478
Au     5.971271868829    -3.815602510194    27.363608472946
Au     6.116317688433    -2.570897793849    25.070051264900
Au     3.734046764421    -2.063602594069    26.516377399606
Au     5.390788508346    -1.136403439910    22.926551467783
Au     3.193935324431    -0.317217077775    24.595406104556
Au     2.544674931294    -0.679990432418    16.346631075636
Au     0.639905150534     0.465926547749    17.923045305434
Au    -1.663763491796     0.906013676621    19.677514680361
Au     1.006521856048    -1.719471527748    14.245636464145
Au    -1.637452639291    -0.945436947152    16.099701718407
Au    -3.543258406074     0.106932220708    17.785002947060
Au    -0.952900494644    -2.558811715085    12.012563551726
Au    -3.396411700594    -2.076816743887    13.944196333412
Au    -5.410746673097    -1.461803006108    15.580603588675
Au    -2.634363819931    -4.100682503160    10.256126631991
Au    -3.301243263383    -1.514407777390    11.326764825899
Au    -6.995499225907    -2.646307287266    13.642665336493
Au     0.417172123307     1.016034067639    14.803222073121
Au    -1.352064156787     1.536214711399    16.796187957333
Au    -1.718103720503     2.389860870699    14.078257264810
Au    -3.524724388351     0.587729235933    15.035871973194
Au    -1.467934497317    -0.219998766134    13.162249232300
Au    -3.447689676864     1.604112040578    12.529331362572
Au    -5.114258196653    -8.378965083373     9.628174626303
Au    -4.665498374424    -6.032746419540    11.136945510054
Au    -6.801060665537    -5.343512499397    12.851935070589
