         216
 AuNiAgCu    E (eV) =  -775.447632       T (K) =   550.000000       time (ns) =  0.370000005    
Au   -11.225793981551     1.183460372649    19.035058891199
Au    -9.406954977076    -0.593901956096    17.909486347932
Au    -7.354080524552    -2.324369948168    16.523532377138
Au    -5.917137807110    -3.886229376977    14.545891328639
Au    -4.313077433850    -5.578339013096    13.092591802928
Au    -2.661051279182    -6.796730793901    11.679968389375
Au    -0.901315890753    -8.556872817311     9.726139872149
Au     1.077218522251   -10.162300707646     8.286008845163
Au    -0.320203267841     0.575632548414    22.039590031657
Au     1.744294320139    -0.851459863013    20.430141992791
Au     3.445481479180    -2.366044339876    18.680967428489
Au     4.935268376689    -4.136927143356    17.088582311155
Au    -3.861746379875     6.287814831789    12.107072084762
Au    -1.754600719739     4.391032062922    10.393106086088
Au     0.250048200418     2.670429425181     9.065692089837
Au     1.811488659228     0.674866496503     7.321052674607
Au   -12.610075373990     0.514710533289     8.267163596067
Au   -11.024935764813    -0.909554124323     6.385344682190
Au    -9.444995040104    -3.013524238937     4.814181871029
Au    -7.893236182906    -5.009340052638     3.785015887632
Au   -10.344534663474    -1.282028239540    20.315599040207
Au    -8.610091195966    -2.922555235462    18.868207256285
Au    -6.756997401992    -4.723723980312    17.243085961727
Au    -4.765552038335    -6.091137521754    15.646106652083
Au    -3.171444506950    -7.707400608765    14.129743309235
Au    -1.341748965519    -9.165204100486    12.518012772066
Au     0.345850084230   -10.835876535929    10.807339648998
Au   -12.076556006624    -1.130240612425    17.931369499580
Au   -10.379294986322    -2.912277739306    16.781282157169
Au    -8.570126217236    -4.557466953272    15.283351691458
Au    -7.071724980453    -6.229758566152    13.634528334877
Au    -5.311808716024    -7.939671085807    12.292862996560
Au    -3.385744571842    -9.649309997157    10.376441761542
Au    -1.582516619159   -11.281677709213     8.722781323694
Au   -12.016692368294     1.102458040044    16.502389180755
Au   -10.084346614573    -0.505349653058    15.217633541731
Au    -8.291291753754    -2.415961764817    13.544390831277
Au    -6.465976164182    -4.014673257203    11.803867700342
Au    -4.820118379905    -5.859412287262    10.287744785639
Au    -3.031285059035    -7.251697527924     8.633015398545
Au    -1.406561457597    -9.314542038650     7.170403110280
Au    -9.597625432463     2.343956995242    17.277064141722
Au    -7.702006999655     0.386740593749    16.028677012845
Au    -5.959502624023    -0.968761532592    14.353998172835
Au    -3.995046334812    -2.531309751470    12.767672401300
Au    -2.382903989431    -3.914495732972    11.241304788828
Au    -0.510318717260    -5.836365103755     9.829219642158
Au     0.818644521862    -7.614827070298     7.831911659110
Au    -8.590651462840     1.084838156518    19.886484419500
Au    -6.699067591384    -0.702413843379    18.592029469381
Au    -4.761688008486    -1.991226463698    16.939885739411
Au    -3.131248731205    -3.800145841051    15.372199928157
Au    -1.280345278936    -5.484352511773    13.717156863664
Au     0.355791279872    -7.110057875275    12.000944628733
Au     1.948785631691    -8.546929234356    10.120620170101
Au   -11.856938181996     0.762897505689    13.746205985248
Au   -10.598943599966    -0.821817677230    12.087326893512
Au    -8.658471651219    -2.558226236990    10.740925964229
Au    -6.947943475012    -4.003516733324     9.202950432079
Au    -5.286562606906    -5.976760965403     7.601705554944
Au    -3.610651464305    -7.800400570194     5.835069455015
Au    -7.296723381844     3.344555989594    15.574842462539
Au    -5.703060520351     1.739042815984    14.113542917346
Au    -3.791802094482     0.317351919779    12.528582984881
Au    -1.789205910285    -1.270415974927    11.178244927818
Au    -0.443381332919    -2.996795749759     9.581335775724
Au     1.393471296175    -4.894414195744     7.997270126604
Au    -5.805002752551     1.162194312506    20.380539022807
Au    -3.913040476106    -0.929165457949    19.152687610184
Au    -1.993613415372    -2.506502287871    17.572412002983
Au    -0.365028885669    -4.205984242318    16.133731307601
Au     1.413706210017    -5.477067768217    14.405921364499
Au     3.071027781572    -7.248384569292    12.713453639987
Au   -12.266969249703     0.826574100256    11.016621087639
Au   -10.808781614895    -1.171909126362     9.392035094033
Au    -9.104604929182    -3.080839335670     7.733569701522
Au    -7.447639563653    -4.731942870547     6.454823801776
Au    -5.589790093272    -6.455991210294     4.656723386344
Au    -5.467329146250     4.580376899828    13.714819088151
Au    -3.771189998049     3.108769917453    12.217792774557
Au    -1.705769954348     1.793480434262    10.979914181782
Au     0.057380468881     0.060094220929     9.393776471908
Au     1.500520346084    -2.070846932086     7.856450501849
Au    -3.124522339714     0.970292997790    21.265498606596
Au    -0.986398798527    -1.005207340795    19.966661400159
Au     0.553835561368    -2.706947802584    18.470199935659
Au     2.302629063128    -4.035766663234    16.627676509345
Au     4.105610729565    -5.656853920529    14.939301580349
Au   -13.344566297551    -1.681101234117    10.013994474708
Au   -11.947970309498    -3.655915161956     8.636075380084
Au    -9.868178003515    -5.907010325541     7.252257997193
Au    -8.101786771181    -6.922578545334     5.389341283557
Au    -6.009541363029     4.707938663021    10.953912699330
Au    -4.166674996879     2.998080449904     9.634639001360
Au    -2.367120912954     1.478994142006     8.172074857494
Au    -0.244050776029    -0.747791412686     6.296862457821
Au    -1.172289050126     1.976245659961    19.562621074846
Au     0.700323029346     0.275610179811    18.106888622202
Au     2.497776185755    -1.316524457333    16.414603114154
Au     4.378815190238    -2.650074693323    14.691390246589
Au    -8.381748959350     3.189685603536    10.131495614916
Au    -6.695323282874     1.382986255675     8.525899238340
Au    -4.556032453414    -0.350389008968     7.226287668364
Au    -2.909368787532    -2.146924984695     5.615926335660
Au    -1.958379492446     3.231217686642    17.357794144112
Au    -0.171718152035     1.717675362346    15.755496800316
Au     1.926483927360     0.515637915628    14.115854773247
Au     3.380137668679    -1.617418750651    12.321044764310
Au    -2.477250548936    -1.429903904506    22.194834722381
Au    -0.204342885262    -3.756457206303    20.765856625537
Au     1.759161004525    -5.218063604539    19.084164112883
Au     3.448922771505    -6.296414618950    17.459389387936
Au   -10.384830923096     1.755643115630     9.162948239786
Au    -8.910405182081     0.187223398223     7.399968997223
Au    -6.903880719271    -1.668321167008     5.874196601852
Au    -5.708797210474    -3.586797966799     4.441692050264
Au    -2.876984861794     5.091320614496    14.479507487821
Au    -0.995052401610     3.439194073572    13.035420462771
Au     1.086169077174     1.778505851315    11.753585791355
Au     2.764523375292    -0.341570494118     9.784676875963
Au   -13.209640169979    -2.080828720602    12.931902458327
Au   -11.436832673993    -3.314309349949    11.389945542996
Au    -9.756570900688    -5.004730432307     9.850664946364
Au    -7.555711450407    -6.804372876593     8.485475756081
Au    -6.121742586195    -8.263811801736     6.686678737123
Au    -7.585497624718     3.269106722616    12.846869711636
Au    -6.171998276376     1.705520981698    11.233259283027
Au    -4.403251910455     0.059367793986     9.917701227858
Au    -2.169984853327    -1.295375010487     8.074987354644
Au    -0.719048648757    -3.610364016483     6.877429821059
Au    -3.951442827174     1.992803028949    18.838386849619
Au    -2.156444450798     0.529424729556    17.337991071014
Au    -0.172720568512    -1.219129052243    16.051583347146
Au     1.472982999468    -2.652210114818    14.269660898301
Au     3.265136274314    -4.190123644322    12.744638223378
Au    -5.109230877684    -1.542214326808    21.535898889144
Au    -2.961310963982    -3.384182822374    20.290167127713
Au    -1.422350133214    -4.948766709436    18.702764218483
Au     0.519871735585    -6.591553730427    17.131135164561
Au     2.246123869243    -8.026311288146    15.134590839472
Au   -10.101260952585     1.963454738800    12.107600783134
Au    -8.352030191728     0.254632603260    10.416051283821
Au    -6.716204694224    -1.300384298114     8.813216352274
Au    -4.863641570771    -3.130154259641     7.221119153374
Au    -3.506541366083    -4.983887590838     5.608354773890
Au    -4.559304829282     3.517628174345    16.247059992636
Au    -2.720500313799     2.302679675410    14.951676445700
Au    -1.189383805617     0.473139532391    13.376511416376
Au     0.818090204355    -1.135263135275    11.835801230689
Au     2.339644324809    -3.168151709195    10.321444450656
Au    -7.802324638000    -1.350930815930    20.991267073723
Au    -5.794072716888    -3.085959846095    19.469696694275
Au    -3.982257216060    -4.692655058971    17.958816270417
Au    -2.120710596938    -6.335168485679    16.377466284767
Au    -0.405017930634    -7.945313086993    14.789172056872
Au     1.415163537907    -9.415374499750    13.160384009749
Au   -12.776049828384    -1.106294620633    15.265712062061
Au   -10.806080999713    -3.171618130766    14.041128019547
Au    -9.179239459142    -4.739611900620    12.534213349718
Au    -8.030065152495    -6.520675233324    10.999912967601
Au    -5.669445508050    -8.312524161859     9.542962831007
Au    -3.986998512604   -10.084008943149     8.082329784147
Au    -9.704500513121     2.251188588066    14.776544426979
Au    -8.074647355874     0.527993946296    13.283111523388
Au    -6.200346988713    -1.288246192975    11.585647911250
Au    -4.433161728485    -2.596982062587     9.894947869327
Au    -2.732548542761    -4.226935953432     8.535920910926
Au    -1.280465718617    -6.308282026746     7.023030755165
Au    -6.794746618512     2.175088065564    18.195019842197
Au    -4.750120792887     0.789246549667    16.615284050992
Au    -2.911745053204    -1.047933757112    14.970963531752
Au    -1.275393019676    -2.563086944026    13.556426582122
Au     0.379536513843    -4.060252043352    11.978418121200
Au     2.164370124852    -5.830829111414    10.500292614029
Au     4.323840080905    -4.688551960539    19.606720927036
Au     2.304063858281    -3.376866625829    21.053153749028
Au     0.265202798274    -1.929808658190    22.764555240579
Au     5.257838722230    -0.508668510174    17.212678947382
Au     3.396735449670     0.349867726873    18.668352926857
Au     1.384089030629     1.843735433026    20.375600174753
Au     4.546292524365     0.284816558546    14.728589538855
Au     2.567406254503     1.714394061972    16.414384861533
Au     0.798576811748     3.132244538621    17.929478469166
Au     3.822541296259     1.058539576613    12.144827027957
Au     1.512233673642     3.308720780883    14.124654865575
Au    -0.405417308171     4.544973811819    15.612191386703
Au     2.875954402953     2.321447268327     9.614875657701
Au     0.770651535786     4.305418177026    11.015271682328
Au    -1.203301223488     6.170423546230    12.828304447441
Au     5.270552622878     2.095640763597    16.917335018050
Au     3.345784751423     3.041684207684    18.735913167319
Au     4.293885823298     2.934931853227    14.538819056022
Au     2.787773162775     4.341121956310    16.558472290973
Au     3.169387134587     3.639610438366    12.017184104706
Au     1.589630687197     5.777772170517    13.014509720816
Au    -0.264541062035     2.282067523358     6.279882383966
Au    -2.040112490785     4.240676377015     7.881311277045
Au    -3.850349423082     5.846073166077     9.591258474973
Au    -2.386041099542     0.525056550035     5.565005256169
Au    -4.436336606999     2.471801908854     6.959347160154
Au    -6.433639394147     4.179588021776     8.326860341093
Au    -4.821347605871    -0.753726612172     4.239202735156
Au    -6.588302347736     1.183323335738     5.843171085615
Au    -8.268679923002     2.828432625128     7.122399825575
Au    -7.263553606632    -1.846700996818     3.202136160425
Au    -8.823421543714    -0.174488206637     4.758668779458
Au   -10.648102428365     1.863086555930     6.349091204026
Au    -2.385927742140     3.412492639259     5.354932950063
Au    -4.315899437510     5.174838884015     6.961288824157
Au    -4.370280107229     1.859655135926     4.079261239203
Au    -6.224464058765     3.868766539500     5.229278554527
Au    -6.793335227572     0.770080580809     3.110104754627
Au    -8.488307990883     2.507044903145     4.409307892901
Au   -10.442343211898    -5.752499871634     4.692657900431
Au   -11.579613800852    -3.653534031185     6.178310542870
Au   -13.374367250960    -1.719202461509     7.474609458859
