         216
 AuNiAgCu    E (eV) =  -775.040100       T (K) =   550.000000       time (ns) =   1.03999996    
Au    -9.622119046440    -1.664977142831    17.079566645817
Au    -8.646277277566    -3.460527691140    15.472733356890
Au    -7.327184015542    -5.572020533500    13.927846156918
Au    -5.975899179937    -7.403872394832    12.015310637962
Au    -4.829932646500    -8.974788165145    10.353203198627
Au    -3.612308187576   -11.014999835760     8.709331938229
Au    -2.169544844461   -12.972958744288     7.029562534795
Au    -1.167070268245   -15.008540684145     5.339883954022
Au    -0.561164722603    -6.686133263084    20.540909581604
Au     0.788948269109    -8.674406008463    19.132244499944
Au     2.188565690686   -10.576903644923    17.642846289905
Au     3.257367838752   -12.700846853584    15.593440972167
Au    -0.036215136692     0.995887804916    12.222299784169
Au     1.568925389903    -0.912547171055    10.820049652907
Au     2.960145862721    -2.960241719325     8.942585876148
Au     3.810002283224    -4.932076479880     7.380142289947
Au    -8.620777515579     0.442716951216     5.963758837685
Au    -7.904224535139    -1.126008758965     3.748450252568
Au    -6.345509084455    -3.474708272532     1.966883077025
Au    -5.597994921602    -5.819845210186     0.497797270632
Au   -10.143928715770    -4.574817909618    17.568709482728
Au    -8.858956838962    -6.340815762142    16.034630944277
Au    -7.384516045127    -8.299536635616    14.216052377743
Au    -6.161912502153    -9.951212879429    12.770601016014
Au    -4.880057291681   -11.951410488879    11.077063054082
Au    -3.587571919654   -13.642602052039     9.553960201167
Au    -3.077643786776   -15.486009565189     7.460600839508
Au   -11.272920444605    -3.311805450268    15.179672239345
Au   -10.171393498456    -5.250782344780    13.590080629705
Au    -8.901871775098    -7.053228995310    12.274624076103
Au    -7.585798887329    -9.042301351053    10.328807322883
Au    -6.326195343085   -10.932567106858     8.615864317577
Au    -5.095599513397   -13.004519711549     7.301671503793
Au    -3.729285680463   -14.384084174316     5.091898912085
Au    -9.817559675549    -1.114824850729    14.283336929712
Au    -8.678605429933    -3.142154553066    12.690433214695
Au    -7.185125204294    -4.886229426149    10.658682873831
Au    -6.071695523477    -6.926681939811     9.121956725514
Au    -4.982635077293    -8.802957039432     7.483166935645
Au    -3.257956938807   -10.695919295388     5.715354207506
Au    -1.999934426233   -12.524733584346     4.153685616708
Au    -7.265518221006    -0.947279131617    16.220413501076
Au    -6.106398605623    -2.899698359621    14.307724710415
Au    -4.901302147230    -4.847189831731    12.514820465846
Au    -3.452129250607    -6.465491699868    10.672363334829
Au    -2.341290580693    -8.501089563747     9.055337063917
Au    -1.106329835844   -10.597757935678     7.410649194889
Au     0.052959464929   -12.273951249933     5.748839880374
Au    -7.734198252931    -2.985969876833    18.211111787753
Au    -6.241394638688    -4.755863204075    16.429463320521
Au    -5.134440794500    -6.951113818430    14.855880030761
Au    -3.633920888056    -8.422032073359    13.029936362495
Au    -2.536495353066   -10.455953819330    11.227382770511
Au    -1.133352650746   -12.514179656396     9.440456815063
Au    -0.023790798032   -14.405713271703     7.748048546698
Au    -9.131090436515    -0.524023531301    11.408485256180
Au    -8.249504331353    -2.596496485045     9.725431399748
Au    -7.146315957319    -4.468076225441     8.072990681882
Au    -6.157855240292    -6.471451720295     6.166474946164
Au    -4.609556203636    -8.644117716824     4.648715377399
Au    -3.306696176610   -10.276196943221     2.993723263720
Au    -4.877396884913    -0.632905999753    14.865550437003
Au    -3.446454631210    -2.173847714455    13.244049232609
Au    -2.271292969358    -3.907249418736    11.153895445720
Au    -0.962230702228    -6.032829753832     9.424170895694
Au     0.145106660023    -8.008548966514     7.688767610451
Au     1.301055231800    -9.914227322802     6.151234495929
Au    -5.177477709985    -4.026942566184    18.915384688497
Au    -4.025591508169    -6.189951390643    17.089974179144
Au    -2.543427144479    -8.047302621423    15.569758711062
Au    -1.191130165451    -9.874260989159    13.813025936906
Au    -0.205458059088   -11.887834482837    11.788063696955
Au     0.994276693349   -14.037909948231    10.311451689492
Au    -8.890990284690    -0.220431832489     8.606350718618
Au    -7.857826289425    -1.974061594700     6.839394122706
Au    -6.802653558823    -3.751920887258     4.809168134469
Au    -5.720795546943    -5.751581896398     3.306970521515
Au    -4.756201279769    -7.895303732601     1.890489922750
Au    -2.206364638034     0.711601230420    13.750075415217
Au    -1.125122252141    -1.453164847936    11.797438479506
Au     0.297786990589    -3.479893971979    10.078164187264
Au     1.270106913635    -5.532369160933     8.281283638590
Au     2.705513566432    -7.445162308237     6.667650283737
Au    -3.057713685562    -5.282951763662    19.561351101302
Au    -1.717196703762    -7.585110748608    18.161539269629
Au    -0.329865696069    -9.728010109317    16.759615523008
Au     1.080532417498   -11.448601164703    14.933362733753
Au     1.901737414035   -13.243571959512    12.848177748518
Au   -10.584818924235    -2.103621796776     7.471446872659
Au    -9.411308629860    -4.031761873268     5.623286493418
Au    -8.502007035113    -5.959711268555     3.770463391544
Au    -7.366448127210    -7.811543026912     2.365560487671
Au    -2.206671353829     1.158334035538    10.582796742890
Au    -0.777222715440    -1.291738591047     8.918404786112
Au     0.765066351173    -3.256977115160     6.918670342713
Au     1.918965798843    -5.465216400139     5.248771669474
Au    -0.214077836699    -4.765624848358    18.627715791824
Au     0.845627957171    -6.898146672090    16.821383167871
Au     2.081039352692    -8.799226927618    15.255018828729
Au     3.464064222411   -10.972696363247    13.482519482759
Au    -4.070959895282     0.698123433698     8.827630810571
Au    -3.113196460312    -1.388954190840     7.427156113605
Au    -1.813090995191    -3.394476443743     5.682498733706
Au    -0.804346219527    -5.316586647769     3.851962782929
Au    -0.215890234645    -2.907427583725    16.729760863413
Au     0.993688270141    -4.887261752796    14.704700715244
Au     2.421952471569    -6.985102543917    12.982343963675
Au     3.805827069608    -9.230076086797    11.299528438470
Au    -3.394086259894    -7.665621161391    20.698300494244
Au    -2.818170697598   -10.311709747222    19.301502547687
Au    -1.486099339229   -12.435541565044    17.171151936410
Au     0.769838657419   -14.192525684929    14.899270202265
Au    -6.441399789460     0.551469719797     7.657145732022
Au    -5.486752439130    -1.390480643501     5.748225402980
Au    -4.136496333496    -3.555197912411     3.945716831626
Au    -2.744118394075    -5.348195716017     2.218429078891
Au    -0.034935754091    -0.798197809796    14.295183868288
Au     1.257523216414    -3.011219842285    12.518711387674
Au     2.498308554635    -5.028729676558    10.632522867930
Au     3.841410630200    -7.132108396674     9.328170720818
Au   -10.909472939245    -1.833370440920    10.129836241502
Au    -9.761271759064    -4.570942113869     8.167129807068
Au    -8.701184173201    -6.489873404915     6.577373485856
Au    -7.448382278299    -8.556265720651     4.965670129774
Au    -6.247627170417   -10.263223612314     3.246002901311
Au    -4.306709026349     0.246683234402    12.104382922641
Au    -3.437136108300    -1.491554427356    10.416261397562
Au    -2.267343329251    -3.700054921198     8.215258097319
Au    -0.994039200068    -5.708506898654     6.622927031435
Au     0.202311918437    -7.694741095769     4.851779211612
Au    -2.754361891352    -3.436992240239    17.571425448497
Au    -1.494553650225    -5.413686376352    16.173703023153
Au    -0.088460646726    -7.357047222808    14.339514516330
Au     1.201595670522    -9.431427115411    12.483443506164
Au     2.375362688920   -11.517812106929    10.818932299313
Au    -5.615665374102    -6.491854347021    19.645090818872
Au    -4.217969872874    -8.542619412528    18.211980535536
Au    -2.951238997039   -10.415413982360    16.305871994827
Au    -1.557536515624   -12.440613463300    14.560616743396
Au    -0.478929576970   -14.630706270947    12.494895137441
Au    -6.540839263628    -0.021232798313    10.356757954147
Au    -5.508555997102    -1.909178820394     8.630697975173
Au    -4.705351966211    -4.012729525199     6.753082587201
Au    -3.386688079168    -5.890926136405     5.096274721975
Au    -2.381714444873    -7.812358517452     3.317770810788
Au    -2.212502487805    -1.464054968912    15.722717928462
Au    -1.176774874628    -3.441481469903    14.146159075275
Au    -0.028594075021    -5.410495351317    12.135502100036
Au     1.443086577231    -7.630765190851    10.440126178617
Au     2.610921150585    -9.484872331217     8.451612623691
Au    -8.181954610941    -5.887074622903    18.543222504565
Au    -6.727597643966    -7.666073985625    16.928447860382
Au    -5.383771942744    -9.780912177828    15.402792264115
Au    -3.841443960811   -11.094560405091    13.590871543035
Au    -2.808841886189   -13.238272414951    12.314989713921
Au    -1.647962907024   -15.223693711566     9.949462972294
Au   -11.199895237166    -2.675757772507    12.700557588853
Au    -9.897079908649    -4.843048167917    10.803612948885
Au    -8.787554696305    -6.756813094320     9.317870886934
Au    -7.921069542178    -8.775516846422     7.838834218502
Au    -6.215532242133   -10.644753964282     5.868631683096
Au    -4.814540964983   -12.344492311895     4.101641732301
Au    -7.141330627198    -0.701502796163    13.292660393968
Au    -6.008826954774    -2.424204573548    11.514998937211
Au    -4.654065780325    -4.359622638702     9.619541714044
Au    -3.909647887749    -6.310131831392     7.786143323154
Au    -2.389815984723    -8.196736553231     6.203803897980
Au    -0.645198947256   -10.218944468571     3.965254975239
Au    -5.186049641406    -2.178845881804    17.002337150475
Au    -3.865478152458    -3.953453627644    15.245794766179
Au    -2.591171633232    -6.027823711230    13.467676735611
Au    -1.242746935818    -7.775391929985    11.675499596519
Au     0.283914076167   -10.080042387609     9.943976884443
Au     1.333020536396   -12.030265036928     8.120150474413
Au     1.145669683637   -13.136599346793    17.278023426343
Au    -0.303191165065   -11.200093571322    19.110132041737
Au    -1.144145178284    -9.047243821437    21.091920322613
Au     4.178053322796   -10.193071700552    15.861436140562
Au     3.417073249682    -8.413584803140    17.870875357439
Au     2.097328455961    -6.426820356944    19.385805420032
Au     4.711364606328    -8.370776936321    13.638204862000
Au     3.447213191523    -6.593953952155    15.498292930123
Au     2.262180108993    -4.584784123806    17.294383807237
Au     4.826346465845    -6.669585144561    11.770009826020
Au     3.673464423027    -4.529723242399    13.465907320541
Au     2.405964894019    -2.682140273031    15.177844066192
Au     4.995123934533    -4.558356684303     9.919197951141
Au     3.933155411030    -2.346864024249    11.441352401161
Au     2.431969990307    -0.537499263462    13.084221393878
Au     5.682658210847    -7.931375542366    16.336932641191
Au     4.897821854461    -5.739968471506    17.797365294232
Au     5.872998808716    -5.838161186138    14.525731228556
Au     4.563984458074    -4.020593121758    15.869517988250
Au     5.999275562474    -4.051332865060    12.320560704348
Au     4.755950907985    -2.115215344624    13.953700988680
Au     3.170130656993    -3.257417256907     5.469269718781
Au     1.523341592945    -0.875215509977     8.027271502655
Au     0.303317204456     1.290276800652     9.309601253567
Au     0.825166693025    -2.898693470293     4.097588962329
Au    -0.557790937917    -0.851228526789     6.143078105101
Au    -1.866038814727     1.217116148142     7.752260999646
Au    -1.555785432192    -2.803851932260     2.810956418154
Au    -2.955101654082    -0.821987263468     4.603635172724
Au    -4.247728460657     0.995332063760     6.211110742886
Au    -4.117617593082    -3.436393400027     0.873263870813
Au    -5.187748407734    -1.170259489040     3.028024659881
Au    -6.420842934618     1.093612658434     4.751871666356
Au     2.088471298015    -0.989691431183     5.314265230615
Au     0.722586817684     1.508225507531     6.643826100351
Au    -0.399153366750    -0.277102100003     3.700594541517
Au    -1.881983336473     1.449823544063     5.097620738880
Au    -2.486192738576    -0.471588693282     1.911746860806
Au    -3.940552394070     1.294871349462     3.533167815344
Au    -7.980474439348    -5.581994181454     1.232380884692
Au    -8.986685333376    -3.395116274500     3.072494896835
Au   -10.073860076059    -1.421797150171     4.963314996288
