         216
 AuNiAgCu    E (eV) =  -774.870605       T (K) =   550.000000       time (ns) =  0.860000014    
Au    -5.290564995787     4.348709071512    12.339336710275
Au    -4.969831691600     1.430812103087    11.889536736694
Au    -4.981372060257    -1.202729957152    11.577969720903
Au    -5.571915906366    -4.031134475227    11.426712649260
Au    -5.846592820413    -6.650042422908    11.041023921019
Au    -5.623735330640    -9.516272424782    10.899401385949
Au    -5.776984136628   -12.388463477600    10.288974121249
Au    -6.010297204806   -15.179848437327     9.852210815375
Au     3.403712845845    -2.101228368457    15.555873936608
Au     3.733034837152    -5.031366505472    15.282525496651
Au     3.858060372962    -7.824241857670    15.016296238199
Au     3.448849767046   -10.424875278800    14.118678916698
Au     1.389723847595    -0.622446508993     4.074813271839
Au     1.593122951881    -3.356818677992     4.072237152260
Au     1.381019356434    -6.123432711346     3.904818963297
Au     1.349843314277    -8.730532527829     3.278262695819
Au    -9.649325664094     0.207429777245     2.446857330090
Au    -9.884539020613    -2.512100643184     1.762650047124
Au   -10.032204915775    -5.093217856934     1.785473182518
Au    -9.777150333433    -7.958354841067     1.707542410924
Au    -6.539569858784     2.121013201857    13.755883681587
Au    -6.837051661782    -0.548235378128    13.806719138336
Au    -7.483118063704    -3.256398571541    13.755401989240
Au    -7.121432037854    -5.829111242269    13.374308710079
Au    -7.119602321495    -8.657340157060    12.950034939489
Au    -7.264154341879   -11.349051934401    12.670006174265
Au    -7.101845245900   -14.114779712001    11.985736961286
Au    -7.623856620626     3.553204291507    11.632124293299
Au    -7.900476488916     0.924226717983    11.748920769322
Au    -7.793912592712    -1.768585701253    11.533860130979
Au    -8.423394116900    -4.729523388197    11.164917441986
Au    -8.723343290706    -7.339010207754    11.272986362041
Au    -8.173203791177   -10.153865039653    10.501389237214
Au    -8.326575079534   -12.779139622347    10.149753328946
Au    -5.933270742552     4.013975129894     9.581679215944
Au    -6.212629136747     1.096253613947     9.507408697704
Au    -6.355860779138    -1.613114439239     9.021985926938
Au    -6.483757819841    -4.415933775815     8.841899427023
Au    -6.915795935196    -7.900385795069     8.587540301464
Au    -6.680601475678   -10.531058953470     8.201582313601
Au    -7.098529440791   -13.133345681371     7.566809374086
Au    -3.492243467179     3.249200818100    10.391473798969
Au    -3.437964545129     0.434532278932     9.834516458216
Au    -3.519539184846    -2.376605187804     9.123893982003
Au    -3.569781137038    -5.187355629565     9.275647083711
Au    -3.681792596000    -8.119296324668     8.810631662093
Au    -4.022380409021   -10.952021749099     8.481503943293
Au    -4.482041639494   -13.620810054566     8.216663676041
Au    -3.141304526568     2.808357065643    12.919397388549
Au    -2.719560760871    -0.188210510740    12.980511365972
Au    -2.940378801433    -2.978624592532    12.594103273444
Au    -3.393805059236    -5.658581341366    12.075811963928
Au    -3.141467243254    -8.379566003437    11.574603247910
Au    -3.212785707222   -11.285142682616    11.267829873647
Au    -3.617648556386   -14.045802697680    10.827419443215
Au    -7.159574129999     2.472547325374     7.231939448927
Au    -7.586160714522    -0.463747080910     6.917741928968
Au    -7.570083218852    -3.195396305990     6.726704928085
Au    -7.639787517727    -6.009096231966     6.446405628315
Au    -8.049668219657    -8.945942122378     6.255276821322
Au    -8.025349502314   -11.579690053510     5.663517866017
Au    -1.734253726353     2.080127011646     8.584492449640
Au    -1.495034350400    -0.696697946176     7.896627008149
Au    -1.882459820829    -3.586585614967     7.204455622115
Au    -2.127769787484    -6.364333021604     7.231228596420
Au    -2.230715714023    -9.323476362741     6.739619022517
Au    -2.316595675127   -11.958039625772     6.667715551121
Au    -0.649981283593     1.314908213519    13.863989178620
Au    -0.572906463585    -1.707549542639    13.501427518385
Au    -0.749081937234    -4.733827503036    13.424264083512
Au    -0.861804433762    -7.181902781646    12.698012155862
Au    -0.990688571973    -9.907295445281    12.183494399457
Au    -1.074805070236   -12.764012510432    11.871848471361
Au    -8.519454374866     1.505767217896     4.742839538584
Au    -8.720850454280    -1.110413245859     4.516123489743
Au    -8.646958374661    -3.960263196180     4.189037081526
Au    -8.753415964769    -6.890280095164     4.237689078813
Au    -9.106769301778    -9.564984414144     3.951010724796
Au    -0.057047568018     0.949534979295     6.272399432624
Au     0.045250948243    -1.857952050566     5.882923455925
Au    -0.539199215464    -5.068375841307     5.510449391050
Au    -0.292648618918    -7.760668873405     5.422030564936
Au    -0.395305846928   -10.706424685768     4.939559736590
Au     1.274017683433    -0.454289866643    15.073009136451
Au     1.294258870304    -3.352140479282    14.597127435317
Au     1.598081507634    -6.177856512668    14.151334936025
Au     1.363690844370    -8.871232853567    13.518458730448
Au     1.196731208759   -11.806633752522    13.076710393645
Au   -10.938017577288     0.364592781117     4.916142565969
Au   -11.064849260905    -2.454789000309     4.410969732099
Au   -11.078850723053    -5.232786734688     4.426771926940
Au   -11.266620744445    -7.942210134663     4.116317052077
Au    -1.264160345849     0.118343439172     3.969143757142
Au    -1.131073994811    -2.911333078053     3.363889580101
Au    -1.432119170677    -6.240042534137     3.094359175326
Au    -1.837209626660    -9.137662777187     2.939053539072
Au     2.921206936044    -1.441487784149    13.195893310610
Au     3.270972512248    -4.071370803110    12.647135032140
Au     3.216295267433    -7.331671366579    12.066128534617
Au     3.080842855637   -10.261464826857    11.318963302704
Au    -3.954420577455     0.171580326874     3.385205340006
Au    -4.171850661619    -2.661154275281     2.936217552736
Au    -4.104911075102    -5.794128119236     2.650852942283
Au    -4.462052311953    -8.660980745953     2.600908542483
Au     2.529649967652    -0.691100063591    10.247566674260
Au     2.564153388373    -3.903105300564     9.710191110689
Au     2.313383268710    -6.942066562288     9.240242254448
Au     2.524195384303    -9.591355455682     8.473614120654
Au    -0.227191821655    -2.362336909326    16.516731520796
Au    -0.356287395413    -5.096741721002    15.984734969188
Au    -0.366002039553    -7.848739886442    15.577944641303
Au    -0.372444549255   -10.707788979962    14.853837298927
Au    -6.683967851780     0.548994486168     2.948824500486
Au    -6.856837169212    -2.521621502009     2.675220319749
Au    -7.208929602980    -5.653148345407     2.464691836585
Au    -7.402030754901    -8.422037642080     2.258409656955
Au     1.900381898283    -0.657484838601     7.488749115734
Au     1.946354897856    -3.615131515702     6.829598639210
Au     2.167904020943    -6.309427757112     6.556217376157
Au     1.998523962330    -9.360370461406     5.949636795608
Au    -9.627700161233     1.217145617035     7.288980440443
Au   -10.065557559479    -1.656790896342     7.231151883641
Au   -10.340978691034    -4.284980180853     6.825465254482
Au   -10.342036557629    -6.911612459346     6.618538289517
Au   -10.754508555813    -9.647149627188     6.396203854010
Au    -2.831000968014     1.093820862828     6.119451937734
Au    -2.831048459257    -1.585467820134     5.373087406534
Au    -2.956751690893    -4.534498944240     4.867198778890
Au    -3.351134237417    -7.494666159583     5.009102337407
Au    -3.503196820758   -10.415968767156     4.517746046516
Au     0.739742373823    -0.012166601664    11.934363319231
Au     0.858189237610    -2.851963323241    11.577930896967
Au     1.172644995447    -5.681580710722    11.389518462738
Au     0.866703999558    -8.502539620050    10.747202715440
Au     0.705209996537   -11.235846678783    10.353207672119
Au    -2.294825068940    -0.883931380325    15.660221450401
Au    -2.435877028783    -3.522800330995    15.271560455917
Au    -2.653567143208    -6.270211584249    14.674955627975
Au    -2.567944930119    -9.074127620310    14.343065788941
Au    -2.778902222742   -11.721450318681    13.934488896532
Au    -5.619618236411     1.503045039507     5.183429640519
Au    -5.603625525452    -1.395837571465     4.888996398002
Au    -6.046290052112    -4.491799317751     4.673714947856
Au    -6.003495449775    -7.290424470001     4.550007566494
Au    -6.085771429445   -10.147860289211     3.887725983064
Au     0.545426908016     1.002912422518     9.583341051152
Au     0.384102458080    -2.380240559972     8.904511549533
Au     0.030648248194    -5.223848391138     8.457536023586
Au     0.261026763027    -8.150523648712     8.003143751101
Au     0.065000103740   -10.858635312210     7.439589338738
Au    -4.283912904186     1.301571996603    14.844785194269
Au    -4.583695329412    -1.475403935573    14.426273458409
Au    -5.025009608917    -4.494975659877    14.237018384865
Au    -4.734608159366    -7.353651058365    13.727419559961
Au    -4.921471736518   -10.110764714102    13.378142590735
Au    -4.927936785591   -12.830890497567    12.941328532171
Au    -8.507139327549     2.433413310671     9.438177511091
Au    -8.890018696587    -0.366297492254     9.374404760758
Au    -8.812617725525    -3.023053279108     9.363078985357
Au    -8.838035045035    -5.932086668817     8.939055822668
Au    -9.869590541986    -8.540385705685     8.710875203968
Au    -9.391818047802   -11.264827589962     7.953383298511
Au    -4.307417163485     2.534943889741     7.922963533037
Au    -4.616321756709    -0.604807698824     7.208510148198
Au    -4.557269930392    -3.346048650398     6.815548442636
Au    -4.906384225056    -5.869289950310     6.828112990069
Au    -5.159992992739    -8.966618082093     6.621205186467
Au    -5.165316043596   -11.825482016174     6.076178438602
Au    -1.236610005196     1.728159707543    11.320208964950
Au    -1.424054757069    -1.267468570061    10.767398768338
Au    -1.452600146194    -3.992598408785    10.546216282231
Au    -1.386352424984    -6.800190293296    10.104946265328
Au    -1.561103867132    -9.484588369530     9.603654293538
Au    -1.800465718071   -12.436847247814     9.377515009439
Au     1.839085835285    -9.312174914709    16.240015810050
Au     1.973442352802    -6.671704150431    16.628308663838
Au     1.931487965181    -3.918265717644    16.944758045378
Au     5.211613669593    -8.802415067695    12.808199493984
Au     5.276108727088    -5.736144769868    13.290526361734
Au     5.269012783987    -2.966061932013    13.812327691479
Au     4.778789849222    -8.162834749814     9.855612632110
Au     4.638021588532    -5.301084808573    10.589902731833
Au     4.677045715689    -2.447902600225    10.988937895169
Au     4.366599254615    -8.187403710941     7.042061084694
Au     4.195632475397    -5.144070624536     7.902161955976
Au     4.044386683474    -2.103707438600     8.246398880885
Au     3.786765510955    -7.543762111341     4.639026828059
Au     3.751862204883    -4.785788343851     4.788925363775
Au     3.544102785921    -1.673450387378     5.546758337269
Au     6.716100980383    -6.943483194014    11.259071909352
Au     6.862483197366    -4.138293730019    11.804972036104
Au     6.609214804620    -5.906337462642     8.888186272911
Au     6.328731135647    -3.293419977247     9.036670050672
Au     5.872300532515    -6.172466125271     5.798324487348
Au     5.509593930588    -3.526143194356     6.266876231706
Au     0.279541925906    -7.470079760983     1.348978618565
Au     0.679841868692    -4.676588204331     1.735946353343
Au     0.573940782540    -1.654287453115     1.952144979895
Au    -2.623253388232    -7.364800507117     0.833122819910
Au    -2.181732759491    -4.186188152505     1.357540932938
Au    -2.347888011235    -1.303787172276     1.418289109583
Au    -5.383287869202    -7.262415395999     0.786230796922
Au    -5.198262970547    -3.961898557309     0.743652188082
Au    -5.102359647025    -0.667670147449     1.013059456368
Au    -7.721267123070    -6.312613819505     0.047064014062
Au    -7.819689388541    -3.732557570916     0.532337348785
Au    -7.702138923872    -0.546978567832     0.738235068443
Au    -0.867215577421    -5.568916394283    -0.374190001708
Au    -0.476207890500    -2.954365875168    -0.193431343728
Au    -3.540662605376    -5.469781367195    -0.713796550324
Au    -3.342759820107    -2.406059954340    -0.695889706545
Au    -6.021591552295    -5.304963610655    -1.514227456107
Au    -6.145960557806    -2.093274643472    -0.986484094160
Au   -12.536420335099    -6.213864223928     2.406521258842
Au   -12.414342020579    -3.736724528134     2.408212280372
Au   -12.089157658256    -0.741620777386     2.680389382773
