         216
 AuNiAgCu    E (eV) =  -774.302185       T (K) =   550.000000       time (ns) =  0.289999992    
Au    -6.991812262458     3.646764780993    18.610025631729
Au    -5.451954167930     1.751328760360    16.972080340627
Au    -4.185097037814     0.070807133858    15.220988749835
Au    -3.563676261516    -1.987643623142    13.307922488610
Au    -2.272733541164    -4.089761429181    11.412447827033
Au    -1.068975697417    -5.938898045928     9.684328039283
Au     0.213577090390    -7.498254682739     7.662312780055
Au     1.754115645953    -9.821432244536     7.123358040823
Au     4.318949371390     3.341099143843    16.643644679276
Au     5.631873523293     1.743815565846    14.648640398716
Au     6.741905622817    -0.158351473383    13.106275158109
Au     7.692763907744    -1.738357200634    11.011559063877
Au    -3.170593423276     6.879644964552     8.422452611057
Au    -1.858466542061     5.188338476594     6.570480460972
Au    -0.410033347279     3.419760900691     4.979438483053
Au     0.746242683075     1.684396960182     3.260480204826
Au   -12.285916017557     0.350719256280     8.602405371206
Au   -11.269605264477    -1.366965983224     6.643318209795
Au    -9.978094579172    -2.979509481344     4.775657182451
Au    -8.276619103152    -4.720501592952     2.790782641256
Au    -5.866671679950     1.571003261974    19.774412900021
Au    -4.943825575997    -0.590104030313    17.907096449647
Au    -4.061269182114    -2.588604265286    16.050229921938
Au    -2.877763393665    -4.355849601523    14.215767901613
Au    -1.823925462140    -6.432529265413    12.729638049745
Au    -0.805390344202    -8.464944987327    11.180101946044
Au    -0.052424090658   -10.311519798914     9.103264828858
Au    -7.506321007053     0.495201038082    17.630594802480
Au    -6.686011967815    -1.578815524434    15.643619668930
Au    -5.586624468360    -3.754919937617    14.194010089208
Au    -4.824430079972    -5.408368114207    12.304371761202
Au    -3.250379521286    -6.984182638939    10.532202696523
Au    -2.210718845953    -8.641610442870     8.775910509476
Au    -1.233616777940   -10.222658981838     6.832325699541
Au    -7.807583275225     2.801242837025    15.938653029888
Au    -7.018214281947     0.854340330256    14.465711273153
Au    -6.141988141847    -1.083063746569    12.862995269583
Au    -4.724182684347    -3.024169549005    10.867169718168
Au    -3.696101478268    -4.729803740863     8.770069659963
Au    -2.265489441834    -6.371429127152     7.000344531346
Au    -0.924995451882    -8.012217201790     5.180618862233
Au    -5.811530396002     4.628297286593    16.110696719387
Au    -4.766309218889     2.598513434582    14.536294337890
Au    -3.575641226441     0.719209473521    12.729557288872
Au    -2.643849413951    -1.159547990678    10.870877136530
Au    -1.307721732511    -3.160606066711     8.999622569078
Au     0.304872473212    -4.964642631069     6.851519434723
Au     1.243410630385    -6.827556475396     5.175695391055
Au    -4.329932964475     3.722376094527    18.534911725349
Au    -2.672266246418     1.928962313917    16.355096290673
Au    -1.527178505005    -0.426991299701    14.814121625211
Au    -0.608510203492    -2.158140210839    12.652508529881
Au     0.509708187087    -3.914724815504    10.578488221581
Au     1.916225180100    -5.827679176274     8.987605538562
Au     3.028954003180    -7.497369304232     7.145924256023
Au    -9.511029386571     1.920113790537    13.701940278498
Au    -8.565313441914    -0.153661034602    11.986727949485
Au    -7.122156308673    -1.757374137797    10.086105068298
Au    -6.235603454633    -3.461915942972     8.145494769679
Au    -4.877017611354    -5.266112749080     6.255119347454
Au    -3.724853611150    -7.074998567685     4.677178772860
Au    -4.506196076312     5.338986038378    13.914832420020
Au    -3.842260672141     3.307730726966    11.705892411173
Au    -2.297236877154     1.435207720187     9.837823614289
Au    -1.178526550004    -0.574523105900     8.344585522016
Au     0.129784253677    -2.024754098934     5.988619865635
Au     1.046230004858    -3.783746271610     4.117602834283
Au    -1.120946099965     3.698682467295    17.760490788341
Au    -0.131960032261     1.921141980120    15.662556762288
Au     1.002931168881    -0.046850405269    14.214181276565
Au     1.997280476560    -2.221867081813    12.605707484010
Au     3.308546983978    -3.868228131850    10.449747094929
Au     4.634037473198    -5.578864566125     8.396992339916
Au   -10.921540608601     0.925212046551    11.283089677737
Au    -9.770523346058    -0.810901504916     9.257107402821
Au    -9.051588533248    -2.347549113701     7.085009434514
Au    -7.521620045655    -4.480056237980     5.354633366304
Au    -5.987111188355    -6.030385825472     3.507897746964
Au    -4.171517059235     5.985692357618    11.315059257436
Au    -2.662340819662     4.224488756550     9.060394221445
Au    -1.465294001140     2.428141518704     7.377224441227
Au    -0.074998759389     0.709846986043     5.549113942363
Au     1.309969701742    -0.881818805510     3.794860206196
Au     1.508428965321     3.469793579478    17.147632002451
Au     2.644706705051     1.593365862925    15.516397298402
Au     3.667557832760    -0.179188118533    13.780116164007
Au     5.271675543589    -2.132542819544    11.829966959317
Au     6.109625835945    -3.723244019761     9.597931612777
Au   -11.998488065290    -1.365160899778    10.630496951078
Au   -11.095578051734    -3.154462159143     8.878321073316
Au    -9.689852969337    -4.932956857659     6.912309147783
Au    -8.224125925855    -6.943053171127     4.685556433375
Au    -5.246162101960     5.400425685662     8.850490314587
Au    -3.990438409761     3.300827678084     6.660103596476
Au    -2.663844118547     1.899139582597     4.768444688395
Au    -1.496094547472     0.104255485974     3.082500368388
Au     2.814471477437     4.450875287088    14.859726876149
Au     3.801645631399     2.625220410675    12.994986111416
Au     4.832516086060     0.601881870047    11.282830168319
Au     6.461278398985    -0.926450757129     8.814064797648
Au    -7.564552541698     3.439498828958     8.694613607672
Au    -6.464325719968     1.689189935774     6.828904824635
Au    -5.016581033049     0.195349682543     4.849967305558
Au    -3.888598745167    -1.475639366007     3.107764584225
Au     1.094575503899     5.371528990911    12.816763191523
Au     1.965067793932     3.601600120214    10.758071839284
Au     3.370856702019     1.565536925497     8.981041881136
Au     4.465779643069     0.054649465261     7.103421352134
Au     1.921283704047     0.882287337481    18.006295769374
Au     3.392802561122    -1.123645366193    16.226946085426
Au     4.285728879258    -3.034867190754    14.219846617514
Au     5.371593316177    -4.887059366753    12.063091989081
Au   -10.012645467501     1.969846277444     8.625120877653
Au    -8.916150254574     0.320280911761     6.756232853856
Au    -7.669181719942    -1.417954096866     4.855653601967
Au    -6.187766147316    -3.129887758717     3.136956752010
Au    -1.492898333276     6.400251878563    10.358079595020
Au     0.016476591516     4.484142720019     8.549459857607
Au     1.369627865507     2.719590120906     6.983009973064
Au     2.883871785936     0.881083486994     5.130865064121
Au   -10.864559372474    -0.696485291250    13.358799501595
Au    -9.729163420044    -2.380445040732    11.488806043317
Au    -8.588746496700    -4.332097616753     9.519110628287
Au    -7.264822336774    -6.126928085935     7.575538820057
Au    -6.048569303099    -7.849569172617     5.868398618753
Au    -6.255437799223     4.435322207801    11.303604020409
Au    -4.877237997519     2.396174519302     9.205320765884
Au    -3.579522956884     0.592305436504     7.454664037707
Au    -2.221590236184    -0.799299548790     5.701408023350
Au    -1.298032685149    -2.589832414604     3.549566018174
Au    -0.089954454217     4.661713115280    15.218511976318
Au     0.887464185070     2.730893085493    13.272563844119
Au     1.999568857554     0.625635298014    11.728562578134
Au     3.231297618195    -1.027894096294     9.910806546436
Au     4.274991959941    -2.784557639403     7.746690651592
Au    -0.694610756990     1.090768420731    18.354950601873
Au     0.625539232352    -1.089187981395    16.909008134795
Au     1.698559716340    -3.037680954443    15.251792781086
Au     2.824717023795    -4.981544593513    12.968873969205
Au     3.815856744709    -6.646129606549    10.667343706360
Au    -8.743285751235     2.704713523892    11.331637522237
Au    -7.412507046946     0.915541734443     9.417222865398
Au    -6.183895612782    -0.906258668424     7.367245695947
Au    -5.083888750282    -2.479172550122     5.519349498036
Au    -3.773027654026    -4.226800525061     3.802859017900
Au    -1.930101251030     5.380961761565    12.831975177058
Au    -0.508385254151     3.646468427922    11.205246636550
Au     0.381670659554     1.722167303006     9.296936045985
Au     1.777728568633    -0.244457288029     7.475748385544
Au     2.856338071196    -2.055350556936     5.703921849874
Au    -3.203419021732     1.279147061479    19.116055466188
Au    -2.317342293597    -0.885214063296    17.525934458649
Au    -0.989575873183    -2.820435977277    15.568804524060
Au    -0.077387303428    -4.694694791946    13.639280295692
Au     1.054802098353    -6.452669461482    11.694317383543
Au     1.634184537832    -8.405458478220     9.605866182887
Au    -9.143237207518    -0.492880619542    15.663280543305
Au    -8.602449437090    -2.472954603610    13.806901468839
Au    -7.247472327372    -3.724119631625    11.891646287760
Au    -6.038527303981    -5.393993398900    10.074350568929
Au    -4.502625063112    -7.115658118820     8.079257471193
Au    -3.647856304748    -9.087783434504     6.511094439120
Au    -7.035832851125     3.913287279666    13.614293907405
Au    -6.062456324648     1.611209473775    11.792460256439
Au    -4.997272726035    -0.392281283297     9.728249594729
Au    -3.862315400621    -2.148394350247     7.823203738723
Au    -2.333081950295    -3.673082745069     6.359275976837
Au    -1.272262038302    -5.391830976314     4.542903207230
Au    -2.939328201599     4.438071153151    15.939652935843
Au    -1.762693734733     3.002605050961    13.703243224750
Au    -0.815413306424     0.565684717739    12.187921123850
Au     0.365009546378    -1.337274638582    10.342299576894
Au     1.731184365188    -2.991767254302     8.183098815300
Au     2.925531288381    -4.717963812579     6.259379600562
Au     6.928651672848    -2.887354174325    13.805725592594
Au     5.929548747535    -0.984135423097    15.528130754535
Au     4.999333119780     0.901691457104    17.111891695722
Au     7.419260102759     0.776790975448    10.511584759594
Au     6.757832537808     2.772523163741    12.403484023202
Au     5.738731878266     4.281166445912    14.171989414218
Au     6.015702368848     1.801957674094     8.561330961544
Au     4.847042796688     3.607368988971    10.539808798661
Au     3.748372794130     5.401709552315    12.166394382246
Au     4.182895855091     2.921916793160     6.240694869410
Au     3.148815373349     4.242178187323     8.308986757138
Au     1.520151524853     6.367351316819    10.141107950234
Au     2.108032700992     3.778439162091     4.485152352600
Au     1.107821355730     5.502014596055     6.286774693307
Au    -0.212350658760     7.186526461962     8.077079281836
Au     7.543841569034     3.683600641354     9.844641941473
Au     6.236144039628     5.661183703542    11.361601174685
Au     5.847587082870     4.277523897329     7.959318661184
Au     4.461574582056     6.204578170662     9.314679530118
Au     3.619337968189     5.516488999251     5.931217606817
Au     2.539291456900     6.989306637286     7.918516600528
Au    -1.897917972552     2.786165223343     2.309505232957
Au    -3.260015101662     4.571208627834     3.956919088838
Au    -4.246464632071     6.281610934827     6.195754780582
Au    -3.917840954571     1.142998998237     2.467620120252
Au    -5.508736506753     2.929334594703     4.367449604624
Au    -6.629606564683     4.572582967975     6.017372143691
Au    -6.302196197202    -0.363834388165     2.563113245317
Au    -7.773413763651     1.212989278604     4.336416688355
Au    -9.021432391888     3.087750900437     6.370488569562
Au    -8.618678086901    -1.968292422485     2.479040611149
Au   -10.223122695636    -0.313491657902     4.341358626740
Au   -11.343407896627     1.370831708832     6.124264604051
Au    -4.711366024352     3.617317339138     1.714945969821
Au    -5.637923499114     5.627232511488     3.781506328528
Au    -7.009947946051     2.465031546796     2.134276342092
Au    -7.963726102736     4.173259265997     3.798881350678
Au    -9.164198628819     0.718859333328     2.166249363781
Au   -10.165032054102     2.700139075063     3.886253884912
Au   -10.543379629114    -5.567038023103     4.375484055317
Au   -12.107066698547    -4.017179357843     6.449676186780
Au   -13.449201782670    -2.097106022339     7.903695682955
