         216
 AuNiAgCu    E (eV) =  -775.147217       T (K) =   550.000000       time (ns) =   1.36000001    
Au    -6.382897237817   -15.242822767275    28.865885711050
Au    -4.641993556475   -15.314801877578    26.583228645041
Au    -2.907705882854   -15.258659997631    24.391684753938
Au    -1.728528537370   -15.135306620699    22.012579950886
Au    -0.238012397602   -14.567358148190    19.313402131908
Au     1.077551555254   -13.928054214962    17.142121527804
Au     3.042031950841   -13.690886739149    14.582143273719
Au     4.963382967176   -12.301701460664    12.361118088198
Au     5.049744314758   -12.305444693710    29.318963861823
Au     6.284798337837   -11.525885410482    27.079321886300
Au     8.075513217473   -10.916315828192    24.524292868664
Au     9.140257202424   -10.340610163632    22.268294295512
Au    -3.524869502477    -4.919832009085    25.618882021440
Au    -2.077378428632    -4.572897017953    23.401659370967
Au    -0.430052646010    -4.450930344874    20.961790377209
Au     1.057197599010    -4.173989808484    18.708831886114
Au   -11.007563621008   -10.867673682544    19.251125490799
Au    -9.706913420736    -5.497111921381    17.698677845930
Au    -8.873425353864    -7.874486200365    16.568721193843
Au    -6.631480026290    -9.755746041893    12.436416340302
Au    -4.492318692550   -17.268953230800    29.114461912524
Au    -3.948612179315   -17.668155816561    25.101722136027
Au    -2.324501585485   -17.582643743147    22.876051409344
Au    -0.633267922282   -17.043963122276    20.419836219795
Au     0.693633349763   -16.582428499969    18.078258995047
Au     2.103716265558   -16.040831259334    15.713075990572
Au     5.682205576352   -14.645729227096    13.044237282597
Au    -6.668196866158   -16.497949404320    24.921156421635
Au    -4.704940315276   -16.643921811763    22.755373935205
Au    -3.238028910228   -16.368778663946    20.162597325403
Au    -2.171298732651   -15.887054496373    17.803825863370
Au    -0.628220515591   -15.514957306479    15.457706719998
Au     1.128114244684   -15.227009656283    13.169612797342
Au     3.685608763307   -16.461579547406    13.617722891821
Au    -7.300842616781   -14.250796349881    26.564649890693
Au    -5.798027160767   -14.093616427152    24.208773886958
Au    -4.361870572174   -14.178316526914    21.914017144485
Au    -3.024935878431   -13.768667712936    19.308892277012
Au    -1.589460824049   -13.337298037315    16.913807904124
Au     0.029884359113   -12.724538662969    14.384839943093
Au     1.832298527183   -12.102570198003    12.495574478158
Au    -5.600133681328   -12.822088607288    28.129241404302
Au    -4.134237790253   -12.694610635956    25.662119506617
Au    -2.525315511463   -12.488584290818    23.267687525539
Au    -1.121200408141   -12.589609628751    20.847592153736
Au     0.394852141309   -11.867605613025    18.619289488737
Au     1.876082968513   -11.469048655560    16.143485957966
Au     3.553230449832   -10.556093503844    14.004167371231
Au    -3.502653218570   -14.733782743185    29.074411871889
Au    -1.752721921081   -14.429168912331    26.872906021383
Au    -0.377021861731   -14.391239297674    24.335497286152
Au     0.899936014050   -14.103766002344    21.880211068409
Au     2.458136594931   -13.312349886034    19.467435918300
Au     3.939493901756   -13.100047083329    17.212077375723
Au     5.551239438317   -12.402840917161    14.977532088871
Au    -8.366837607643   -13.314551745522    24.228801394979
Au    -6.865676196380   -13.174920870436    21.732601134054
Au    -5.556348018469   -12.851552346770    19.467708168030
Au    -4.180436569248   -12.625013867075    16.913404743577
Au    -2.583342593372   -11.942498945856    14.569036674843
Au    -0.845451965180   -11.151576428493    12.271236302371
Au    -4.884614285018   -10.300100224656    27.354021498876
Au    -3.592272568803    -9.922563525053    24.979664009589
Au    -1.673464900571   -10.197812337241    22.504717519590
Au    -0.377919363021    -9.755072091503    20.155686909780
Au     1.081496663054    -9.114445224069    17.885371084852
Au     2.478996797321    -8.632950955821    15.694693288728
Au    -0.468715857474   -13.955644863256    29.026789427507
Au     0.912413990461   -13.464151425956    26.549788434594
Au     2.430580665272   -13.140091549122    24.398388424324
Au     3.795065789657   -13.045478506442    21.808810497087
Au     5.246505355633   -12.536609875098    19.644431638143
Au     6.659754452052   -11.967512922719    17.361461363953
Au    -9.479002672727   -12.422258069933    21.870343759640
Au    -8.256526631193   -11.786393132176    19.570959932910
Au    -6.855314370220   -11.589845202779    16.866912022339
Au    -5.067933214684   -11.050304440526    14.442780695065
Au    -3.893281426095    -9.843676629791    12.184975920301
Au    -4.532192738025    -7.333576606176    26.251268488653
Au    -2.854714622802    -7.130248903426    24.131260944971
Au    -1.246562661754    -7.106781977933    21.816936688003
Au     0.384974873065    -6.871217747655    19.451159308567
Au     1.868950035795    -6.493797403264    17.323608462188
Au     2.182024156925   -12.829350199912    29.143924754574
Au     3.464402559599   -12.462748804669    26.851648759920
Au     4.960215420722   -11.925861328616    24.295188243118
Au     6.831466628343   -12.143242389110    22.215369829126
Au     7.976464418068   -11.764417057873    19.732730965401
Au   -10.194537307478   -13.315096214696    18.491919203200
Au    -8.975584104184   -13.012696374916    16.035011403123
Au    -7.374618222050   -12.649612098555    14.039522006167
Au    -2.988660643815   -12.357753836173    11.635251290076
Au    -5.601375221228    -6.305002373694    24.180480954203
Au    -3.942696139316    -6.060956985798    21.926610680537
Au    -2.368001792826    -5.676317313751    19.576848233017
Au    -0.636714350116    -5.551254391473    16.965899340814
Au     2.535545931547   -10.291707575875    28.711706492263
Au     3.988953063569    -9.859836681894    26.287521378144
Au     5.721832366301    -9.458497885635    23.708338318942
Au     7.134655184740    -9.265775110393    21.290683916426
Au    -7.393301399295    -8.062785461931    22.400730831336
Au    -5.690480767210    -7.387240028325    20.362662485693
Au    -4.365561510703    -7.328126852609    18.139847616095
Au    -2.812914249337    -6.995432513394    15.790512099030
Au     0.504962119997    -8.520501088352    27.758052833724
Au     1.728813350337    -8.106058047786    25.438224440286
Au     3.442154103365    -7.889317677539    22.967665071996
Au     5.045096862265    -7.714899802792    20.684156037645
Au     3.718533708869   -14.848907725628    27.818210650571
Au     4.678438949050   -14.528141489610    25.200173581464
Au     5.911180748176   -14.839436756341    22.767103538098
Au     7.617609462708   -14.168658979199    20.594945614552
Au    -9.252610937395    -9.543165980898    20.937507731054
Au    -7.605334230981    -9.039307508592    18.804933282717
Au    -6.432829509523    -8.832307656844    16.275784700587
Au    -4.525395287083    -8.225333252542    14.010220672742
Au    -1.427656962922    -6.958063773374    26.428370401848
Au     0.129035181620    -6.372370001192    24.124004998394
Au     1.477857322354    -6.097662039981    21.705125307244
Au     3.053286556647    -5.887479884151    19.519739797880
Au    -8.909108775981   -14.622586636869    20.439823361816
Au    -7.464293251660   -14.290639286010    18.076750505380
Au    -6.177471821928   -14.096928747208    15.866020953823
Au    -4.757303486072   -13.704142003871    13.384573863457
Au    -0.151905773791   -13.728306378874    11.499942738137
Au    -6.261722411472    -9.042095367161    25.135055962576
Au    -4.647529564145    -8.836418625225    22.559817858128
Au    -3.149315424234    -8.679882237397    20.317882953339
Au    -1.734587836637    -8.345394327080    18.005998764745
Au    -0.161113268539    -7.774044944241    15.444550362723
Au     0.084887056126   -11.252997767899    28.405098598438
Au     1.418962825806   -10.705951571046    25.990531272531
Au     2.809115936860   -10.372071029402    23.690685793658
Au     4.457509430522   -10.346921796635    21.354053548975
Au     5.874026597859    -9.843956646895    18.895075522282
Au     0.204077456459   -15.975961542377    27.462801497838
Au     1.799645388834   -15.803237968738    25.145788430294
Au     3.227933626638   -15.519013161690    22.740585718421
Au     4.880166858973   -15.263726478050    20.370333322065
Au     6.007617865459   -14.586538899718    18.136145771911
Au    -8.234317870338   -10.443561196074    23.463905849064
Au    -6.505263068571   -10.383220426396    21.044036779535
Au    -5.105156563004   -10.018226299855    18.755021064525
Au    -3.654278822618    -9.497440051305    16.625713596296
Au    -1.904242251472    -9.242460387412    14.066400443000
Au    -2.339563433770    -9.586221703673    27.410461480286
Au    -0.777264349330    -9.178042846221    24.928405952401
Au     0.885244033190    -8.747686973342    22.639104263542
Au     2.384804585980    -8.637290083043    20.270461861538
Au     4.016143647426    -8.075979269229    18.078194046274
Au    -2.633817379089   -16.689003127214    27.568849842097
Au    -0.954939888853   -16.886068418675    25.334132344606
Au     0.679194851275   -16.501669458231    22.820733200499
Au     1.946943976807   -16.032363364000    20.214399495665
Au     3.697766067303   -16.051059380762    17.997244352682
Au     5.065153107765   -15.306691401012    15.756153605559
Au    -7.703420804357   -15.802761157745    22.682865221419
Au    -6.100252525697   -15.566457900785    20.477602661613
Au    -4.888050104641   -15.424933984739    18.066667379306
Au    -3.662376419919   -15.166899371920    15.482641924685
Au    -1.970546979848   -14.455136517804    13.431490303563
Au     3.329875706053   -14.406663165478    11.911356941933
Au    -6.813761124272   -11.559158743045    26.023848545152
Au    -5.645359212962   -11.435026931079    23.443595812345
Au    -3.705876207225   -11.306857911073    20.890149784303
Au    -2.351788695212   -10.998660518635    18.556017751038
Au    -0.863996716345   -10.407678002054    16.236394013734
Au     0.890560147677    -9.953430344885    14.069363107489
Au    -2.774072748500   -12.171268681225    27.912584725572
Au    -1.419238779753   -11.628822627701    25.645530280996
Au     0.136809105376   -11.740923809577    23.606749162717
Au     1.656474038265   -11.328226019226    21.198069014810
Au     2.972935414149   -10.751761015804    18.729127418622
Au     4.462049814110   -10.411922056586    16.366243766009
Au     8.491720800244   -14.387751355139    23.077457191075
Au     7.186044530175   -13.492514844218    25.140328881870
Au     6.101526605011   -14.037246147905    27.573618100375
Au     8.149039737068    -8.451133524571    23.892571403199
Au     6.664203261802    -8.990565682788    26.346171699956
Au     5.057981374249    -9.569887351234    28.784193093028
Au     6.312154820057    -6.856236978484    23.056352764914
Au     4.595398347816    -7.311420664407    25.500325445125
Au     3.308170509533    -7.560048003188    27.862089339054
Au     4.302227313849    -5.283282918700    22.051122667821
Au     2.768159891654    -5.608851452822    24.233382725326
Au     1.341969358321    -5.710227310182    27.046835718046
Au     2.249304557879    -3.531514232996    21.022629715888
Au     0.641072877150    -3.629726132919    23.336786233842
Au    -0.899679288481    -4.424194922949    25.912092288412
Au     7.068431775414    -6.328077853208    25.670301192616
Au     5.899683227289    -6.820993981259    27.941960590629
Au     5.222785979467    -4.606041221258    24.505422055855
Au     4.010920040256    -4.967996061507    26.939580894636
Au     3.268168533781    -3.024999268439    23.414108265335
Au     1.999124498454    -3.501817644365    25.713374814587
Au    -1.445352294940    -3.210904085201    18.877173710517
Au    -3.270830688177    -3.497161423213    20.889065537899
Au    -4.607244199838    -3.871252120960    23.410319218459
Au    -3.244483025441    -4.632812606402    17.264130614194
Au    -5.134716114334    -4.802392353206    19.387107734855
Au    -6.720366780521    -5.069701141553    21.769110445207
Au    -5.853152585755    -6.326821652793    15.502739066558
Au    -7.047487533152    -6.464768267484    18.086653065640
Au    -8.745026895576    -6.971233308286    20.471844601300
Au    -7.509189986898    -7.752691114022    13.643291658299
Au    -8.198158938478    -5.255815327491    15.602571381161
Au   -10.446235001014    -8.491310400567    18.784669476054
Au    -4.154699283506    -2.382341614150    18.591084122574
Au    -5.897385669641    -2.413256588655    21.473841088206
Au    -6.754898494972    -2.345905856936    18.919293383015
Au    -8.335607788363    -4.378342489777    19.546580426713
Au    -5.857335005424    -3.894394789586    16.831431188724
Au    -8.670307748153    -3.222260913367    17.250255539539
Au    -5.823472111099   -12.051579969805    11.615567312229
Au    -8.111808038037   -10.332788049563    14.883754954708
Au    -9.565951837918   -10.366653334899    17.135075481666
