         216
 AuNiAgCu    E (eV) =  -774.955933       T (K) =   550.000000       time (ns) =  0.330000013    
Au   -11.141699070790     1.510135622162    19.407629604122
Au   -10.031846642052    -0.065245612455    17.513249573765
Au    -8.551124275882    -1.747509486025    15.762554786258
Au    -7.051156105608    -3.628637390819    13.801639633365
Au    -6.226664095653    -5.718148186112    12.094149863895
Au    -4.195133126822    -6.999058866264    10.306372142342
Au    -2.733089879485    -8.730323116387     8.114840100601
Au    -1.088816254910   -10.356050934030     6.857986740658
Au    -0.707745637356    -0.543957797702    21.167906798434
Au     1.283375935095    -2.096233929813    19.413208704361
Au     2.616035755337    -3.943282094262    17.549383760272
Au     3.878476113035    -5.809209684838    15.831740196707
Au    -3.468258663174     5.730335349917    12.446713026740
Au    -2.118259251978     4.103222741082    10.641089019454
Au    -0.131805075856     2.590584767612     8.964173329932
Au     1.014132791937     0.864148253720     7.301208972155
Au   -13.080952146476     2.195335944532     8.108045134566
Au   -11.815813628334     0.753710140505     6.080967057880
Au   -10.193484943395    -1.164295145185     4.145125740563
Au    -8.610321931726    -2.708424854299     2.465830494997
Au   -10.503724610566    -1.575948068800    19.561523999894
Au    -9.185533816922    -3.310294297666    18.028605501694
Au    -7.555317391682    -4.737379841417    16.405287421087
Au    -6.142438399921    -6.405703787831    14.669075111228
Au    -4.695142813943    -7.879396585910    12.822335900139
Au    -3.039456448320    -9.525419661250    11.156968319878
Au    -1.937506867033   -11.149480820404     9.345367181083
Au   -12.639424019592    -0.463209259176    18.255933277181
Au   -11.482670488360    -2.409835421834    17.015194265744
Au    -9.990976158049    -4.037690328221    15.207051101402
Au    -8.636502487479    -5.966639923569    13.894357930654
Au    -7.008437672239    -8.041697066126    11.356629356147
Au    -4.997879789816    -9.455257822332     9.334586788835
Au    -3.897281747003   -11.025214326058     7.516201899993
Au   -12.012240901436     1.796980040734    16.430873723701
Au   -10.515989080364    -0.025795146793    14.802466620937
Au    -9.205044451700    -2.076867894248    13.063925295539
Au    -8.022126342367    -3.579119505148    11.108016732863
Au    -6.568256877206    -5.784805591658     9.314959824733
Au    -5.034130625060    -7.112511892342     7.391627877214
Au    -3.533617010183    -8.769333964132     5.688234203255
Au    -9.553101656250     2.853193777266    17.478710957614
Au    -7.908219040624     0.995476469166    15.763224722010
Au    -6.241198062887    -1.053343054830    13.845890497143
Au    -5.171012082590    -2.916163433775    12.004166323073
Au    -3.431776009490    -4.241599830418    10.430148053568
Au    -2.305397733999    -5.900034317902     8.430096756243
Au    -0.680635158439    -7.486794611789     6.836183672675
Au    -8.504596278954     0.710878877182    19.774893815783
Au    -7.424640691427    -1.106855863094    17.980813667822
Au    -5.815734060099    -2.661957661259    16.065222178801
Au    -4.344492509040    -4.445878085409    14.409278362413
Au    -2.723054014658    -5.850638327598    12.764143975732
Au    -1.366713815996    -7.516435131973    10.507720954266
Au     0.053363112762    -9.050033954128     8.855984243669
Au   -12.336787904831     1.326038720724    13.660376918594
Au   -10.890953317174    -0.262894201136    11.944846323603
Au    -9.614053881963    -1.766332304930     9.934803533878
Au    -8.310432603912    -3.295779956075     7.961072515620
Au    -6.546995835109    -4.898728913625     6.751473790962
Au    -4.903719081975    -6.456864481380     4.575825807369
Au    -7.413806261445     3.737537117155    15.782305911497
Au    -5.767995626086     2.136556961500    14.258821566794
Au    -4.541151621415     0.041102868598    12.280823149074
Au    -3.164028528986    -1.575724950718    10.455386245830
Au    -1.628934564658    -3.315859366886     8.715658580461
Au    -0.089741332557    -4.780137711422     7.166739943543
Au    -5.981758515865     0.063217936676    20.142234946891
Au    -4.668311983425    -1.550990773580    18.216372497485
Au    -3.083009012638    -3.277467431242    16.751794295657
Au    -1.547626969712    -4.843908393079    15.249563267351
Au    -0.117823353504    -6.544416685106    13.100104636039
Au     1.495224770055    -8.150461504591    11.451573566415
Au   -12.516265370655     1.492838318654    10.945671157027
Au   -11.378590874260     0.410595958129     8.893015233135
Au    -9.834325066837    -1.494162086668     6.807758718358
Au    -8.109679878706    -3.151381611128     5.205124439802
Au    -6.681726303783    -4.557775809706     3.470502189494
Au    -5.463470919392     4.985540357086    13.955580933464
Au    -4.037044089235     2.954781135231    12.273276440205
Au    -2.619711707224     1.174847775584    10.784357445374
Au    -1.309146256258    -0.309193688039     8.919924613069
Au     0.249033263976    -1.782774912461     7.216824657905
Au    -3.407236134820    -0.406461391338    20.575867862242
Au    -1.475462996854    -2.074337718213    19.111885013645
Au    -0.117577620343    -3.489956319658    17.440434586076
Au     0.888734401708    -5.327746152048    15.523701808364
Au     2.550187821656    -6.817386616994    13.419582668901
Au   -13.227170788135    -0.951185583640    10.231509822614
Au   -11.783968191399    -2.514451662863     8.365416340303
Au   -10.558963506082    -4.504878385878     6.427345823397
Au    -8.722858219561    -5.756002822675     4.571176896895
Au    -5.703604348846     5.092287351725    11.162539558620
Au    -4.273134752236     3.176680460424     9.447256318759
Au    -2.960492181509     1.569044180974     7.811839907580
Au    -1.178243267342    -0.143701823507     5.984946642325
Au    -0.898225502859     1.052648387201    18.984540333932
Au     0.492790885879    -0.606962476265    17.341977651433
Au     1.752082122706    -2.379669382570    15.710344701957
Au     3.211655393210    -4.203563192851    13.792544738401
Au    -8.329164913851     3.927671627022    10.100582301740
Au    -6.889887607410     2.259902091971     8.112178871781
Au    -5.360017204381     0.568884030216     6.548235324210
Au    -3.709231822824    -0.877556414402     4.971241731838
Au    -2.200274122548     2.607183007969    16.890467074993
Au    -0.661526148809     1.012584831631    15.278702701644
Au     0.895018764609    -0.895983609424    13.423696322402
Au     2.477090556217    -2.430243003726    11.749642467465
Au    -2.546976563598    -2.638503768891    21.565707188645
Au    -1.116863239906    -4.702305982517    19.757377178151
Au     0.398875713154    -6.441244346924    18.197376628824
Au     2.108513836851    -7.831180809251    15.922502519575
Au   -10.789367583545     3.148292066357     9.090559927702
Au    -9.487307561734     1.285360939437     7.195165973160
Au    -7.828970206262    -0.516273234551     5.382560222704
Au    -6.012963145258    -1.942635098140     3.799357605789
Au    -2.900766074869     4.251097273761    14.631142935260
Au    -1.287507926201     2.580902879357    12.843703584427
Au     0.136456921560     0.623488644930    11.052152184405
Au     1.640659238332    -0.898074177118     9.413439736431
Au   -13.424725211406    -1.220719706328    12.751318863919
Au   -11.847572968628    -2.993315683347    11.134891932562
Au   -10.271327305572    -4.523820592965     9.615128770435
Au    -9.118035229829    -6.050758140101     7.855693223807
Au    -7.272661214507    -7.398020919671     5.701367679945
Au    -7.616367654130     3.926773711047    12.914959872267
Au    -6.418308949505     2.131431384137    11.256963402557
Au    -5.174268732100     0.158690056377     9.515762894801
Au    -3.465203593543    -1.196071926107     7.700132546759
Au    -2.091525168786    -2.987935970112     5.751037271132
Au    -4.181341328100     1.352862818719    18.511961389978
Au    -2.386213264587    -0.027818335439    16.953175143772
Au    -0.889253898179    -1.827078833029    15.267102342952
Au     0.376734577483    -3.666659315666    13.484198996629
Au     1.713747295618    -5.121162247185    11.503150478247
Au    -5.407697688036    -2.435750290681    20.816471408543
Au    -3.655181801744    -4.087332432939    19.383751896783
Au    -2.393141463338    -6.214298796654    17.769529365322
Au    -0.865453557978    -7.666020483940    15.945500780437
Au     0.704968762713    -8.858127091407    14.087270427346
Au   -10.315250582533     2.504725299048    12.068199588014
Au    -8.844625979226     1.184641026407    10.265671849280
Au    -7.599473097005    -0.483179616953     8.305213121546
Au    -5.986752393520    -2.169848906403     6.530579559762
Au    -4.177100453631    -3.965982954329     4.460465131011
Au    -4.721348769718     3.182365903378    16.298669666199
Au    -3.262523539360     1.363128970890    14.492797108744
Au    -1.803290339068    -0.510769757876    13.062873008814
Au    -0.417663953862    -2.037259025632    11.056154331043
Au     1.234288028218    -3.452311978512     9.270421567484
Au    -8.064945743546    -1.845716933403    20.478785026433
Au    -6.413081294950    -3.658181202720    18.708876891455
Au    -4.858691093627    -5.492524736254    17.014367141664
Au    -3.453543068306    -6.978085347274    15.073740112021
Au    -2.050822737846    -8.464992526351    13.570472847311
Au    -0.499015056231    -9.928752429222    11.825643039314
Au   -13.127271152535    -0.819973855950    15.697182004684
Au   -11.707279379309    -2.757596270069    13.788333362217
Au   -10.296016490988    -4.816184099240    12.529493405738
Au    -8.764762162687    -6.450221449825    10.526816984335
Au    -7.268282431696    -8.061414085647     8.389930970195
Au    -5.890227101767    -9.516562384740     6.556495608968
Au    -9.770807349964     2.530457872486    14.631641538467
Au    -8.183206097758     0.666770572015    13.075545333960
Au    -7.190327788138    -0.904625634523    11.136450670550
Au    -5.646430736309    -2.592416536496     9.250685872863
Au    -4.233280211881    -3.977689044143     7.462673300939
Au    -2.728885513470    -6.117253592394     5.799552669943
Au    -6.676993847131     1.970322999329    18.042967001901
Au    -5.259830063067     0.306779693486    16.051741840373
Au    -3.659778837394    -1.644094199262    14.618376648053
Au    -2.308675047383    -3.113677605170    12.717048341215
Au    -0.780630639238    -4.885040283298    10.712396154331
Au     0.668355064761    -6.379792013023     8.976250726281
Au     3.037281902743    -6.732550002585    18.160486802285
Au     1.500576226763    -4.989887414984    19.927613015439
Au     0.070797383443    -3.070002970989    21.664785452336
Au     4.910097401056    -3.105904180169    15.887140416505
Au     3.259728345705    -1.315878830925    17.737800941484
Au     1.961227824226     0.663133878811    19.132718766215
Au     3.906360649200    -1.458957862297    13.917865695177
Au     2.423358882327     0.417214569440    15.494724659583
Au     0.888250169304     2.308321068645    17.160416830086
Au     3.006955095806     0.292497293939    11.876957410516
Au     1.513389612285     2.130859346230    13.503258006326
Au    -0.212223256486     3.858743609972    15.038256820305
Au     2.177248954157     1.814069992942     9.780797133570
Au     0.712896432692     3.629857918248    11.308946904653
Au    -0.834639744557     5.349171414569    12.993182953819
Au     5.165855808400    -0.241310270725    16.014249209646
Au     3.871315252389     1.411797638973    17.426828271544
Au     4.329287898825     1.385146037871    13.747862305429
Au     2.926170915588     3.340008617176    15.672636217832
Au     3.169792499672     3.298609416507    12.010111525089
Au     1.837677777270     4.908750619173    13.810571119699
Au    -0.837872898396     2.649727175392     6.274099126742
Au    -2.184289335132     4.405194634689     7.771214679293
Au    -3.585051078264     5.953765441968     9.210136782953
Au    -3.328189298310     1.741971063652     4.888420509858
Au    -4.669203634291     3.397428356383     6.723331940902
Au    -6.067915281331     5.000628769483     8.237244468421
Au    -5.699111675632     0.767726806097     3.641156964661
Au    -7.177413459373     2.292853269656     5.440884167758
Au    -8.615658880052     4.165808073319     7.297713471266
Au    -7.848704702946     0.028693447542     2.607142862079
Au    -9.762556682196     1.538085606654     4.340281092864
Au   -11.320946476803     3.583949504948     6.548203028136
Au    -2.713435656744     4.467151631278     5.187997328066
Au    -4.308682047687     6.168393499506     6.630479387762
Au    -5.370310508347     3.559946874459     3.965587977243
Au    -6.879413894196     5.070758740541     5.585028939642
Au    -7.692396437430     2.828143015898     2.806791398172
Au    -9.643840646236     4.164035916030     4.786689902669
Au   -10.607174084750    -3.764922589245     3.757119527541
Au   -12.287131619073    -2.044608865175     5.648094904246
Au   -13.509221416876    -0.611037981803     7.586394541629
