         216
 AuNiAgCu    E (eV) =  -773.039856       T (K) =   550.000000       time (ns) =  0.509999990    
Au    -2.453377727685     5.413509111003    14.104766511171
Au    -3.761435742076     2.868942281737    13.345861369662
Au    -4.262938304048     0.080183400096    13.659154213763
Au    -4.382048958409    -2.867394407552    13.820365103516
Au    -4.880358651183    -5.634306795962    13.314597006870
Au    -5.497118298847    -8.347852718272    13.847274661855
Au    -5.930837927909   -10.967450014167    13.241083237532
Au    -6.626624628813   -13.626786389305    13.148617000557
Au     5.633918508387    -1.900018352246    11.604515454901
Au     5.284991387874    -4.511851212930    11.722266338330
Au     4.957503988552    -7.747660153779    11.500667594752
Au     4.323746030705   -10.181943158025    11.146039777751
Au    -2.073744183123    -0.118372825584     3.870197725582
Au    -2.612384759090    -3.011574849132     3.668020356487
Au    -3.113052639461    -5.642979034578     3.739346253715
Au    -3.621892581599    -8.761596279870     3.726348326668
Au   -12.373097485510     1.531985827601     8.381738195679
Au   -12.871008745561    -1.267095498556     8.268117527013
Au   -13.141112209958    -4.174617159348     8.353066731291
Au   -13.381567594118    -7.134721169526     8.321819543566
Au    -2.188026223972     3.167068811828    15.450791627241
Au    -2.412334014105     0.516392823083    15.871721945956
Au    -2.936043917053    -2.114096543938    16.237195183712
Au    -3.033002207186    -4.760944775868    15.468319261699
Au    -3.835507701122    -7.401853930550    15.646099926844
Au    -4.268833639500   -10.314411700018    15.318340885851
Au    -4.796081407136   -13.413382616246    14.923130305553
Au    -4.669268199955     4.741034580937    15.369284938426
Au    -4.808351809077     1.969112975303    15.833570950810
Au    -5.358736245851    -1.261591814220    15.991115495292
Au    -5.581401879029    -4.033204650880    16.034618449365
Au    -6.158759210868    -6.673522786459    16.353073734124
Au    -6.554852576247    -9.311809551343    16.187617891422
Au    -6.430143115762   -11.868093003624    16.092282989834
Au    -5.318510144728     4.615470656120    12.413935296408
Au    -6.040991427925     1.954586888464    12.204017697030
Au    -6.300288137204    -0.933725130329    12.220369072553
Au    -6.543890272193    -3.595020357437    12.177824498256
Au    -7.296403206167    -6.691942799039    11.962143680604
Au    -7.734235011888    -9.501369661299    11.997820614864
Au    -8.473539065179   -11.878229065496    12.011095938864
Au    -2.834076905714     4.361925189598    11.285750879850
Au    -3.133140425397     1.541541968464    10.936391122608
Au    -3.588674720934    -1.239607164922    11.177522975274
Au    -4.293734376249    -4.154505474254    11.059371184169
Au    -4.605301315493    -6.940040050696    11.020527854792
Au    -5.128148985800    -9.598755124760    10.686740457617
Au    -5.815415201258   -12.329983725527    10.464517605600
Au    -0.935398944035     3.791533576061    13.043933766218
Au    -1.480362960751     0.963707904745    13.046306343187
Au    -1.902782246975    -1.665313035672    13.623787007859
Au    -2.103566403245    -4.351873215454    12.947854699743
Au    -2.731523808670    -7.044821601179    13.197153411145
Au    -3.341331348502    -9.948508735316    12.844430734263
Au    -3.946509757471   -12.621160031775    12.493698496378
Au    -7.772113693097     3.816680693137    11.253809884117
Au    -8.212563600355     0.644537039924    11.001989201045
Au    -8.773432045557    -1.976807507220    11.146208860191
Au    -8.969238448345    -4.773287467595    10.940579542136
Au    -9.674887563079    -7.612972318202    10.947798720125
Au    -9.812059791569   -10.142211809673    10.555337466335
Au    -2.689776134077     2.900391649685     8.807485323655
Au    -2.723287785372     0.332640449445     8.376128738334
Au    -3.463037760965    -2.277966985190     8.494652952785
Au    -4.000012949683    -5.415791767270     8.407812151234
Au    -4.492122826353    -8.381892246909     8.243558891822
Au    -5.262288875170   -11.291990492095     8.192483572436
Au     1.241287464960     1.821350766241    12.506088491625
Au     0.941101050111    -1.038960939483    12.667690204068
Au     0.405930341182    -3.559688327746    12.885083787463
Au     0.127254587640    -6.280990568628    12.687826151101
Au    -0.623322715775    -9.195251281575    12.510685901590
Au    -0.610989895277   -12.062819402507    12.183661762931
Au   -10.044947016429     2.607273554364     9.815415463395
Au   -10.602348397611    -0.071194841897     9.611152175197
Au   -11.004532173633    -2.865289214455     9.634748317390
Au   -11.349104837933    -5.818178912149     9.492540406956
Au   -11.892526260810    -8.610192874466     9.882412661922
Au    -2.432677832358     1.379444344140     6.028647842518
Au    -2.862718404037    -1.480344603602     6.086664083726
Au    -3.423275312450    -4.289085954992     5.979499368507
Au    -4.004259419417    -7.299316940885     5.981461800509
Au    -4.626467891692    -9.972254404695     5.866935498020
Au     3.504395623705    -0.329271527729    11.773606822905
Au     3.015817390619    -3.087290290808    12.420933610663
Au     2.993845101766    -5.986106317500    12.498691630159
Au     2.109145704259    -8.377674338456    11.778819305156
Au     1.841335644762   -11.060479341287    11.586415486805
Au   -11.003616674036     1.356517461267    12.102136686377
Au   -11.167296057135    -1.486012245977    12.345775251322
Au   -11.621686226588    -4.263537114532    12.035897417990
Au   -12.129680890095    -6.868850801757    12.047648668510
Au    -4.558232594081     0.503877378110     4.638183662782
Au    -5.218094728954    -2.253858887843     4.931543754000
Au    -5.679804522422    -5.180734017209     4.807322041844
Au    -6.531943461811    -8.401077797636     4.314976913134
Au     3.577083515674    -1.360716220602     9.386190150804
Au     3.526582023940    -4.141526899373     9.940214493368
Au     3.152456181254    -7.059097567036     9.592981359937
Au     2.166684462178    -9.924844998345     9.108992975767
Au    -7.590238816852     1.081719269584     6.159102177778
Au    -7.862370725885    -1.660990918902     6.133636161207
Au    -8.179458193461    -4.647589950318     5.905299762037
Au    -8.781399864567    -7.509353727900     5.554148043692
Au     1.744696838901    -0.615219311007     7.608998614477
Au     1.627393772101    -3.642989585923     7.778876407512
Au     1.083790358000    -6.379014862984     7.753416457776
Au     0.251955486983    -9.168550113902     7.499489135731
Au     4.561131447879    -1.535634130878    14.126513088604
Au     4.351884150343    -4.484246811045    14.595667085014
Au     3.843959476373    -7.756654537824    14.430956538243
Au     2.931522163242   -10.071637577747    13.683701886975
Au   -10.027177807296     1.488420363618     7.173957437746
Au   -10.322779787652    -1.260266586167     6.975132794471
Au   -10.678586274814    -4.306981054072     7.184553171658
Au   -11.153628909556    -7.250863888221     6.765922933483
Au    -0.283220211542    -0.427405402444     5.961576821610
Au    -0.689375851619    -3.280951001817     5.593692623460
Au    -0.989551505906    -6.062233203312     5.842946166373
Au    -1.738891034634    -8.986572552941     5.704674930086
Au    -8.873885293113     2.260976414002    12.948451422352
Au    -9.064187739839    -0.734714583014    13.730115165794
Au    -9.499167939889    -3.526840277831    13.513807057713
Au    -9.725240899912    -6.365830363195    13.337345763206
Au   -10.384640996862    -9.155746730786    13.167601615070
Au    -4.975257153602     1.603628122875     7.339015111169
Au    -5.388534754663    -0.930968464700     7.424454646508
Au    -5.903210212270    -3.598904779020     7.198429839253
Au    -6.242699300682    -6.716610389019     7.143196406958
Au    -6.946409258519    -9.235886876517     6.839556364599
Au     1.764293613477     0.679594907432     9.969417537700
Au     1.147751341049    -2.362190929407    10.273187686091
Au     0.898104147729    -5.118208395682    10.188308338814
Au     0.258802635268    -7.887628197886    10.098277980247
Au    -0.506855464972   -10.592607555492    10.012737642753
Au     2.496400004698     0.238010656233    14.392877651932
Au     2.083594886721    -2.401652014810    15.124339222723
Au     1.556887277168    -5.183905627740    14.778196584020
Au     1.248255280513    -8.237221961547    14.671695826152
Au     0.520156052754   -10.909304720483    14.384869536823
Au    -7.657335167105     2.520736194833     8.536704237729
Au    -7.866411562381    -0.186481547790     8.377264362494
Au    -8.422950844130    -3.160567836138     8.530377317686
Au    -8.860096302055    -6.168473848448     8.156004599300
Au    -9.434743862742    -8.899588581125     8.104193628227
Au    -0.101304765475     1.311449060203     8.406493201945
Au    -0.580381714568    -1.852785769400     8.352164807801
Au    -1.215448651809    -4.606094441651     8.064725523015
Au    -2.109184035817    -7.389996625508     8.004724326722
Au    -2.546695399443   -10.234537996711     7.954031699850
Au     0.768913447590     2.118757437067    15.040383124238
Au    -0.211815680439    -0.566382326053    15.167300202138
Au    -0.633311488943    -3.155474748543    15.363921687527
Au    -0.858872169115    -6.057617086871    15.278794278523
Au    -1.547625027136    -8.872328800428    14.999526154793
Au    -1.909268706479   -11.779492811947    14.341885099090
Au    -6.872939118666     3.346921448342    14.480540579780
Au    -6.864325536281     0.478852161674    14.697713769980
Au    -7.176894698762    -2.549773567093    14.485820034713
Au    -7.564291951437    -5.176630806352    14.364578022321
Au    -8.045364451101    -8.135213177426    14.560526213397
Au    -8.310251382419   -10.790262463050    14.531007378616
Au    -5.466921984914     3.390595113077    10.108840506166
Au    -5.453962227105     0.628463721144     9.740308706973
Au    -5.969954529259    -2.394761864721     9.786304112206
Au    -6.524380263574    -5.027517715720     9.455940253074
Au    -7.168057183131    -7.933063282290     9.635542613576
Au    -7.461659929681   -10.682068301945     9.270556834492
Au    -0.556591015549     2.568986925612    10.644488188228
Au    -0.978448830572    -0.275857197491    10.583876671238
Au    -1.560388775426    -2.962559621804    10.659912181273
Au    -1.910992415883    -5.917955267340    10.722509097165
Au    -2.485936065847    -8.705092945239    10.550776424538
Au    -3.089407418408   -11.371349563925    10.237343301177
Au     5.674449824296    -9.271939647482    13.362623655523
Au     5.969729070504    -6.371959428138    13.713248623333
Au     6.564912821262    -3.474351186936    13.661540990253
Au     5.121512078912    -8.623391723665     8.857173389055
Au     5.920123207462    -5.734923816868     9.134958069387
Au     5.850859667692    -2.954165244758     9.014126267348
Au     3.407039434696    -7.998336889711     6.835207764499
Au     3.806758761118    -5.356646185044     6.979178754308
Au     4.148192312105    -2.257391937794     6.838275694417
Au     0.855364495373    -7.690742710818     5.296406299457
Au     1.532018233266    -5.043663459602     5.201514566380
Au     1.789588070791    -1.986467249149     5.403206064806
Au    -0.977417642087    -7.582877772879     3.223319592864
Au    -0.682150254826    -4.750513705361     2.955478768218
Au    -0.041512493047    -1.964796761222     3.484098397756
Au     5.806093662754    -7.145344714362     6.898700936351
Au     6.464844880516    -4.398408226047     6.689044211623
Au     3.547827979912    -6.487094188001     4.455228794282
Au     4.365729391850    -3.892268829115     4.861688230920
Au     1.410286886030    -6.282848591981     2.785528721469
Au     2.146560648413    -3.436758536764     3.206836615464
Au    -5.398211168582    -6.719082748961     2.554419289194
Au    -4.889300051353    -3.871499669591     2.340663806091
Au    -4.329305663729    -0.996214934997     2.409894982011
Au    -8.000914017098    -5.995074176037     3.471745268742
Au    -7.448579190559    -3.136257960402     3.581630400710
Au    -6.935243295616    -0.406183318828     3.414488007080
Au   -10.695407125482    -5.442355889298     4.422292474395
Au    -9.978722859277    -2.657454407965     4.565136583818
Au    -9.591206589020     0.348186865265     4.542548546493
Au   -13.031092196381    -5.581549385229     6.090336134251
Au   -12.583522208615    -2.695803267371     5.560449906250
Au   -12.431664292906     0.054806724677     6.092098717525
Au    -7.253013125319    -4.878126466818     1.256410795955
Au    -6.694211070110    -2.236633482026     1.286587459441
Au    -9.592060606263    -4.040397848040     2.052342407942
Au    -9.341841233718    -1.358376086215     2.442216675911
Au   -12.092749406513    -3.557544835660     3.227273876676
Au   -11.952946534751    -0.995089869243     3.678990020608
Au   -13.915435634913    -5.385738434715    10.907417479093
Au   -13.287142092083    -2.651364526762    10.865509633773
Au   -13.047348578444     0.021492684464    10.834701791499
