         216
 AuNiAgCu    E (eV) =  -774.972046       T (K) =   550.000000       time (ns) =  0.189999998    
Au    -1.528491948672     0.917227269716    15.311728364661
Au    -1.221988449041    -0.652504484930    13.099868087952
Au    -0.761828652470    -2.076167903403    10.627419598075
Au    -0.290234863626    -3.974513238937     8.195379329504
Au    -0.034981962225    -5.699088157776     5.989613560589
Au     0.484894050841    -7.360441142066     3.784980867257
Au     1.049511503064    -8.573279945322     1.126625906676
Au     1.286782736180   -10.390443729011    -0.764313017169
Au     6.347948879490     3.757634474088     7.875855662609
Au     6.832687162038     2.384533418795     5.504602244116
Au     7.331409857027     0.823252968829     3.205300986730
Au     7.799203568178    -1.345735581933     1.032444644505
Au    -4.353231199839     4.627493347992     5.323015784668
Au    -4.348900656438     3.188684140961     3.018170590004
Au    -3.632678326567     1.780880843230     0.395945040504
Au    -3.328955549976     0.118962824515    -1.721828282229
Au   -10.432669952605    -3.703420034072     9.686090166163
Au   -10.549730915610    -5.100616757860     7.325309126639
Au    -9.930115236740    -6.806474834451     5.255995317108
Au    -8.814332097115    -8.045259064727     2.971273717127
Au     0.833653977918    -0.343178886630    15.117019992173
Au     0.969491409394    -2.640881638669    12.725897517530
Au     1.467745316393    -3.956205374165    10.468466861459
Au     1.889339116208    -5.718018508113     8.099844552785
Au     2.254250759285    -7.174539978254     5.785451438219
Au     2.851066569195    -8.685018910012     3.549119886605
Au     3.273971099271   -10.173166943968     0.997120446992
Au    -1.414457750970    -1.758689095471    15.478480022631
Au    -1.518598382613    -3.439582358897    12.804084396780
Au    -1.205031896158    -5.033609317403    10.825510295594
Au    -0.558954949967    -6.591712114176     8.571226641738
Au    -0.428643717941    -8.537070257120     6.264874311313
Au     0.137151587204    -9.941341721270     3.846860896737
Au     0.417409060008   -11.226404933847     1.481995115862
Au    -3.795509244695     0.046388528951    14.103050796643
Au    -3.532369397911    -1.433138915677    11.691253807466
Au    -2.971167139461    -3.437093109855     9.474409819725
Au    -2.586885688352    -5.097989537799     7.222685326541
Au    -2.124424853499    -6.895342491396     4.498949768665
Au    -1.648980799984    -8.422534603386     1.997147721572
Au    -1.199887796936    -9.851884399725    -0.308820055230
Au    -2.429099835327     1.989933514986    12.585299101718
Au    -2.031388374154     0.363866036517    10.349717369490
Au    -1.720907755423    -1.468620004301     8.079733707992
Au    -1.302157710638    -3.253415058533     5.591769682120
Au    -0.722278067426    -4.838420399638     3.534288694364
Au    -0.434496630409    -6.154590989601     1.004893730247
Au     0.590270888980    -7.770083907229    -1.499404153345
Au     0.249766072388     1.677795219841    13.313954151073
Au     0.756954158763     0.003367926399    11.175043737040
Au     1.234374841096    -1.602433909793     8.921946600815
Au     1.689410674968    -3.236477927873     6.323298186833
Au     1.906553096318    -5.105045374214     4.142328201889
Au     2.674791870438    -6.627975517365     1.808653802397
Au     3.342503749442    -8.004835332844    -0.466046363863
Au    -6.027942669222    -1.362524423398    13.024771208118
Au    -5.622787212040    -3.142493839905    10.294059593674
Au    -5.260539698554    -4.881657868024     8.114573899904
Au    -4.507786906595    -6.226139141304     5.968387932911
Au    -4.193907776284    -7.890176231456     2.927901242792
Au    -3.808004718200    -9.706364565152     0.955590284960
Au    -3.495740829677     2.932650599170    10.284922628102
Au    -2.609392828576     1.210099486361     7.784884026481
Au    -2.223681683653    -0.613641810498     5.344108649310
Au    -1.619335595680    -2.005761591920     3.037188490411
Au    -1.096745399207    -3.517380175384     0.782302364259
Au    -0.950759776050    -5.246130783187    -1.456687891568
Au     2.152219857981     2.584652021407    11.564716845376
Au     2.728638731643     0.757361836744     9.112314422456
Au     3.508253085803    -0.952304210249     6.891105112953
Au     3.656524285289    -2.412629213511     4.539417998568
Au     4.144041113824    -3.995087470148     2.362854941195
Au     4.334789371558    -5.466318102404     0.035583999620
Au    -8.455668261642    -2.903219124516    11.439038580315
Au    -7.949350152272    -4.260943375080     9.192091158132
Au    -7.548980749522    -5.662606382867     6.929779012766
Au    -6.936039105770    -7.074961965530     4.481678131972
Au    -6.488844207556    -8.722986959308     1.947155592608
Au    -3.823067225244     3.638056376654     7.813957293512
Au    -3.465185674777     2.158373218422     5.458185760208
Au    -2.772233158697     0.669357906565     2.791735199170
Au    -2.315627605136    -1.100774626402     0.350379316813
Au    -2.345510927752    -2.211093543895    -2.167895145192
Au     4.278319237817     3.099279697850     9.711174743030
Au     4.758567204473     1.480971146742     7.436678745962
Au     5.405339029756    -0.012196065391     5.010017066636
Au     5.961593567198    -2.116901073509     2.752247975937
Au     6.231046959626    -3.452324603480     0.307891349470
Au    -8.781425563106    -5.391833862421    11.773399000248
Au    -8.068012152200    -6.913769913198     9.448568414918
Au    -7.611465574038    -8.577210971749     6.960215404286
Au    -7.234171587403   -10.099877209266     4.366222251166
Au    -6.020105264834     2.519074410271     6.250966971477
Au    -5.752278281578     0.952138981484     3.938919224105
Au    -4.956980234094    -0.376422280533     1.671740353544
Au    -4.910528274398    -1.804871670187    -0.671209113127
Au     3.475255687442     3.984465456626     7.147101165654
Au     4.269706696880     2.576279814479     4.763675593119
Au     4.526160146380     0.901331334453     2.551591559581
Au     5.412100518125    -0.543811563488     0.340906692475
Au    -7.475812408169     0.518403822595     7.618639842557
Au    -7.080289706653    -1.145725243268     5.249505625897
Au    -6.659929563299    -2.590156829388     2.541329679397
Au    -6.081668220207    -4.022897466657     0.245554678921
Au     1.000108600925     4.433841637178     6.254629491853
Au     1.203528228902     2.747670625450     4.145586637029
Au     1.864009256898     1.151300346978     1.901138942949
Au     2.468634585711    -0.368077556053    -0.556593509545
Au     6.586575615984     1.265122753205     9.815179088058
Au     6.854125432914    -0.453052774481     7.667551103342
Au     7.205457276738    -2.009160118020     5.387854204887
Au     7.640076728727    -3.890540612428     2.699871938887
Au    -9.000496084165    -1.452292511601     8.826856040311
Au    -8.654888656980    -3.201678754884     6.539733383229
Au    -8.469787823085    -4.668700232055     3.807690279828
Au    -7.587513630673    -6.100358713887     1.442705179890
Au    -1.701651037877     4.719312492745     5.610763132027
Au    -1.415983798926     3.028307858496     3.520770159153
Au    -0.942838215021     1.340646810927     0.905442677681
Au    -0.781127718731    -0.168353635714    -1.620039058441
Au    -6.475272800307    -4.044899389787    12.794941262109
Au    -5.881689291601    -5.886982733835    10.586709022326
Au    -5.565445299506    -7.645807468509     8.429560723348
Au    -5.165527281331    -8.829973073424     5.655718501660
Au    -4.708871350146   -10.511346160459     3.435222092170
Au    -5.419892310252     1.583098725857     8.893734826502
Au    -4.692411139027    -0.150541888686     6.484947550844
Au    -4.380957775263    -1.530580716395     4.053384652545
Au    -3.824665449892    -3.180507798591     1.600285719193
Au    -3.436238680910    -4.358458897283    -0.886943382187
Au     1.524785689003     3.349846067645     8.842752179264
Au     1.816275386373     1.702886185570     6.622257705242
Au     2.389686046873     0.190853846858     4.384366008121
Au     3.054494272281    -1.629793953575     1.818851656902
Au     3.342725616248    -2.808009777608    -0.421802729116
Au     4.292427574984     0.852659686840    11.275886161452
Au     4.969738499906    -0.867894145147     9.433222895316
Au     5.649544876856    -3.096840720934     7.340039422004
Au     5.722660831934    -4.123474117806     4.741246680543
Au     6.076256942721    -5.762173198385     1.916620696857
Au    -6.755762150214    -0.566036508909    10.313701358731
Au    -6.493947169976    -2.048662276054     7.810296172261
Au    -6.209174086356    -3.821073972108     5.224152007506
Au    -5.557924016434    -5.341653235309     2.993595421093
Au    -4.791714552782    -6.567004497889     0.324255905662
Au    -1.179042319649     3.734034114588     8.125207901263
Au    -0.833332119051     1.881720352396     5.868109087650
Au    -0.209762318130     0.210736650728     3.535742746196
Au     0.445624432123    -1.056533664765     0.955229131805
Au     0.428626090454    -2.661184429106    -1.308752868298
Au     2.548250861943     0.078878369501    13.123292183909
Au     3.152648787061    -1.633373813550    11.147212302398
Au     3.543970231820    -3.089688764053     8.767607288355
Au     3.779638602394    -5.037594610225     6.343313868445
Au     4.363477458713    -6.584597923030     3.978693371280
Au     4.926437373082    -8.199008831132     1.626237201704
Au    -3.849913024870    -2.697164548491    14.056213561055
Au    -3.883426271270    -4.738311915212    12.048607803230
Au    -3.387349478392    -6.296767643005     9.585291219580
Au    -2.850442782995    -8.084051885429     7.265182760019
Au    -2.455860913171    -9.538579621670     4.785941329802
Au    -1.896872194042   -11.108992959955     2.631578151992
Au    -4.883275906497     0.858586498503    11.407199636151
Au    -4.259102233688    -1.111839288064     9.104461405738
Au    -3.704961425161    -2.758295989880     6.500255335972
Au    -3.413633154812    -4.163968946082     4.244568303854
Au    -2.849790775757    -5.575551235964     1.995862800906
Au    -2.393394505398    -7.308103453404    -0.417880483385
Au    -0.526224394020     2.681326079496    10.765156240489
Au    -0.057433133469     0.967115785159     8.540212811062
Au     0.275453884115    -0.951145980104     6.255090002735
Au     0.910341350840    -2.556107697565     3.854541709260
Au     1.477399084656    -3.878344972087     1.671853514187
Au     1.738036874250    -5.523965412055    -0.429399139805
Au     8.821743718336    -1.710913555607     3.358367724434
Au     8.576352993596     0.432583067699     5.508595910927
Au     8.222525834596     1.931602631564     7.704057820138
Au     6.595020000571     1.845621230560     0.908881458074
Au     6.113951041002     3.578747476411     2.997672267561
Au     5.457942527210     4.820577044903     5.365016491374
Au     3.680734456131     1.834893615269    -0.027079108527
Au     3.145663038926     3.408612186938     2.189431877231
Au     2.882646796530     5.059848288552     4.543475118500
Au     1.008892959136     2.448024638081    -1.086666073412
Au     0.422304872714     3.561286730922     1.467565596014
Au     0.164470039362     5.342845875836     3.589315137680
Au    -1.911623965971     2.368033116123    -1.420907844885
Au    -2.237972233525     4.179427011231     0.999246211450
Au    -2.567840823852     5.554875900871     3.241519573206
Au     5.134965220146     4.189707850335     0.520607828481
Au     4.667980159928     5.738200658538     2.794281384465
Au     2.948258434614     4.446507820131    -0.597034391330
Au     2.129712289494     5.735194908482     1.505830448001
Au     0.463359712468     5.212379446087    -0.652616834125
Au    -0.619045169986     6.451200226245     1.220526697717
Au    -6.021433732422     0.733387856916    -0.770781028602
Au    -6.763870431814     2.036042502408     1.429193260918
Au    -6.821413410771     3.560756201163     3.882786247522
Au    -7.342818095246    -1.446853948672     0.306628245597
Au    -7.940843321130     0.016298845692     2.703151743146
Au    -8.157867036957     1.532469526559     5.043315164321
Au    -8.725467216658    -3.605444231730     0.992824924579
Au    -9.320547988729    -2.099311317905     3.953809333399
Au    -9.699193951912    -0.330572408887     6.273235442213
Au   -10.644417529943    -5.820900525491     2.853181611172
Au   -11.014127966447    -4.267129674408     4.902473851387
Au   -11.173231625811    -2.538795578987     7.071582083263
Au    -8.871239227817     0.598215187404    -0.255648273204
Au    -9.298002029405     2.311913866053     2.112517636878
Au   -10.410089879573    -0.764701265298     1.554474113122
Au   -10.532004560959     0.603602612511     3.955180280395
Au   -11.360186102187    -3.252383360229     2.290485295166
Au   -11.874904635869    -1.565560354116     4.567992762921
Au    -9.549998780902    -9.374067569126     5.569246517007
Au    -9.945180718112    -7.834738291259     7.666778327535
Au   -10.346543914398    -6.364404760856    10.059536927175
