         216
 AuNiAgCu    E (eV) =  -774.777161       T (K) =   550.000000       time (ns) =   1.13000000    
Au   -10.180476227697    -4.252576690115    20.666177627564
Au    -8.485997007927    -5.501184885811    19.068031921238
Au    -6.799591197151    -6.746269107509    17.525018270020
Au    -5.264411195758    -8.236625838697    15.643416895564
Au    -3.493543605402    -9.406167672269    13.696280206017
Au    -1.574637162577   -10.812057100973    12.112657511044
Au     0.186155894702   -12.276293695687    10.527655384238
Au     1.911711453044   -13.602005677587     8.727773823512
Au    -1.232799737268    -8.331430549438    24.973840475968
Au     0.692784128263   -10.160656088916    23.101870448557
Au     2.729856357734   -11.270225692579    21.598559102282
Au     4.522474714936   -12.478172078993    20.015462378700
Au    -0.497492876801     0.457465435568    17.693297740581
Au     1.288810372236    -0.541405761144    16.150961182609
Au     2.924955358080    -2.106552024009    14.309282014119
Au     4.670141632685    -3.362333892229    12.668983550840
Au    -9.533756888666    -1.029536766430     9.975705281335
Au    -4.621302630494     1.640544051316     8.843178658124
Au    -4.888470296481    -0.702335446114     7.529942825253
Au    -3.660118894981    -4.628126622601     4.938402664805
Au   -10.114418554850    -6.958264216379    21.106561865627
Au    -8.514870875231    -8.282107288805    19.353143174329
Au    -6.512554717550    -9.507524697474    17.711891299635
Au    -4.911492606571   -10.857072764245    15.527912738881
Au    -2.891772634489   -12.088282532323    14.178199915087
Au    -1.328682711358   -13.477584255782    12.441211552476
Au     0.193039824739   -14.956405052672    10.333151946584
Au   -11.258553074644    -5.515700202244    18.712788065354
Au    -9.698985016602    -6.944435612330    17.120373536051
Au    -7.963351723101    -8.203334021080    15.307512451650
Au    -6.125232505100    -9.575271444128    13.350381779151
Au    -4.564113729710   -11.113849959469    11.720225568954
Au    -2.587077585610   -12.461368283292     9.902110791209
Au    -0.860877629214   -13.677866741114     8.315081403300
Au   -10.124381496768    -3.221862376582    18.237558206876
Au    -8.268444145026    -4.301513254590    16.500848868244
Au    -6.645608599650    -5.896741062836    14.810394905778
Au    -4.990126010879    -7.127436002378    12.946659078300
Au    -3.136157896452    -8.667090769999    10.782308774033
Au    -1.266883269000   -10.163144743196     9.371691463817
Au     0.543531166941   -11.390567410652     7.994513503750
Au    -7.932551426285    -2.803475240783    20.356779080754
Au    -6.022250954543    -4.035542726960    18.800940080675
Au    -4.557726732487    -5.601521969036    16.724886652205
Au    -2.758420581021    -7.025222978426    14.755002937515
Au    -1.068605720917    -8.175377465478    12.926911809204
Au     0.945217164196    -9.836365119329    11.342987693259
Au     2.897816961036   -11.236135886457     9.797574451324
Au    -8.087954247312    -5.221072278737    22.112212043437
Au    -6.309724830923    -6.401461442198    20.173731498671
Au    -4.497945027963    -7.914038678419    18.588338482101
Au    -2.891345534813    -9.395125360937    16.656430968886
Au    -0.882730405071   -10.286599499762    14.851794129952
Au     1.014029235079   -11.964958955379    13.302174660052
Au     2.573746672322   -13.444126633540    11.436164531568
Au    -9.748497721842    -2.245709657870    15.531095633584
Au    -8.331492144715    -4.095500655996    13.627074675793
Au    -6.323812496731    -5.168746581153    11.810591148740
Au    -4.667937352873    -6.359685075017    10.246797353120
Au    -2.786932725256    -7.932680253238     8.241060781471
Au    -0.852168970206    -9.048928983698     6.793094744950
Au    -5.569264732689    -1.680188191386    19.774908127360
Au    -3.591958768405    -2.730227445166    17.781332031524
Au    -2.162159296967    -4.420489631700    15.824561282533
Au    -0.260576891299    -5.818734566225    14.110508787861
Au     1.534661747956    -7.234235526334    11.969851841845
Au     3.462948613131    -8.636171732500    10.645171021116
Au    -5.657840137026    -6.397405936886    22.994455507286
Au    -4.006586000202    -7.677767457340    21.335332695323
Au    -2.078679593804    -9.322815545635    19.608437491669
Au    -0.277164712716   -10.477099829948    17.621730930353
Au     1.321772781764   -11.479521917064    15.980205591757
Au     3.147388424351   -13.165959593711    14.254838205385
Au    -9.611682834105    -1.742243369078    12.845807429566
Au    -7.989007878883    -2.826411954818    10.927371038007
Au    -6.519464149695    -4.534718137263     8.745065978413
Au    -4.082478960642    -5.573550758949     7.429247345440
Au    -2.154689023030    -6.853462529531     5.671326772789
Au    -3.088415321122    -0.379636624072    18.893168434890
Au    -1.216138250684    -1.925135783626    17.094476066708
Au     0.181595295078    -3.208199353433    14.888609192923
Au     2.398470745536    -4.520682949786    13.265719889064
Au     3.996397019906    -6.012902488467    11.496143603613
Au    -3.720527774978    -7.666835092759    24.153452793335
Au    -1.536795603984    -8.723216094933    22.369566199915
Au     0.296282187671   -10.154792083333    20.515818456011
Au     2.180510627512   -11.639502382013    18.636727242483
Au     4.041949650455   -12.840238643986    16.709217020327
Au   -10.829150668518    -3.290758674951    11.021467379011
Au    -9.331502819911    -3.871738160041     8.858444911915
Au    -7.006636998270    -5.986414187684     6.556169624545
Au    -4.753667068451    -7.302770644618     5.310566422819
Au    -2.650644964032     0.427187056548    16.032166294143
Au    -1.158360190823    -0.773687618830    14.098782616560
Au     0.773525246195    -2.538721259293    12.200563300126
Au     2.878041013518    -3.634110354966    10.408360208766
Au    -0.989213491476    -6.049478879721    23.358605554509
Au     0.911410369732    -7.546155177760    21.285952164206
Au     3.011316534307    -9.081682209065    19.651814710542
Au     4.684206746308   -10.205733996231    17.733506896675
Au    -4.904397783461     0.036584253780    14.053560180487
Au    -3.406242980256    -1.199130485635    12.008943417409
Au    -1.383303789322    -2.704080377479    10.325932514819
Au     0.683838471664    -4.073121758495     8.806634167174
Au    -0.620104448861    -3.785777692871    21.572460091139
Au     0.925289599793    -5.255299785234    19.785561763642
Au     2.921759962966    -6.530693872101    17.920804478852
Au     4.660596945678    -7.804501455388    15.882176975501
Au    -3.009171982226   -10.187022915357    24.140325760979
Au    -1.435635630344   -11.419581095269    22.053908852778
Au     0.481551692519   -12.899182656974    20.469211714075
Au     2.630958223672   -14.446675346482    18.938356590591
Au    -7.214027282798    -0.235755126797    12.129871623962
Au    -5.412273189318    -1.600551833918    10.147995238097
Au    -3.449054163243    -2.816611217076     8.154286909722
Au    -1.465955835116    -4.285568560849     6.450078094757
Au    -0.572500162514    -1.749036074305    19.918924308252
Au     1.197803074364    -2.798412852770    17.888074473206
Au     2.954269005971    -4.110536305593    16.289558769948
Au     4.838540999013    -5.745184245266    14.225720875362
Au   -11.018577231751    -4.103662006131    13.462100425012
Au    -9.110287728238    -5.328848371646    11.359033254754
Au    -7.492335654104    -6.718924154047     9.907367519078
Au    -5.692062243983    -7.995434838961     7.980130011367
Au    -3.545611882802    -9.713488484920     6.105942402830
Au    -5.529469141847    -0.824293926122    16.869364394275
Au    -3.561334685788    -1.947545594627    14.780505001488
Au    -1.942237662187    -3.512687989981    13.089614494760
Au     0.004977096140    -5.089542318991    11.319275011535
Au     2.399687546447    -6.108809240104     9.479925661231
Au    -3.164908280101    -5.067998485582    22.231155151709
Au    -1.555842338249    -6.481694583933    20.503248535837
Au     0.180486298351    -7.895262458348    18.701713461511
Au     2.043770394534    -8.838883115601    16.943920201610
Au     3.990166201884   -10.546216172774    15.083258779579
Au    -5.402705870882    -9.219115887613    22.934885987457
Au    -3.833552013729   -10.584959959093    21.118885894276
Au    -1.864556161461   -12.133691899231    19.428970022617
Au     0.071899540003   -13.309179628212    17.904917542370
Au     1.939799634906   -14.532120735867    16.272789116305
Au    -7.405442712477    -1.406444424119    14.501284704155
Au    -5.670930742015    -2.614401425933    12.710819164607
Au    -4.139759436109    -3.806281824448    10.875541534561
Au    -2.012540972684    -5.194516902355     9.241232441855
Au    -0.119139394190    -6.502996753803     7.701416339811
Au    -2.906009001479    -2.585149432742    20.519223381009
Au    -1.449067638232    -4.038441291523    18.762937592591
Au     0.383269428489    -5.470256550787    17.051602114449
Au     2.366687848982    -6.671380023940    15.122916941812
Au     4.093061611216    -8.073093323913    13.393540264964
Au    -7.716324614726    -7.930651037996    21.951628769759
Au    -6.364581800939    -9.450938239625    20.363094768474
Au    -4.272626786361   -11.056077102262    18.477850442220
Au    -2.334604613680   -12.243419238842    16.808853827110
Au    -0.482607282626   -13.305340582745    15.030220652785
Au     0.898824414108   -14.744659850037    13.182364238536
Au   -10.994034571452    -4.776677401086    16.137688973891
Au    -9.612758939878    -6.343907869351    14.559554494026
Au    -7.982662139538    -7.285894613038    12.645682816228
Au    -5.803495935177    -8.824410890161    10.758991351670
Au    -3.946552101379   -10.330814289214     8.801365741526
Au    -2.374192978042   -11.837078884515     7.373585450045
Au    -7.803454825344    -1.849773931410    17.838706975841
Au    -5.859416403608    -3.255806144642    15.761524216307
Au    -4.282359579611    -4.524675546178    13.980704800834
Au    -2.589022812669    -6.001491090437    12.206631907773
Au    -0.525798125004    -7.560166231422    10.099524697018
Au     1.627797149626    -8.637153112436     8.558095724317
Au    -5.367017531536    -4.024922131743    21.624772055075
Au    -3.893869717205    -5.226397712441    19.635071499165
Au    -2.233294212460    -6.594357273520    17.776596056813
Au    -0.314439720593    -7.741399602246    15.888483090219
Au     1.409300430454    -9.196687135211    14.049412601095
Au     3.369072142203   -10.819363793793    12.575327655533
Au     2.832488511968   -13.993367144949    21.380313403636
Au     0.966651617395   -12.983728184918    23.125793953543
Au    -0.947184311002   -11.886474014658    24.588311148800
Au     5.217020797443    -9.870737932508    20.606648817710
Au     3.040244821073    -8.863752095228    22.580386454043
Au     1.377404305395    -7.394764334880    23.938092340551
Au     5.383602821747    -7.987288218015    18.818405273645
Au     3.445745277262    -6.507404437953    20.630314435401
Au     1.473839752420    -4.852491686904    22.645346269194
Au     5.278289312780    -5.272842060113    17.194682094171
Au     3.537665715846    -3.999035517004    18.972200813908
Au     2.002718954287    -2.643380330148    20.622371136345
Au     5.165281172392    -3.071244969108    15.320912600274
Au     3.658495462159    -1.550668441370    17.180673654341
Au     1.805866878465    -0.390716226841    18.968245305221
Au     5.563966309846    -7.283500814687    21.914782778702
Au     3.642236612156    -6.242241820680    23.322624829945
Au     5.996232481890    -5.504290779531    20.025976110996
Au     4.404463853526    -3.877193057714    21.632228872102
Au     5.905415835658    -2.981709771491    18.565450659211
Au     4.197896666918    -1.526384379580    19.783433386474
Au     3.255299844713    -1.149005897462    11.634648099039
Au     1.361826684901     0.030200650571    13.238872384358
Au    -0.300292856068     1.465508310739    15.224600984219
Au     1.226325197367    -1.594107834234     9.666608238212
Au    -0.581387050315    -0.334512010343    11.200696002695
Au    -2.782971053617     1.416446580204    13.456024297492
Au    -0.955609227744    -1.767678389778     7.476827925400
Au    -2.395438705879    -0.340203109374     9.300149914225
Au    -5.006828918533     0.825955802107    11.364592400539
Au    -3.234709457156    -1.788265496077     5.895851717332
Au    -2.141913575228     0.528623692095     6.855001030431
Au    -6.898768485761     0.589670048429     9.390977348886
Au     1.875790735137     0.955621386218    10.722128063603
Au    -0.235443639921     2.088920580315    12.701927752098
Au    -0.067930302110     2.726313278059    10.381525549101
Au    -2.536038831218     1.954724360069    10.893250181108
Au     0.311578598891     0.572929571986     8.553352330857
Au    -1.893932930836     2.523597633103     8.349895569002
Au    -5.482566675935    -3.065448317561     6.157831444403
Au    -8.033965626411    -3.645354309770     6.542306830652
Au    -7.246698177063    -2.110300195653     8.219572821078
