         216
 AuNiAgCu    E (eV) =  -775.408569       T (K) =   550.000000       time (ns) =   1.02999997    
Au    -7.365243056127     0.809637727886    18.449192461645
Au    -6.923394637998    -1.354576686015    16.461409041079
Au    -6.697540165197    -3.345577710654    14.526847333426
Au    -6.434171497425    -5.775558841241    12.668850542802
Au    -5.806655506510    -7.971318509386    11.036049873059
Au    -5.331283172852   -10.247257686055     9.074716184546
Au    -4.915126537672   -12.393258983346     7.270663338510
Au    -4.313568424283   -14.925643047345     6.054490723180
Au     1.911143730118    -5.357703165316    19.100748430705
Au     2.401209834528    -7.738406382428    17.381618472969
Au     2.742221352771   -10.118739755351    15.589376136551
Au     2.887226072234   -11.974419367833    13.768011421337
Au     0.451772075399     1.542629864537    10.282341316036
Au     1.196867301141    -0.710409450827     8.317201295706
Au     1.165172142810    -3.331278265844     6.467732686325
Au     1.664173541183    -5.849650053628     4.734349119567
Au   -10.347005222085     1.658491114683     7.193530498419
Au   -10.244305425852     0.108001173806     5.132223365020
Au    -9.554287385439    -2.557029468170     3.405202486965
Au    -9.216303859278    -4.934526310965     1.521509633778
Au    -7.336068265676    -1.787646078751    19.176648705077
Au    -6.943080520480    -3.958644084168    17.580559224090
Au    -6.922569700726    -5.975399019746    15.931336649032
Au    -6.764525337014    -8.215237854576    14.387865288886
Au    -6.114771140468   -10.490967617181    12.236259218959
Au    -5.420682413144   -12.941797425995    10.810205706182
Au    -5.053554392255   -14.791811330045     8.827460512331
Au    -9.265883121746    -0.821929444520    17.651650058154
Au    -9.115537798040    -3.066049046915    15.888478357654
Au    -8.766794160049    -5.143971200119    14.052644700140
Au    -8.179532427141    -7.892198322253    12.215721141195
Au    -7.870203033405   -10.283623184877    10.093804712683
Au    -7.173028434447   -12.412360829802     8.676791244195
Au    -6.718257022985   -14.276805588991     6.687041397048
Au    -8.241143417030     1.121072866795    15.346089938098
Au    -7.857733647460    -1.201941399796    13.603517202312
Au    -7.709527628124    -3.372136042062    11.882542602558
Au    -6.984886879195    -5.806921686766     9.782067047098
Au    -6.797721875129    -8.079036558191     8.191259677061
Au    -6.194478261500   -10.299233052069     6.191424922113
Au    -5.502835375673   -12.721839612064     4.664327727502
Au    -5.571118201603     1.024407244829    16.098994582279
Au    -4.994195217405    -1.161263958482    14.261938323978
Au    -4.604349582806    -3.418432775233    12.496939917199
Au    -4.221403055956    -5.443369720726    10.906661343285
Au    -3.920531660385    -7.870224940489     8.928695957932
Au    -3.360909787815   -10.252260897379     6.907297298931
Au    -2.769591520680   -12.698472492374     5.676188198781
Au    -5.069854670155    -0.642183462767    18.281021833812
Au    -4.439956002901    -3.177989260046    16.727816247870
Au    -4.384594181395    -4.908334192647    14.665549100455
Au    -4.034747568555    -7.288986034617    13.228213963388
Au    -3.846730491391    -9.753205669031    11.444799310440
Au    -3.226594796913   -12.038443225664     9.700938162446
Au    -2.594546462036   -14.236809943774     8.081756518635
Au    -8.897838903045     1.390638617112    12.800954120639
Au    -8.506624365928    -0.952022859141    10.760697262731
Au    -8.238075502703    -3.442406575068     8.779931733911
Au    -8.017236143619    -5.525492215222     6.729347216895
Au    -7.467926242659    -7.971781298060     5.588111295975
Au    -6.832686191128   -10.110353123723     3.571049854844
Au    -3.536854457807     1.027534763581    14.124971854550
Au    -2.972601656318    -0.912952170579    12.198686738617
Au    -2.547676376118    -3.214469244965    10.693202331644
Au    -2.164482796671    -5.621576168330     8.786065970222
Au    -1.776441730936    -7.997446129245     7.029256408802
Au    -1.358939939583   -10.390562126002     5.135546788179
Au    -2.610424284669    -2.039952611162    18.526802346198
Au    -2.245641612155    -4.541863327778    16.876497455515
Au    -1.847478979108    -6.526624063490    15.406166254070
Au    -1.970241255062    -9.022767740314    13.385429535763
Au    -1.444040642974   -11.148400091620    11.749748054906
Au    -0.812873564499   -13.144139381572     9.744429443469
Au    -9.819272090076     1.051074875860    10.139681112099
Au    -9.468738061591    -1.017155037068     8.018104438906
Au    -8.807020150560    -2.873713643426     6.022561228119
Au    -8.388301357252    -5.037133487487     4.095741305377
Au    -7.707529249048    -7.582314934963     2.922939709983
Au    -1.606519836909     1.421992960270    11.935773380849
Au    -0.840591766287    -0.828254937194    10.244720079142
Au    -0.580997641009    -3.325269473631     8.734748677322
Au    -0.340920067532    -5.828821661248     6.589156936024
Au     0.301007623333    -8.118553967641     4.862543824875
Au    -0.259666146186    -3.592233317664    18.666564245175
Au     0.178669460668    -5.964482909631    17.158274124175
Au     0.239807107367    -8.423206114838    15.544525679544
Au     0.442456559284   -10.509010988385    13.606203403431
Au     1.075379390881   -12.642686608389    11.634025797073
Au   -11.847738947659    -1.250497099607     9.760611593814
Au   -11.178220328569    -3.368057843701     8.047346412349
Au   -10.761555769545    -5.206036043187     5.943625135697
Au   -10.161633039293    -7.110672985707     4.271965289857
Au    -2.079522963736     1.153959339838     9.148313203763
Au    -1.796782566353    -1.082476869829     7.542352810647
Au    -1.216489868213    -3.198763888839     5.365661379919
Au    -0.907529365581    -5.563481205856     3.888328821219
Au     1.828086400945    -3.669161085403    16.742513862005
Au     2.199773226646    -5.951146882986    15.320575051836
Au     2.378715517666    -8.359877717774    13.301011852549
Au     2.689971737466   -10.649958738826    11.409753774669
Au    -4.772570395946     1.471991200730     8.537092484819
Au    -4.560296554907    -0.716946447172     6.624323625572
Au    -4.163856327782    -3.080442076748     4.932001561725
Au    -3.662644154281    -5.743379927994     3.366757448040
Au     1.205726346265    -1.823367760994    14.692856998625
Au     1.809777961320    -4.013712143012    12.744996925484
Au     1.965490417744    -6.544202265614    11.015038619966
Au     2.593496458757    -8.825167779768     9.042106360432
Au    -0.551289852360    -6.225943571788    19.564740180231
Au    -0.215815525632    -8.483926605306    18.108789236067
Au    -0.070095350535   -10.938199381851    16.434854278571
Au     0.559711988422   -13.029296867493    14.582626468544
Au    -7.679128205626     1.445477181401     7.975695772081
Au    -7.367254373088    -0.401379973553     5.761586538105
Au    -6.855869214108    -2.509952721893     4.018615240700
Au    -6.081341439694    -4.966364922072     2.635685603069
Au     1.021608272179    -0.078973166554    12.359415950430
Au     1.449561586971    -2.433331985999    10.614340138714
Au     1.524676445454    -4.789137461024     8.748947845460
Au     2.094666106513    -7.025920230999     7.009328613351
Au   -10.768449836851    -0.675898025399    12.250263511499
Au   -10.340007987429    -3.119211030903    10.699706397026
Au   -10.119980516838    -5.597945703981     8.742893899292
Au   -10.056783003906    -7.904121420351     6.687144462996
Au    -9.414091183059    -9.660066454991     4.655179613473
Au    -4.531518199038     1.378800927676    11.356427080500
Au    -3.943154413175    -0.896426360515     9.461754807180
Au    -3.363588075776    -3.305409803845     7.641036158168
Au    -2.778114547187    -5.408130482719     5.967843728404
Au    -2.535988500605    -7.905688010640     4.534505009941
Au    -0.579094928501    -1.870004493738    16.538019407578
Au    -0.081036141126    -4.327949210955    14.775750475282
Au     0.199066827395    -6.714794877345    13.180892177338
Au     0.472054691385    -8.812467447162    11.386170753327
Au     0.640007561309   -10.754917976051     9.477617457737
Au    -2.694653231510    -4.414534586363    19.574005255532
Au    -2.549989220985    -7.302661289473    17.955658625806
Au    -2.342267663304    -9.210470405726    16.136261742701
Au    -1.861949990129   -11.809562705437    14.532784707742
Au    -1.225839874576   -13.687260704438    12.819864120809
Au    -7.234413264657     1.344413296915    10.746833031119
Au    -6.661839016945    -0.965785090136     8.542403987763
Au    -6.160072979873    -3.094319067266     7.006071186533
Au    -5.744820238075    -5.272326843648     5.232690800593
Au    -5.234979755745    -7.837319347164     3.610367044037
Au    -0.972055198298    -0.108003144045    14.524151789825
Au    -0.739456514014    -2.545842835027    12.640129366210
Au    -0.372963272146    -4.893742282030    10.948398777242
Au     0.179367261547    -7.445252001120     9.121248847583
Au     0.424146632344    -9.370732601309     7.132162349426
Au    -5.183809650858    -3.221565097121    19.413279130453
Au    -4.828436094524    -5.622681789404    17.966777093346
Au    -4.588738076254    -7.440625372159    15.723595474856
Au    -4.395367431840   -10.071382297355    14.388052069008
Au    -3.826656041435   -12.163827879110    12.693641893404
Au    -3.306344848033   -14.383747971473    10.863249505461
Au   -10.297362791987    -0.786147887348    14.999283776218
Au   -10.128226548973    -3.085640570136    13.455618877859
Au    -9.476142699443    -5.579271522433    11.495440565270
Au    -9.109486802496    -7.973776136154     9.725978857551
Au    -8.652220487388   -10.117603995244     7.486395513773
Au    -8.047502372264   -11.898160253019     5.232589466817
Au    -6.327118389583     1.172919054641    13.392896852069
Au    -5.754750624097    -1.036912622557    11.609764871126
Au    -5.554981081931    -3.297310213045     9.791081360684
Au    -5.067744627640    -5.359160465069     7.979270968540
Au    -4.654527322060    -7.738270967572     6.353129274727
Au    -4.266681632290   -10.286515640400     4.399438470360
Au    -3.096497591194    -0.549336110183    16.268613337615
Au    -2.624607818684    -2.693887032433    14.433834594098
Au    -2.170932476289    -5.105106403668    13.095690908858
Au    -1.927302482875    -7.253101078377    11.041588480694
Au    -1.858178581751    -9.593200843315     9.202562542793
Au    -1.077043719856   -11.839889210795     7.564443230422
Au     2.137382607778   -12.402914481737    16.643078858518
Au     2.180974448228   -10.335991712035    18.193206590096
Au     1.646219879483    -7.970348084207    20.023857285432
Au     4.603036094393    -9.854398993330    13.615528568235
Au     4.600529470938    -7.612851799527    15.066840536070
Au     3.740478677159    -5.555633083718    17.307602388461
Au     4.177865084524    -8.280856560982    11.280810219289
Au     3.975271900236    -6.039585688425    13.049069962886
Au     3.933103573197    -3.600049940918    14.650594409191
Au     3.918365795160    -6.572249108906     8.854329848923
Au     3.613919767447    -4.365509256459    10.702526523341
Au     3.173000875257    -1.628220418736    12.711000438031
Au     3.519157527932    -4.810148988564     6.708349666168
Au     3.316390921188    -2.453209600516     8.598018096595
Au     3.116361903994    -0.014471581777    10.587400450891
Au     6.162508092844    -7.652305802531    12.804675864541
Au     5.905717585323    -5.376802620654    14.632170270473
Au     5.800634349612    -6.078889918562    10.882914083994
Au     5.754829590562    -3.789827471791    12.484239820147
Au     5.296904085354    -4.015727906268     8.786464212200
Au     4.941955297297    -1.829978740991    10.603355562850
Au     0.668064195304    -3.378583137816     3.698499631386
Au     0.198699591706    -0.830751706926     5.548945006102
Au    -0.410389081436     1.224393678678     7.184942583135
Au    -2.164503088506    -3.055709681209     2.686983939040
Au    -2.409480988278    -0.855273036287     5.001660921045
Au    -2.841288280975     1.843814488068     6.412621637740
Au    -4.730143620520    -2.644893731589     2.195893742655
Au    -5.197097878809    -0.282935898772     3.947554414782
Au    -5.723452611596     1.838701750115     5.974035836150
Au    -7.505670173336    -2.698129656975     1.454137058583
Au    -8.084569984380    -0.228850281212     3.182609880147
Au    -8.138411149333     2.026878367631     4.961047843661
Au    -0.485152884243    -0.945754642448     2.780714084505
Au    -0.838437961795     1.160982921922     4.276856450843
Au    -2.821530343332    -0.363554560509     2.168379317986
Au    -3.255744914542     1.811780763414     3.752809005586
Au    -6.016244417499    -0.626746947477     1.417183119798
Au    -6.308467783539     2.215748600021     3.091248430032
Au   -11.016557958188    -4.662398026520     3.455032202956
Au   -11.381931393453    -2.556070343462     5.327451854524
Au   -11.797394789882    -0.582639767693     7.057260777816
