         216
 AuNiAgCu    E (eV) =  -772.399170       T (K) =   550.000000       time (ns) =  0.850000024    
Au    -4.736659743183     5.619053042011    11.854765902198
Au    -4.881457400492     2.740624295764    11.959367184765
Au    -5.839140277015    -0.228471736252    11.641665128647
Au    -5.932635858329    -2.878777102527    11.614058932233
Au    -6.118395763805    -5.955762080196    11.109119656099
Au    -6.319711827941    -8.923046438979    11.063930818436
Au    -6.406322469404   -11.819709645858    10.947380742879
Au    -6.416175638402   -14.575209336033    10.379842241260
Au     2.815913218514    -0.678044119473    16.824559068647
Au     2.620639207468    -3.741929556187    17.048208597696
Au     2.753204086903    -6.698561258458    16.775877470964
Au     2.101936035478    -9.458923751335    15.936191334005
Au     2.309255591190    -0.251265933786     5.606967849841
Au     2.172356439406    -2.988232392096     5.644412745927
Au     2.484128980602    -5.859337221253     5.600052620817
Au     1.699810929849    -9.266155932466     5.407265731929
Au    -8.557137280906     0.572126043333     2.178733274625
Au    -8.518018613736    -2.063878245480     1.398161250179
Au    -8.647565075245    -4.859630679923     0.568994184239
Au    -8.321555142515    -7.543928607879     1.230546571728
Au    -6.257193147335     4.277388325216    13.732152329505
Au    -6.969121177987     1.802044079714    13.378502642314
Au    -7.380003115525    -1.213135901225    13.466352519404
Au    -7.462239376018    -4.291842144217    13.002266035620
Au    -7.480219751670    -7.585939686229    12.963765517481
Au    -7.334481405578   -10.426418596213    13.225140208376
Au    -7.317656358504   -13.338577543360    12.752076012008
Au    -7.626156570978     3.519065561137    11.503811375587
Au    -8.603001823792     0.874515093322    11.571220220021
Au    -8.316924041495    -2.092959274354    11.070870412768
Au    -8.619976305608    -5.048593816925    10.658287091850
Au    -9.012455332018    -7.724619477598    10.681618589007
Au    -9.063223114250   -10.322891399979    10.594834002457
Au    -8.648860810214   -13.144152087919    10.283849591038
Au    -5.742408478442     4.412801290616     9.578833876544
Au    -6.342947628892     1.470931109893     9.627319244651
Au    -6.691701334612    -0.952807660073     9.165850826910
Au    -6.829957982908    -3.800518015906     9.063633877569
Au    -7.402104093258    -6.870164347669     8.584328403669
Au    -6.960139109786   -10.290381751456     8.506409519680
Au    -6.676154577019   -12.883657529441     8.117328615369
Au    -3.075811681748     4.232265346069    10.440778951056
Au    -3.521880509169     1.295400139784    10.163854527048
Au    -3.802288187146    -1.515888111109    10.005282491145
Au    -4.136582832099    -4.309152280759     9.690569340449
Au    -4.216413753401    -7.162028880505     9.734844241415
Au    -4.357597002465   -10.359467764498     9.379409359555
Au    -4.454648168745   -13.279092750115     9.299276760226
Au    -2.712665413896     3.981154393008    13.068261821197
Au    -2.959234913396     1.011940611501    13.150090026771
Au    -3.720437149150    -1.471390974500    12.803461569291
Au    -3.994271127051    -4.265380592581    12.918171677360
Au    -4.244980292518    -7.297222567644    12.910380766670
Au    -4.422048813440   -10.609752093339    12.409483555225
Au    -4.544098734763   -13.581523195087    12.253695161844
Au    -6.523470605732     3.226269212199     7.285368691535
Au    -7.172725725218     0.400378404103     6.834829508997
Au    -7.537096314440    -2.306464826526     6.693255384960
Au    -7.634055029708    -5.104105402316     6.479038753099
Au    -7.404453585961    -8.229896341064     6.248166795733
Au    -7.540568572547   -11.061419095828     5.876865063405
Au    -1.371175466539     2.725601935710     8.851620516849
Au    -1.586234344837    -0.055099400765     8.604112059491
Au    -2.063141084330    -2.761106987970     8.508798817747
Au    -2.246183700191    -5.933532122397     8.252476037656
Au    -2.375981546837    -8.743022301448     8.535519914614
Au    -2.431245707546   -11.400584559350     7.918486358536
Au    -0.969778135506     2.385598909425    14.225559793828
Au    -1.242907414517    -0.496849699483    14.317548259325
Au    -1.556671888723    -3.144175823290    14.107696358351
Au    -1.761500084683    -6.027089120970    14.056928158604
Au    -2.426683226169    -8.939246333851    14.161851951183
Au    -2.568822130795   -12.026065420294    13.728466748248
Au    -7.857429381665     2.052420122132     4.652563329507
Au    -7.992333780207    -0.959796226352     4.289684453207
Au    -8.058889635301    -3.483912302760     3.893153205206
Au    -8.440602356801    -6.439344000851     3.953980484165
Au    -8.136543041268    -9.249959920780     3.739061991609
Au     0.181905073051     1.547541704987     7.263115268479
Au     0.246592120041    -1.456735420763     7.159791702984
Au    -0.056226136346    -4.405230557750     7.326850772606
Au    -0.087016678593    -7.366994290671     6.757696799215
Au    -0.410764139798    -9.949238502245     6.840353163448
Au     0.862972289381     0.578758059520    15.674125638635
Au     0.728441793637    -2.077766452800    15.728164654301
Au     0.552439142665    -5.149687776830    15.481402627623
Au     0.048072357413    -7.826328063792    15.390742843644
Au    -0.373094358739   -10.447719261701    15.318305786035
Au   -10.062831308319     0.883862618371     4.178848477673
Au   -10.824831213631    -2.372142637012     4.204796142309
Au   -11.316489099981    -4.977185744866     4.175870611029
Au   -10.499577664629    -8.201937570362     3.723111085257
Au    -0.386151243321     0.013067918249     4.966318122340
Au    -0.425360665447    -2.977419394392     5.022482440567
Au    -0.432130376968    -5.788403290388     4.732931943973
Au    -0.925034593852    -8.576309895112     4.050145362290
Au     2.747595691728    -0.969120152329    14.216581234787
Au     2.450155078890    -3.814894888206    14.017408486722
Au     2.257265392568    -6.788738053069    13.988344521778
Au     1.796961206411    -9.557012300250    13.404273111325
Au    -3.042867288627     0.402801751825     3.671338080452
Au    -3.246179474785    -2.444299300287     3.641615842942
Au    -3.396558243871    -5.469221665526     3.756864929854
Au    -3.538283020730    -7.871982661931     3.244314054251
Au     2.638250776653    -0.799935210569    11.050031773523
Au     2.425993733319    -3.488656171559    11.191512562107
Au     1.953952561867    -6.329541163108    11.121071320314
Au     1.824485132759    -9.244860269805    10.819020292678
Au    -1.096712470068    -0.701813389850    17.354688793513
Au    -1.184655031497    -3.448476388983    16.992053464313
Au    -1.548898673115    -5.987916513299    16.846744465701
Au    -2.043251123986    -8.670012243119    16.841720383304
Au    -5.707408004127     0.554781774403     3.045822280477
Au    -5.821577584918    -2.393890718087     2.913840243695
Au    -6.422835799128    -5.191523065726     2.397528733234
Au    -6.151688080755    -7.827998347919     2.526528090636
Au     2.597391564434    -0.401625843353     8.373664290994
Au     2.593556919433    -3.031452229944     8.539525728593
Au     1.815747814906    -6.108068775081     8.231287209020
Au     1.823425691564    -9.260915832485     8.005710551965
Au    -9.310357911707     2.049243391291     6.787518839568
Au    -9.785791229014    -0.748386512101     6.309624439930
Au   -10.018923727408    -3.758406284525     6.303072062432
Au   -10.063764368681    -6.522369979104     6.013760413198
Au    -9.934508959684    -9.775224364489     5.877918257467
Au    -2.399662404094     1.571064229545     6.115931487121
Au    -2.622833168390    -1.150549969382     6.311959800907
Au    -2.539530573722    -4.094249371532     6.123323434074
Au    -2.893470030675    -6.975796160723     5.877354641760
Au    -2.929253005532    -9.630190026548     5.605355379107
Au     0.933038059465     0.586998765374    12.787605435672
Au     0.561008677520    -2.172254072035    12.702664058473
Au     0.066068180513    -4.915456108187    12.651798735293
Au    -0.189398568096    -7.777818886611    12.397818077450
Au    -0.683233633035   -10.266732850235    12.548105776319
Au    -2.313777516468     1.111031960926    16.034882914372
Au    -3.180992098396    -1.554626046308    15.821510300738
Au    -3.358132169736    -4.357304963057    15.738451085504
Au    -4.036884666186    -7.086670956556    15.806012075130
Au    -3.660950779211   -10.732058746698    15.688080908535
Au    -4.930010298643     1.665891342761     5.365590244380
Au    -5.227760844138    -1.006708717340     5.283275746479
Au    -5.086332298306    -3.759731584981     5.167341338640
Au    -5.347378878486    -6.792551606083     4.968981968184
Au    -5.683131610772    -9.657955393728     4.814637256090
Au     0.857848499463     0.781327494684     9.837575770716
Au     0.390487532494    -1.876093615173     9.802186259298
Au     0.223034624165    -4.418683030555    10.059693875963
Au    -0.270515292519    -7.325781298876     9.840070096273
Au    -0.450097204488   -10.149970442852     9.672253195282
Au    -4.452806571440     2.737331690879    14.687070834359
Au    -5.149450906117    -0.006813944513    14.579892971412
Au    -5.398602223029    -2.867705633533    14.772539281553
Au    -5.706697820988    -5.696691939022    14.371169738902
Au    -5.546829855189    -9.063028716445    14.790634830485
Au    -5.618282055448   -12.073972120323    14.320840327549
Au    -8.449906419696     3.510032657884     8.934360187667
Au    -9.036657003320     0.282804628214     8.910123731464
Au    -9.350880239219    -2.730323053358     8.555413767265
Au   -10.156612318498    -5.661012021320     8.515250075703
Au    -9.325972435524    -8.736896030011     8.257347629073
Au    -9.258049719419   -11.657779706536     7.974221473642
Au    -3.968982761059     3.217032513345     7.755293560134
Au    -4.422811830716     0.358967683811     7.686061813181
Au    -4.707808293625    -2.751308274596     7.603594667978
Au    -5.103130069774    -5.584834317928     7.504670270444
Au    -4.942287349070    -8.345607535020     7.199753535474
Au    -4.995548496163   -11.358842106270     6.845170045610
Au    -0.583235532870     2.521299325940    11.539269170195
Au    -1.467380275247    -0.390944918711    11.396110371874
Au    -1.795774819691    -3.253731553400    11.469907948843
Au    -2.184462015532    -5.937785962551    11.279625105157
Au    -2.639797278648    -9.024839395197    11.306728960719
Au    -2.321109951442   -11.896007829252    10.905612619655
Au     0.479552019243    -7.478234624631    18.037480273640
Au     0.633601971078    -4.683346795857    18.423962414721
Au     1.104499195306    -2.118692740231    18.578468896179
Au     4.228249606568    -8.282304877200    15.053123520893
Au     4.587659618315    -5.467035447814    15.162407356160
Au     4.612731189142    -2.667504668326    15.464875349978
Au     4.037230437001    -7.912337251028    12.150619388226
Au     4.313701985667    -5.225880880671    12.559333117552
Au     4.445222477337    -2.405769273390    12.894822615238
Au     3.910074398529    -7.677362803290     9.274117545497
Au     4.336009716335    -4.648318020789     9.591306117530
Au     4.771327119417    -1.780058361480     9.681078001012
Au     3.757437776956    -7.877864431952     6.428502735951
Au     4.421661692731    -4.527080723091     6.956265089301
Au     4.391053329010    -1.762328568691     6.965387019484
Au     6.205788826814    -7.213339746262    13.176006886594
Au     6.446584301250    -4.312790766880    13.604408575375
Au     6.154496235824    -6.136491620217    10.781372318670
Au     6.158598357493    -3.545948974748    11.177703136096
Au     5.755778337533    -6.571505839815     7.965253536299
Au     6.693938942948    -4.162641249222     8.610957836015
Au     1.349555725793    -7.216376945963     3.392033680951
Au     1.732666587819    -4.381729565468     3.362038243939
Au     1.418965402347    -1.648553798312     3.074340055258
Au    -1.261709939385    -6.953431098390     2.039243653631
Au    -1.121890515696    -3.953169633756     2.618027565185
Au    -1.097085725379    -0.963127599997     2.308917415347
Au    -3.791848892972    -6.669160123279     0.793775106124
Au    -3.865771615925    -4.008691999471     1.439795506258
Au    -3.591250629507    -0.539104781913     1.375904902393
Au    -6.401174255937    -6.315867825352    -0.180680004501
Au    -6.435754304797    -3.457737110315    -0.224991171203
Au    -6.453714187812    -0.703033631125     0.707539333053
Au     0.877029096039    -5.681252720875     1.210811195082
Au     0.522652705798    -2.765084465545     0.874303981455
Au    -1.559631002662    -5.126781595358     0.043454581054
Au    -2.214035466840    -2.619652830508    -0.157567906114
Au    -4.049048323088    -4.497040792432    -1.146389616506
Au    -4.734257519924    -1.682162543601    -1.020777139411
Au   -10.410770956759    -6.223144555518     1.984417281737
Au   -10.698782761288    -3.546177302311     1.953888453556
Au   -10.946519926337    -0.854465470730     2.177566389808
