         216
 AuNiAgCu    E (eV) =  -774.171631       T (K) =   550.000000       time (ns) =   1.50000000    
Au    -1.014824985033   -19.206939261161    20.756447550219
Au     1.064817897743   -17.178327869747    20.973456843528
Au     1.771885852623   -14.942547058956    19.571381246857
Au     2.716032710576   -12.498583720713    18.294778080933
Au     3.676983956269   -10.619303782047    16.515947838503
Au     4.717975234855    -8.489465738294    15.000682468999
Au     5.775604619600    -5.809392063033    13.544021654801
Au     3.989520404224    -4.406019702158    12.196814061469
Au     8.127690889587   -12.635096229643    26.688835272054
Au     9.252078072129   -10.633789052555    25.183267315834
Au    10.376377612652    -8.407536482148    23.911268127132
Au    11.807492247191    -6.775137189756    21.918748642603
Au    -2.351450804909    -8.320547999560    26.234266888606
Au    -1.649192291524    -6.258322648464    24.792722325024
Au    -0.409504448721    -4.118946007115    22.861364613478
Au     0.764958084904    -2.109058615475    21.369685624242
Au    -7.605398438910   -12.378914454614    17.056353331054
Au    -8.362688070534    -7.146331745859    18.878145293540
Au    -7.057997173861    -7.804852426783    16.324336054547
Au    -4.657756082335    -6.551543699810    12.174754447461
Au     0.413139166566   -18.994744899089    23.011797300621
Au     2.492950028881   -17.835947613819    18.829643299894
Au     3.182884563969   -15.476913934399    17.433497144587
Au     3.952460617818   -13.170340945409    15.806069742803
Au     5.003371596444   -10.889668095979    14.172222864082
Au     6.608031633389    -8.657695297889    12.937340814917
Au     6.832852592563    -3.495355435367    12.279205186294
Au     1.556692092673   -19.732872478843    20.711804875950
Au    -0.202907492786   -18.120355587895    18.518498471986
Au     0.561922586718   -15.951595695670    17.010156921718
Au     1.339153075680   -13.921898574931    15.704311166811
Au     2.398981279790   -11.674960251549    13.977584278135
Au     3.056679470791    -9.488930131748    12.431057944420
Au     7.817146949033    -5.847546685510    11.852503827549
Au    -1.986518669707   -17.384860737426    22.137034970267
Au    -1.039480453874   -15.730302352062    19.696517594584
Au    -0.366266325249   -13.177988015365    18.221571686049
Au     0.885164939793   -11.289548424983    16.688334722800
Au     1.701511654814    -9.075798842736    15.114993135980
Au     2.973839980550    -7.050799265009    13.558563614075
Au     2.986755211275    -6.005978512380    10.350165681744
Au    -0.306216568349   -16.455952171165    23.703782238246
Au     0.414031623407   -14.321640735707    22.198993718482
Au     1.097310194323   -12.125459465525    20.426829073996
Au     2.218091488689    -9.849403218433    18.866647257225
Au     3.226396187806    -7.487849667240    17.262726818611
Au     4.284192146973    -5.487047456936    15.772198790558
Au     5.076322630640    -3.132365102502    14.255902752782
Au     2.427438206828   -17.489009981535    24.081071313858
Au     2.987378499838   -15.581557523742    22.402063080041
Au     3.996665858214   -13.414803227567    20.688650762257
Au     5.020673959944   -11.032043655625    18.981546399915
Au     5.835415725273    -9.237736674052    17.457169449672
Au     6.940654773235    -6.921477131317    15.829154459139
Au     8.392837248469    -4.756659947809    14.272549691601
Au    -3.955166963731   -15.744909022848    20.598743394510
Au    -2.967679659510   -14.061730087709    18.413143348615
Au    -2.277886200317   -11.631278473065    16.641664184865
Au    -0.745399858105    -9.962464093499    14.991428725160
Au     0.041335593109    -7.578204271596    13.473784705837
Au     1.374693590713    -5.273171170722    12.424625599964
Au    -0.930019213483   -13.830705897990    24.521911055519
Au    -0.101437798036   -11.670113950612    22.953668484583
Au     0.808971789025    -9.561003100646    21.200929385936
Au     1.478583257602    -7.293828090951    19.640581977663
Au     2.785581961450    -4.935750700982    18.060014066968
Au     3.972579937799    -2.796749912561    16.741877625231
Au     4.185523688469   -15.748169536758    25.444212787737
Au     5.109160592693   -13.873625340221    23.309837680222
Au     5.962673793964   -11.680083826690    21.685871147675
Au     7.031547021500    -9.495720145681    20.175361936366
Au     8.130130576017    -7.347442470973    18.592619442305
Au     8.964953295343    -5.278067911728    16.829173535208
Au    -5.720674601389   -14.246397349430    18.665917370994
Au    -4.960848569475   -12.255932910855    16.815699513071
Au    -4.234952652656   -10.127882757907    15.087701129347
Au    -2.992483083874    -8.010905831048    13.843120399962
Au    -2.110745636111    -5.979788077448    12.307172667265
Au    -1.707653396459   -11.760883388200    25.492381915952
Au    -0.817538118270    -8.821294697086    23.985937331636
Au     0.294359406685    -6.695624183196    22.410690345042
Au     1.278895361480    -4.562592196353    20.415907825223
Au     2.221760291908    -2.424281895558    18.897234468955
Au     6.255846621535   -14.157931512460    25.734901777287
Au     7.047156172459   -12.077524605927    24.264519233626
Au     8.192286656130   -10.046025628839    22.580901277194
Au     9.369600649830    -7.985044415075    21.220015051859
Au    10.347020408133    -5.832771095107    19.185486121400
Au    -6.692674525961   -14.866835363328    16.296194216949
Au    -6.439027657605   -13.123880748605    14.580632643424
Au    -5.577784223994   -11.218573808177    13.024197599165
Au    -1.610151167114    -8.522726482216    11.491916395712
Au    -3.471819288638    -9.550152854943    23.786520867994
Au    -2.635839134677    -7.405320500199    22.405314148774
Au    -1.590793499495    -5.284960867281    20.740732771659
Au    -0.494037638089    -2.915077308537    18.913712708466
Au     5.748794893047   -11.504034975561    26.627329879011
Au     6.574848718869    -9.332512802678    24.765231037051
Au     7.881615968372    -7.176620884553    23.313270049062
Au     9.124645105445    -5.326529127139    21.429817135471
Au    -4.634051525272   -10.432320396297    21.348457122881
Au    -3.767736986749    -8.476476580924    19.751891308736
Au    -2.776666569696    -6.321337957608    18.208429505921
Au    -1.905706767467    -3.698202581202    16.916187311234
Au     2.993713033292   -10.282023449710    26.226751882232
Au     4.047593177285    -8.239175956918    24.523548566298
Au     5.224488960679    -5.828388795267    23.381547215096
Au     6.042126619943    -3.886606467614    21.713830194147
Au     7.869756703369   -14.693334347563    23.377922261703
Au     8.956224378705   -12.889831858408    21.528600638129
Au     9.934223610457   -10.692579591496    20.262695018459
Au    10.684346952847    -8.505558125818    18.771890790207
Au    -6.049646914291   -11.730270616400    19.346795669035
Au    -5.093753029380    -9.398804642954    17.610715856891
Au    -4.399063378334    -7.387916697566    16.142566454159
Au    -3.287438883031    -5.134119029042    14.407683174841
Au     0.097958027068    -9.793207051997    26.600509804961
Au     1.409561770604    -7.431303888059    24.736087977977
Au     2.274305200899    -5.171414091745    23.100144028389
Au     3.404535694402    -3.047137022838    21.316247427251
Au    -4.620140843041   -16.626047324455    18.020360293444
Au    -4.082979745750   -14.946210976455    15.943943385067
Au    -3.254919475492   -12.772436354117    14.426686410629
Au    -2.252415422495   -10.813017685601    12.809069154574
Au     1.284129265203    -7.896921651566    11.195011780011
Au    -2.867689424223   -12.137340370114    23.299124307724
Au    -1.802808771950   -10.273308103757    21.446843249087
Au    -1.079177617471    -7.780594300914    19.801961366153
Au    -0.115770125332    -5.474848713707    18.049476264918
Au     1.072666216269    -3.451697349756    16.598532694192
Au     3.511477006779   -13.082811779202    25.859145340615
Au     4.547305154626   -11.180590723235    24.255651906233
Au     5.429158191202    -8.509103885136    22.296554228125
Au     6.628156727919    -6.366089801778    20.961208166750
Au     7.483415618836    -4.693478082156    19.014410980232
Au     5.785599170614   -16.303404564420    22.732425750269
Au     6.533772457731   -14.348605318742    21.028331958050
Au     7.501964312015   -12.307007947753    19.041484895200
Au     8.436194358447   -10.223964736147    17.771719031798
Au     9.524358290507    -7.983142575252    16.451869154363
Au    -4.267709266524   -13.271724545597    21.117692267416
Au    -3.289411579600   -11.477539194489    19.199746708132
Au    -2.197508859325    -8.842781046761    17.363094878525
Au    -1.442454602408    -6.491815764004    15.757980666699
Au    -0.183766251419    -4.508655697302    14.347186866565
Au     0.991735873397   -12.216880882555    25.501878184116
Au     2.096238860199   -10.074445620054    23.625052247093
Au     2.792028355402    -7.903984138277    22.243530983155
Au     4.017941402242    -5.695928360103    20.676960074935
Au     4.884429762997    -3.640674877664    19.106772320730
Au     3.699183478251   -18.210090959829    21.686915579475
Au     4.426054917314   -16.192127604568    20.198120026387
Au     5.265076390924   -13.629188128644    18.290946976340
Au     6.382763793989   -11.804049117444    16.453715048621
Au     7.377650662824    -9.850414259315    15.027745459407
Au     8.776608986918    -7.320738199337    13.911148635115
Au    -2.852983287901   -17.959536857493    19.676483958456
Au    -2.097656817610   -16.617471776619    17.435926310242
Au    -1.479873404792   -14.242688251852    15.734657563728
Au    -0.185989797799   -12.318697131693    13.952253497451
Au     0.515846846990   -10.203375865505    12.655805758896
Au     4.826427130083    -7.472768774580    11.379927164652
Au    -2.531881003006   -14.933390042246    22.735473451386
Au    -1.596372663630   -12.989010729050    20.700531556712
Au    -0.617973096365   -10.392977680757    18.968141726661
Au     0.383488199064    -8.113886385176    17.468553986273
Au     1.445332743946    -6.213963625671    15.528511441994
Au     2.448760122981    -4.034676413322    14.468549229125
Au     1.679890318771   -14.869253007622    24.954965212501
Au     2.600730016468   -12.780834328771    23.112274032212
Au     3.540947468650   -10.575234156260    21.279433382740
Au     4.426906977401    -8.320405265070    19.755160315130
Au     5.482899158916    -6.245255907420    18.403975312769
Au     6.516831989766    -4.082263094587    16.240190878134
Au    11.870611968413    -9.142574679505    21.185476750072
Au    10.897618611373   -10.874482069070    22.875750652682
Au     9.638845862787   -13.000449301081    24.253023445099
Au    10.155768073421    -5.928200692571    23.941564867654
Au     8.891799515179    -7.997819632955    26.133273383597
Au     7.640085435705    -9.975889037884    27.507069164268
Au     7.584547880395    -4.682869443074    24.122690752677
Au     6.348910006089    -6.735403881951    25.539042345594
Au     5.171741450917    -8.923388199356    27.498958826433
Au     4.080068548128    -3.348470916562    23.998540227252
Au     3.499101452874    -5.634957227767    25.522688086051
Au     2.681681643831    -7.593706633615    27.298709886597
Au     1.651207158034    -2.591291854667    23.990472937133
Au     0.888982637053    -4.663054908578    25.293356007424
Au    -0.107444164994    -6.898252209377    26.944976825631
Au     8.316166437710    -5.478590744278    26.504103858017
Au     7.037382231521    -7.405016391737    28.112037936016
Au     5.703640359493    -4.055590503057    26.057700953935
Au     4.809128305586    -5.925799274645    27.926124590905
Au     2.809333051104    -3.305393400594    26.531720008366
Au     1.515256016617    -5.301714506768    27.967536289137
Au    -1.838888161170    -2.581586631562    21.115142318793
Au    -3.179932133257    -4.652166644288    22.913431358479
Au    -4.264231143010    -7.090726865177    24.677801328786
Au    -3.235601228798    -3.540295404486    19.139538562891
Au    -4.523404581666    -5.518392959357    20.705933179204
Au    -5.407918417675    -8.029683385579    22.247732480348
Au    -4.549153611654    -4.826060617527    16.807217299409
Au    -5.740923940082    -6.766211412276    18.526757244975
Au    -6.674904846662    -8.988418861606    19.928648419663
Au    -5.835324441269    -5.883657527865    14.338735176238
Au    -7.344295578665    -5.076062574021    16.856029880895
Au    -8.018607870564    -9.880554533285    17.873560382272
Au    -4.794067076597    -2.711074578696    21.232875665244
Au    -5.870441894497    -5.495866962177    23.204245850161
Au    -7.190606445253    -3.952664698655    21.546915567300
Au    -7.314943524430    -6.634260897657    21.158001239764
Au    -6.128984516491    -3.821824645439    19.150754558424
Au    -8.641230824948    -4.625509363118    19.336196538505
Au    -4.419851551705    -9.066224266739    11.464981768063
Au    -5.846726279062    -8.563970759557    13.574301720958
Au    -6.804442845429   -10.281405909591    15.490489866580
