         216
 AuNiAgCu    E (eV) =  -774.054077       T (K) =   550.000000       time (ns) =   1.75999999    
Au     0.322749734736   -14.804386853303    24.285568694978
Au     0.162663025126   -11.423557269082    23.963719498680
Au     1.966015917419    -9.621062684828    22.254039545359
Au     3.649023957896    -7.994338739094    20.565278562852
Au     5.286145930256    -6.517477207970    18.799914642715
Au     6.895790091557    -4.708516806429    17.082557819354
Au     8.900991902622    -3.175583990666    15.385039960476
Au     8.657147956159    -3.410882929760    12.593046239963
Au     1.231340211999    -2.829267829744    28.287891619998
Au     2.722242116920    -0.706594225640    27.094556879580
Au     4.123455461004     1.301267720670    25.417053439732
Au     5.623829875138     2.635049791694    23.015672447760
Au    -5.911361148412    -4.643951796194    19.102157444965
Au    -4.346697561693    -2.927969123403    17.395532403424
Au    -2.387296002103    -1.264144125394    15.643545434724
Au    -0.905191328260     0.140389447060    14.126530926470
Au    -1.446262464871   -13.509814702190    14.177511326981
Au    -3.728939076512   -10.134532282701    10.813791593938
Au    -0.999606733724   -10.763902695208    10.835437026650
Au     3.595488144004    -9.202421302621     9.248875436786
Au    -1.332596034998   -12.781479818181    25.491205591550
Au     3.041863728622   -11.348551441379    23.850926533943
Au     4.701936434818    -9.914459443242    22.074873149014
Au     6.530926834652    -8.290968688403    20.725021420093
Au     8.397568122626    -6.752119691612    18.690332709851
Au    10.366711085731    -2.029119102609    17.541606648171
Au    11.758741106541    -0.542372048116    15.731825955174
Au     1.923207103201   -13.103146489717    25.567038433491
Au     1.728987473837   -13.484178143017    22.613341184076
Au     3.022882024291   -11.964995453424    20.793658865760
Au     4.672216931128   -10.342596825044    19.435505199184
Au     6.754555419425    -8.601279980926    17.786791849918
Au     8.225297640644    -6.838869348836    16.059061472845
Au    11.472866744466    -3.147638131523    15.350710186585
Au    -1.377559283824   -13.085893300435    22.666686505862
Au     0.316503872410   -11.552297513741    21.080557570552
Au     1.837683619863    -9.853717617171    19.350306570647
Au     3.633090525349    -8.350340324584    17.670475937526
Au     5.358914339126    -6.960330277578    16.064731561894
Au     6.925192115175    -4.969376000001    14.270118788700
Au     9.551894273469    -5.664547565161    14.039983233704
Au    -2.669097853944   -11.006674592436    24.023923843174
Au    -0.745623813099    -9.255657752272    22.437900270788
Au     0.774716760272    -7.444190407396    20.693156595856
Au     2.436656601299    -6.098608574021    18.876304867451
Au     4.279864549165    -4.318663425929    17.175766252387
Au     5.964475012424    -2.610378977207    15.485898137204
Au    10.205031226007    -1.571778506474    13.619978664977
Au    -1.585853947704   -10.002624103988    26.326322481276
Au     0.593624335918    -8.624371453685    24.696310549742
Au     2.467534633053    -6.868699056411    22.857980552047
Au     4.443084212072    -5.228902665005    21.166542214354
Au     6.322719191066    -3.683378429777    19.456393936800
Au     7.650923680951    -2.024088715140    17.634295251281
Au     7.607650034781    -0.962660006671    13.559052671817
Au    -1.642869852518   -13.318913581637    19.905621411490
Au     0.128719490754   -11.933559152423    18.094004302146
Au     2.089160219239   -10.337380024493    16.418599547399
Au     3.631100902037    -8.702608246977    14.828458683743
Au     5.106412113756    -6.982679247994    13.147194532732
Au     6.823563531964    -5.211671920217    11.824501305714
Au    -3.691697379299    -8.802028837723    22.412863077958
Au    -2.197665101437    -7.445096155135    20.473784938286
Au    -0.397230468898    -5.723320059999    19.069107581778
Au     1.244570878661    -4.039800015431    17.738298860200
Au     3.036014479881    -2.293048514375    15.998112968929
Au     4.884498547964    -0.496784291432    14.210879405905
Au    -0.050190136200    -7.864958188643    26.969382274332
Au     1.417875514209    -5.888272053196    25.371139923957
Au     3.337079707141    -4.107729926157    23.611822198717
Au     4.994120043787    -2.589172463025    21.847108515721
Au     6.731527826967    -1.056121005612    20.188084160908
Au     7.867168534935     0.550017681911    18.572544094438
Au    -1.687367576824   -13.749105275198    17.027308150440
Au     0.459060950829   -12.069834260387    15.428903679655
Au     2.133186693028   -10.700912200880    13.527056385936
Au     3.419753785358    -8.734785843441    11.900594976408
Au     5.265756404111    -7.279748876375    10.558747518189
Au    -4.791542000562    -6.788279997336    20.601954617693
Au    -3.434904736048    -4.972388410151    19.007945382375
Au    -1.398245412567    -3.459147160523    17.343484558188
Au     0.322305132581    -1.819007548420    15.781235936506
Au     1.884162711220    -0.250935865340    14.363327816388
Au     0.642254489709    -5.396652635278    27.860131422652
Au     2.288791264343    -3.327562338556    26.006525770671
Au     3.779288309748    -1.139203842712    24.577802315428
Au     5.235673350347     0.041070181820    22.414674458396
Au     6.983844162433     1.610028997546    20.955448148932
Au    -0.403316210438   -15.900102216566    16.034369759027
Au     1.488768846619   -14.509751053778    14.333311724775
Au     3.206680927603   -13.036869634955    12.861986997771
Au     6.123823825040    -9.672513944166    12.650489786645
Au    -4.919696019654    -7.327295841329    17.890110389756
Au    -3.286295611312    -5.398447115774    16.170022232498
Au    -1.570352563267    -3.752017560697    14.575335794296
Au     0.239628854823    -2.029719725666    13.083789338488
Au    -0.562279974881    -3.199017681464    26.292971800717
Au     0.962966110041    -1.396901973367    24.673363136918
Au     2.570099494746     0.543256781989    22.716037564206
Au     3.941891073716     2.530572446929    21.100132161900
Au    -3.943747456783    -9.726704995514    16.507461762417
Au    -2.400707069604    -8.036423966019    14.713924398397
Au    -0.452968986869    -6.038838197785    13.431486393897
Au     1.259355119703    -4.494632049187    11.399601069677
Au    -2.708085739638    -3.277960781505    23.753981460244
Au    -0.822756974625    -1.968237815579    22.512248253059
Au     0.765432935303    -0.047019894650    20.692116609930
Au     2.546408196890     1.448309183077    18.906537780061
Au     3.177303270183    -5.364238139973    27.832229455671
Au     4.930917996046    -3.721227652063    25.706574947259
Au     6.715459821683    -1.775909547739    24.440935294866
Au     7.943438270913    -0.239728731158    22.754110937046
Au    -2.953404789733   -11.839316637256    15.372734383613
Au    -0.739021444967   -10.611271888485    13.592749481996
Au     0.860288148457    -8.681804156743    11.927745393525
Au     2.675186578996    -6.766639988561    10.181520405194
Au    -4.187512539909    -4.110451262477    21.647701512056
Au    -2.419132068774    -2.477988793915    19.967529001573
Au    -1.020266264478    -0.718527538170    18.304257843616
Au     1.172990570284     0.897789792177    16.533583199209
Au    -0.876418671793   -15.651754360130    18.668194745369
Au     1.260691690655   -14.290011854401    17.115442963047
Au     3.437532781182   -13.245142076365    15.667955492668
Au     4.711141378524   -11.185225861692    14.192017315557
Au     7.656962701236    -7.473834699457    13.214430804643
Au    -4.036717788368    -9.305308111531    19.369977853281
Au    -2.303360195196    -7.587747803017    17.704273980986
Au    -0.448094464395    -5.870146922241    16.132050751306
Au     1.219144485454    -4.365140958182    14.767234938903
Au     3.004122000760    -2.531168389249    13.277352534909
Au    -1.765830128715    -5.211996061932    25.199940947617
Au     0.354897199105    -3.837930864439    23.784965898008
Au     2.139059645711    -2.296045530466    22.225018892243
Au     3.665674553356    -0.590585558121    20.414967835088
Au     5.298970919486     1.218188898634    18.884267698101
Au     2.488731878308    -7.947283988729    26.849240893895
Au     4.274873830383    -6.255187559940    25.227616378185
Au     6.197573487357    -4.859830251326    23.286699458401
Au     7.614425759947    -2.894130200889    22.051643950683
Au     9.289260971328    -1.332550115176    19.843769764521
Au    -2.606322092331   -11.370468348346    18.259391839718
Au    -1.012310644472    -9.787830020886    16.434979797226
Au     0.777973686974    -8.476686055311    14.700980734818
Au     2.136890018148    -6.561758014961    13.029763494979
Au     3.885374208520    -4.723353582979    11.583903563560
Au    -3.249246583680    -6.171391952142    23.092469323448
Au    -1.495370892603    -4.467419530796    21.639945929699
Au     0.291600419281    -2.521451821841    20.016225047449
Au     1.761183995799    -1.123062714120    18.127566522549
Au     3.983089750048     0.387289658373    16.668831839066
Au     1.181877226839   -10.744695748260    26.363849978744
Au     3.508399889289    -8.783955144871    24.517605314723
Au     5.286685506441    -7.243447014375    22.683916912765
Au     7.044140972965    -5.707880459230    21.049807915003
Au     8.834029987285    -3.975106611680    19.511860400476
Au     9.145092188618    -0.237383069054    15.802013388535
Au    -0.173124051874   -15.335102998912    21.717302155001
Au     1.210086860834   -13.875689646725    19.877798524586
Au     3.038936466749   -12.401089715902    18.082671552620
Au     4.818072681292   -10.607078416791    16.831432592507
Au     6.595839199150    -9.180955338331    15.113260202138
Au     9.800324188276    -4.680935352478    17.222948289434
Au    -2.309598021558   -10.751921545052    21.147754328058
Au    -0.781585029367    -9.377519577631    19.133149740285
Au     0.880060679132    -7.935309010261    17.376426874929
Au     2.526639210882    -6.299563392522    16.060004086768
Au     4.095602575747    -4.753523364403    14.447851112423
Au     5.786939218815    -2.778778534160    12.900384386356
Au    -2.101247543214    -8.175448026547    24.549329890816
Au    -0.459397400580    -6.495094634800    23.010829732812
Au     1.182128306088    -4.926102469671    21.516134820337
Au     3.033286219249    -3.217561782259    19.421150140299
Au     4.901745871362    -1.795297631688    17.896791951734
Au     6.532203384567     0.082012831162    16.231535080337
Au     6.549487602710     0.748238104251    24.957630544336
Au     5.304718259022    -1.146223071709    26.805576054090
Au     3.904426710823    -2.861992854899    28.276837269156
Au     2.978012894230     2.938596111269    23.648338200433
Au     1.396697190444     1.206596177458    25.455540164031
Au    -0.299061685868    -0.285389635200    27.037271838397
Au     1.164833543605     2.507431742153    21.481624761759
Au    -0.289202031712     0.884896573424    23.349716271616
Au    -1.981112049705    -0.892236323960    24.857569258099
Au    -0.247871696285     1.827375505569    18.752099708065
Au    -1.943766827658     0.126163650929    20.688007898083
Au    -3.841650663385    -1.347989491040    22.093214620898
Au    -1.767464397842     1.176540411296    16.584808639913
Au    -3.683094997406    -0.434862690157    18.259492717036
Au    -5.340452496348    -2.121068540987    19.694821732447
Au     0.307976922770     3.264989999566    24.279448548702
Au    -1.610371364955     1.478198263109    25.388968472344
Au    -1.260859800198     2.728163913500    21.255882364507
Au    -2.844710175099     1.459670656862    22.838419318517
Au    -3.026900473100     2.041041324768    18.928531617921
Au    -4.678851446797     0.852996923185    20.384820403493
Au    -2.557403560911    -1.876963688123    12.898277038777
Au    -4.317265291455    -3.333393383714    14.584571884781
Au    -5.875590749265    -5.250655896022    16.513291007569
Au    -1.627089760015    -4.117155738474    11.616144956084
Au    -3.064683478137    -5.864995832699    13.193346924254
Au    -5.167900296248    -7.300734228251    14.989554792638
Au    -0.316082362210    -6.704832544228    10.585021595216
Au    -1.916128656979    -8.642619843234    12.106530693481
Au    -4.342344144469    -9.825270570630    13.940874929618
Au     1.010210063897    -8.985518142905     9.320715732109
Au    -1.778297961031    -8.797198774418     9.472198291920
Au    -3.050246111154   -11.849506727672    12.747031266664
Au    -4.237063052142    -3.522502301969    11.979807732366
Au    -4.709932579685    -7.910971456177    12.181715290511
Au    -5.181366180838    -5.685117914554    10.600128272213
Au    -5.648344596958    -5.208367611200    13.461781909203
Au    -2.815653066990    -6.423930438200    10.335231362307
Au    -4.636327408105    -7.869088421125     9.295256848091
Au     4.270820929910   -11.197964853435    11.290458781692
Au     1.858513191977   -11.181029630747    10.570527563205
Au     0.593554761732   -12.798642327667    12.596264372885
