         216
 AuNiAgCu    E (eV) =  -774.017578       T (K) =   550.000000       time (ns) =   1.24000001    
Au    -8.818400379224    -6.440858314088    27.694696374286
Au    -7.576605180983    -7.093310229028    25.344725455661
Au    -6.360473645114    -8.757082553147    23.180095317856
Au    -4.578763197416    -9.611031441696    20.962254681549
Au    -3.257843203352   -10.662071177331    18.586979410597
Au    -1.894322426404   -11.290190135683    16.226883008063
Au    -0.058344032419   -12.454888641185    14.407041517397
Au     1.184256503917   -13.286234130698    12.273859971634
Au     2.034368478954    -8.487042041975    27.984548386591
Au     3.622340232075    -9.585141086893    25.741497649212
Au     5.660542359738   -10.125350948622    23.955298507470
Au     6.608437757711   -11.283040736175    21.545527148572
Au    -1.660169876675     0.264376467719    22.221212472998
Au    -0.369307829822    -0.589431238989    20.045934354144
Au     1.206534699850    -1.643997012641    17.808530257952
Au     2.658620912541    -2.788368063495    15.725966246220
Au   -11.827084991726    -3.998821136475    16.632622778724
Au    -8.325445691267    -0.058047190968    14.744801999706
Au    -8.392881111314    -2.259878309148    13.448779366984
Au    -7.051796386381    -5.364400679044    10.021291328841
Au    -7.973258852983    -9.175875932881    27.401003241259
Au    -7.071004549075   -10.180721989614    25.362425555454
Au    -5.611724659863   -11.372297134879    23.272205459128
Au    -3.823204526743   -12.423654097408    20.633074547280
Au    -2.626594368954   -13.163619705234    18.486443855866
Au    -1.058463332921   -14.004629717496    16.373837706795
Au     0.965277729902   -14.970016608952    14.145502931059
Au    -9.958794744207    -7.913473276676    25.900243777746
Au    -9.246851361207    -9.080410194955    23.728220372908
Au    -7.229970930537   -10.426930042224    21.124816418424
Au    -5.781620919824   -11.054511807258    18.914713673110
Au    -4.702617043273   -12.002814054756    16.443923627297
Au    -3.227951786945   -12.849285432290    14.148500383687
Au    -1.501648819802   -14.987750386447    14.033311498733
Au    -9.564069037671    -5.305414560139    25.118412008777
Au    -8.335924899625    -6.301532756860    22.668561023849
Au    -6.793821952089    -7.515131003661    20.633343516002
Au    -5.384937680346    -8.488392001850    18.262400171542
Au    -4.152036073792    -9.544627301875    15.919006310390
Au    -2.492574236812   -10.302001166774    13.799662892090
Au    -0.402657914973   -11.088905916543    11.651884185023
Au    -7.076923113551    -4.780151582283    26.624482918952
Au    -5.541662353619    -5.689092197320    24.273337262942
Au    -4.264689331718    -6.695246262443    21.931524777582
Au    -2.893196774785    -7.703464108004    19.767299244054
Au    -1.715773114314    -8.856101415809    17.404261949712
Au    -0.049352621311    -9.776804536104    15.177548422231
Au     1.626913258800   -10.485870047651    13.039605211788
Au    -5.961188039811    -7.028161058696    27.857685015353
Au    -4.636408266932    -7.944225653318    25.696781771406
Au    -3.565429598890    -9.077349825858    23.391533372896
Au    -2.012196376859   -10.457581477006    21.103822409324
Au    -0.615969939776   -10.974531758007    18.842080750093
Au     1.000902086225   -11.992911163237    16.779641138240
Au     2.606516419092   -12.693936253388    14.538995390445
Au   -10.378436294552    -4.469690237531    22.547373318500
Au    -8.787832636191    -5.298596809583    20.061378548461
Au    -7.329995871783    -6.507250831589    17.805102031966
Au    -5.995269862530    -7.598965401051    15.614538920106
Au    -4.227121424168    -8.274362715633    13.113228646926
Au    -2.559133945447    -9.094338072965    10.779247387121
Au    -5.377641942814    -3.032885655930    25.330864713100
Au    -3.864343508147    -3.791043663906    22.988157504838
Au    -2.347556555140    -5.056877738389    20.541028765541
Au    -1.309628599140    -6.040116959507    17.981677814393
Au     0.421618199527    -6.987514212423    16.024638816162
Au     2.050166576738    -7.647984485210    13.984937924760
Au    -3.259616945304    -7.685923130585    27.893143624859
Au    -1.745513826539    -8.625423250550    25.424871894597
Au    -0.730276023001    -9.755650788560    23.286908033625
Au     0.840964594133   -10.578090430440    21.013640636781
Au     2.494514554244   -11.336197054393    19.121030245649
Au     4.051664765529   -12.367488845109    16.993850923336
Au   -11.223065630379    -4.006664521582    19.433028772831
Au    -9.362719715731    -4.551028396657    17.560549407112
Au    -7.869596057268    -5.587037325881    15.177632187621
Au    -6.335449782210    -6.571805134813    12.583976256894
Au    -4.680345292410    -7.635834677717    10.394142595388
Au    -3.470480936925    -1.233693973725    23.639291539474
Au    -2.121129244461    -2.247807409376    21.507600090394
Au    -0.643541539036    -3.309304893582    19.121072805499
Au     0.750132835086    -4.310528475082    17.009823374550
Au     2.236012102530    -5.226276959745    14.728038497730
Au    -0.676860013843    -8.135743242593    27.990127529139
Au     0.796306447477    -9.378118598436    25.780912129344
Au     2.284166222890   -10.010642252417    23.484072994936
Au     3.992045984625   -10.735218783110    21.547479389529
Au     5.414971468248   -11.579351628659    19.263885301372
Au   -12.109806834265    -6.077752727572    18.212896216006
Au   -10.598568533796    -6.093940038747    15.675797814898
Au    -8.888779986431    -7.267796495969    13.099474934960
Au    -5.558953322115    -9.938128077629    11.030339592684
Au    -4.381515907422    -0.167070070489    21.236413866674
Au    -2.900656391903    -1.301235654553    18.814690438201
Au    -1.109835850462    -2.505398355149    16.537552423929
Au     0.332709521012    -3.326975927688    14.354708385510
Au     1.218842010112    -6.167746371613    26.852262939759
Au     2.616500860930    -7.328885444556    24.597162434651
Au     4.267997159650    -8.108647713370    22.517542320546
Au     5.562348706131    -8.969896272057    20.110830234748
Au    -6.798044182171    -1.107290412367    20.197171400286
Au    -5.538691161900    -1.747483709204    17.696683435385
Au    -3.623756542693    -3.065450436557    15.172462465040
Au    -2.217643214259    -4.051210487438    12.796573592989
Au     0.209713404580    -3.871127182262    25.460245000254
Au     1.656654689761    -4.892380275049    23.348416804864
Au     3.162614870405    -5.790515415566    21.083344860545
Au     4.668272121721    -6.866774880269    18.796328190839
Au     0.411466409327   -10.804623830643    28.024647796784
Au     1.803013882248   -11.824929128558    25.871775583564
Au     2.965347307056   -12.923032395849    23.366964426205
Au     4.478149567087   -13.370930785602    21.206068136052
Au    -8.852024442318    -1.976989528780    18.655213994162
Au    -7.878149950987    -2.547021794910    16.181117971089
Au    -5.872542692123    -3.913519474478    13.610937582463
Au    -4.583419553097    -5.130531154807    11.372785688120
Au    -0.604259844689    -1.900780197120    23.757511664250
Au     0.989473635460    -2.820270444361    21.668990000898
Au     2.133303104088    -3.788380372523    19.435907925817
Au     3.484739716053    -4.758769442056    17.315410465613
Au   -11.405926320324    -6.517796443276    20.548448554932
Au    -9.800697284779    -7.432333432335    18.320172774583
Au    -8.674169204831    -8.184062720999    15.744628542153
Au    -7.326217303821    -9.293259388161    13.253599916964
Au    -3.450098638507   -11.501066837265    11.688725928598
Au    -6.013283434777    -2.154416444659    23.003814379000
Au    -4.609924914488    -3.154652950396    19.932873388116
Au    -3.129613961269    -3.993433672067    17.895395721123
Au    -1.874747292828    -5.087973244033    15.496577776505
Au    -0.164610953652    -5.935131370142    13.518374277762
Au    -1.681572509689    -5.716582063520    26.917110468972
Au    -0.024580835798    -6.762469728278    24.417390604496
Au     1.175257498589    -7.840617903380    22.289978163044
Au     2.878188100258    -8.605345006266    20.115574470437
Au     4.485032129925    -9.486601776870    17.654094047870
Au    -2.184755288932   -10.490739021065    27.326424361207
Au    -1.286026951697   -11.579271259584    25.162491400535
Au     0.436758428935   -12.246213664577    23.201861372540
Au     1.581157786710   -13.208628856192    21.018575620316
Au     3.265631476513   -13.965048713616    19.040593359607
Au    -8.407743250983    -2.787420900700    21.053878192071
Au    -6.859999912809    -3.724581934272    18.689064077225
Au    -5.785461424726    -4.614261223908    16.351575438233
Au    -4.148402063110    -5.779565078295    14.060303698725
Au    -2.310218982464    -6.667080235278    11.989505749846
Au    -2.317818181760    -3.419893395030    25.468669735030
Au    -1.207876314614    -4.355875179872    22.799437197963
Au     0.442337301101    -5.547866420667    20.732184771672
Au     1.613483222648    -6.436937322503    18.532923227359
Au     3.176932553276    -7.516130969828    16.285790499018
Au    -5.210669567843    -9.718164609306    27.689743599200
Au    -4.179094562903   -10.627859218135    25.423143450490
Au    -3.118663668419   -12.116762362445    23.458864372857
Au    -1.228841642425   -13.122856878602    20.909081092796
Au     0.400725947604   -13.827790358089    18.689212586790
Au     2.118743715853   -14.422523278878    16.652858527139
Au   -10.839219418333    -7.202859760005    23.136073263730
Au    -9.328049294898    -8.512240090070    20.979162614865
Au    -8.015126392801    -9.281876173454    18.390317946276
Au    -6.728271615118   -10.155072446014    15.914895329039
Au    -5.312091117512   -11.115611989271    13.723108798704
Au    -1.463382399585   -13.436100848430    11.906372466647
Au    -7.670462341238    -3.906177275689    24.071921746298
Au    -6.304438783123    -4.607759009291    21.724483772289
Au    -5.106877196783    -5.776425999041    19.189138493182
Au    -3.902194814823    -6.662319786809    16.717364286065
Au    -2.185988215880    -7.782015387179    14.971690165036
Au    -0.590297331263    -8.505735105518    12.803814970601
Au    -4.445470387183    -5.212580001807    26.953005451319
Au    -2.868863512805    -6.010451690379    24.524953908135
Au    -1.579762299651    -7.307703330116    22.037721606500
Au    -0.090504168215    -8.305887446691    19.812573788223
Au     1.358321484838    -9.162644287010    17.550919671737
Au     2.879395941290   -10.281537010684    15.502249980543
Au     6.048203356539   -12.994178172295    23.395404094931
Au     4.430971308874   -12.212082248188    25.506371451909
Au     3.110665878345   -11.149920279624    27.977675385430
Au     6.942332247692    -8.171241404898    23.058413421812
Au     5.413708128295    -7.586269691488    25.095256147971
Au     3.808502068187    -6.747584444201    26.953969069308
Au     5.939425884673    -6.116659407385    21.418108472476
Au     4.452481126785    -5.274735931152    23.501521716313
Au     2.968658993676    -4.361515691249    25.761488154421
Au     5.238640891612    -4.109599033053    19.562091297955
Au     3.897329746958    -3.129411991793    21.465919049448
Au     2.245732933007    -2.485602420826    23.937436928678
Au     3.929331241073    -2.132175078155    17.973806552123
Au     2.595795615595    -1.018039887019    20.277268497840
Au     1.071096128873    -0.121768740557    22.449615388790
Au     7.099496575914    -5.588884584649    23.764701287771
Au     5.516600343302    -4.588976090886    26.023615558674
Au     6.463234336493    -3.495503913221    22.097524339145
Au     5.057266897756    -2.642175974248    23.919312699031
Au     5.215200240049    -1.349851170237    20.201406100463
Au     3.768412546255    -0.440310226724    22.673700604114
Au     0.557415744505    -0.691792877801    15.435136047643
Au    -0.883839053305     0.465209071019    17.678296988522
Au    -2.511282570733     1.294782181067    19.924490562222
Au    -1.577392954362    -1.481786327502    13.743366875577
Au    -3.075121094999    -0.628354252028    16.200032491535
Au    -4.977368200831     0.624836049195    19.021255677322
Au    -4.203678837423    -2.187609624783    12.318745822502
Au    -5.578184172227    -1.359851027152    14.634041307773
Au    -7.541967143281    -0.101483871990    17.392803220946
Au    -6.775129454169    -3.061797117565    10.930106459615
Au    -6.604704630154    -0.567929530049    12.158104767270
Au   -10.205526818424    -1.489382259135    16.377937142554
Au    -1.326797404149     1.114465198605    15.095205022041
Au    -2.865660004497     1.963336567603    17.418691295854
Au    -3.688514928137     2.513374808114    14.858260647013
Au    -5.183402848345     0.954103376465    16.369489393154
Au    -3.537653275542     0.242585646038    13.532244745681
Au    -5.971727500937     1.365865276572    13.749465910351
Au    -7.601823953680    -8.062493698862    10.780041201134
Au    -8.389709946696    -4.815346743181    12.465856697755
Au    -9.922868851436    -3.733533631172    14.845170276469
