         216
 AuNiAgCu    E (eV) =  -773.500977       T (K) =   550.000000       time (ns) =   1.95000005    
Au    -4.007691529572   -17.558517327386    22.612268907808
Au    -2.143308050056   -14.498676707929    22.047510437646
Au    -1.120481604562   -13.400234463250    19.602758981372
Au     0.132488256683   -12.103962583348    17.458900321472
Au     1.047429873768   -10.834428028068    15.252719814738
Au     2.389391545293    -9.453163250983    12.684654141290
Au     3.036569623075    -8.002265770957    10.463009113434
Au     2.630248609499   -10.382598965548     8.810899888932
Au     3.593332892554    -7.011367016141    25.141469165722
Au     4.836886214952    -5.708337941794    23.487538834625
Au     5.873642074298    -3.987652308055    21.199528824418
Au     7.111087484606    -3.431205922769    18.553884536995
Au    -6.640302739296    -5.107292686884    21.311119216057
Au    -5.629412805007    -3.756155642007    19.032165285494
Au    -4.554442009653    -2.436804432026    16.524651245704
Au    -3.477157326590    -1.121265711926    14.334931989864
Au   -10.249394793955   -14.427531976809    13.866728491997
Au   -11.447524784948    -8.718119855273    13.848575831992
Au    -9.892436007516   -10.125857234492    12.172287226471
Au    -6.729414296462    -9.551994703704     8.003557608439
Au    -3.067206799757   -15.834494835398    24.326150422209
Au    -0.249399007611   -15.833370473860    20.260390333280
Au     1.022581643880   -14.630352366792    17.643382107409
Au     2.078226254721   -13.329818857940    15.720898517256
Au     3.049217713142   -11.954594509802    13.676818006883
Au     5.033353323330    -6.225509859313    10.652963043465
Au     3.627577068927    -9.223840097066     6.934411155288
Au    -1.453797525369   -17.015663148583    22.844573510549
Au    -2.897458305578   -16.595304137899    20.120233644722
Au    -1.751797316767   -15.619940458744    17.775385146698
Au    -0.569126770493   -14.223747367237    15.615747977835
Au     0.455675801478   -12.813619549498    13.349652506504
Au     1.470046671691   -11.450571923546    11.156288738007
Au     3.943445108959    -6.597188085271     7.922998177412
Au    -4.840580404336   -14.851497365274    22.182747010197
Au    -4.011758302604   -13.998818186934    19.599576593360
Au    -2.542039064973   -12.749211432499    17.201740573131
Au    -1.738484211914   -11.395882191759    14.852640341256
Au    -0.688349448005   -10.356155194404    12.582797421365
Au     0.602895661544    -8.748303375517    10.488028911282
Au     4.439359856872   -10.569239047099    11.227664102359
Au    -4.127487187286   -12.597501157068    23.734245524373
Au    -2.969527117662   -11.860647311663    21.190535336606
Au    -1.817103093559   -10.418271887800    18.782153021213
Au    -0.919701031826    -8.961686892878    16.308514472275
Au     0.404853519332    -8.080568996830    14.090180855195
Au     1.298105509849    -6.557387005107    12.056337079491
Au     5.095927656173    -8.919886685344     8.900458199872
Au    -1.742904815523   -13.394392357411    24.710535434475
Au    -0.328384947664   -12.470160297760    22.258079249080
Au     0.886531404829   -11.152908800355    20.085939827143
Au     1.833665702598    -9.778025525831    17.658840798912
Au     2.772635289894    -8.586966516735    15.378843602687
Au     4.001283803182    -7.265372124068    12.826923510940
Au     1.486902462245    -7.651063175109     7.869882621164
Au    -7.074720555798   -14.720302849397    19.984395597610
Au    -5.843758496949   -13.896806707903    17.410193795409
Au    -4.459554933327   -12.417557156610    15.136047581418
Au    -3.509627081443   -11.001943724063    12.657055701622
Au    -2.075073030718    -9.619928728426    10.388167745678
Au    -1.283977406973    -8.412014646540     8.084032614148
Au    -4.954986441173   -10.377597196417    22.676119552388
Au    -3.826232935750    -9.194789495918    20.230829526481
Au    -2.770622195579    -7.968845915845    17.958239670120
Au    -1.886043380946    -6.445087350251    15.760033755515
Au    -0.691508853120    -5.316872194686    13.475226924704
Au     0.208461168569    -4.194203709002    11.095081439068
Au     0.341881294238   -11.573810875627    24.740212413043
Au     0.858919834336    -9.920903659422    22.865392737760
Au     2.597212084799    -9.024780090624    20.255404984571
Au     3.327788950673    -7.555623526824    18.116426574599
Au     4.363089494851    -6.240703377320    15.441794396129
Au     5.474813336562    -4.908420677155    13.062282841973
Au    -8.670651928312   -14.552169041726    17.919997322700
Au    -7.126727618979   -13.129001164779    14.856756825312
Au    -6.129839342720   -11.774676971203    12.540190874002
Au    -4.935569826029   -10.114969813345    10.277575193140
Au    -4.079426442097    -8.885502375716     7.939029527330
Au    -5.850884727668    -7.781650906573    22.140071834080
Au    -4.592998326763    -6.462753166057    19.734945800439
Au    -3.692527546014    -5.058978805874    17.459172099714
Au    -2.689588315675    -3.858390601636    15.119295023604
Au    -1.739756900361    -2.860439960245    12.758140010411
Au     1.758753454503    -8.916592927979    25.097654382480
Au     2.833622607230    -7.877596016371    22.815882852382
Au     4.448535859561    -6.337673126893    20.839870991895
Au     5.080469947899    -5.417175825127    18.339811940201
Au     6.221337893850    -4.232765042106    15.687271785124
Au    -8.404114404215   -15.290200977459    15.355034955237
Au    -7.658178661417   -14.808952213465    12.831828232101
Au    -6.962162638868   -13.747936356455    10.539854766994
Au    -2.982146522692   -11.626562631645     9.036631496630
Au    -7.411062971972    -7.160299078934    19.888652640669
Au    -6.379492335506    -6.001804201298    17.610913913341
Au    -5.598215199199    -4.627373836425    15.173766103649
Au    -4.467948879636    -3.261996708341    13.050437513096
Au     0.932174249836    -6.156054611741    24.435854920169
Au     2.029386534796    -5.247751417215    22.225872135977
Au     3.298509566456    -3.995946423655    19.922057351225
Au     4.488854800978    -2.801682023981    17.071082193960
Au    -7.932152123185    -9.364467904337    18.418976048596
Au    -7.343262137918    -8.329161520802    16.056920381383
Au    -6.217715300364    -6.850005667302    13.620722296218
Au    -5.432966338291    -5.410117507612    11.421967881219
Au    -1.803230364908    -5.674186101684    23.281438374258
Au    -0.418380643634    -4.554052903614    21.227899176876
Au     0.679416193202    -3.583070247799    18.674569185162
Au     1.727704517001    -2.119718142521    16.263840928796
Au     3.571333810502   -10.326788845100    23.624455383854
Au     5.229151451299    -9.345431972281    21.239323194203
Au     6.070112480057    -7.814615245537    18.995930319189
Au     7.220635091753    -6.147093441193    17.044637408573
Au    -9.038673860648   -12.117396425481    16.675015493313
Au    -7.988107335024   -10.304793688026    14.390610077739
Au    -7.174250287837    -8.995324357867    12.011713034924
Au    -6.102657061420    -7.706962736705     9.810718220557
Au    -4.282161143778    -5.346073193334    22.315160177389
Au    -2.886240380642    -4.118149894092    20.372487572008
Au    -2.045491942987    -3.097541699787    17.681908073916
Au    -0.853889038564    -1.556291262649    15.136654834932
Au    -6.985093463795   -16.656391527278    17.784020142404
Au    -5.706450840616   -15.939368217896    15.478481144760
Au    -4.999047897144   -14.456009696379    13.077819961453
Au    -4.442793901580   -13.231576725533    10.683315379784
Au    -0.261376075853   -10.918388829497     8.843419994261
Au    -6.536628666496    -9.810599023423    20.469110160218
Au    -5.454170935586    -8.625283865346    18.249780424634
Au    -4.500316088422    -7.218809416587    15.865013162507
Au    -3.554125002205    -5.838287175930    13.478782915561
Au    -2.733948778057    -4.936584444258    11.041359730570
Au    -0.863521941931    -8.380500268555    24.265761633467
Au     0.275663329418    -7.299323717747    21.816524600380
Au     1.650378384010    -6.084939208315    19.584398814160
Au     2.727456145102    -4.714894339932    16.783864725601
Au     3.786395902446    -3.135392544529    14.485416868141
Au     2.322969123568   -12.632927447893    22.885098289185
Au     3.511426040067   -11.596509804778    20.914813929575
Au     4.455724437556   -10.117757023453    18.474064647378
Au     5.323239837178    -8.807830663831    16.149596030056
Au     6.535871324040    -7.065038906171    14.078925979208
Au    -7.427586246818   -12.332573366849    18.931370676894
Au    -6.381497477236   -10.853162623383    16.785804235348
Au    -5.277642213681    -9.616436213952    14.450789401096
Au    -4.331788679394    -8.017377925671    11.780947938512
Au    -3.276003712748    -6.855940625630     9.388189216663
Au    -3.296093127546    -8.059062827821    23.138202763598
Au    -2.110950082471    -6.906787080172    20.717137055826
Au    -1.113008873424    -5.644891680526    18.495578148459
Au     0.027384101821    -4.288070432681    16.152468579910
Au     1.142021248191    -2.805977607681    13.666662089858
Au     0.178083648891   -15.029886246447    23.350583408627
Au     1.709858369088   -13.871900288875    20.851700750140
Au     2.688243261218   -12.565425274432    18.221872236217
Au     3.805629758872   -11.260979299730    16.088529106322
Au     4.947989667600    -9.749766396593    13.745485301347
Au     2.266275076639    -5.347680293787     9.565161351247
Au    -5.354188674230   -16.725873677752    20.250235078645
Au    -4.378991980780   -16.150754781332    17.793877013585
Au    -3.348661370204   -14.776686189872    15.562980284218
Au    -2.493410796388   -13.684331361648    13.088755750620
Au    -1.276755728308   -12.534498670461    11.180640684355
Au     6.021371109243    -8.411897827946    11.396110425418
Au    -5.686918874881   -12.589894339849    21.431662928983
Au    -4.499472874431   -11.293632424239    18.765883055232
Au    -3.661614598492   -10.095043845961    16.339268718631
Au    -2.668531594999    -8.582072150849    14.058601659940
Au    -1.525626016878    -7.397012675313    11.679704577365
Au    -0.535231839190    -6.210958717002     9.388364080999
Au    -2.096374662298   -10.689924148240    23.572064682864
Au    -1.231625934006    -9.451693432491    21.294594976594
Au    -0.055799266822    -8.227159556312    19.060987835513
Au     0.740413699651    -6.721730630566    16.866896283681
Au     1.912574122836    -5.434770609785    14.368198601441
Au     3.101274512312    -4.427759440594    12.087045332604
Au     7.488004663603    -5.674649174432    19.684443092453
Au     6.792170460839    -6.946028966581    21.841710462448
Au     5.799519659153    -8.571466408747    23.679831210523
Au     5.177223540950    -1.872651250800    19.584155717181
Au     3.731243951359    -3.164459963264    22.502735135946
Au     2.633017937904    -4.332015963361    24.821352831425
Au     2.403867168301    -1.451873990711    19.199890754058
Au     1.324617395234    -2.558508061065    21.527984810230
Au     0.187339449201    -3.518276253356    23.817508355829
Au     0.011895390146    -0.911265814917    18.173453062064
Au    -1.043540136709    -1.717555135501    20.443383437995
Au    -2.334021705741    -2.984034523062    22.835991205160
Au    -2.655154303675    -0.413677049749    16.728559297549
Au    -3.722770293773    -1.337606953068    19.114545898727
Au    -4.984520169077    -2.830513753641    21.463128449153
Au     3.654020165832    -0.696191684858    21.376444839361
Au     2.333182436283    -1.300413490418    23.578329026145
Au     1.089356627446    -0.065320420070    21.072175500015
Au    -0.636619347120    -1.062462870621    23.096418322200
Au    -1.763002483525     0.628521036251    19.367921565866
Au    -3.203417704375    -0.797469400121    21.744223774966
Au    -6.423953492370    -2.120175199261    14.652287362336
Au    -7.645938265553    -3.256614545687    16.842211923536
Au    -8.412699994160    -4.580992656882    19.179520776817
Au    -7.387837188539    -4.111820174247    13.040314916463
Au    -8.159339341788    -5.487326161218    15.501865625716
Au    -9.115208581107    -6.822899128000    17.872268296554
Au    -8.050417291817    -6.329715366823    11.454337882089
Au    -9.023669490782    -7.695482975511    13.778864547542
Au   -10.709681463311    -7.058177505604    15.668919770881
Au    -8.929371731207    -8.727367420380    10.045545730680
Au   -10.458806218483    -7.366013184658    11.564360727377
Au   -10.324630518145   -11.623862067209    14.397485677506
Au    -9.284414152396    -2.758115422867    14.715493185062
Au    -9.578443555486    -9.581619721056    16.353709150908
Au   -10.317733272752    -4.364972022075    16.867058209640
Au   -10.815024810498   -14.285753997399    16.180876594875
Au    -9.921620927194    -5.104756023954    13.461348724537
Au   -11.852529980496    -4.135730567329    14.840947332888
Au    -5.659570938925   -11.942011425706     8.365710796478
Au    -7.767885189451   -11.167312790212    10.154649254643
Au    -8.680078934321   -12.517427407326    12.297238495532
