         216
 AuNiAgCu    E (eV) =  -775.242310       T (K) =   550.000000       time (ns) =   1.39999998    
Au    -1.505164090021   -16.829030187238    29.391133661426
Au    -0.720927351251   -16.030517011090    26.884131223067
Au     0.236855458716   -15.353496097123    24.343613144903
Au     1.007568965241   -14.641221679922    21.608022689137
Au     2.204041728594   -14.181739553612    19.055154276701
Au     2.993086312589   -13.040921054610    16.569318245603
Au     3.613468273459   -11.972638068080    13.774419545866
Au     4.131978111413   -10.768705098072    11.368178702417
Au     8.427974973695   -12.180259117912    28.210227937445
Au     9.684061338179   -11.262471119889    25.580818113372
Au    10.614764830795   -10.152058124781    22.973741052472
Au    11.254847342653    -9.524610050226    20.303278753645
Au    -0.589429003758    -5.908165517307    27.354458607971
Au     0.277014355586    -5.253346612355    24.754816973881
Au     0.819207962448    -4.218816971631    22.239912611609
Au     1.623821864669    -3.644784558894    19.855401413172
Au    -8.766539591994   -12.424520113288    22.542081444393
Au    -8.445468057663    -6.847735738005    21.372389405945
Au    -8.117218227613    -8.842376152332    19.519025723539
Au    -6.507182064736   -10.042167494714    15.150408651163
Au     0.418311958244   -18.316688418905    27.942920985530
Au     1.142767774997   -17.620157657653    25.652622039962
Au     1.567264354220   -17.200934033341    23.073563845096
Au     2.224293539096   -16.765817900690    20.051538258465
Au     3.048954086719   -16.098939643622    17.353506893095
Au     3.821800339128   -15.623284200861    14.952126194648
Au     5.895833425014   -12.583065871785    11.860113376721
Au    -1.986167786877   -18.367888453536    26.544533852324
Au    -1.628726943253   -17.436881221482    24.192590917300
Au    -0.734109494729   -16.846745177301    21.364751760086
Au     0.244205047325   -15.942028980396    18.907021225110
Au     1.196560856123   -15.152735788359    15.920479726704
Au     1.778248830614   -14.096378359061    13.415416285319
Au     3.957854534145   -14.451630440885    12.141551309530
Au    -3.418993347666   -15.726122045921    27.508337079181
Au    -2.405330666613   -14.771451000149    25.279512046673
Au    -1.515557657472   -14.261702539870    22.379727829243
Au    -0.654074824909   -13.120605013415    19.731139354516
Au     0.429645207027   -12.826571721100    17.135978039107
Au     0.911063147139   -11.629677859905    14.690956655447
Au     1.559921400543   -10.345989218353    12.201295501034
Au    -1.746062306550   -14.278374070613    29.217597823765
Au    -0.654088846336   -13.067435722515    26.360636834764
Au     0.391458320712   -12.646574089798    23.746556957981
Au     1.270787540889   -11.576801350658    21.049449708298
Au     2.167396700464   -11.039140765616    18.572738476957
Au     2.940592058602   -10.221332274527    15.965839423765
Au     3.751007573582    -9.059887647163    13.508504812045
Au     0.867948957648   -15.880557325229    29.063071490832
Au     1.996699682651   -15.289376418290    26.532977105794
Au     2.773606646588   -14.278397344516    23.992242172113
Au     3.736670071660   -13.697982347474    21.476892902585
Au     4.613913998527   -12.583552878817    19.136787710175
Au     5.404588821759   -11.377687081035    16.496701814728
Au     5.985220307191   -10.452178191623    13.563455770327
Au    -5.404211962176   -14.474927210837    26.180787379072
Au    -4.361462821476   -13.747704174623    23.658078385849
Au    -3.514795216328   -12.826250331465    21.002885860226
Au    -2.529050517932   -12.182128659094    18.016686146894
Au    -1.837874193840   -11.186258197215    15.548084668095
Au    -1.122617111404   -10.204257188435    13.229272835304
Au    -1.280626010258   -11.491735990115    28.417440638672
Au    -0.251208490381   -10.507837727047    25.859831061150
Au     0.629374814471    -9.703611586594    23.440215560446
Au     1.540590688381    -9.023248875320    20.470094650285
Au     2.124514669224    -8.171467636302    17.798507004697
Au     3.042329471220    -7.447844643755    15.516231322327
Au     3.306802755721   -14.642259908468    29.223467280953
Au     4.344537637492   -14.163829135671    26.259730426044
Au     5.405779755350   -13.145171853536    23.789830667410
Au     6.250409753324   -12.140856583418    21.136376218100
Au     7.164270200628   -11.157277506496    18.721858319106
Au     8.035210437632   -10.339203180740    15.858207720435
Au    -6.957347105988   -13.681842184435    24.316195974915
Au    -6.343981114804   -12.527553486443    21.811418026164
Au    -5.463691419811   -11.679850428085    19.071920091821
Au    -4.459490196167   -10.793282657434    16.477390952162
Au    -3.676641929545    -9.955286437684    13.842913597798
Au    -0.965252731086    -8.856564006948    28.070913291914
Au    -0.072243007578    -7.907961208996    25.285803308133
Au     0.675915209150    -7.152564172799    22.608861181256
Au     1.629886495189    -6.393676040672    19.905685110890
Au     2.134837762490    -5.163989133113    17.405418501976
Au     6.061159096452   -13.763530157713    28.569839481838
Au     6.968160467769   -13.152110712617    26.101839855885
Au     7.715078871989   -11.911366182286    23.385061289507
Au     8.736985086627   -10.957657400165    20.753881641790
Au     9.576567577854   -10.170662925221    18.130227391313
Au    -7.855013035726   -14.948971474626    21.911189816447
Au    -7.351572068903   -13.569991651384    18.887453305427
Au    -5.772898334970   -13.336704626968    16.567482225198
Au    -2.756499102456   -12.572670684190    13.077469355595
Au    -2.827171181746    -7.350370765085    26.501622998649
Au    -1.911815122958    -6.447509908929    23.708446966172
Au    -1.158305263673    -5.682842075255    20.917594760187
Au    -0.365371419167    -4.887990304102    18.326184596299
Au     6.160574613788   -10.700870438001    28.026916704379
Au     7.036045777892    -9.907951339658    25.464291377493
Au     8.085568028636    -8.806259609066    22.850059613504
Au     8.888467338106    -7.884549605279    20.197511824478
Au    -4.733755152473    -8.845543353778    25.300429664531
Au    -4.080275712105    -7.971749183601    22.358952598029
Au    -3.333835974996    -7.122745233553    19.770907358461
Au    -2.512365288448    -6.530568302001    17.357844515224
Au     3.923680542101    -9.019942268124    28.176646361677
Au     4.693686951774    -8.392370410440    25.355856140363
Au     5.607278592900    -7.381714710950    22.649508475011
Au     6.401517976688    -6.616908743155    20.019207376460
Au     7.392798911282   -15.714862974611    26.410625617491
Au     8.084944674018   -14.638087058519    23.960132380469
Au     8.856554676341   -13.644617903940    21.558360256030
Au     9.334944391252   -12.867485167708    18.884510193075
Au    -6.759781476450   -10.701208147751    24.030952771229
Au    -6.083905856224    -9.750386228527    21.394840382265
Au    -5.452299250985    -9.114483038416    18.432925403937
Au    -4.570779810937    -8.058571127043    15.675439527242
Au     1.489197378196    -7.519142757484    27.638843257114
Au     2.564573738603    -6.931243094725    25.041374205455
Au     3.083221188783    -5.730661010190    22.025817902706
Au     4.290811204647    -4.829614223558    19.898908684527
Au    -5.904886099544   -15.899793926095    23.382639811572
Au    -5.253265642342   -15.018224552961    20.787759628534
Au    -4.164261826902   -14.038518981168    18.516143892556
Au    -3.313288287667   -13.585623562253    15.794838620791
Au    -0.346310637212   -12.415349411917    12.085605599358
Au    -3.136114632190   -10.279932177133    26.662979803361
Au    -2.285950087707    -9.164558694655    24.252309585161
Au    -1.472661405861    -8.559548959152    21.554415114334
Au    -0.746886088752    -7.677429677317    18.842909078185
Au    -0.082120369565    -6.782714880431    16.290406145654
Au     3.794138400764   -12.027420384571    28.428073836925
Au     4.696344435083   -11.335291257157    25.923239721334
Au     5.454640192414   -10.248776147256    23.242887242535
Au     6.531759024178    -9.206009585670    20.651163432614
Au     7.550844286276    -8.520052182384    18.063051495673
Au     5.117119422767   -16.153676137940    27.587459971009
Au     5.695860169852   -15.828000076427    24.133544705760
Au     6.373083798568   -14.868634482872    21.685614981502
Au     7.052893195600   -14.079206027089    19.091174605669
Au     7.517243745525   -13.025986154677    16.661401516518
Au    -5.186018273316   -11.928996949559    25.660121234560
Au    -4.270058649738   -10.647025062291    23.167626177553
Au    -3.490529266721   -10.103819603956    20.496139128149
Au    -2.559109966899    -9.344059394338    17.547278091019
Au    -2.040224817045    -8.270118268973    15.039027518419
Au     1.266438514040   -10.333580411524    28.294524352755
Au     2.506479622395    -9.903485254421    25.806237771081
Au     3.025765907084    -8.572508305499    22.750873796038
Au     3.933141896954    -7.829509065915    20.374474319179
Au     4.733739137156    -6.976188560638    17.815792648885
Au     2.806612115073   -17.328499980213    28.236876909134
Au     3.855636813210   -17.119907260083    25.562509460054
Au     3.992399622319   -16.233152175653    22.205435104120
Au     4.799842343569   -15.724762932099    19.524218766309
Au     5.301777844421   -14.564198780906    17.080635916833
Au     5.527896958100   -13.739978236567    14.425122266941
Au    -4.016338310975   -17.006593504249    25.307210311505
Au    -3.336144546454   -16.099633355074    22.611579333882
Au    -2.456706440307   -15.572145514102    19.886939088955
Au    -1.366448324490   -14.857160698439    17.255013757782
Au    -0.804520047447   -13.893250016376    14.663943703931
Au     2.259208254327   -12.644601130742    11.125279030766
Au    -3.550150917000   -12.793010142363    27.522215497930
Au    -2.370567864342   -11.978751591598    24.696354408704
Au    -1.417697006088   -11.446421755430    21.987589464823
Au    -0.714266130566   -10.500436760468    19.467506993607
Au     0.054548882697    -9.762353435392    16.735590921429
Au     0.962267496318    -8.947680097053    14.465054668774
Au     1.205970770535   -13.152132737351    28.703337570702
Au     2.214915839749   -12.491552354487    26.114098237007
Au     2.847495759252   -11.470819715322    23.450341894672
Au     3.826285457567   -10.655169152179    20.972830040394
Au     4.663387257289    -9.587612044603    18.425049608564
Au     5.623578176946    -8.844585292368    15.668248113439
Au    10.901571313041   -12.241046144623    21.222580151618
Au    10.253680871548   -13.165753691279    23.788187843261
Au     9.408345531682   -13.793392312584    26.425241833881
Au    10.459101742680    -7.536465515908    22.370262870276
Au     9.632115377726    -8.669233869990    25.172053865071
Au     8.761173415755    -9.605306591467    27.600346978477
Au     8.245021853338    -6.209030369744    22.198896720864
Au     7.298817020348    -7.074867752193    24.833812723553
Au     6.482708904929    -7.957969166178    27.430412150784
Au     5.894537306559    -4.640531405530    22.199613464363
Au     4.986300536601    -5.582583005851    24.674673233599
Au     4.148918259933    -6.301825923529    27.220546604026
Au     3.589600549416    -3.119507928594    21.731216691859
Au     2.897047056610    -3.935321204953    24.123229250434
Au     1.901181192515    -4.742865447379    26.871649863447
Au     9.852593953782    -6.071495371007    24.365140306840
Au     8.923364204095    -6.728044204525    27.147067291312
Au     7.433249956345    -4.420613500305    24.390570045813
Au     6.733382775500    -5.308245462300    26.921624998170
Au     5.415819311765    -2.879447299864    24.210427527459
Au     4.375542592260    -3.677733298571    26.471905186272
Au    -0.813379304343    -2.922433978335    20.439977456407
Au    -1.785648283561    -3.890793275280    23.273066224387
Au    -2.423520607780    -4.718821082454    25.804348849543
Au    -2.837843644102    -4.234384435847    19.265740997739
Au    -3.920438412670    -5.170685076479    21.904436534065
Au    -4.578325400521    -6.396449835727    24.583452578913
Au    -5.351482804488    -6.327266235895    17.681301236224
Au    -5.982541072101    -7.027905085357    20.496836351826
Au    -6.616363331210    -7.973054601857    23.401878923930
Au    -7.119496802900    -8.146067160986    16.954374837588
Au    -7.695052035755    -6.038252838711    18.728374670603
Au    -8.651024796985    -9.365587376996    22.197227152334
Au    -3.199795518327    -2.683921124450    21.325819931588
Au    -4.281461080499    -3.656687802409    24.260092919453
Au    -5.782503762733    -3.109453835848    21.959871275357
Au    -6.798262603684    -5.271702715042    23.107338526887
Au    -5.578921508933    -4.550452868162    19.664971190885
Au    -7.915652966699    -4.120866125409    20.704442360984
Au    -5.268823852844   -12.358397454906    14.137944124064
Au    -7.357888072758   -10.914193895204    17.401777089988
Au    -8.131051754951   -11.446960960597    20.015632189256
