         216
 AuNiAgCu    E (eV) =  -773.724304       T (K) =   550.000000       time (ns) =  0.949999988    
Au    -7.880455600209     0.964214185008    14.710747879689
Au    -6.815906719533    -1.184798897854    13.543919062282
Au    -5.735914785898    -3.382559979275    12.132649314073
Au    -4.211928485218    -5.586397765633    10.676948256091
Au    -3.027284699041    -7.995052195868    10.005224368706
Au    -2.067380655084   -10.583338002252     8.745813975372
Au    -0.607213089940   -12.847953780349     7.672712072342
Au     0.392407332653   -15.357576961841     6.990640343774
Au     1.166638894678    -3.760532552863    19.776926964778
Au     2.330901021940    -6.078037785753    18.923168734296
Au     3.628333250604    -8.630732425687    17.543883599961
Au     4.226074995056   -11.185308791834    16.272123258758
Au     2.377048125550     1.864185643777    10.510280138146
Au     3.744276542933    -0.182377603088     9.130423529452
Au     5.138248029607    -2.251090481178     7.930910262064
Au     6.318045959156    -4.340383170445     6.799377960803
Au    -6.460462827814     0.466171946450     2.996000756570
Au    -5.127444181883    -1.753874332751     1.756824441137
Au    -3.740192573195    -4.251460412941     1.063333949330
Au    -2.388745939646    -6.443762157483     0.108095289391
Au    -8.569416417692    -1.399196414989    15.655461306223
Au    -7.272406742825    -3.804318895246    14.371145775026
Au    -5.969213905240    -5.907978679525    13.034723591037
Au    -4.908700389025    -8.222455717191    12.230495389880
Au    -3.575740090106   -10.668830259479    11.008944659025
Au    -2.729390367455   -13.005213227527     9.805052153282
Au    -1.527221700496   -15.115187339411     8.540546899556
Au    -9.402609034076    -0.676505527882    13.225334517910
Au    -8.443578537173    -3.286182955473    11.610231610291
Au    -7.006539703148    -5.242264986143    10.638411983718
Au    -5.721235062327    -7.930258411646     9.597920858052
Au    -4.947203611912   -10.306626433578     8.332349177148
Au    -3.286021133934   -12.367145684974     6.916397861962
Au    -1.947672214101   -14.457879061609     6.017050143800
Au    -7.569333826919     0.915872664831    11.847574148556
Au    -6.157138545414    -1.288441421814    10.510280904523
Au    -5.541658976435    -3.507602481488     9.243321829563
Au    -3.814266464371    -5.947545811870     8.196530961341
Au    -2.631177795454    -8.500464728316     7.178825536799
Au    -1.283028137674   -10.783487064101     6.128606560844
Au     0.456146037655   -12.681169522143     4.584799069510
Au    -5.319204681986     1.228225766326    13.572412937661
Au    -4.240858261955    -0.919950254604    12.410354761566
Au    -2.670321684800    -3.219197816304    11.143038583634
Au    -1.589098611675    -5.534997564230    10.034257791296
Au    -0.356269837083    -8.222638543285     9.095410721067
Au     1.001186341511   -10.475083670894     7.807202468741
Au     2.081991320491   -12.635109981667     6.633877488875
Au    -5.723362239630    -0.452875728881    15.906995436893
Au    -4.729606394217    -2.726132090350    14.779901785703
Au    -3.402677741796    -4.522845905748    13.403040048153
Au    -2.386410714745    -6.922317488664    12.484416285166
Au    -0.846567503305    -9.548698498268    11.573311797387
Au     0.061532821249   -11.589222153650    10.101750624560
Au     1.330904643372   -13.877350162075     9.232892974078
Au    -7.434410461488     0.595601555719     8.880797290880
Au    -6.076612621377    -1.442586481397     7.492556763696
Au    -4.798553662170    -4.023062212181     6.519044488244
Au    -3.343812435427    -6.504167099084     5.660775814967
Au    -1.698564942608    -8.428796948756     4.400615698499
Au    -0.633204923526   -10.694222119149     3.167478634375
Au    -2.929288582353     1.263027066834    12.326743750717
Au    -1.363747248651    -0.871268447955    11.094351104992
Au    -0.104149041768    -2.984876235924    10.155036077290
Au     0.901095222846    -5.475827591487     9.109670829005
Au     2.444838513659    -7.814296590520     7.999615755755
Au     3.553885840306   -10.402818161313     6.976674417734
Au    -3.703834401757    -1.636128674286    17.177047068589
Au    -2.471210603406    -3.803145813115    16.012889398004
Au    -1.178573255744    -6.178156148896    15.047736781111
Au     0.009294774193    -8.540292856576    13.943530570924
Au     1.065710202260   -11.021148224822    12.984864044654
Au     2.305884361772   -13.121272052969    11.636196436561
Au    -6.697239178041     0.493554658250     5.988820315338
Au    -5.401766841779    -1.832916892722     4.635245136204
Au    -4.392410397744    -4.286897268639     3.724889529374
Au    -2.948894870339    -6.547499731736     2.850212560803
Au    -1.227148621252    -8.509370203866     1.897198912605
Au    -0.312971313647     1.579936829119    11.383265603757
Au     1.116559377847    -0.405882326062    10.018513767680
Au     2.744332941175    -2.755663199341     8.959050166880
Au     3.884626185126    -5.073421262610     7.716603268031
Au     5.031950325840    -7.315914517750     6.647316877965
Au    -1.509920915302    -2.592579716904    18.254074614630
Au    -0.076766579277    -4.875940002784    17.312555170024
Au     1.039599836577    -7.267183064928    16.518518717218
Au     2.236110042064    -9.602195539197    15.453924428315
Au     3.440034230064   -12.169458531514    13.862258794632
Au    -8.005276526745    -1.424702971647     4.463944343000
Au    -7.059426678127    -3.926408293936     3.683365564277
Au    -5.946027356839    -6.184079889255     2.347328098292
Au    -3.957495395415    -8.247497539734     1.222608528535
Au     0.339588014045     1.578855248443     8.424082485240
Au     1.533610974515    -0.586787951649     7.247097687436
Au     2.741577411698    -2.816107991603     6.279560485549
Au     4.581072341845    -5.328563264400     4.930357291322
Au     1.228763262320    -2.391801793543    17.580150664169
Au     2.449923398420    -4.686628755176    16.593452621094
Au     3.767186888405    -7.231708187540    15.132342396297
Au     4.907984248244    -9.599417850980    14.100560240531
Au    -2.093742283190     1.334155516455     6.728869000955
Au    -0.741877203670    -1.217082770867     5.429596305236
Au     0.744494934447    -3.623958210552     4.393059746561
Au     2.199860465567    -5.617935008767     3.218303952622
Au     1.592782287652    -1.004204749774    14.970407394667
Au     2.647825071838    -3.453429170841    13.782025297920
Au     4.056877766933    -5.891686640911    12.627380392822
Au     5.145144948144    -8.177734363746    11.703146962914
Au    -2.371602824295    -4.926935552884    19.044491487204
Au    -1.191834299341    -7.427107274570    18.209065948305
Au     0.230035570323   -10.049684818605    17.252246262864
Au     1.416495604513   -12.146388472213    16.069026328248
Au    -4.252619061391     0.768729645936     4.572149939606
Au    -2.968679286698    -1.578584418637     3.513021231365
Au    -1.465249310002    -4.127779560198     2.633228753992
Au     0.015184811633    -6.104961199362     1.571132684925
Au     1.986500281748     0.560044707717    12.541504809942
Au     2.971566992977    -1.795897847269    11.264362969766
Au     4.656793212753    -4.071804331428    10.326525018520
Au     5.736673976225    -6.268789272605     9.132841583294
Au    -8.611237635877    -1.032124301529     7.031366496844
Au    -7.544739504903    -3.610840767054     6.474908911376
Au    -6.114531491240    -6.081298587878     5.305149093439
Au    -4.958771132598    -8.287538244904     4.071984107830
Au    -3.379768203282   -10.356614639439     2.824484215217
Au    -2.258440024618     1.420325611569     9.254381693132
Au    -1.103033038575    -1.144042000735     8.206614104820
Au     0.167078966018    -3.256424020589     7.383204817280
Au     1.506259841758    -5.532321574509     6.451465604560
Au     2.904321904136    -7.348878021243     5.152761907503
Au    -1.098082794474    -1.090161225105    16.172076563750
Au     0.185866309306    -3.313175398470    14.919646492028
Au     1.518630136228    -6.178851153492    13.798545168026
Au     2.674881940710    -8.647306588664    12.956529703000
Au     4.087055753123   -10.940434323643    11.466627881703
Au    -4.535736094067    -4.091039464407    18.059652720585
Au    -3.459188406854    -6.512213426081    17.031906929643
Au    -1.970546297190    -8.831376337733    15.965148341909
Au    -0.771611782274   -11.111524750139    14.795330884106
Au     0.346864371191   -13.405670866584    13.519739561510
Au    -4.596764236256     0.951815070931     7.732969257815
Au    -3.340738865580    -1.081715553343     6.480332771644
Au    -2.078871719694    -3.575423097114     5.387519879610
Au    -0.718532899190    -5.941236986129     4.746029598831
Au     1.153872265426    -8.119800330028     3.364462064264
Au    -0.652283916014     0.520710218969    13.645503245143
Au     0.530983032248    -1.904034624700    12.649323518621
Au     1.941360093464    -4.422996814857    11.330376257537
Au     3.473628890314    -6.663988468695    10.220263521029
Au     4.472331276189    -9.193550870190     9.164794624968
Au    -6.566580757260    -2.835380873206    16.842484959527
Au    -5.150069756153    -5.194656738645    15.464014888406
Au    -3.775837604907    -7.407088720252    14.679410499193
Au    -2.682281330382    -9.440954568161    13.414114666765
Au    -1.740708238530   -12.125162488493    12.339650167701
Au    -0.575461230308   -14.174854908429    11.012746259285
Au    -9.045144083072    -0.733405042652    10.518194213707
Au    -8.284704839657    -2.788637798300     8.950350025536
Au    -6.611261021086    -5.691854622212     8.107080306269
Au    -5.772512713137    -8.299225232887     6.842989214486
Au    -4.025862605145   -10.248793983983     5.508724406674
Au    -2.599561523764   -12.363360246891     4.247072471961
Au    -5.042080647595     1.282493491199    10.487566260898
Au    -3.680436910090    -1.038242581312     9.457538986707
Au    -2.715263612337    -3.448747131043     8.014836089774
Au    -1.228507234645    -5.846987574487     7.347040196324
Au     0.445744480472    -8.097817264977     5.939466913576
Au     1.789189835024   -10.271839159787     5.078089398685
Au    -3.250411487043     0.311829676852    14.912181238248
Au    -2.206729768796    -2.089615565184    13.795678001955
Au    -0.624113870636    -4.487656623650    12.678827743503
Au     0.554206288951    -7.031310344016    11.562100642829
Au     1.994499697709    -9.427024890771    10.421478669197
Au     3.163922413375   -11.872991213580     9.174387069031
Au     2.384841994178   -10.877742289736    18.145896198049
Au     1.185345236792    -8.453676878001    19.183431202491
Au    -0.017083837406    -6.053223340838    20.230107166215
Au     6.016874765011    -8.734378487327    16.279703349796
Au     4.792742151060    -6.036631186069    17.441243261555
Au     3.781002276580    -3.762449081304    18.875903531034
Au     6.337296060522    -7.238078568375    14.131568336375
Au     5.318106183292    -4.910999278031    15.139956174578
Au     3.942967959343    -2.418791362773    16.210958608800
Au     6.592330496197    -5.588331671889    11.668208511517
Au     5.419673330010    -3.254810748477    12.912029690701
Au     4.029729160455    -1.190051048507    13.704939542017
Au     7.105588939371    -3.426026129050     9.241562333387
Au     5.875267280638    -1.049059399448    10.421668334347
Au     4.573923819942     0.814563635053    11.690411978738
Au     7.234083344569    -6.189422364154    16.466933866927
Au     6.200231928574    -3.372949886125    17.280151815025
Au     7.791942688889    -4.570260399292    14.122711617849
Au     6.633259199530    -2.294876125737    15.101063026343
Au     7.845852979486    -2.966324505698    11.792410969381
Au     6.527185663892    -0.658111925721    12.989722576896
Au     5.450880937052    -2.654779415773     5.151177727103
Au     4.075992948340    -0.234759090596     6.174765901411
Au     3.267889874873     2.054449291871     7.919161495783
Au     3.352813044924    -3.201172828875     3.496774140291
Au     2.077459041974    -0.963747328337     4.394764904679
Au     0.949351722951     1.549138457882     5.640177389025
Au     1.446436894896    -3.397531426052     1.442915518204
Au    -0.247737344745    -1.727952668370     2.810823074334
Au    -1.716541560314     0.948264073824     4.070968905807
Au    -0.568871790525    -4.248909435076    -0.068190420137
Au    -2.136830193889    -2.184791916510     0.409217141923
Au    -3.919269663178     0.545410578271     2.001486236091
Au     4.589565318069    -0.667315682262     3.586260063863
Au     3.067346932340     1.483573492815     4.126817339003
Au     2.485990495409    -0.661757912655     1.578783687024
Au     0.735871078914     0.875554608285     2.656914571902
Au     0.341032987080    -1.292503053307     0.013666726793
Au    -1.377054138908     0.200144429115     1.066319195347
Au    -4.901371069701    -6.435768509822    -0.190978027571
Au    -6.411057982642    -4.104129182917     1.081661900080
Au    -7.789102349642    -1.779347792586     1.971112201410
