         216
 AuNiAgCu    E (eV) =  -774.433777       T (K) =   550.000000       time (ns) =  0.720000029    
Au    -3.177993359162     3.177625521243     8.680490495819
Au    -3.702315599260     0.565351427195     8.931889693676
Au    -4.339331526289    -2.295667701154     8.803227640306
Au    -4.947800124741    -4.864093372091     9.268422995205
Au    -5.823539118997    -7.504125287355     9.430447733429
Au    -6.356250645798   -10.391149093620     9.818012754130
Au    -6.873356924954   -13.334605318589    10.137830186467
Au    -7.817100460986   -16.036413444467    10.100808571894
Au     2.840250858297    -3.570592500378    15.415598495285
Au     2.058095239992    -6.233513155760    15.672533747633
Au     1.480202947611    -8.932094616650    16.075244655304
Au     0.322057789507   -11.538402355512    16.382730849027
Au     3.888542618243    -4.780712389461     4.175460456617
Au     3.327313387051    -7.458037907146     4.239082025457
Au     3.131719473899   -10.415122818589     4.342107448181
Au     2.128937352681   -12.801000866330     4.948206134488
Au    -5.973544959511    -2.668176371972    -0.660669239436
Au    -6.843161037678    -5.312723176243    -1.033913696286
Au    -7.432713769418    -8.220101122642    -0.532977912860
Au    -8.317366932392   -10.680464543750     0.086301034948
Au    -3.989858441002     2.499698732388    10.930673557900
Au    -5.001910250432    -0.165616961700    11.073531003099
Au    -6.130779656782    -2.829605363833    11.250725906448
Au    -6.802289539990    -5.625589016077    11.272621770363
Au    -7.265693809697    -8.469748658383    11.388097601770
Au    -7.766985557182   -11.606715697780    12.194144881592
Au    -8.462453116822   -14.163006559200    12.084151861283
Au    -5.740256186081     2.280383548773     8.738852635203
Au    -6.574507292937    -0.525485710675     8.951668448043
Au    -7.204026569656    -3.656966418078     9.110323224815
Au    -8.179850915648    -6.220818823843     8.811869773814
Au    -8.475504472781    -8.844952758578     9.163209850982
Au    -8.775317804435   -11.437660572234     9.473305632361
Au    -9.553524850789   -14.221966997754     9.556263387892
Au    -4.581799900426     1.763844593190     6.555018811391
Au    -4.904511010651    -0.881614307068     6.714913031581
Au    -5.263039778342    -3.818713715966     6.788032156715
Au    -5.992694115780    -6.511518144893     6.880413131675
Au    -6.434680327541    -9.249425637722     7.424246573267
Au    -6.950602890859   -12.194121682936     7.389030112481
Au    -7.385377038888   -14.867893106028     7.572036050232
Au    -1.106888183600     1.362610144001     7.113696053788
Au    -1.789688200889    -1.226120774525     7.625688222994
Au    -2.402246774315    -3.966452715686     7.960180752872
Au    -3.272404751043    -6.699226132565     7.786630163881
Au    -3.880265929863    -9.598166290614     8.162000860219
Au    -4.585159191553   -12.521950515710     8.599335307350
Au    -5.092708301651   -15.285865585558     8.745093784642
Au    -1.404850733322     1.836890983541    10.071981264882
Au    -2.065660811973    -1.167051197455    10.637319243549
Au    -2.884867996280    -3.859987921138    10.836234490150
Au    -3.460351384734    -6.772879961393    10.618026697719
Au    -4.229843702800    -9.212338421125    11.113394247091
Au    -4.848589633628   -11.847877613194    11.689872937908
Au    -5.499051155594   -15.202743027329    11.519553186387
Au    -5.678753289496     0.304414600360     4.230094420914
Au    -5.803890450167    -2.415947025804     4.661805324961
Au    -6.201636334976    -5.231641533303     4.345966344668
Au    -6.885971235532    -8.087966688465     4.713414280959
Au    -6.980561306269   -10.703937476994     4.917980068752
Au    -7.594884887215   -13.452750843240     4.971973013117
Au     0.291294587717    -0.485150210520     5.803629450550
Au    -0.107899376783    -3.090599831431     6.338739090003
Au    -0.884300066073    -6.041573213696     6.654302481091
Au    -1.535792559331    -8.964751073848     6.776369780642
Au    -1.908228060015   -11.877005106789     7.156697591955
Au    -2.684081250004   -14.272924201723     7.750851398649
Au     0.259990843470     0.112294535520    11.684339717635
Au    -0.247972335777    -2.788188735235    12.108581686088
Au    -1.101136844901    -5.613129250391    12.218788521163
Au    -1.860404212270    -8.207040108795    12.575588558801
Au    -2.686178534865   -11.059526610751    12.690728396434
Au    -3.541275185014   -13.975480595929    13.187508527172
Au    -6.247171267489    -1.301678438072     2.064907030322
Au    -6.740692599443    -3.863456736418     1.705279724336
Au    -6.782506615173    -6.454240185818     1.537687986731
Au    -7.269254013945    -9.428599568879     2.410036449990
Au    -7.412747941063   -12.327123132075     2.540688885071
Au     2.201363774254    -2.749785677598     5.207867207233
Au     1.644532917720    -5.317851570103     5.449728648658
Au     1.110921449391    -8.161563692643     5.520073689654
Au     0.351693044841   -10.837565545878     5.940335397837
Au     0.014916342058   -13.822847889631     6.359477427313
Au     1.362573584921    -1.623882831877    14.001577680755
Au     0.668540480380    -4.424346036560    13.990074119475
Au    -0.103231571431    -7.226886744484    14.264463647071
Au    -0.728888390140    -9.916170270187    14.556622107794
Au    -1.511142964755   -12.583755036341    14.737665838625
Au    -8.554034028982    -1.978741412708     2.220614116199
Au    -9.240310233128    -4.550345274228     2.068305039104
Au    -9.518779217357    -7.399738028141     2.127407316775
Au    -9.812588055177   -10.647020793252     2.283745845288
Au     1.513237094368    -3.783917230438     2.931431983760
Au     0.503923961291    -6.537443448938     3.205816979367
Au     0.358683315021    -9.710373496541     3.403165096785
Au    -0.312738580548   -12.591977832017     3.724627420653
Au     2.823040863767    -3.553883002787    12.498345589200
Au     2.543932908645    -6.519923585256    12.735611223587
Au     1.782923133713    -9.198207756250    12.975415998458
Au     1.352192354792   -11.789791409821    13.506419965046
Au    -1.209519473407    -3.515484024911     1.809618037636
Au    -2.096266187787    -6.159510601124     1.954723368894
Au    -2.373062458562    -9.196714024945     2.112849555856
Au    -2.965470798522   -12.241835129323     2.477479259627
Au     3.443870695257    -3.773451514705     9.717714580377
Au     2.936456962940    -6.607692323269     9.741417032753
Au     2.250899927667    -9.557606622391    10.142733258501
Au     1.388291306982   -12.442510474457    10.541324267323
Au    -0.218533786202    -2.636135003338    15.985049138042
Au    -0.995905604134    -5.149471059433    15.843912065956
Au    -1.893959007904    -8.002564148574    15.962560159100
Au    -2.833723598865   -10.869771453362    16.386264510897
Au    -3.712454150123    -2.500795130151     0.559380070569
Au    -4.438833352231    -5.302427606728     0.443863483711
Au    -4.959163472407    -8.399877490573     0.701662009203
Au    -5.476700814774   -11.171298154031     1.149130976867
Au     4.035886950073    -4.138085220693     7.047845080203
Au     3.352060285692    -6.839769634446     6.925769716675
Au     2.652678526329    -9.979825885605     7.309409024664
Au     2.070012569335   -12.675068655918     7.975350557868
Au    -8.049285181181    -0.802619919287     4.637393180429
Au    -8.368395056529    -3.587131001986     4.288962132430
Au    -8.870275285004    -6.226113351861     4.243998259769
Au    -9.435235892646    -9.134613772732     4.400463964514
Au    -9.894016886696   -11.925723214004     4.792676524967
Au    -0.962440064271    -1.786520413568     3.776263165020
Au    -1.341925357346    -4.740482273977     4.281277994395
Au    -1.829640165497    -7.471449591570     4.472890586222
Au    -2.211495346533   -10.669549068810     4.526024546213
Au    -2.635945811956   -13.538007102443     4.827075259862
Au     2.330994983744    -1.618448006228    10.811395490729
Au     1.019192943079    -4.699665366670    10.704150052403
Au     0.515200812837    -7.742471868678    10.936699523044
Au    -0.317030765450   -10.330141198629    11.578961742376
Au    -0.791175061177   -12.960567744650    12.116254657438
Au    -1.451429693991    -0.932387957366    14.006224572773
Au    -2.347321984692    -3.593896173856    13.845145588268
Au    -3.125829705927    -6.202216648610    14.256261919438
Au    -3.695637249892    -9.030252193255    14.262529360342
Au    -4.498453098311   -11.987327862198    14.629597735768
Au    -3.714798884618    -1.067843462904     2.866610710789
Au    -3.794510046731    -3.978181115392     2.856489281744
Au    -4.568089353082    -7.083774808184     3.272911423965
Au    -4.603617779263   -10.049883570248     3.585823742256
Au    -5.010149917553   -12.807171894467     3.896183274002
Au     2.377918819866    -1.965273619881     7.959877524399
Au     1.544516570685    -4.902160246617     8.038308052319
Au     0.939666109692    -7.682732306583     8.169800208968
Au     0.087512904849   -10.728955714934     8.724808092472
Au    -0.396101625719   -13.307237035239     8.985259517238
Au    -2.645187286057     0.629351071994    12.330484250733
Au    -3.943202191215    -1.748079929823    12.786875968825
Au    -4.724128628806    -4.397403331716    12.883519016203
Au    -5.164529284944    -7.033748852483    12.746999516197
Au    -5.947780722508    -9.966342101049    13.254154664905
Au    -6.265701259248   -13.542851131171    13.400334787808
Au    -7.133233853271     0.708124584721     6.460962719266
Au    -7.536305057831    -2.020509930860     6.913811804549
Au    -7.984713805050    -4.714867536386     6.599702990719
Au    -8.835081063149    -7.662331729096     6.763910241344
Au    -8.942488187133   -10.367679288787     6.779882959367
Au    -9.468760913801   -13.099225664640     7.169362201711
Au    -2.375808843021    -0.116227388145     5.345327055435
Au    -3.066639197086    -2.777825293732     5.197789741663
Au    -3.695815690097    -5.575675976108     5.489519814260
Au    -4.212143599088    -8.527748109427     5.786248187813
Au    -4.466987240682   -11.409148903146     5.995486169381
Au    -5.009717742560   -14.315269475129     6.132197622153
Au     0.345617872725    -0.218655886505     9.133326636705
Au    -0.126204957989    -2.842432994574     9.264162598541
Au    -0.948347744255    -5.683727016837     9.298353081147
Au    -1.717601745161    -8.415313664543     9.523343910782
Au    -2.722302780125   -11.174953788382     9.961288374718
Au    -2.609196908119   -14.096210987703    10.601988550628
Au    -0.711505957075    -9.618711995523    17.666604189477
Au     0.300336190220    -7.152286957327    17.480800675970
Au     1.250150740241    -4.449213676412    17.375707437992
Au     3.248093889739   -10.873005876457    14.759447530901
Au     3.943910592370    -8.151812869419    14.626967459398
Au     4.396613186947    -5.642504178872    14.414977697974
Au     3.409178560687   -11.164741880068    11.938130568183
Au     4.278459477325    -8.307257174881    11.549279243501
Au     4.899730404827    -5.628522132581    11.656371453664
Au     4.239642863159   -11.381403390370     9.211731984282
Au     4.504178840093    -8.575836916808     8.591350553128
Au     5.492652962651    -5.654591817084     8.643731915815
Au     4.307671178215   -11.783662342601     6.586921331408
Au     4.901140275128    -8.915397169482     5.866558932179
Au     5.787810628481    -6.152864376353     6.122859187903
Au     5.725107080721    -9.803052332513    13.455899453727
Au     6.314483576075    -7.290194746691    13.227994199707
Au     5.934052292772   -10.036344712973    10.440039077798
Au     6.471946425713    -7.362169635398    10.366544159857
Au     6.419294221405   -10.330995217098     7.764689918038
Au     6.980615713309    -7.764145256481     7.582247207367
Au     1.758751113246   -11.834057664700     2.378558242297
Au     2.672427572916    -8.851676192872     2.102307060229
Au     2.897962076994    -6.071199522447     1.860593745320
Au    -0.789485521576   -11.263256067717     0.973107277868
Au     0.001313096345    -8.248287770865     0.962429909240
Au     0.304275690632    -5.405266871686     0.623725500163
Au    -3.225677061462   -10.622938800070    -0.109771638992
Au    -2.481950184958    -7.459804501283    -0.525535715908
Au    -2.100906820206    -4.702219103237    -0.544618658973
Au    -5.508159148619    -9.990986743581    -1.506967133710
Au    -5.054687339583    -7.084884946793    -1.751892806437
Au    -4.535434718479    -4.406877690211    -2.126386866077
Au     1.592676498406   -10.251821900830     0.240877556108
Au     1.886229884514    -7.392477947936    -0.368908269065
Au    -0.856884762024    -9.727400421355    -1.399648547553
Au    -0.364969517145    -6.687434011765    -1.724907444337
Au    -3.133833506551    -9.221561824428    -2.528994610368
Au    -2.786269216852    -6.437056660877    -2.957273917719
Au   -10.028416911335    -8.825518048863    -0.038222873435
Au    -9.151561558942    -6.032394862105    -0.035405522383
Au    -8.492699766261    -3.359632456247    -0.363139351313
