         216
 AuNiAgCu    E (eV) =  -773.241638       T (K) =   550.000000       time (ns) =  0.810000002    
Au    -4.288706661064     6.066115024235    11.271171343055
Au    -5.300753092113     3.220884477163    10.853945735656
Au    -6.673424587838     0.643860885248    10.690478634320
Au    -7.685030656230    -1.915026900692    10.730685819585
Au    -7.941845481773    -4.650381775404    10.398171848986
Au    -8.639697197209    -7.307128547806    10.382242587711
Au    -9.289972940131   -10.409666756654     9.778714678454
Au   -10.542080015017   -12.535289954972     9.501600725992
Au     1.098668420749    -2.162230458626    16.149307105595
Au     0.767814922356    -4.850542312124    16.549798049493
Au    -0.070054770676    -7.314014518689    15.672122044808
Au    -0.490471424775    -9.939555950083    15.221593672842
Au     1.425893311989    -0.709527994685     4.951298840417
Au     0.773723825838    -3.608265705020     4.605819539904
Au     0.527974936386    -6.271171031444     4.011267338750
Au    -0.480433320964    -8.767230577712     3.826939370449
Au    -9.306845869366     2.384468174693     1.692348701998
Au    -9.479815016710    -0.198401867997     0.927750108732
Au    -9.962701538233    -3.027251239922     0.505449471261
Au   -10.466736634585    -5.714045464731     0.818359344940
Au    -5.587764801519     4.389576488830    13.139377059303
Au    -6.584524960589     1.884825124717    13.038261381056
Au    -7.632339542062    -0.749118912873    13.405196163103
Au    -8.287015142161    -3.506020571191    13.004289800014
Au    -8.534796122798    -6.541108877482    13.041601517784
Au    -9.300917420052    -9.543579232730    12.586326219134
Au    -9.367541504174   -12.166119700767    11.893947731661
Au    -6.823347927707     5.653453658315    11.127779719810
Au    -8.098141852659     3.130660768768    11.392138079689
Au    -9.365971793977     0.353244165773    11.420602137033
Au   -10.301213366557    -2.265131890559    11.578851095722
Au   -10.342870188146    -5.159480168178    11.466259190073
Au   -11.293713444199    -7.765388284018    11.365206601903
Au   -11.484733167927   -10.342650337742    11.401221927814
Au    -5.542776538522     5.291469478784     8.920215601569
Au    -6.518975949370     2.262806391027     8.345236316416
Au    -7.406902333009    -0.245838050588     8.207664368505
Au    -8.067191077927    -2.712822386824     8.201161396363
Au    -9.026632638523    -5.585686158240     7.868853146210
Au    -9.412628444738    -8.379958025254     7.743348850182
Au   -10.078198938958   -10.891139140234     7.054531566607
Au    -3.015307344885     4.558472136291     9.501331145989
Au    -3.899913801879     1.524508422238     9.324574307414
Au    -4.895036724665    -1.231229020470     9.108857794891
Au    -5.642050586723    -4.097132626956     8.994350121196
Au    -6.631844364101    -6.838545109548     8.663046002664
Au    -6.364876492761    -9.681968579120     8.177431795786
Au    -7.882185470551   -11.771963316512     7.763069679270
Au    -3.114875468669     3.898212187497    12.357760199212
Au    -4.008878589357     1.282995341513    12.118274244193
Au    -4.950810611324    -1.342568171561    11.792160601165
Au    -5.847527422197    -4.160127650621    11.814396362129
Au    -6.176984553237    -7.010297606436    11.482066094587
Au    -7.005047743754    -9.814585266302    10.803957061952
Au    -7.247449146160   -12.563006361122    10.719467281238
Au    -6.310252141439     4.182560052554     6.448157195984
Au    -7.370012973699     1.531983896222     5.891908244946
Au    -8.214607989135    -1.047685435739     5.490150660186
Au    -8.975235753102    -3.776007781723     5.521129905167
Au    -9.614584834613    -6.586450645036     5.531194191307
Au   -10.001494644901    -9.361071294078     5.011087744120
Au    -1.567365549190     2.703593662527     8.250069986380
Au    -2.290043467875    -0.198303986659     7.819916984780
Au    -3.062144599953    -2.683910819644     7.528107889751
Au    -3.698730700113    -5.364349900950     7.206636901436
Au    -4.374248339128    -8.065871614091     7.226618087189
Au    -4.827820314762   -11.166015340115     6.678692977917
Au    -1.947036725522     1.931049110399    13.912869961445
Au    -2.602119567942    -0.901666020368    13.372485949863
Au    -3.415269316506    -3.320269065666    13.012042339978
Au    -4.029949613525    -6.246695372597    13.280107626222
Au    -4.392849948621    -8.956563358703    12.602269188645
Au    -4.754911889811   -11.730711365637    12.178262963145
Au    -7.390098588146     3.378225650168     3.809385188927
Au    -8.202707090486     0.731372375204     3.467704635199
Au    -9.508629730005    -2.080002359101     2.998171603199
Au    -9.881210455589    -4.935914421342     3.196198404017
Au   -10.545855213146    -7.479074337418     2.769615742841
Au    -0.002398604961     1.052123268738     6.528092658463
Au    -0.603144578809    -1.690825885310     6.258715610422
Au    -1.396673703223    -4.428445983991     5.859580713878
Au    -2.139251187039    -7.282557879793     5.663790349432
Au    -2.804793566314    -9.810484156006     5.327300736139
Au    -0.377976553851    -0.102523273288    15.092703407100
Au    -1.090710110640    -2.854533749557    14.637461675393
Au    -1.711399292353    -5.486439769454    14.583796083318
Au    -2.175316167159    -8.381702421025    14.025983409166
Au    -2.803382378358   -11.044519748327    13.682602799576
Au   -10.173425193650     2.614491069293     4.621929011671
Au   -10.637274946941    -0.306834498682     4.535942730604
Au   -11.554612370166    -3.111935081555     4.431643815153
Au   -12.323677088820    -6.036195726156     4.205342634477
Au    -0.881769771700     0.292988960795     4.036642423662
Au    -1.762482585097    -2.673016190244     3.462205187261
Au    -2.296131639850    -5.497737599240     3.507414888332
Au    -2.924171473912    -8.339843192851     3.157100160438
Au     1.231748275950    -1.809539929502    13.547239469006
Au     0.685622312254    -4.562766168540    13.754451623196
Au    -0.023105738554    -6.973677469455    12.718987577053
Au    -0.496757733710   -10.249761234868    12.400959749172
Au    -3.447085093176     0.865425876605     3.160859286343
Au    -4.192892401409    -1.941978886572     2.797215845803
Au    -4.968659299346    -4.704698092945     2.631918663246
Au    -5.415096651244    -8.146718082683     2.311175029306
Au     1.534166344369    -1.477125774049    10.573621566860
Au     0.672366163580    -4.204304462109    10.580478810491
Au     0.058420898629    -6.908325689469    10.152112910733
Au    -0.369708573603    -9.841165527057     9.539809914164
Au    -1.313539277443    -1.437456141979    17.407167798171
Au    -2.259467670191    -4.394623844256    17.062293921484
Au    -2.565369666561    -7.239625425330    16.793179381455
Au    -3.116742242520    -9.903372951693    16.102521625697
Au    -5.940381880730     1.785343696925     2.100171767280
Au    -6.854832530003    -1.212518116909     2.041218143485
Au    -7.698601927419    -4.106365564979     1.664169572946
Au    -8.275127818573    -7.055279904962     1.522695874967
Au     1.523761005501    -0.844811357081     7.868721081291
Au     0.809236306217    -3.742922732703     7.462577610364
Au     0.410879383757    -6.552571542143     6.807114192958
Au    -0.488924555745    -9.308842288895     6.669554002154
Au    -9.072145608404     3.428460136314     6.910583577611
Au    -9.914396962883     0.843665198717     6.921239535918
Au   -10.637656228535    -2.217394107042     7.077775158971
Au   -11.501548285633    -4.820719032585     6.682289722489
Au   -11.863543488491    -7.530870776190     6.632918331300
Au    -2.457309803407     1.867841340067     5.738808847209
Au    -3.173343013510    -0.824525148792     5.224752990017
Au    -4.072763716992    -3.756916874518     4.928040157492
Au    -4.651365004406    -6.624984105529     4.710151883295
Au    -5.377374599199    -9.295728056788     4.797773345723
Au    -0.173670579608     0.121609342399    12.096802752049
Au    -0.912928646851    -2.460377088869    11.848157838858
Au    -1.946797057423    -5.360728891001    11.701894800680
Au    -2.138436271329    -8.154288723521    11.176400043111
Au    -2.417470924926   -11.317348518797    10.497303810119
Au    -3.013090099422     0.521022904640    16.007626957701
Au    -3.413137655895    -2.298550090493    15.903927774125
Au    -4.435317675976    -5.052797401638    15.739423534638
Au    -4.948211840759    -7.746672945244    15.146273073162
Au    -5.356210665373   -10.712658002511    14.788320299860
Au    -4.964644507285     2.471773649396     4.617244454281
Au    -5.718337957592    -0.269569836741     4.359623200630
Au    -6.849846140368    -3.038041718205     4.039227956496
Au    -7.484596511652    -5.817517468281     4.056301044307
Au    -7.699592496467    -8.516787844066     3.640766664037
Au    -0.141663233367     0.846787897233     9.463941613588
Au    -0.663331602352    -2.033211958633     9.112829314838
Au    -1.367833647431    -4.813853257580     8.940850304538
Au    -2.005937518126    -7.485523625105     8.395680222944
Au    -2.599343336968   -10.196683371591     8.032971081828
Au    -4.232987552011     2.611568428473    14.666053210555
Au    -4.972664161728     0.003208397375    14.417583320040
Au    -5.744638932772    -2.896647529045    14.110324005610
Au    -6.523781851944    -5.452074245458    14.124314489853
Au    -6.977603200970    -8.808384639447    13.600440668592
Au    -7.382521458616   -11.579719455339    13.109748755036
Au    -8.149628241677     4.695056089344     9.034857760914
Au    -9.200667772122     1.936225147050     9.188857422792
Au   -10.014021009507    -0.876090547639     9.272924516997
Au   -10.553281673044    -3.709576847685     9.456875891840
Au   -11.127715517232    -6.592534140114     9.077878584158
Au   -11.821083167041    -9.415987109136     8.990833420847
Au    -4.104827971856     3.367403174395     7.130941949636
Au    -4.841467446980     0.589787555824     6.788200122368
Au    -5.704789165844    -2.321604201611     6.454068444370
Au    -6.576379188068    -5.049198280482     6.367842976267
Au    -7.326615257161    -7.621222351427     6.094865833406
Au    -7.530455048415   -10.607693188002     5.550635663071
Au    -1.411955808108     2.315640194505    11.022341280814
Au    -2.372946102911    -0.441787436454    10.635209201061
Au    -3.202221758105    -3.331584074211    10.322602644490
Au    -4.019793573727    -6.103730664562    10.096400536617
Au    -4.596006520808    -8.917641631231     9.910441341842
Au    -4.918762960645   -11.655381724425     9.407281755013
Au    -0.735349487922    -8.489680060604    18.070688981174
Au    -0.759163024697    -5.974542267288    18.447560951696
Au    -0.007997396691    -3.267818165858    18.385826289170
Au     1.427933730531    -8.907509008793    13.614710929185
Au     2.630784871152    -6.490252236072    14.458362108445
Au     2.854509771433    -4.115844179525    15.049220653641
Au     2.177915535120    -9.091706317125    10.747424435844
Au     2.330226288577    -6.144423455673    11.610438548481
Au     2.926165931651    -3.675119225377    12.305526918970
Au     1.702174512417    -8.656880072487     8.117013734033
Au     2.193609350712    -5.847637381645     8.843970144472
Au     2.928587343669    -2.915514903538     9.039836381295
Au     1.716909824044    -8.497570044739     5.464736906975
Au     2.774722205106    -5.330279553269     5.296019159244
Au     3.139137074462    -2.490791176702     6.301200883121
Au     3.916602303094    -8.220668040747    12.595913191056
Au     4.651333609485    -5.748512818331    12.968134426945
Au     4.143607574242    -7.653397519418     9.658910656935
Au     4.487841636427    -5.069357177631    10.202334642761
Au     3.754656462365    -7.334298608545     6.659465898727
Au     4.270011475440    -4.849600507656     7.692087951084
Au    -0.780958348938    -6.877109794240     1.863652237677
Au     0.008174859634    -3.968110819864     1.672450189248
Au     0.755013440981    -1.442015614935     2.629627035818
Au    -3.524441906940    -6.569183012385     1.295470012944
Au    -2.802724814170    -4.008898150732     1.051603741470
Au    -1.912040573554    -1.084773221174     1.245651609662
Au    -5.791954126596    -5.650420578519     0.069484329671
Au    -5.263855551479    -2.870843700011     0.526507174725
Au    -4.396953925272    -0.094997997439     0.690004392438
Au    -8.339578412536    -5.175080740915    -0.769773485609
Au    -7.805439821743    -2.297054384063    -0.824358756295
Au    -6.895290920843     0.427977899372    -0.025652323365
Au    -0.974559310081    -5.256786502101    -0.723923763048
Au    -0.888660488193    -2.692154455676    -0.502929961556
Au    -3.584347358494    -5.312136970035    -1.449085727089
Au    -3.277966782058    -2.496989041665    -1.274349173445
Au    -5.626777608458    -3.667193942441    -2.029624833136
Au    -5.594645136390    -1.037051049076    -1.739976553623
Au   -12.017470442599    -3.878926800159     1.945807459590
Au   -11.813631217885    -1.112556625063     2.088945348449
Au   -11.454918821352     1.430654999520     2.692737460001
