         216
 AuNiAgCu    E (eV) =  -773.753723       T (K) =   550.000000       time (ns) =  0.829999983    
Au    -2.184612230856     6.389476836182    12.204329514380
Au    -3.095719322952     3.794086081507    11.531945801269
Au    -3.694890983677     1.170409821791    11.367673366573
Au    -5.426407981405    -1.124467705980    11.270293378780
Au    -6.304914632544    -3.756532483412    11.376760622594
Au    -7.285951657169    -6.504081236791    11.162641504913
Au    -8.324298155780    -9.005792260770    11.173953286765
Au    -9.625069863021   -11.500140236015    11.109049657623
Au     3.592658828138    -1.877057777156    16.460385279690
Au     2.604406238630    -4.636167530961    16.286804512342
Au     1.984590470087    -7.598442952207    15.981603725779
Au     0.549873460495   -10.405619254430    15.860570004569
Au     2.864848348661    -1.067375235563     5.299493393803
Au     1.743256779016    -3.955453449564     4.832105735342
Au     0.770760670633    -6.225948413259     4.429161788666
Au    -0.535971417315    -8.870397981352     4.630624188195
Au    -7.311933242932     3.165889659163     2.611948071628
Au    -8.668569182069     0.703880075456     2.446395693243
Au    -9.653723601416    -2.104708228551     2.121855291767
Au   -10.669167732157    -4.865299825816     2.612524279000
Au    -3.012384520997     4.711061197844    14.202159289762
Au    -4.092631827454     2.190876999134    13.849209462818
Au    -5.316571114652    -0.007347256955    13.784196818628
Au    -6.808728588338    -2.413947778801    13.579378734838
Au    -7.278742947308    -5.258061287819    13.883603288028
Au    -8.679915104122    -7.742583096818    13.306881454784
Au    -9.316081720702   -10.365757787554    13.464594875053
Au    -4.919103335449     5.993816383954    12.171528391636
Au    -5.871350758499     3.460581100980    12.179489657098
Au    -6.841566297694     1.077807154267    11.711504684144
Au    -8.143625840301    -1.699029296997    11.387869415182
Au    -8.876938168997    -4.351247585834    11.620887394684
Au   -10.183846551305    -6.569711927522    11.548532418654
Au   -11.094495585444    -9.414522980729    11.468182053166
Au    -3.384727462058     5.779005036290     9.701115535689
Au    -4.130266532602     3.196466441206     8.943727848938
Au    -5.330644239512     0.493830102403     9.007929160629
Au    -6.499253527005    -2.213706819573     9.165062863497
Au    -8.063068951776    -4.709597047481     9.099563578474
Au    -8.616735149271    -7.447038945712     8.921092010457
Au    -9.737997569752    -9.755386419883     8.694630204293
Au    -0.842875322833     4.985426396450    10.315560788757
Au    -1.653873752283     2.141097420053     9.941006340617
Au    -2.760905262882    -0.897382604676     9.806970320586
Au    -3.898529358159    -3.489579849871     9.874105522309
Au    -5.146442139126    -5.882044150781     9.553885435112
Au    -6.072200318609    -8.755040129468     9.564022061999
Au    -6.937764000473   -11.205211004957     9.387471869075
Au    -0.724778657501     4.255872456893    12.919481458107
Au    -1.480612465134     1.549100734267    12.779662492694
Au    -2.559186919811    -1.100762372932    12.780689374098
Au    -3.954749795507    -3.655798105235    12.700704645717
Au    -5.038315602856    -6.018870128793    12.559470557103
Au    -5.733023170675    -8.930240859378    12.406140983724
Au    -6.957934241484   -11.508600542329    12.069093006002
Au    -4.726844161316     5.124841045031     7.287403166525
Au    -5.837341844100     2.312934227549     6.870791778599
Au    -6.728383427279    -0.412754181461     6.984522582952
Au    -7.961024731726    -2.946126601979     6.864926780396
Au    -8.798898934761    -5.801225271067     6.552706569859
Au    -9.952614251192    -8.179843126015     6.600372536556
Au     0.377472165443     2.990528984662     8.377163279550
Au    -0.332382927995     0.412003595119     8.194057178133
Au    -1.293710608771    -2.602125266279     8.152163346555
Au    -2.768497041177    -5.407744575022     8.131034153451
Au    -3.744950250880    -8.134025119686     7.852516075282
Au    -4.596818942695   -10.741924854408     7.573790911857
Au     0.847897040823     2.323892250601    14.149337596084
Au    -0.215546074447    -0.595378940321    13.924714807837
Au    -1.216190620214    -3.383544957457    14.034050834275
Au    -2.597550080479    -5.876382943447    13.959800121367
Au    -3.489463396500    -8.324544281602    13.658311235668
Au    -4.111366120756   -10.942283601033    13.280875031274
Au    -6.014517743357     4.081008380287     5.052009315324
Au    -7.238323346201     1.271790704665     4.866048756974
Au    -8.230198569977    -1.049993977552     4.629676499105
Au    -9.322889429902    -3.662770161775     4.502660376952
Au   -10.363567105951    -6.700431532115     4.601952132829
Au     1.710737751020     0.802715010018     6.541118357940
Au     0.592534710760    -1.731245763532     6.473361060758
Au    -0.375125429085    -4.575603358964     6.382993583858
Au    -1.636278214362    -7.197104128082     6.388628754720
Au    -2.589334734894   -10.006117394042     6.012801623034
Au     2.118654952545     0.273774588539    15.333159912367
Au     1.253048925253    -2.569752125609    15.233078171968
Au     0.246614420776    -5.412065905624    15.137281791537
Au    -0.717829672003    -8.239770122913    14.603665044797
Au    -1.460147452873   -10.783760936159    14.354988497627
Au    -8.624328033864     3.576205524029     4.832437939423
Au   -10.004491085851     0.871405410357     4.913521051664
Au   -10.986518582837    -1.731715790290     5.098223193602
Au   -12.212792868254    -4.777525160372     4.903823141161
Au     0.214398246061     0.289143972895     4.303647403229
Au    -0.953771541798    -2.453546127720     4.149092537736
Au    -1.868360254007    -5.531639734998     4.191907714131
Au    -3.158897022087    -8.138734542357     3.850435130829
Au     3.243833882120    -1.744198109218    13.776009052610
Au     2.468365643813    -4.309258321928    13.558923883777
Au     1.561477782390    -7.470255183099    13.296282541329
Au     0.728702408120    -9.934499493130    12.802866284521
Au    -2.134759990494     1.174098760172     3.801280851777
Au    -3.496993072203    -1.557301220872     3.767716599391
Au    -4.346527390004    -4.492402356199     3.439695591600
Au    -5.722229442802    -6.930268951525     3.347375896726
Au     3.268477693437    -1.287177844127    10.918227039575
Au     2.524883075307    -4.074078066058    10.635635559150
Au     0.961246349192    -7.046217187594    10.410989933089
Au     0.304969172048    -9.988826418152    10.180097689631
Au     1.163147415896    -1.165146197572    17.636566674629
Au    -0.021268907875    -4.198355904522    17.448496390892
Au    -0.943527907446    -6.896917435689    17.074775559759
Au    -1.774814186175    -9.459575387739    16.654178925385
Au    -4.974051601952     2.324652632442     3.082512871111
Au    -6.037506280812    -0.555248941665     3.159891513599
Au    -7.070470137763    -3.122055696122     2.857400570636
Au    -8.230106839482    -5.803134488611     2.834276853042
Au     3.401792212632    -1.393052289728     8.054559874515
Au     2.151988751111    -4.228655565215     7.754363615245
Au     0.913872772683    -6.873789898629     7.352271182140
Au    -0.025301764102    -9.613431956378     7.166298277812
Au    -7.401816905162     4.423142137916     7.564551963217
Au    -8.704622678053     2.000357118917     7.078014869706
Au    -9.539180314978    -0.610024364780     7.036159076065
Au   -11.228678032076    -3.517343940535     7.170333875158
Au   -11.487482999299    -6.197557799477     7.092564660695
Au    -1.052545404822     2.153610271773     6.033746040432
Au    -1.864760757793    -0.698197356978     5.993382434340
Au    -3.152908394017    -3.552849658669     5.919183811726
Au    -4.246698054129    -6.283488397936     5.819668717295
Au    -5.051097072571    -8.875509169803     5.501864962972
Au     1.872871326002     0.288930730616    12.280461941997
Au     1.019561154363    -2.412991818440    12.221030061359
Au    -0.013995911223    -5.133404647239    12.264698121074
Au    -1.084599136986    -7.759428699091    11.977519312659
Au    -2.059795852304   -10.820778904517    11.591728814239
Au    -0.250168928568     0.983812669887    16.372991986361
Au    -1.047968230087    -2.127056915470    16.454493134475
Au    -2.492205649924    -4.478790997791    16.289522332641
Au    -3.684165723302    -7.116763045430    16.165318572984
Au    -4.641258515446    -9.470716900525    15.865179480227
Au    -3.356942501359     3.141621384874     5.639078523424
Au    -4.473585054544     0.577422333914     5.256459984063
Au    -5.680669928925    -2.402492783705     5.255875126983
Au    -6.795714940199    -4.963474370976     4.971864130260
Au    -7.825898547328    -7.786987231805     4.835731836686
Au     2.105742896425     0.735000355763     9.374925362785
Au     1.062397716303    -1.808196791123     9.439880730407
Au    -0.175368009311    -4.820406550841     9.305674708361
Au    -1.438395780148    -7.738891921652     9.123616593561
Au    -2.277752895487   -10.459423997101     8.840520042163
Au    -1.526772722756     3.151088882211    15.622813505390
Au    -2.714731910415     0.221231248183    15.158025340171
Au    -3.572404764738    -2.259087698117    14.916352023424
Au    -4.783782277067    -4.892471249155    15.132426482773
Au    -5.993107597862    -7.482659677735    14.694144823622
Au    -6.913177362620   -10.130044340281    14.465918327860
Au    -5.831676242229     5.087671267556     9.889570178712
Au    -6.875381658917     2.762078951721     9.652403193951
Au    -8.095012367481     0.219177200891     9.261206843263
Au    -9.529021075727    -2.494140417191     9.203054303957
Au   -10.783476560852    -5.029709047954     9.628867727440
Au   -11.459832547602    -7.910679014129     9.349197384353
Au    -1.944312307970     4.145718475078     7.858683512019
Au    -3.037533386599     1.204914295091     7.528253262842
Au    -4.259052441634    -1.570614406930     7.490148366540
Au    -5.577468274149    -4.184990001948     7.485665497740
Au    -6.481580695148    -7.090361391413     7.037310749772
Au    -7.263281398765    -9.886313945579     7.054189976952
Au     0.632787915855     2.574399301000    11.247156572237
Au    -0.424690861231    -0.325865341959    11.211917253693
Au    -1.622786010028    -3.210410328466    11.154662189931
Au    -2.597396433879    -5.879782705169    10.842292386874
Au    -3.381897005980    -8.539430622319    10.722977170110
Au    -4.467595063518   -11.063270678273    10.361583215713
Au     0.680042423363    -8.781255914281    18.033927372931
Au     1.665268284568    -6.191082915689    18.271709743661
Au     2.448666773530    -3.381181569458    18.500784353818
Au     3.663260172882    -8.744351290460    13.729131888678
Au     4.458929747367    -6.367846470687    14.758466648326
Au     4.840501543173    -3.859502185458    14.824143966940
Au     2.713971635327    -9.361119155218    11.120727587743
Au     3.693973404880    -6.818326359740    11.275456114266
Au     4.809118722457    -3.332458141139    12.009988046435
Au     2.486371355770    -9.388156916969     8.406892901975
Au     3.421568097737    -6.539043383701     8.455521610282
Au     4.762978554309    -3.826498346038     9.200014717405
Au     2.174851220769    -8.563239771430     5.734546084590
Au     3.308483755937    -5.822896702252     5.826155506602
Au     4.413843858467    -3.062077776823     6.280782338931
Au     5.738288524245    -8.293972525584    12.064322172675
Au     5.752394503020    -5.766172976396    12.563758846431
Au     4.914368736562    -8.581549175334     9.519494556704
Au     5.928240435281    -6.101052740696     9.920994437337
Au     4.796785483073    -8.022665843796     6.788479011312
Au     5.788201288369    -5.323211911092     7.147580281073
Au    -0.995216915649    -7.353474106486     2.510526772056
Au     0.390621437554    -4.620677882037     2.485752898452
Au     1.316548912846    -1.699996075510     2.968957360365
Au    -3.523911399224    -6.517367109934     1.778160024626
Au    -2.303160128100    -3.761772334567     2.171760408900
Au    -1.124383951715    -0.619032086666     2.083459704164
Au    -6.064678540792    -5.084770705112     1.109105852302
Au    -4.803190782985    -2.609997697965     1.543501580765
Au    -3.835818130497     0.152894936665     1.498290349348
Au    -8.453164052914    -3.988220324148     0.563432933719
Au    -7.269739101847    -0.994244489857     0.657189733770
Au    -6.282991803620     1.422265193608     1.020186646356
Au    -1.378616762090    -5.465258070205     0.427738125369
Au    -0.009125686516    -2.687398922591     0.702438111294
Au    -3.882305364399    -4.399345937267    -0.229352432185
Au    -2.518308330904    -1.796594426786     0.020281494374
Au    -6.223799922496    -2.983453841639    -0.702473426509
Au    -5.025064201309    -0.584928116542    -0.765451429774
Au   -12.310986538841    -2.867653448312     3.088049695509
Au   -11.529050921678     0.002451762700     2.762600929063
Au   -10.053529993865     2.822453905691     2.623404399590
