         216
 AuNiAgCu    E (eV) =  -774.164917       T (K) =   550.000000       time (ns) =   1.54999995    
Au     1.343914401579   -16.500879391326    24.878046418791
Au     2.857170922397   -13.735136100565    25.035577983271
Au     3.889675954904   -11.389585227761    23.181199160899
Au     4.585620679337    -9.736501587447    21.263184333600
Au     5.967108417585    -7.513528113499    19.852221404696
Au     7.295707053377    -5.362500395941    18.132618889581
Au     8.174493844857    -3.572689595243    16.165057773870
Au     6.458641871867    -2.347100189151    14.215661095720
Au     8.527125292332    -6.717032557260    30.660471269046
Au     9.898957167146    -4.889660471963    28.934855203874
Au    10.948826032334    -3.178700786148    27.072252823913
Au    11.829800202524    -1.369041774938    25.464707869397
Au    -1.847114889686    -4.488188999200    27.851961919314
Au    -1.052638953093    -2.520199058741    25.501917345878
Au     0.216933410824    -0.765864589911    23.836889731864
Au     1.070976168632     1.172365723270    22.153157304981
Au    -4.716717582386   -11.259543724776    18.582947891981
Au    -6.429587090148    -5.861204437699    19.098045744845
Au    -4.200646868585    -7.161383797887    16.664934866189
Au    -1.030404643902    -5.809295708290    12.763810156327
Au     1.855647513306   -15.336826118426    27.200770549195
Au     4.906383062395   -13.996505711839    23.076177211138
Au     6.179914113002   -12.038093537487    21.480980401643
Au     7.068290827388   -10.014324577295    19.851362979657
Au     8.393109062222    -8.086186529251    18.031227286196
Au     9.284773881242    -6.088294323076    16.166137812689
Au    10.004550376422    -2.125476301412    14.757445009010
Au     3.878672654117   -16.141408200012    25.337312226349
Au     2.657254959807   -15.529203146483    22.741014306399
Au     3.538226707392   -13.018025849324    20.944095156648
Au     4.909136869879   -11.330200582423    19.234331681411
Au     5.609663859577    -9.220943505284    17.592516116028
Au     6.880915579098    -7.308143535684    16.057588559580
Au     8.604844400905    -3.554585744151    13.171181688062
Au    -0.097827973685   -14.198720589295    25.382950608077
Au     1.045127354528   -12.614535610838    22.960095666614
Au     2.005696800332   -10.500094582796    21.619057338553
Au     2.961443580477    -8.483031756263    19.510643358999
Au     4.388849365383    -6.601091322208    17.762918114767
Au     5.555317436889    -4.473754768406    16.029756395162
Au     5.966247430395    -4.281400114813    12.424457703871
Au     1.095874942180   -12.769567517288    27.254764882931
Au     1.925545701761   -10.851095560096    25.308569770314
Au     2.565268453644    -8.754706221336    23.754630079446
Au     3.841933206449    -6.766853005176    21.602063021213
Au     5.112037121597    -4.846080238481    19.891131372330
Au     5.941690507875    -2.867910981563    18.174487449615
Au     7.191007103057    -0.956855891276    16.354824692483
Au     3.772858928668   -13.112225745984    27.693868999569
Au     4.595200744793   -11.271361492508    25.984554441780
Au     5.696770918923    -9.365880218339    24.356292140303
Au     6.673204887437    -7.585613944185    22.467259789821
Au     7.816297074631    -5.697941054160    20.955651962805
Au     9.026401088165    -3.658547121648    18.972378911251
Au     9.828968256967    -1.613589682673    17.357049604805
Au    -1.606939751567   -13.294040706788    23.197082195226
Au    -0.516531873386   -11.700922288406    21.061679148411
Au     0.379532849086    -9.546981673529    19.437932719699
Au     1.865399714895    -7.456928893661    17.215578406878
Au     2.976559624676    -5.576676091181    15.368381683793
Au     3.834623739314    -3.260561510701    13.928199997107
Au     0.192072509632   -10.086922911499    27.445963431853
Au     0.698546167399    -8.113213840375    25.389964684347
Au     2.063498539102    -5.971786973159    23.476677377553
Au     3.272781592893    -4.064841584741    21.816535731299
Au     4.113836198315    -2.162862141902    20.205362025215
Au     5.129069702340    -0.042667426660    18.198064369828
Au     5.247638558267   -10.735104096456    28.677499004116
Au     6.401685342549    -8.988548061299    26.908267432423
Au     7.185565081441    -7.135382667718    25.282810625416
Au     8.567347032564    -5.450344388016    23.304652528197
Au     9.525397780955    -3.288924748058    21.559026585803
Au    10.496003361576    -1.279721856401    20.092102982640
Au    -3.333497568512   -12.211786800923    20.954451294945
Au    -2.056970398422   -10.597661270144    19.004772910692
Au    -1.001277783663    -8.603461143635    17.026917690046
Au     0.121663210953    -6.499002242649    15.215519508339
Au     1.413855981365    -4.426684981212    13.638294850242
Au    -0.869455947881    -7.552202365494    27.590566275152
Au     0.089614984225    -5.279476388158    25.803648832774
Au     1.075504137537    -3.302146095417    23.294991263109
Au     2.166277338064    -1.224883145397    21.954170448370
Au     2.979960044525     0.771087501886    20.100535279741
Au     6.602322150539    -8.669299754153    29.998238556953
Au     7.909571922927    -6.786838449485    28.138183363026
Au     9.019934065597    -4.957661639660    26.087547495009
Au    10.185808539590    -3.124473723287    24.230746190018
Au    10.939072883145    -0.836988046873    22.616643307825
Au    -3.107775627394   -13.246535704651    18.705240920254
Au    -1.962746241983   -12.022745591017    16.551188797581
Au    -1.142460527999   -10.162434538058    14.821608242646
Au     2.002100584293    -7.111122099330    13.419494699722
Au    -2.504205309102    -6.072892981038    25.720624879033
Au    -1.556224595176    -4.262275595985    23.438924721621
Au    -0.840556220690    -2.247510397686    21.539730593580
Au     0.201338253753    -0.375329637605    20.113692670370
Au     6.003238007712    -6.162103224372    30.318106655127
Au     6.831900587467    -4.283233662024    28.125689165580
Au     8.200235289096    -2.354848826356    26.503916909982
Au     9.139036937880    -0.632874649387    24.695800165245
Au    -3.405983809041    -8.189595364994    22.963293659515
Au    -2.439232339582    -6.140918634803    21.267739984285
Au    -1.502865641993    -4.025269635584    19.406237429649
Au    -0.359130793630    -2.301355313028    17.742394691820
Au     3.270416492537    -5.895152463693    29.336478846986
Au     4.076795448693    -3.806591724882    27.524105834404
Au     5.430234193435    -1.965013066682    25.374849098022
Au     6.519492151124     0.312242163603    23.496651299810
Au     8.713071090662    -9.731144811596    27.833370265148
Au     9.735278705713    -7.775368394384    26.262207508518
Au    11.188451248532    -5.951224173299    24.513447168051
Au    12.124768448435    -3.801114555595    22.529898720228
Au    -4.099983176884    -9.450508054761    20.703988696233
Au    -2.918665990060    -7.938628883512    18.910673034806
Au    -2.023824303320    -5.605568455235    16.922856840269
Au    -1.092500293543    -3.875152548243    15.022121482465
Au     0.598732877648    -5.099568520219    28.660550822382
Au     1.560622122677    -3.266811401045    26.634627239592
Au     2.710594726133    -1.372734542016    24.804987741269
Au     3.867909491192     0.818419147841    22.808263085995
Au    -1.598600857148   -14.615974415412    20.841564463684
Au    -0.443612311062   -12.915586225545    18.725193416440
Au     0.479809843125   -11.238052492074    16.578016165364
Au     1.591121288470    -9.120112653045    15.225252744300
Au     4.898572043480    -6.340884162145    13.637796983270
Au    -1.918547924941    -9.017545483318    25.294464686038
Au    -1.016541827334    -6.994200280811    23.501003880360
Au     0.165395507466    -5.197471030118    21.468134644580
Au     1.155528677388    -3.246913831386    19.843957037951
Au     2.341538970017    -1.096963189244    18.447131839099
Au     4.149213170740    -8.444074361425    29.201398426446
Au     5.145535583722    -6.303435831556    27.203177875336
Au     6.319602358264    -4.743273040648    25.465115308320
Au     7.608045068757    -2.517876428059    23.655511272621
Au     8.530994576295    -0.401377492423    21.660088487100
Au     7.229968560808   -11.609528950268    26.557687264246
Au     8.181483774880    -9.667464399122    24.961596401907
Au     9.564647573056    -7.833403719344    23.340256444457
Au    10.640592607877    -5.966236523047    21.433609547928
Au    11.733085828865    -4.165268397728    19.883882804827
Au    -2.781518283476   -10.929717065894    23.431238099960
Au    -1.559876217956    -8.970895519517    21.206112109540
Au    -0.340635857138    -6.903557738297    18.994763875068
Au     0.558220337931    -4.767491722553    17.572384462992
Au     1.629845610182    -3.014639596242    15.875090010256
Au     1.498466433010    -7.900073648032    28.469870226685
Au     2.459676123109    -6.104675897611    26.589767612713
Au     3.680357456105    -4.143571129959    24.750700505438
Au     4.794259560276    -1.941989205388    22.868368346546
Au     5.739326005450     0.196858415558    20.840547411784
Au     5.551502042632   -13.976656471413    25.651742909812
Au     6.682256154175   -12.180634699000    24.082663012258
Au     7.803871460391    -9.979837059579    22.502065060310
Au     8.891485148363    -8.080218230794    20.759571786656
Au     9.996126331818    -6.153305095779    18.797042218589
Au    10.950687087069    -3.952788557721    17.092447586476
Au     0.022399954717   -15.368639457020    22.865662769961
Au     1.006051219063   -14.087515839738    20.790579988218
Au     1.814028120881   -11.845777259698    19.311562953624
Au     3.064665269149   -10.221412128758    17.458325290965
Au     4.051566368615    -8.205169271075    15.629503494568
Au     7.439414275915    -5.745009115756    14.018516854643
Au    -0.822405960078   -11.478308078487    25.326218327257
Au    -0.168134530486    -9.762063405942    23.500879712889
Au     1.100861750823    -7.813542616794    21.417524224909
Au     2.201239384424    -5.800166597558    19.554326001967
Au     3.163897061377    -3.841633122941    17.934521631367
Au     4.382633314088    -1.965787616003    16.164182677181
Au     2.620519934279   -10.767639744668    28.287567571808
Au     3.419879542636    -8.709526338381    26.372982472678
Au     4.440121269003    -6.781366953352    24.481978997588
Au     5.838715679786    -5.009347222386    22.694910766961
Au     7.020474775772    -2.375823864501    20.850925658415
Au     7.780093375952    -0.540831735728    18.917469575687
Au    12.907277244299    -3.864478243862    25.017310101940
Au    11.707867246837    -5.884479257247    27.083195927102
Au    10.273961085117    -7.579861440511    28.887989953772
Au     9.761230768867    -0.490767463024    27.213896783419
Au     8.950956875702    -2.303318365657    29.051141192851
Au     7.740988719670    -4.259068515852    30.792895286596
Au     6.964873017718     0.464809826375    26.278000967617
Au     5.850545933747    -1.617009723838    28.099442100974
Au     5.021349092187    -3.417948221615    29.995957292250
Au     4.436465374337     0.682333784176    25.475227665678
Au     3.134693251739    -1.145749362036    27.359762366476
Au     1.969592424060    -2.704418750600    29.494951728949
Au     1.799773269842     1.279415688588    24.733352219477
Au     0.363723520084    -0.365791596465    26.576984207902
Au    -0.353528621867    -2.337203556983    28.336328391441
Au     7.773639912954     0.170080257515    28.885670715762
Au     6.819663888160    -1.544955301798    30.546696036717
Au     4.915139285187     0.884093450529    28.134341124279
Au     3.721467473812    -0.810610898495    29.973041861784
Au     2.465648557115     1.495744394958    27.383465987026
Au     1.294803192241    -0.114558420964    29.271608554874
Au    -2.039768378365     0.277001618661    21.720491303329
Au    -2.969162365474    -1.347954802350    23.638973695093
Au    -3.412306148959    -3.528238270517    25.645647027460
Au    -2.629074148779    -1.567740960683    19.647759682105
Au    -3.440729672962    -3.605232227620    21.433667040466
Au    -3.903944433617    -5.620100603067    23.454596929635
Au    -2.817585766200    -2.928162699048    17.086725413259
Au    -3.802850859619    -5.577385305601    18.979771079233
Au    -5.427406715809    -6.567430343777    21.326385442463
Au    -3.406046237487    -5.290535460819    14.446996207239
Au    -4.926277351899    -4.466528059386    16.877982823949
Au    -5.516950858140    -8.445712130214    18.687366833883
Au    -4.624684618962    -1.249005453403    21.596869515518
Au    -6.761570709381    -5.161166847787    23.191610024781
Au    -5.000765531385    -3.091533969214    23.667943226646
Au    -5.849462145331    -4.853033252666    25.527423502558
Au    -4.871520560475    -2.939195041258    18.975156672070
Au    -6.294033787613    -3.872541460571    21.083372711073
Au    -0.251239328240    -8.467601551047    13.051709972253
Au    -2.460492843303    -7.906633002260    14.641574587785
Au    -3.491922102089    -9.657995157678    16.596243260380
