         216
 AuNiAgCu    E (eV) =  -774.719421       T (K) =   550.000000       time (ns) =   1.29999995    
Au    -5.334085633281   -12.192319123921    27.813277677047
Au    -4.008206664697   -12.281691140540    25.412297636856
Au    -3.131522721839   -12.273040842957    22.807212853681
Au    -1.913313470113   -12.264130951811    19.763976159071
Au    -0.752105014895   -12.275317662711    17.297581113315
Au     0.288504926865   -12.030203208575    14.705475379326
Au     1.027200879096   -12.181463849149    11.959597896202
Au     2.273656197996   -12.079883362877     9.608891064626
Au     5.820015018095   -10.555862697569    26.247029166733
Au     6.972237466916   -11.002721338042    23.647834823859
Au     8.278684207464   -10.498164324281    21.307724771742
Au     8.683821422975   -10.738038427609    18.689184684344
Au    -1.703016481355    -2.728054878529    23.331722188258
Au    -0.209098692430    -2.316472536047    20.721918908887
Au     0.879925556633    -2.383644460790    18.001130081922
Au     1.933739477917    -2.441013172799    15.390481496929
Au   -11.025499436216    -8.333450320679    18.713321296268
Au    -9.380654313896    -2.517428161517    17.480115724242
Au    -8.924830591991    -5.132202553733    15.340437422175
Au    -7.785619916156    -7.459129962441    11.351561643145
Au    -3.638808231611   -14.194593860679    27.168641182398
Au    -2.473832821485   -14.431835586353    24.502346423593
Au    -1.737005513972   -14.337668272341    21.513114911584
Au    -0.761912010789   -14.663992621320    18.990862509289
Au     0.704916149071   -14.404168108397    16.303923517382
Au     1.719820661945   -14.470739157343    13.867446792577
Au     2.761429950863   -14.044635542728    11.618526678372
Au    -6.077412603844   -14.155570140423    26.175997760030
Au    -5.511974863349   -14.088166652212    23.718904092289
Au    -4.320488949240   -13.828369220501    20.436499582572
Au    -3.182282670983   -13.894637390197    17.933736500736
Au    -1.934506402369   -13.792022049538    15.592323024379
Au    -0.708273459695   -14.010902856581    13.025117322723
Au     0.864413742744   -15.806291906418    11.662333170071
Au    -6.632460865624   -11.448953182537    25.560224385131
Au    -5.588863266667   -11.333515668672    23.012348622482
Au    -4.760536941001   -10.990548036187    20.487201215465
Au    -3.455443345569   -11.250124767095    17.740255234328
Au    -2.273873644818   -11.042229028544    15.213823022392
Au    -1.159427750458   -11.027383197379    12.403558149321
Au    -0.029933450296   -10.884803852591     9.984672705652
Au    -4.805571735577    -9.809865520979    26.607334761941
Au    -3.358806021412    -9.902805411539    24.234532309437
Au    -2.347663886182    -9.853775067371    21.494011855998
Au    -1.193045495714    -9.845434954029    18.695113357092
Au     0.274565470981    -9.585338700064    16.241610675478
Au     1.359959097241    -9.672240928531    13.391303067763
Au     2.451261010320    -9.748440865700    10.746889090566
Au    -2.512079342492   -11.646008163876    27.666656558084
Au    -1.300875392086   -12.096763653097    25.262997118785
Au    -0.445770512181   -12.068007710929    22.242592107578
Au     0.835806177691   -12.001656457898    19.745696227246
Au     1.908504315666   -12.015514618044    17.118788256878
Au     2.996896426162   -11.804416947854    14.380669252703
Au     3.953406107355   -11.596841655721    11.646583454166
Au    -8.134360780549   -10.095385979564    23.314770281009
Au    -7.197564038436   -10.290811604488    20.758449150513
Au    -6.075889749221    -9.943084365211    18.085242971142
Au    -4.818503942853    -9.940489351577    15.655530223113
Au    -3.682472684474    -9.764715704620    12.886898881364
Au    -2.481268392258    -9.806898325700    10.352889517780
Au    -3.277583022318    -7.604835269414    25.383412317355
Au    -2.513512466820    -7.601429311147    22.840286211597
Au    -1.357864753278    -7.483313573353    20.162939792201
Au    -0.294188835439    -7.374611810162    17.787718546525
Au     0.922554273858    -7.169693270469    14.941653494265
Au     2.038175341945    -7.267524554887    12.300531617549
Au     0.463756459313   -11.852256450570    27.539063756751
Au     1.361889651819   -11.562506137949    24.735604991043
Au     2.473875494684   -11.524031536898    22.115985498957
Au     3.476976009951   -11.643691129585    19.228921936736
Au     4.732707123442   -11.842893051237    16.620637084331
Au     5.568908349645   -11.104503284581    14.061011104626
Au    -9.610504497661    -9.187708578267    21.112279463866
Au    -8.491687297014    -8.877905965873    18.629003029948
Au    -7.492401765069    -8.658604860978    16.073543776423
Au    -6.158126333739    -8.621702527580    13.375520447973
Au    -5.225782955277    -8.862461327374    10.679243595423
Au    -2.701958106082    -5.345343556485    24.073038489583
Au    -1.413341590458    -4.774805803299    21.607120676257
Au    -0.356494089378    -4.804072911303    18.958348973731
Au     0.841085891291    -4.659950492034    16.387864151365
Au     1.796636385099    -4.708099667548    13.556341229621
Au     3.044186204662   -10.993804575943    26.874175231557
Au     4.137948808259   -11.107448520217    24.214476491872
Au     5.252772305015   -11.404757941164    21.751919234698
Au     6.217496639280   -11.333712403858    18.977474007504
Au     7.200810760455   -11.160393878963    16.476866385719
Au   -10.734186031527   -10.852745091937    18.903112559554
Au    -9.504042391768   -10.262582998972    16.415629042895
Au    -8.652953083806   -10.343859371068    13.725401081836
Au    -4.599496730930   -11.351475639416    11.084258458451
Au    -4.270834290151    -3.811582671102    22.280254610273
Au    -2.796748483894    -3.578250460298    19.672043866910
Au    -1.768591295827    -3.720046046504    16.723790285435
Au    -0.530473541798    -3.537534202965    14.248467004601
Au     3.790843241401    -8.648682760902    25.567015743210
Au     5.287358364763    -8.931716827485    23.050308251603
Au     5.912948207143    -8.821779450974    20.510821201681
Au     7.239958312481    -8.853172510033    18.058776535174
Au    -6.503885418093    -5.026391812725    21.187626566629
Au    -5.385809938285    -5.076037036844    18.501415002301
Au    -4.361267249957    -4.926666422003    15.941550902095
Au    -2.996254333758    -4.721181037468    13.475743546410
Au     1.901458254722    -6.633105733532    25.019434705613
Au     2.827650707624    -6.473776767958    22.555107808379
Au     4.309571927610    -6.833026408259    19.585422843784
Au     5.485221475127    -6.910793960736    17.189666357387
Au     4.614833133043   -13.011477050305    26.049263451846
Au     5.398799752259   -13.571216491430    23.397532285311
Au     6.649875321133   -13.902440653252    20.912837408410
Au     7.832897175050   -13.700167815414    18.488927952259
Au    -8.783787842132    -6.435346778520    20.071003303416
Au    -7.748697344291    -6.311688470133    17.480445429326
Au    -6.605954011404    -6.187553189005    14.964763850135
Au    -5.289540158096    -6.044328973808    12.255002249532
Au     0.074285991912    -4.536747232597    24.079426064660
Au     1.338836985965    -4.441261705861    21.527952196186
Au     2.305518117857    -4.487655332319    18.899367133539
Au     3.391017109880    -4.733614120912    16.068410488924
Au    -9.437210178361   -11.809163101514    21.097372845356
Au    -8.439871477162   -11.858602247152    18.394976152699
Au    -7.286193560448   -11.560348173745    15.846618858483
Au    -5.830995574414   -11.913549061490    13.471382609536
Au    -2.143087897331   -12.636282415641    10.634462990504
Au    -5.108762062868    -6.340474057576    23.311020362966
Au    -3.927880527981    -6.131978259131    20.871519194729
Au    -2.692087853108    -6.068359439320    18.244436914493
Au    -1.687221580941    -6.093264109464    15.491897503982
Au    -0.450811735302    -6.043298484935    12.696339493956
Au     1.143973687963    -9.221333229753    26.362693685365
Au     2.078895247231    -9.098168559723    23.629473579008
Au     3.118679478026    -8.982928330500    20.878592190793
Au     4.381123622455    -9.401795024965    17.813292893865
Au     5.802633033730    -8.975243152347    15.685045755982
Au     1.913603062906   -13.808216679077    26.488199298030
Au     2.936378663927   -13.847436104524    23.987331448528
Au     3.800430721704   -13.955862724843    21.141078822858
Au     5.058406206388   -14.000303821625    18.800618753291
Au     6.294357886979   -13.970520561580    16.359254205172
Au    -7.500087560836    -7.895217875042    22.148654066531
Au    -6.274375366970    -7.508307509358    19.599205402874
Au    -5.024617009475    -7.618744723016    17.079856045594
Au    -3.958924670421    -7.220273443753    14.331780361449
Au    -2.674585172043    -7.363244533275    11.796254403031
Au    -0.598084568110    -7.170432663534    25.454181869798
Au     0.344486625265    -6.940524220292    22.795072346405
Au     1.425545155993    -6.817394106690    20.090634210095
Au     2.422500252582    -6.950783741197    17.172726793089
Au     3.585400627386    -7.000077255391    14.454628650804
Au    -0.734363940091   -14.448810748771    26.874715333182
Au     0.201523463630   -14.171865029488    24.273366634414
Au     1.335749991271   -13.995461331882    21.624366459466
Au     2.102859816982   -14.210980889694    18.837269061119
Au     3.444996543841   -14.241337096179    16.317884228932
Au     4.684695057973   -13.686953672048    13.679024301216
Au    -8.094430600295   -12.783091320320    23.235898581318
Au    -6.806748530136   -13.140502790279    20.835353969287
Au    -6.053423047645   -12.942464602948    18.216419704360
Au    -4.689629244039   -12.767815894676    15.945603886227
Au    -2.974105092550   -12.761702090528    13.360382245823
Au     0.190378203065   -13.958107248076    10.031467438978
Au    -5.952540747417    -8.843486716683    24.460273784195
Au    -4.917501088800    -8.683865749789    21.879317093491
Au    -3.797856675174    -8.536471702680    19.211274045347
Au    -2.448857141479    -8.602185557578    16.448280133361
Au    -1.478198139177    -8.481813719792    13.993658275739
Au    -0.199050035772    -8.417062917579    11.410023618895
Au    -1.647480906973    -9.487232166966    26.480740135199
Au    -0.543610564819    -9.680598437220    23.843401627873
Au     0.337073764291    -9.468332038611    21.231688125538
Au     1.716248848560    -9.558979119828    18.574230793740
Au     2.971246918135    -9.438605387889    15.460969485216
Au     4.217738724783    -9.198060180299    13.094090682102
Au     9.117032953667   -12.844668386979    20.589971942226
Au     8.311018546166   -13.210667082746    23.059427120780
Au     7.233165840105   -13.127196939566    25.527825623388
Au     8.605609839435    -8.093799703010    20.092512529919
Au     7.971080019946    -8.329276946125    22.923072124041
Au     6.360296308750    -7.984050228698    25.431045954182
Au     7.009259115659    -6.175830880633    19.128798646053
Au     5.973252093083    -6.531639022971    21.861922689633
Au     4.587416462815    -6.049937468942    24.745497413359
Au     5.092404923854    -4.473303301691    18.352844248598
Au     4.045907697184    -4.228588729096    21.205863107151
Au     2.833326766735    -4.096270502580    23.886519669596
Au     3.506270006344    -2.359326449335    17.390987828579
Au     2.486012079171    -1.864493314548    20.542999164290
Au     1.194588343668    -2.098311212690    23.197583855026
Au     8.515117555567    -5.699234831793    21.431461423508
Au     7.378488409752    -5.672999968857    23.899512602355
Au     6.608254773016    -3.984799094222    21.138870951870
Au     5.667295552358    -3.687651045768    23.800227700045
Au     4.896808949712    -2.082815181693    19.794654056872
Au     3.808694210984    -1.808598216506    22.833382870753
Au    -0.436371654896    -1.449692743080    15.729645433604
Au    -1.498126276667    -1.488892600126    18.487549063628
Au    -2.763903403282    -1.413122738984    21.175779406864
Au    -3.229766855481    -2.343910542713    14.740231124784
Au    -4.359605158712    -2.321320491374    17.165493203653
Au    -5.299521034814    -2.703383096763    19.942262239731
Au    -5.565808206870    -3.767039443404    13.747475515780
Au    -6.815822325433    -3.529130779039    16.664175382808
Au    -8.008968351986    -3.844405205410    19.334549010069
Au    -7.825806732965    -5.371527347619    12.799764563612
Au    -7.877418940450    -2.766167071838    14.170912822165
Au    -9.948774988693    -5.078776223525    18.151996174496
Au    -3.123233797169    -0.213182556906    16.156193023586
Au    -4.030994733699    -0.328256466379    19.108740166442
Au    -5.752714098267     0.438617471505    17.000552939513
Au    -7.382439613797    -1.301219425438    18.364831329065
Au    -5.705586037903    -1.358207573122    14.965977780601
Au    -8.389384615492    -0.655173352540    15.837457493367
Au    -7.105959292889   -10.536688649375    11.595789607563
Au    -9.027430808716    -7.611831086897    13.850177563139
Au    -9.966254722948    -7.382494204293    16.636653645962
