         216
 AuNiAgCu    E (eV) =  -775.081604       T (K) =   550.000000       time (ns) =  0.750000000    
Au    -3.481955659248     4.876353456543    10.589754066619
Au    -4.124585198366     2.420134456039    10.541389562983
Au    -5.073002140668    -0.379356246639    10.228792306802
Au    -5.777867206737    -3.246916299980     9.875839841925
Au    -6.739639960462    -6.070810795681     9.717884192886
Au    -7.075893427949    -8.737022713215     9.673941768681
Au    -7.930648395193   -11.389053819452     8.808281347836
Au    -8.627982851194   -14.111523157166     8.866305698196
Au     3.027586567094    -3.427215886783    15.561293344521
Au     2.215539120501    -6.150171085254    15.523117812417
Au     1.099621983698    -8.539285441793    15.362125071894
Au     0.337727597046   -11.199246678875    14.826757687219
Au     2.653736236775    -2.031127791564     4.338072630711
Au     2.136849005511    -4.611818055847     4.063157879660
Au     1.746684172463    -7.314074920540     3.573436864697
Au     0.695953767642    -9.959864192793     3.657809437920
Au    -7.574977799994     0.828829668406     1.118855511647
Au    -8.258962035236    -1.759247515160     0.686718551436
Au    -9.266721800008    -4.434105591720     0.341979637678
Au    -9.759362559239    -7.173944425617    -0.159398709547
Au    -4.621017913842     3.492176238551    12.829773037238
Au    -5.278032404181     0.903925175575    13.123552424092
Au    -6.334135066613    -2.156865212737    12.391209721971
Au    -6.994760176831    -4.974598395054    12.162969189280
Au    -7.584535174846    -7.513001513684    12.067504239653
Au    -8.143085763523   -10.479915699558    11.403481731787
Au    -8.804423259349   -12.941294340673    11.198303665845
Au    -5.993174706041     4.195343650018    10.761102972766
Au    -7.136510560484     1.290715738462    10.730678845899
Au    -7.682913845331    -1.203872307097    10.325817331795
Au    -8.485441756925    -3.987977077578    10.073707332198
Au    -9.328556762984    -6.971719417152     9.833659819703
Au    -9.928318876953    -9.579983809905     9.300093815534
Au   -10.708844975388   -12.007638908075     8.743433285422
Au    -4.765084594681     4.176913871425     8.272516115410
Au    -5.307003193517     1.492971533277     7.994362151044
Au    -6.198784097036    -1.650754649743     7.848078950372
Au    -7.023730732129    -4.374159557400     7.581690333626
Au    -7.801204286906    -7.111139726090     7.328056909687
Au    -8.420840368821    -9.662510291731     6.933534903133
Au    -8.949699927754   -12.417257181330     6.671931157908
Au    -1.997595174954     3.486273767394     9.136630097613
Au    -2.650333608141     0.854176705324     8.871467071027
Au    -3.148377092671    -2.116131709281     8.806854366888
Au    -3.929672655644    -5.003891762011     8.561218254992
Au    -4.868834145659    -7.695435320632     8.059194036123
Au    -5.631496782310   -10.669482516458     7.596119287946
Au    -6.364397993555   -13.323316638497     7.121599751959
Au    -1.799291098730     3.069990881639    12.109338811314
Au    -2.655765484256     0.263822995742    11.905244392107
Au    -3.462735493447    -2.403403871260    11.353140750250
Au    -4.385647290521    -5.221174262871    11.214392392550
Au    -4.894871875218    -7.935733223627    11.115846818459
Au    -5.614410451740   -11.121787302836    10.368861182783
Au    -6.036581931683   -13.745656344394     9.884019049956
Au    -5.639381713603     2.869672764100     5.769811138940
Au    -6.433104265480    -0.038024410414     5.681579983073
Au    -7.333313080361    -2.744303106402     5.499806614601
Au    -8.111860397521    -5.431409556180     5.110733153244
Au    -8.472252697520    -7.860656999286     4.558781132185
Au    -9.067288282738   -10.559476000592     4.329468297697
Au    -0.285286224275     1.581049469032     7.677664670771
Au    -0.887706602868    -1.181435245539     7.627780040009
Au    -1.585918142896    -4.048687739680     7.193882288642
Au    -2.509988077337    -6.688538141901     6.856285300822
Au    -3.286673970275    -9.787107213033     6.462928559443
Au    -4.128734016534   -12.334022585058     5.849355399064
Au    -0.322976551609     0.737130763473    13.223359933911
Au    -1.347529507663    -1.768257312416    13.155443102406
Au    -1.879520106109    -4.476727471494    12.709069632483
Au    -2.849252145997    -7.266069639232    12.766207144430
Au    -3.613497516823    -9.908943370957    11.983232324463
Au    -3.842285282604   -12.922791038876    11.612388207216
Au    -6.730778160008     1.773362141767     3.578944915026
Au    -7.597532477219    -0.930053136313     3.205905758548
Au    -8.487824296505    -3.669603045083     2.719825567206
Au    -9.234213716433    -6.125306402689     2.478728304312
Au    -9.576767171774    -8.975032743696     1.969585239247
Au     1.650473285443    -0.267529954423     6.236120138953
Au     0.482474110536    -2.738808867583     5.547725735876
Au    -0.308001403154    -5.752870018401     5.398847623417
Au    -0.994195865241    -8.553432684274     5.048521397300
Au    -1.528919434006   -11.270123899043     4.899643638296
Au     0.692751860263    -1.266112763956    14.879404969073
Au     0.458146351901    -3.839382343893    14.668491259415
Au    -0.273987074213    -6.512136632026    14.321355894699
Au    -1.448651235173    -9.410344816544    13.594069218694
Au    -1.731609213105   -12.246382587368    13.243492692861
Au    -9.366741027460     0.960373665771     3.675003662613
Au   -10.276044722266    -1.590428060029     3.431888458521
Au   -11.365354987586    -4.521638684254     2.956355958803
Au   -11.647461068062    -7.158185413490     2.022934488043
Au     0.396954998251    -1.148573884512     3.396942494515
Au    -0.534829771717    -4.059472803758     3.276440240697
Au    -1.238364450355    -6.680855072066     2.869385104641
Au    -1.607334177977    -9.572078167390     2.577708189517
Au     2.660578794190    -2.698936372244    13.174490417730
Au     2.096785833133    -5.596962117710    13.044596602889
Au     1.230292129473    -8.420254032077    12.566571777722
Au     0.649383785143   -11.185213053447    12.129386597898
Au    -2.593188095941    -0.401638011721     2.871097391288
Au    -2.948664923508    -3.143746204497     2.484273712961
Au    -3.725617353352    -5.732804796738     2.430331509942
Au    -4.544274762469    -8.633016524260     1.787798197843
Au     2.716032665910    -2.322045489065    10.237693708319
Au     2.095174335491    -5.367474473241    10.329853288186
Au     1.254730297578    -8.316465004988     9.680259899675
Au     0.798885516060   -11.093360104511     9.260824053291
Au    -0.581906420716    -2.577839591096    16.892854437240
Au    -1.467709403638    -5.115293560045    16.627429213719
Au    -2.011718215552    -7.905580397712    15.769582986703
Au    -2.297505421210   -11.141100889416    15.499652591421
Au    -5.188706551531     0.137060946012     1.863057746746
Au    -5.512515008379    -2.637027736026     1.368080985161
Au    -6.331933495495    -5.119741391777     1.200619395195
Au    -7.162806823184    -7.831158510427     1.019218911274
Au     3.121863066572    -2.318744869947     7.286197140275
Au     1.945367544017    -5.005749575477     6.901845855139
Au     1.299772567509    -7.884419300391     6.632911350415
Au     0.683277800075   -10.475319289646     6.483652351877
Au    -8.268484638307     1.919508732344     5.901049364426
Au    -9.234747975127    -0.652148650422     5.849269717561
Au   -10.352057728773    -3.408119585934     5.451606073702
Au   -10.902373292543    -6.103372814926     5.504364340987
Au   -11.042548227948    -8.523259281421     4.621303601019
Au    -1.321260749124     0.380051504959     5.202338800141
Au    -2.209000207392    -2.219033023800     4.999313155348
Au    -2.713658824085    -4.969192178052     4.669738587120
Au    -3.429796084555    -8.049652961773     4.254071299778
Au    -4.060830239500   -10.576959347918     3.786703888839
Au     1.462933921934    -0.762933968077    12.103721422539
Au     0.392319851274    -3.359760967546    11.668233553927
Au    -0.231323829020    -6.253489197280    11.498440297711
Au    -0.962948492960    -9.236619385136    11.008244745073
Au    -1.658993271248   -11.914455877196    10.146573678656
Au    -1.926653833070    -0.525412108158    15.593019976827
Au    -2.863491023036    -3.062885764619    15.250247408936
Au    -3.491033935805    -5.778169366476    15.155871719362
Au    -4.264178601036    -8.747234385997    14.523085486768
Au    -4.360269746836   -11.638059285381    13.919573426583
Au    -4.237646418413     1.116742652457     4.338228879068
Au    -4.899865622209    -1.633451164128     3.833669459057
Au    -5.431625712608    -4.213544444874     3.971852192285
Au    -6.209366749837    -6.733872244718     3.484703899497
Au    -7.041687782528    -9.651633691238     2.882572061679
Au     1.484196070095    -0.449884044394     8.879334488812
Au     0.754936022471    -3.111424523595     8.682171744857
Au    -0.116492652912    -6.009721491412     8.591262607268
Au    -1.180703434809    -8.737704511240     7.749058916807
Au    -1.617298401345   -11.774574495717     7.571637839651
Au    -2.970942359443     1.657796606806    14.099627553229
Au    -4.274165332635    -1.192353974928    13.912699476405
Au    -4.698644223218    -3.895280229986    13.549511266878
Au    -5.544480402529    -6.631738782627    13.491125238835
Au    -6.211322758575    -9.678650507738    12.996586350585
Au    -6.600778258804   -12.454712977042    12.552130821408
Au    -7.439540522252     3.002340751573     8.302338077575
Au    -7.865001358618     0.349799264660     8.121563427505
Au    -8.826087334832    -2.365192124392     8.089622230426
Au    -9.707497926291    -5.087447290292     7.606973099035
Au   -10.601722600190    -7.729157667055     7.362372494410
Au   -10.844593026659   -10.489667013622     6.430576157218
Au    -2.998246338322     2.460737838935     6.658290629506
Au    -3.689370183523    -0.355441642444     6.467973692921
Au    -4.394884452994    -3.197847135202     6.493223043954
Au    -5.383009113900    -6.150549103248     5.951084103998
Au    -5.919885863076    -8.827965664738     5.634131336051
Au    -6.610975084232   -11.543475536510     5.257850131862
Au    -0.397908574346     1.515928734427    10.427856485928
Au    -0.733233797960    -1.255204591606    10.285551894666
Au    -1.687596292507    -4.224307310052     9.954639539094
Au    -2.526859443518    -7.273338707551     9.848171144420
Au    -3.141689503884    -9.856798923412     9.286957329305
Au    -4.053203876395   -12.581067774272     8.638840768348
Au    -0.733079683723    -9.751295202081    16.894754154450
Au    -0.125774814165    -7.092440439050    17.456856100423
Au     1.081828170441    -4.600237350497    17.296954642241
Au     2.702929031006   -10.242718878757    13.791270153066
Au     3.985114712991    -7.971484047853    14.111747573303
Au     4.604203870241    -5.001821729984    14.033376939307
Au     2.957399642626   -10.586997051527    11.060889501578
Au     3.498615248782    -7.669345921233    11.290853109302
Au     4.291442392604    -4.489260752285    11.494565395445
Au     3.014860162725    -9.774175089815     8.014719743151
Au     3.503838446543    -7.186065701678     8.282970229909
Au     4.259607639037    -4.214226117625     8.769025242614
Au     2.861786751725    -9.672555391089     5.250940510210
Au     3.595730157681    -6.906088620414     5.265163884876
Au     4.314283803984    -4.186643468828     5.815613894595
Au     5.142377227031    -9.811084018597    11.905376296455
Au     5.622243187338    -6.941733855040    12.578662628773
Au     5.192759879080    -9.097974446481     9.514289761432
Au     5.716710377455    -6.266529241742    10.011312524687
Au     5.175396521555    -8.851498668437     6.715092038594
Au     5.780526430900    -6.201901582291     7.364816026159
Au     0.459665899862    -8.080784480123     1.304314699514
Au     1.145244258891    -5.456510462844     1.694213650256
Au     1.829749730456    -2.769915159924     1.908738058710
Au    -2.083773943888    -7.713363511404     0.537926593282
Au    -1.327606412632    -4.895255886741     0.825221972310
Au    -0.489583389957    -2.030810525716     0.915861742529
Au    -4.573017484224    -6.986159693643    -0.415766654823
Au    -3.967696873313    -4.285188747535    -0.076803301623
Au    -3.230370340159    -1.350847562011     0.222199852112
Au    -7.268594946353    -6.097097437672    -1.054219599714
Au    -6.831228416461    -3.385898641822    -0.975145673710
Au    -6.045792407104    -0.767964970965    -0.649971991661
Au    -0.016805367549    -6.590450300166    -0.834602682551
Au     0.703128277389    -3.882159459351    -0.454683993394
Au    -2.504070607120    -5.885133412713    -1.691636051766
Au    -1.842187474907    -3.141880517310    -1.287977581434
Au    -5.164768416426    -5.400811574747    -2.297906157089
Au    -4.494896144126    -2.587878496414    -2.025975770801
Au   -12.072391095715    -4.907413344455     0.617065241388
Au   -10.866377215812    -2.645742088635     0.993815354284
Au   -10.243518379799     0.069420791389     1.375217037144
