         216
 AuNiAgCu    E (eV) =  -774.582886       T (K) =   550.000000       time (ns) =   1.09000003    
Au   -12.284786259041    -1.962952636822    19.190397619201
Au   -10.996076618471    -3.993421342648    17.704775848825
Au    -9.472973949127    -5.836177525785    16.066787749175
Au    -7.986229474214    -7.603950761140    14.332828219425
Au    -6.470549495090    -9.356637167365    12.872252158774
Au    -4.707231622888   -11.267611919731    11.498139944502
Au    -3.303703380966   -13.361489750253    10.159226570924
Au    -2.104425308431   -15.479971343843     8.863262863933
Au    -4.516825775791    -8.170306534303    23.972904739035
Au    -2.755508488446   -10.027385745165    22.598508848117
Au    -1.142632368779   -11.722724671178    20.906241065208
Au     0.465295811776   -13.542492050551    19.445831852003
Au    -1.579189772531    -0.150151549378    16.729872506280
Au     0.141491490485    -1.514152370772    14.984792481099
Au     1.424305875778    -3.408548669362    13.298933405067
Au     2.587798705923    -5.628667447765    11.842873269750
Au   -11.135260116421     0.089075956105     8.650981791278
Au    -7.267962103582    -1.678558488764     6.155667949004
Au    -6.387278388509    -3.832099420248     4.420980672110
Au    -5.361683316210    -6.058713219038     3.504950921924
Au   -12.634975924236    -4.972068092622    19.543882946791
Au   -11.165872917169    -6.852923685190    17.871372187315
Au    -9.743174080664    -9.041239295645    16.410487475109
Au    -8.122605015288   -10.403688512110    14.677161101451
Au    -6.404843734483   -12.298776721846    13.485875202383
Au    -5.081637460269   -14.250226733446    12.000460809262
Au    -3.692458317516   -16.124325269968    10.790343352861
Au   -13.674354103044    -3.697951526119    17.564537519438
Au   -12.688950643240    -5.639657658838    16.025732254699
Au   -11.018935274181    -7.485682718533    14.507749037328
Au    -9.403451747059    -9.156289015826    12.643473845343
Au    -7.730699270909   -11.285353920462    11.290463611115
Au    -5.947914007905   -13.143865655843     9.623335385017
Au    -4.654880903049   -15.019892279896     8.078451996291
Au   -12.132857370590    -1.713642646835    16.422457862004
Au   -10.419240650716    -3.222270804328    14.932032605469
Au    -9.123148714302    -5.486203835044    13.250732402969
Au    -7.486471965779    -6.939815407585    11.563815154142
Au    -5.921440096541    -9.011550145868    10.234825858704
Au    -4.428907919407   -10.961533640206     8.814941295009
Au    -2.648953619718   -13.199271701457     7.496716578235
Au    -9.683389664204    -1.689785874600    18.320427203234
Au    -8.202261946132    -3.398332236738    17.062429713132
Au    -6.629806689411    -5.157962722125    15.115779379769
Au    -5.388348749884    -7.085157568797    13.566425070885
Au    -3.595334350125    -8.788127907138    12.147831298098
Au    -2.087729990927   -10.916157650326    10.638116273739
Au    -0.690862475982   -12.970959845861     9.384576711179
Au   -10.412247431049    -3.479087464156    20.379722394052
Au    -8.898859534410    -5.486946615651    19.029292493481
Au    -7.546668377038    -7.562979635439    17.196047851073
Au    -5.914610723764    -8.957801024953    15.631008706300
Au    -4.270471639582   -11.077518126050    14.257189795448
Au    -2.499492687084   -12.937890225316    12.727416303382
Au    -1.145045203092   -14.999966744425    11.357312456831
Au   -11.461594538844    -1.017490333978    13.886698140758
Au    -9.982802079131    -3.129119062447    12.223992932405
Au    -8.567960335711    -4.602780021867    10.443469414616
Au    -6.675754275791    -6.545694112199     9.192836805072
Au    -5.416486935947    -8.793250291602     7.324020382776
Au    -3.877563721915   -10.700672603608     6.072577087274
Au    -7.034125731073    -0.840700785554    17.942134910332
Au    -5.602822911165    -2.750387587753    16.580807012227
Au    -4.028637647850    -4.522621814361    14.618828517910
Au    -2.540656334131    -6.392434310789    13.198736174847
Au    -0.820394848212    -8.628994319234    11.621424479524
Au     0.554346711673   -10.500079365219     9.915306383988
Au    -8.608361672124    -5.153290653802    21.601943630273
Au    -6.988626778770    -7.103960916896    20.145278287192
Au    -5.244452114643    -8.762999130890    18.668994397140
Au    -3.940610318988   -10.812019879928    17.130030508984
Au    -2.100897072439   -12.483600747783    15.579966632055
Au    -0.420658675363   -14.304833629805    14.003097047479
Au   -10.904049451011    -0.705765148598    11.271402505662
Au    -9.654594113491    -2.179861173308     9.262221273593
Au    -7.916243651659    -4.239625856697     7.635921202032
Au    -6.581015842112    -6.512005737424     6.049999543405
Au    -4.825768905144    -8.430829599047     4.889699898792
Au    -4.239562559055    -0.317196984251    16.815264725885
Au    -2.837695122249    -2.282558082002    15.621087115535
Au    -1.156481773182    -3.903296297464    13.947946124211
Au     0.131688389338    -6.048280093793    12.405069586439
Au     1.557201932775    -8.185873059642    10.840419319831
Au    -6.568991222132    -6.806527996955    22.796543998886
Au    -4.759622780485    -8.527788363701    21.344143712978
Au    -3.272107141236   -10.485746781854    19.737204188302
Au    -1.855127015651   -12.500986640267    18.343072369220
Au     0.085376180002   -13.655782723138    16.754903711102
Au   -12.346304056136    -2.220014853282     9.085187577143
Au   -10.718185499127    -4.249865654117     7.618025261057
Au    -9.283269264452    -6.056247098579     5.977712334397
Au    -7.707706980735    -8.326595946641     4.584319376002
Au    -3.932787922751     0.287146380293    14.352868647675
Au    -2.200460239506    -1.540270223461    12.800054474910
Au    -0.625268134660    -3.475975085589    11.350696823876
Au     0.647398367045    -5.319323320997     9.334447517399
Au    -3.915626589581    -6.074497077141    22.431862874859
Au    -2.204789883013    -7.782121225616    20.698865539004
Au    -0.540446749911    -9.431204119816    19.353458129309
Au     0.937097987625   -11.234235570139    17.683701783841
Au    -6.054504315058     0.184413942596    12.460212060644
Au    -4.637917755452    -1.583190207721    10.753962516737
Au    -2.544330699532    -3.941050769629     9.394342672244
Au    -1.479988779418    -5.613774296070     7.534135852969
Au    -2.987364717513    -3.764914843832    20.415242687293
Au    -1.760615048754    -6.077003716367    18.827602253099
Au     0.012335007197    -7.711170996849    17.235820056243
Au     1.748698054795    -9.489389416091    15.660669502599
Au    -6.635615348478    -9.643448803266    23.123290770111
Au    -5.312264972614   -11.582425792455    21.634505448767
Au    -3.523654770176   -13.176700275644    20.582430048948
Au    -1.706387994369   -15.068887921996    18.673238731173
Au    -8.499245215762     0.201030654965    10.292421500609
Au    -6.895080777520    -1.728262155285     8.904734561958
Au    -5.232985484962    -3.818171160390     7.025236000265
Au    -3.810292409952    -5.714336340004     5.656222787488
Au    -2.639522496968    -1.973114097647    18.404955398877
Au    -0.849140348522    -3.754774062236    16.641598962322
Au     0.883729007244    -5.628940762526    15.013858263101
Au     2.255453715140    -7.787280129239    13.580358653977
Au   -12.596867730097    -2.634903202535    11.796961326436
Au   -11.587577714893    -4.613923782069    10.278430385975
Au    -9.539263540042    -6.377476623230     8.820447978112
Au    -8.097289188647    -8.648161510698     7.344118376244
Au    -6.841999330171   -10.562025166107     5.757068578957
Au    -6.677106652495    -0.095183940094    15.208315245793
Au    -5.132214520671    -2.012490961741    13.800236210670
Au    -3.487009214245    -3.835440960014    11.946341944232
Au    -1.540892501814    -6.321622826268    10.286806497693
Au    -0.207500797463    -7.903316265384     8.802663060043
Au    -5.802352551648    -4.434369404111    21.404123038083
Au    -4.323092105172    -6.239678540883    19.737711325940
Au    -2.796916966783    -8.386275900479    18.012750526487
Au    -1.046032481683   -10.126319153020    16.420414587863
Au     0.855229249900   -11.896090518749    14.804807097336
Au    -8.912236426693    -8.065330802997    21.956820548297
Au    -7.143357041546    -9.817753080163    20.494662995919
Au    -5.600906329146   -12.071341719391    19.026031207526
Au    -3.894961507503   -13.903832413443    17.277839844323
Au    -2.179680983221   -15.202586993084    15.840952861176
Au    -8.865220493416    -0.450563850607    13.136171506693
Au    -7.450644183975    -2.140075399011    11.497343067535
Au    -5.456707892980    -4.232674971953     9.839992002426
Au    -3.916775585136    -6.084252870625     8.331695228088
Au    -2.798539488027    -8.239928957856     6.725013786859
Au    -5.300097163084    -2.625067139185    19.397066001792
Au    -3.652898876979    -4.230946228106    17.698176249624
Au    -2.030706430662    -6.187876207212    15.873112081164
Au    -0.563865204772    -8.157513011093    14.401004067221
Au     1.638206501670   -10.148122530538    12.893209962910
Au   -10.845781107274    -6.576847372357    20.891052074612
Au    -9.325454854937    -8.651362121675    19.084902502547
Au    -7.239090978048   -10.282290997148    17.685151628703
Au    -6.042235728631   -12.335006920964    16.335634526504
Au    -4.563535432854   -14.273013010001    14.614052279529
Au    -2.695632744191   -15.758724390426    13.225697978952
Au   -13.390579849831    -3.586563197986    14.738569220143
Au   -11.926095589499    -5.067550183665    13.152029067080
Au   -10.575785848327    -7.010138751842    11.313760422935
Au    -8.559154591052    -8.933560685830    10.109426203668
Au    -7.330431360939   -10.940006070887     8.473774203041
Au    -5.420161609980   -12.639973958929     6.970895545881
Au    -9.046006713037    -1.058033638860    15.887876461383
Au    -7.850438488697    -3.017658046875    14.359388229119
Au    -5.996373581625    -4.597767916930    12.326814000375
Au    -4.432632848402    -6.634917936046    10.961596819857
Au    -2.947982110391    -8.402454723167     9.387107980333
Au    -1.836297553415   -10.446642413973     7.970366368818
Au    -7.802808000777    -3.127219903916    19.902352543890
Au    -6.243903480328    -4.724965806515    18.135211725637
Au    -4.469044861862    -6.557958923805    16.417205572913
Au    -3.078696513714    -8.836104864866    15.079194209499
Au    -1.334205746146   -10.566268085312    13.529544997168
Au    -0.084143185353   -12.301598167030    11.743337203167
Au    -1.277103858679   -14.335457391961    21.099581414181
Au    -2.999297223610   -12.726225857062    23.168883191801
Au    -4.862929728696   -11.152678510176    24.248776243304
Au     1.693920817039   -10.689496462654    20.356409720488
Au    -0.151912749378    -9.304410232142    21.925563029363
Au    -1.760336790523    -7.904469906220    23.368388336654
Au     2.140520786804    -8.848154051511    18.466696046810
Au     0.400247994346    -7.005831258635    19.953638289062
Au    -1.182917416191    -5.043462500971    21.380139458141
Au     2.882827264272    -7.206605467037    16.253907245299
Au     1.039612685098    -5.286359732907    17.917167067259
Au    -0.471307643433    -3.461039171491    19.337780640754
Au     3.411654160112    -4.919658174898    14.437515728616
Au     1.921456425275    -3.106743476297    16.206615844765
Au     0.492705213326    -1.540006450598    17.745332107988
Au     2.265577017961    -8.405569166721    21.509556376304
Au     0.513630573003    -6.697589859600    22.655496391265
Au     3.073012404750    -6.453577844628    19.207894914564
Au     1.578069409293    -4.878714798008    20.933803142066
Au     3.651513296882    -4.834286854327    17.017556919305
Au     2.509042468215    -3.420293214463    19.052380116337
Au     1.718183356002    -3.175345877114    10.628925019235
Au     0.326354823650    -0.901600025651    12.238316018995
Au    -1.255014252211     0.585934279769    14.311719750761
Au    -0.460935404366    -3.015784004305     8.273191965411
Au    -1.923250874813    -1.383372935689    10.074044386434
Au    -3.274755119520     0.698528238837    11.661721401346
Au    -2.526252308592    -3.208781937385     6.357418829835
Au    -3.988206676035    -1.611049274203     8.056976871036
Au    -5.590006023902     0.503873484913     9.751099810828
Au    -3.563170921403    -3.825535741077     3.755564587880
Au    -4.779654757620    -1.812822499651     5.292210261473
Au    -8.084837167920     0.372789855690     7.738838853117
Au     0.665076926204    -0.780370817923     9.581248822489
Au    -0.774158671883     1.030420741000    10.763705206443
Au    -0.976811514692    -0.471813207907     7.504172239877
Au    -3.141868604377     0.960307719489     8.834577940024
Au    -3.004564975192    -0.163204521071     6.103788421819
Au    -5.620241619209     0.488996763207     6.926470226720
Au    -8.220765161893    -5.836238692954     3.562223432021
Au    -9.062648860100    -3.624753180976     4.912341477837
Au    -9.843749256295    -1.797841954700     6.512706749973
