         216
 AuNiAgCu    E (eV) =  -773.763916       T (K) =   550.000000       time (ns) =   1.73000002    
Au     2.557652768882   -16.187189289012    26.825156608158
Au     3.247746845974   -13.373588764063    26.258394611961
Au     4.194888318061   -12.323045506503    24.000972880600
Au     5.361014982347   -10.859758643456    21.841186359272
Au     6.483075467442    -9.069046031100    19.987037858334
Au     7.425343073645    -7.519440093370    17.755742729052
Au     8.497385214587    -6.298257437080    15.477109740838
Au     7.832499305804    -9.089637469859    11.855655956486
Au     4.845311143738    -4.291577453171    29.980801031992
Au     6.218713975770    -2.707935095077    28.118498867473
Au     7.321840288819    -1.130551341259    25.916933012538
Au     8.293773726598    -0.198728081216    23.376231133484
Au    -3.944597839643    -6.435966600833    23.446657595497
Au    -3.196897332326    -4.613709596177    21.070851659450
Au    -2.008105152328    -3.257176544077    18.996299043602
Au    -1.038449797019    -2.264319561873    16.744499321639
Au    -2.156434442425   -16.195841971563    18.109970063412
Au    -5.359618949842   -11.953771253557    15.253677854234
Au    -2.971563892421   -13.007042970193    14.201237048361
Au     1.120558202688   -11.964425631758    11.406657949015
Au     1.845773502311   -14.397376279936    28.557368706896
Au     6.117164118183   -13.976006890637    25.718894882855
Au     6.678430989878   -12.723964345198    23.373814640996
Au     7.978047698794   -11.015456428258    21.052322834952
Au     9.192972030862    -9.922781897570    19.062959223299
Au    11.254897406956    -5.404506106347    17.333314582099
Au     9.519086400873    -4.767964123462    13.517691480507
Au     4.777125475653   -15.168552330529    28.071450802715
Au     4.063985352184   -16.073439967049    24.581275804136
Au     4.467502379097   -14.498043006629    22.517169633677
Au     5.579484411441   -13.168942154733    20.519913927324
Au     7.343280568970   -11.937215221564    18.615407889380
Au     7.992675561815   -10.091382002615    16.695758418234
Au    10.997715929382    -6.316720994397    14.945677486100
Au     0.333811819594   -14.543452700769    26.299451169802
Au     1.996006899487   -14.228973076236    23.827274756401
Au     2.815051632796   -12.547024512112    21.415746062375
Au     4.171685811817   -10.859956485967    19.279278506536
Au     5.479048484614    -9.438592457975    17.259049335665
Au     6.622503247731    -8.175201991788    15.194920376108
Au     9.080438605880    -8.457268078332    14.078578003386
Au     0.505512390787   -12.150821765323    27.620444344914
Au     1.567671995908   -11.357901687711    25.253866135875
Au     2.567573475421    -9.945994361754    22.935151127615
Au     3.658671538810    -8.607056863402    20.633180377931
Au     4.808352842637    -7.087308111630    18.555993062012
Au     5.815427864722    -5.640945941615    16.336195842672
Au     7.495842489644    -6.605683594537    12.952544779509
Au     2.820518878025   -11.859159173592    28.773830808738
Au     4.071294997871   -10.714496419377    26.406659722136
Au     4.703112086070    -9.247231967773    24.349008733027
Au     6.217537188009    -7.783857344909    22.331572142979
Au     7.233184350843    -6.376777329571    20.217506745833
Au     8.609439329726    -5.117301584407    18.152925947559
Au     7.027921840598    -4.364933915921    14.111532544050
Au    -0.730751457230   -15.214763221844    23.384234222624
Au     0.881838166843   -14.740413742999    21.216077092217
Au     1.987227248410   -12.669637663806    18.684534434974
Au     3.214936376906   -11.284257300107    16.780789976272
Au     4.447621194549    -9.792734223931    14.568760667210
Au     5.402477494925    -8.524139897714    12.403254690092
Au    -0.965847656087   -10.481836495896    26.086347852234
Au     0.160074659591    -9.086620502208    23.552092577321
Au     1.216516748092    -7.579265712905    21.600160430163
Au     2.255089275395    -6.100733562082    19.273871740787
Au     3.298544087440    -4.736961965944    17.153537940605
Au     4.708786579026    -3.575362884825    14.971752678535
Au     3.796717511785    -9.403548474001    29.116161236737
Au     4.677950617698    -8.005388389490    26.854117897632
Au     5.681069627838    -6.546591476844    24.697499765740
Au     6.854300371445    -5.021250028562    22.587118043907
Au     7.944486555330    -3.669399583328    20.487216009696
Au     8.900688363956    -2.425265332753    18.246507101561
Au    -1.653370699517   -15.856095467530    20.825981408004
Au     0.222737322376   -14.690612156795    18.443752652474
Au     1.056703778967   -12.965004357061    16.095858699648
Au     2.404029361779   -11.478293934297    13.955382663285
Au     3.303919881290    -9.978930331722    11.972533390134
Au    -2.386488060374    -8.434157226578    24.428065217578
Au    -1.370496955317    -7.035718201448    22.457564023757
Au    -0.408552584096    -5.259875416423    20.139348126865
Au     0.708664206515    -4.114213775634    18.004118670993
Au     1.902964883118    -2.473126831290    15.748029536681
Au     4.085925343605    -6.699106382375    29.352732967482
Au     5.619632674950    -5.366952782504    27.309881548521
Au     6.621287650499    -3.822970926361    25.198393850716
Au     7.944842440138    -2.637127976344    23.060507717490
Au     9.490437669222    -1.548125936231    20.790387539093
Au    -0.449565094390   -17.715252977514    19.365109652260
Au     0.612452232093   -16.711738324123    17.048988670142
Au     1.715734160374   -15.387859899139    14.884256329311
Au     5.086051010691   -12.037670588980    13.067025987035
Au    -3.711369214971    -8.965248728358    22.114926901600
Au    -2.758371186795    -7.314874202592    19.845096803229
Au    -1.527626699664    -5.788756892548    17.758969384790
Au    -0.271760214357    -4.627638511031    15.340806125456
Au     2.825243151273    -4.311539234304    28.449044484656
Au     4.009964880523    -2.973012249173    26.388101643562
Au     5.457956223748    -1.406834517756    23.932085069024
Au     5.923013869860     0.013593585531    21.566783290645
Au    -3.111966712766   -11.374510931751    20.460492217972
Au    -2.372223887386    -9.870795286582    18.539059906051
Au    -1.020007903210    -8.256938167591    16.323916829876
Au     0.111000200465    -7.032952905502    14.002310073533
Au     0.591582734436    -4.679831560898    26.582510840212
Au     1.558581183896    -3.515100823491    24.410269409357
Au     2.721089276441    -2.277167111668    22.341560731922
Au     3.837222566004    -0.879757855944    20.150566918197
Au     6.840009677425    -7.292344337661    28.853841013314
Au     8.146993739580    -6.148545730540    26.666972058963
Au     9.306663850568    -4.611426929102    24.530203697118
Au    10.682514804460    -3.493950444815    22.453468530460
Au    -2.771952102190   -13.924752970326    19.243953171479
Au    -1.623572499512   -12.335165019095    17.042879608358
Au    -0.385207561085   -10.882465969774    15.021409703764
Au     0.526470266100    -9.625081190039    12.646717924634
Au    -1.741297175844    -5.799866960206    25.104036525743
Au    -0.748153643369    -4.292023171697    22.572947155432
Au     0.375556593070    -2.650743324179    20.331645862919
Au     1.658068669332    -1.365515911911    18.094024944600
Au     0.342375974767   -17.364666335758    21.888060039515
Au     1.960910560394   -17.138146871591    19.585817766551
Au     2.877950383268   -14.911210383056    17.148097381072
Au     3.810984696253   -13.486169648404    15.172530469087
Au     7.240716379171   -10.666372535169    13.966412255897
Au    -2.187177705942   -11.039052743077    23.192533156048
Au    -1.162556157925    -9.489571525577    21.062859919933
Au    -0.279845395684    -7.835324083749    18.966982674366
Au     1.204428132861    -6.571751784656    16.711979135232
Au     2.133220129114    -5.283951743061    14.542360071831
Au     1.964906827735    -6.906585397590    27.767718412462
Au     3.145915066790    -5.699325249186    25.737487418176
Au     4.174110004600    -4.280058498803    23.840125620150
Au     5.359996462718    -2.986798315315    21.442715994250
Au     6.682958996926    -1.600351948244    19.405888540703
Au     6.084484166910   -10.153844151234    28.360305591333
Au     7.153825520479    -8.781263758683    25.849293742525
Au     8.406338533255    -7.178642043031    24.126955598327
Au     9.475011560257    -5.796061796753    21.885075916191
Au    10.541392577639    -3.929020642288    19.866131871624
Au    -2.262438611224   -13.477569122670    22.204881195906
Au    -0.746793123814   -12.383091394338    19.840652242773
Au     0.312797556998   -10.521477993563    17.769096065643
Au     1.516870382107    -9.011588339958    15.523830589935
Au     2.566488226091    -7.775189628644    13.465116279563
Au    -0.312177924842    -7.893366635814    26.393636306857
Au     0.703845245815    -6.366455488286    24.102229516456
Au     1.983883200209    -4.741869618965    21.664500489361
Au     3.010852286168    -3.419612259286    19.592511419274
Au     4.281618406054    -2.111827404563    17.311186547038
Au     5.387665634933   -12.716527019071    28.176376919992
Au     6.663366464594   -11.640812797752    25.919585039195
Au     7.482790302411   -10.069453352866    23.483891948577
Au     8.718748218939    -8.480863028932    21.548040222006
Au     9.999347719612    -7.124829245364    19.266912770505
Au     9.164773178096    -3.629785069513    15.836019911878
Au     1.547485513916   -16.845066490701    24.359596729915
Au     2.945416847498   -16.618903891944    22.050349678703
Au     3.580700821180   -14.837399092531    19.759912738663
Au     5.301595728421   -13.659552731383    18.059822368378
Au     5.974202051164   -11.839408811319    16.144599579153
Au    10.192036147673    -8.301238296839    16.921940175526
Au    -0.954105951404   -12.830307415029    24.965106843048
Au     0.318012749972   -12.250723678110    22.644292786179
Au     1.463817566786   -10.276349628498    20.517007715977
Au     2.309052739622    -8.691095867035    18.066287195729
Au     3.838363582354    -7.440015966014    15.858593482693
Au     4.844789878491    -6.200131177927    13.507127212871
Au     1.659773637900    -9.712329447801    27.568264493081
Au     2.206431705460    -8.502048735469    25.338518098192
Au     3.248939595697    -6.980284498711    23.249935364183
Au     4.677242818639    -5.671403976530    21.136285173613
Au     5.653989178593    -4.038477709621    18.753953689642
Au     6.713466312056    -2.922475594245    16.672102859006
Au     9.976235918432    -2.089746705259    24.673651193774
Au     8.728933252717    -3.287545861377    26.943297974675
Au     7.590398864138    -4.721341642432    29.112908673397
Au     5.987073796610     0.979865295519    24.680228331661
Au     4.607781083837    -0.138867921096    26.644112421831
Au     3.975312878260    -1.968488094367    28.832957032200
Au     3.499064027697     0.387197143394    22.680439074555
Au     2.488214594948    -1.146993854626    24.947689537670
Au     1.415222278762    -2.176813521081    27.179763759508
Au     1.094395217820    -0.022452035634    20.942420151620
Au     0.195344375354    -1.572863259884    23.185817263071
Au    -1.249541975700    -3.011601333592    25.524115722506
Au    -0.877761932473    -0.689822339297    19.181487439760
Au    -2.138036210951    -2.029734907579    21.511776691394
Au    -3.228621820891    -3.983034522879    23.836091332762
Au     3.357318070225     1.665542039759    24.985870325539
Au     1.784264573442     0.360724425502    26.912376900062
Au     1.050670019831     1.008586061401    23.770509338325
Au    -0.195565244893    -0.535329143495    25.537107124732
Au    -1.247662035725     0.396516337201    22.124185990952
Au    -2.619709022224    -1.159648446578    23.894001726550
Au    -3.277077391647    -3.946179975789    16.528578606383
Au    -4.287237330739    -5.137512713426    18.710480528068
Au    -5.042109629634    -6.516947577889    21.093983490863
Au    -2.376140741636    -6.347675485795    14.750134591731
Au    -3.854781665541    -7.447906093923    17.458523674294
Au    -5.267677843316    -8.912388119340    19.616768677357
Au    -2.061371205524    -8.670303121898    13.602274336621
Au    -2.930834507887   -10.317743434714    15.784843168767
Au    -4.336632809185   -11.797170321387    17.897091586893
Au    -1.444975772557   -11.541716254415    12.412656439657
Au    -3.935485964492   -10.613524802785    13.232455621118
Au    -3.838039104376   -14.062263122854    16.543025002749
Au    -5.067967488867    -5.696617806950    15.920375367500
Au    -5.743492247400    -9.548864120537    17.140790156750
Au    -6.935758835567    -7.447430971083    15.329247399408
Au    -6.507744621378    -6.658610925279    17.809815917710
Au    -4.439646950530    -8.413265649191    14.880558251737
Au    -6.750287414306    -9.752193782788    14.466950765250
Au     2.529530816511   -13.828073999273    12.830627331010
Au     0.073443317557   -13.463623454212    13.436181162946
Au    -0.956542558417   -14.704969155092    15.778908135242
