         216
 AuNiAgCu    E (eV) =  -773.874756       T (K) =   550.000000       time (ns) =  0.910000026    
Au    -9.483367085489     1.772623139511    13.994635164336
Au    -8.520467789754    -0.532875695329    12.717237172059
Au    -7.601320377198    -3.020839617384    11.908198517073
Au    -6.107768087308    -5.183627707640    10.484485375908
Au    -4.819871124086    -7.685498350269     9.664674397800
Au    -3.749875980556    -9.919712110282     8.299416091487
Au    -2.699704360689   -12.520494839925     7.282043016383
Au    -1.300628453608   -14.812590996740     6.207852505439
Au     0.076731608309    -1.501195378779    17.743246888045
Au     1.682839092058    -3.869540928898    16.797860430740
Au     2.829363600412    -6.232549660721    15.423769793795
Au     3.947770863754    -8.474049686130    14.537375589936
Au    -0.672761559337     2.281459042067     6.956671072731
Au     0.838503534476     0.286682332810     5.958235346179
Au     1.998611380213    -2.359096112294     4.515036970622
Au     3.331759801252    -4.838111007509     3.857053961061
Au   -10.712225475849    -0.722902258705     3.053209983910
Au    -9.640306992562    -2.983508407699     1.585590278314
Au    -8.213542793023    -4.821886304305     0.621232146930
Au    -7.151239810654    -7.880691329773    -0.560053335412
Au    -9.542687521570    -0.453398986085    15.577615462134
Au    -8.516433747643    -2.584705544116    14.579910695356
Au    -7.520083333796    -5.083328971555    13.438466812410
Au    -6.257212989909    -7.261301294955    12.436597532528
Au    -4.872174959659   -10.015034302381    11.094141839409
Au    -3.627143919027   -12.192693878224     9.815728429825
Au    -2.329120040307   -15.048916254281     8.575493655696
Au   -11.043588633120    -0.411164797277    13.219952996628
Au   -10.429615308348    -2.708826114463    12.441112031917
Au    -8.894364475508    -5.374698080324    11.058036776363
Au    -7.559753680023    -7.574876875991    10.155746124385
Au    -6.587838015902    -9.946615705298     8.755679174045
Au    -5.393485115858   -12.105463871929     7.617973735073
Au    -4.152624301758   -14.643693542967     6.400449249524
Au   -10.173740189761     1.374064296412    11.236662516951
Au    -8.936608104640    -0.919319127921     9.963831075497
Au    -7.912055704970    -3.376704796334     9.149605222651
Au    -6.639500159677    -5.787569206786     7.921358046587
Au    -5.199427495906    -8.113491865516     7.024738102926
Au    -4.206297266508   -10.307372586369     5.541142344936
Au    -2.939010693440   -12.859563588926     4.475121945599
Au    -7.640994202467     1.973898821466    11.879423741165
Au    -6.358435582525    -0.288664875538    11.062408796421
Au    -5.027989419385    -2.718296384133     9.863556543689
Au    -3.864939556497    -5.460194603929     8.817257317054
Au    -2.390323515990    -7.501002505569     7.506222491917
Au    -1.634651686205   -10.331341735258     6.451303734621
Au    -0.377021253912   -12.270187446211     5.321519675095
Au    -6.933924442151     0.927374149975    14.616410127734
Au    -6.062064109011    -1.412374634497    13.821016473436
Au    -5.050719277021    -4.016162057909    12.735290676993
Au    -3.860595818494    -6.336500129791    11.830291121706
Au    -2.300933221387    -8.645619270490    10.650304847309
Au    -1.125764514178   -10.840254420221     9.239063328368
Au    -0.146776488763   -13.246374169041     8.233996146804
Au   -10.435307234404     0.744719058466     8.289596568346
Au    -9.023036102157    -1.419787631240     7.296060415659
Au    -8.079296906776    -4.267192999031     6.289086041324
Au    -6.990010386604    -6.518836019362     5.112497269792
Au    -5.420360704091    -8.693191839195     3.833762277830
Au    -4.237178089470   -11.358585674220     2.516649663612
Au    -5.396227232117     2.367200393358    10.481099682468
Au    -3.975422171804    -0.009591071739     9.367422065081
Au    -2.832357602811    -2.894236859699     8.170098327382
Au    -1.409271659512    -5.183992851546     7.143501503771
Au    -0.004070935612    -7.479417527817     5.794807250007
Au     0.923410801484   -10.036636967448     5.233379982501
Au    -4.429283777500    -0.040844168027    15.589057586991
Au    -3.513562167588    -2.628482105633    14.913314516644
Au    -2.164134854770    -4.931018587632    13.987858160381
Au    -1.240609924675    -7.216947886540    12.686038329784
Au     0.196191419649    -9.617562231281    11.312390541294
Au     1.455331307326   -11.870079084164     9.960288401058
Au   -10.506947194243     0.065267803218     5.494569859176
Au    -9.120299287562    -2.222531996749     4.455630381968
Au    -8.460046926387    -4.681225417196     3.426110746922
Au    -7.160975398991    -6.896609089217     2.007688345898
Au    -6.030104721379    -9.412453242285     1.121343112563
Au    -3.046522084097     2.471751848962     8.956089462730
Au    -1.674447834910    -0.274210473071     7.636924943794
Au    -0.407018419523    -2.477878531986     6.528071930595
Au     0.960407142370    -4.896986900725     5.154214109564
Au     1.892920470246    -7.324280950391     4.088147580265
Au    -2.280445434746    -1.014776768705    16.821109444880
Au    -0.843978439606    -3.009676812185    15.880411841989
Au     0.259772949342    -5.728769800932    14.877214088381
Au     1.335302498518    -8.026627669381    13.334558901610
Au     2.838648721380   -10.473973972816    12.003715825197
Au   -11.800570283025    -2.179709888504     4.947869678389
Au   -11.420135568056    -4.805859022265     4.034306476766
Au    -9.980692943251    -7.017771540175     2.968911123358
Au    -8.690900359295    -9.172180682116     1.595326211050
Au    -3.256981229385     1.670516170495     6.324211272571
Au    -1.956893629631    -0.573231855605     4.951454560698
Au    -0.606089180800    -2.939573612744     3.706493992691
Au     0.397066282639    -5.401313553689     2.516591292960
Au    -0.056185933339    -0.745473376101    14.861584861148
Au     1.401210669911    -3.110050192032    14.130658593592
Au     2.649379493625    -5.675337765961    12.531871436680
Au     3.924815037241    -7.987431067736    11.924609286543
Au    -5.647920032676     1.059255505566     4.915992943370
Au    -4.578967779569    -1.618796334109     3.894617980815
Au    -3.234033456705    -3.895396699475     2.695821762782
Au    -2.213697607807    -6.201505722194     1.600958943817
Au    -0.219860729653     0.346977792164    12.200964659205
Au     0.897296310724    -1.921058017419    11.429496654564
Au     2.416286541732    -4.640582014029    10.134912638019
Au     3.638831634134    -6.813436378491     8.915845866465
Au    -2.258099378924    -3.327163326887    18.411034029295
Au    -1.229143928894    -5.509560686042    17.206038658432
Au     0.073771161990    -8.347280437886    15.940725967691
Au     1.668350005332   -10.478281076072    14.774505025461
Au    -8.335127546899     0.417311414401     3.943580650206
Au    -6.920312575917    -2.142841962658     2.642835740832
Au    -5.464359750716    -4.385933230002     1.525851214690
Au    -4.607530740386    -6.829477784909     0.550005649074
Au    -0.311153126132     1.288741239912     9.482988934608
Au     0.771661544130    -1.206143186125     8.542732035872
Au     2.081171876225    -3.315439790585     7.384202686919
Au     3.363455983674    -5.806919157841     6.352887636599
Au   -11.588649637919    -1.983349120789     7.908760947366
Au   -10.746910693083    -4.009437087466     6.643734026877
Au    -9.699979069499    -6.592527813049     5.589450499711
Au    -8.177264218997    -8.616652684702     4.193979669809
Au    -6.876676568130   -10.962343130910     3.159013302708
Au    -5.563166151589     1.739647682202     7.771199424179
Au    -4.262278396963    -0.750349707378     6.703106682508
Au    -3.061988692247    -3.054178278631     5.401002557973
Au    -1.759419899694    -5.575108803425     4.234141074996
Au    -0.318443098213    -7.937289287115     3.198298791698
Au    -2.394047842161     0.305650180461    13.970412965543
Au    -1.383262844318    -2.318576858772    13.114666226607
Au     0.135059784705    -4.691929459325    11.872630085344
Au     0.890335197208    -7.165100595726    10.756582844076
Au     2.429439385634    -9.409360921075     9.455449189687
Au    -4.751214557311    -2.130715323192    17.418737804465
Au    -3.754775139599    -4.602001648929    16.693492664800
Au    -2.249489655695    -7.835643768975    15.232693136110
Au    -1.046612284470   -10.132595739260    13.925296071098
Au     0.642359421712   -11.780098273409    12.760853866667
Au    -7.969264574397     1.205620801519     6.558757670053
Au    -6.715842464046    -1.291038767947     5.710548746779
Au    -5.752481029376    -4.047677023891     4.184415301270
Au    -4.222313005884    -6.340755207668     3.382620433012
Au    -3.152021892225    -8.779525377899     2.056398620660
Au    -2.950040119343     1.181542801953    11.369524164751
Au    -1.632739660966    -1.102137081787    10.318249706992
Au    -0.184301228774    -3.599823802772     9.248326692838
Au     1.176315554385    -5.961684424661     8.095317185931
Au     2.555255342713    -8.298880942697     6.810867716858
Au    -7.080311491548    -1.388093570844    16.413416775045
Au    -6.173971348457    -3.723363955373    15.337887290835
Au    -4.570491867078    -6.290395655897    14.586783118015
Au    -3.584160027547    -8.590922365330    13.090476138942
Au    -2.422241338757   -11.118876946690    11.886148663590
Au    -1.120100535438   -13.394652442845    10.576424224811
Au   -11.471435008312    -0.891936080129    10.483356531033
Au   -10.439895138075    -3.714241848667     9.793923722044
Au    -9.459177260352    -5.664601224009     8.201647625116
Au    -8.121526131268    -8.260784804826     7.123573001665
Au    -6.707779249260   -10.352189213375     5.825869444033
Au    -5.602270004186   -12.700552638996     5.120462160244
Au    -7.906784318159     1.612919057125     9.183221099290
Au    -6.664852094203    -0.916760819162     8.530445374131
Au    -5.431144996701    -3.523719260986     7.111963282392
Au    -3.923203509937    -5.735401131054     5.857721786757
Au    -2.712579292624    -8.205329935855     4.864886446167
Au    -1.652947251682   -10.381268547493     3.431011646717
Au    -4.718149372396     1.253300961861    13.235536368854
Au    -3.916260963408    -1.237526369314    12.146812292774
Au    -2.717834999699    -3.601614815673    11.257277832223
Au    -1.488012541622    -6.170380604876    10.020734568058
Au     0.024277599014    -8.619067434619     8.378495810317
Au     0.891488676842   -10.991537474745     7.449987702646
Au     2.388324503357    -8.720262713912    16.755212400616
Au     1.059010546668    -6.769332631117    17.899582323677
Au     0.271866498984    -4.159344716920    18.895543033506
Au     5.079029201476    -6.009826909820    13.513233167343
Au     4.003630641737    -3.797365187770    14.983774144608
Au     2.763141355824    -1.279264059723    15.914187102404
Au     4.961627969555    -5.215034135084    10.947757850277
Au     3.424290361181    -2.891814946273    12.329488186653
Au     2.349291634947    -0.565115885484    13.285602244606
Au     4.512045517398    -4.133211739711     8.191227183274
Au     3.286112138166    -1.528155991556     9.642553741264
Au     2.260747637003     0.690881186209    10.637053378121
Au     4.342011226085    -2.900582454743     5.797465173291
Au     3.230751512421    -0.566297791065     6.768390494996
Au     1.815087908964     1.353382496162     8.076682661033
Au     5.873816369443    -3.430525195252    13.011673339987
Au     4.895051189449    -1.334322680393    14.272613530194
Au     5.630207668285    -2.697756380043    10.510401173835
Au     4.807813681075    -0.457131607965    11.763932346013
Au     5.534519625199    -1.824431564470     7.859881794208
Au     4.675090138797     0.577251379265     8.823402651015
Au     1.481193169068    -2.719441001027     1.807864187934
Au     0.332191154174    -0.370477930630     3.274384815450
Au    -1.201457831681     1.767708739444     4.169177392410
Au    -0.994407289307    -3.730823332081     0.922098877139
Au    -2.170656549689    -1.113370616443     2.283751470323
Au    -3.434679210840     1.172969203077     3.107002965262
Au    -3.460898356583    -4.251174780862    -0.425883150188
Au    -4.654786461132    -1.866943809122     1.080704098162
Au    -5.999216399521     0.483326600800     2.153994539559
Au    -6.051947872363    -4.672949056310    -1.276292317091
Au    -7.308360788116    -2.429866630018    -0.296782255202
Au    -8.453218675264    -0.594640158063     1.156906203330
Au     0.106466843018    -0.901138010342     0.642278981066
Au    -1.002939285611     1.317046476182     1.611802448832
Au    -2.345993076144    -1.738117576838    -0.505070353974
Au    -3.520125196634     0.626481063998     0.465264133518
Au    -4.977306153670    -2.449551332091    -1.433131640605
Au    -6.124477486056     0.096291771071    -0.301342434624
Au    -9.635220838997    -7.030303877326     0.355706144961
Au   -11.321420644934    -5.260048656031     1.418121721851
Au   -12.090982724851    -2.872739311550     2.458449339633
