         216
 AuNiAgCu    E (eV) =  -774.155701       T (K) =   550.000000       time (ns) =   1.97000003    
Au    -4.086372428841   -15.360264785320    23.514142637145
Au    -2.143758929139   -11.908284509157    21.854788939645
Au    -1.225940501103   -11.432252610940    19.276453726325
Au    -0.709726209501   -10.561524726557    16.575709331679
Au     0.250262037477    -9.930372921474    13.803998274178
Au     1.133581698930    -9.136659277053    11.488867441550
Au     1.734635137301    -8.192916262431     8.974974753210
Au     0.639924177510   -10.581246929076     7.807090350066
Au     3.924382401005    -3.740614980505    22.531617075458
Au     4.919188482836    -3.176200749392    20.316611312685
Au     5.783713803771    -2.725326145659    17.938102504543
Au     6.605710405577    -2.223405660799    15.328507046374
Au    -6.655246995864    -3.190023043367    19.951521189377
Au    -6.135216259165    -2.141691999353    17.018125094160
Au    -5.369487289462    -1.282494001837    14.284016916056
Au    -4.136917305727    -0.771178766295    11.835823631587
Au    -7.246413619666   -17.000427478447    16.341094751187
Au   -12.263328926009    -8.743471243348    13.727045433112
Au   -10.579811821026   -10.437294436915    12.387031300644
Au    -7.992740415066   -10.942450086361     8.363850430569
Au    -3.323440578818   -12.708421849436    24.116267177946
Au    -0.243468425580   -13.876522799420    20.616388885014
Au     0.515973775346   -12.907756891826    17.750777253378
Au     1.086058922325   -11.962893905137    15.385709468842
Au     2.026307929784   -11.360362348820    12.590441568239
Au     3.489812131468    -6.040867097080     8.813277237873
Au     2.447364794963    -7.300345229551     6.437435826052
Au    -1.013275220771   -13.927774881777    23.026604051181
Au    -2.987658548008   -14.422793553325    21.144747576492
Au    -1.978229670876   -13.748191938715    18.499143354369
Au    -1.385042230600   -13.208439202021    15.521654925522
Au    -0.832042765190   -12.667607804552    12.803167477248
Au    -0.060582758036   -11.549561247021    10.442103434459
Au     4.835318839827    -7.260853058863     7.128548193003
Au    -5.113580393376   -13.045674642512    22.309918797153
Au    -4.248220681328   -12.251732519532    19.812967246561
Au    -3.204904592114   -11.580505815597    17.122663707846
Au    -2.375715840620   -10.922948210602    14.303575568561
Au    -1.747709549536    -9.935191049343    11.922719014183
Au    -1.121648097083    -9.236309248661     9.496793371172
Au     2.875653466236   -10.625508026878     9.893110736102
Au    -3.819107490908   -10.248912237300    23.703943937306
Au    -3.234309027547    -9.534371712753    20.971722588240
Au    -2.546332062506    -8.773191417547    18.327829160041
Au    -1.774889310100    -8.101486382863    15.599261288600
Au    -0.682273178405    -7.178464811146    13.012797061632
Au    -0.013515270308    -6.774428817998    10.324114230542
Au     3.312178847663    -9.670278375743     7.467412128445
Au    -1.406983825551   -10.531364794814    24.373859070817
Au    -0.558985492791    -9.755235902230    21.465946026446
Au     0.471249197091    -9.036925255608    18.926612155517
Au     1.159640864730    -8.458829451844    16.167303441165
Au     1.846719778502    -7.666135878431    13.788313215528
Au     3.170491681676    -7.120296084386    11.344060912572
Au    -0.049700763844    -7.986750193897     6.910176230567
Au    -6.924892750353   -12.721761242680    20.268131839512
Au    -5.784355399428   -12.234163727432    17.852240062761
Au    -4.964635970354   -11.855162937792    15.013195352423
Au    -4.428857253319   -10.661356099721    12.570881469138
Au    -3.873921526655    -9.936726606388     9.772528435479
Au    -2.845534404808    -9.017636476611     7.300568064441
Au    -4.809132192938    -7.926734739721    22.492644431337
Au    -4.294647107159    -7.294794269687    19.923204497562
Au    -3.474299605446    -6.346449070805    16.994032515205
Au    -2.416406303389    -5.584237374215    14.518099276281
Au    -1.835995712193    -4.898204314684    11.674937950986
Au    -0.844087985256    -4.193205302927     9.349578012756
Au     0.540752008808    -8.451999235643    23.754927352778
Au     1.340216085013    -7.781410088988    21.223751201742
Au     1.998255755637    -6.882496185012    18.519566473768
Au     3.109098224704    -6.313608102286    15.993984734601
Au     3.803072377115    -5.557558480675    13.574594107538
Au     4.539801628752    -4.825295683536    10.930047051059
Au    -8.612822412915   -12.968177073125    18.416256130397
Au    -7.634400705997   -12.625994461890    15.491283563030
Au    -6.944020984766   -11.710303037564    13.094224951412
Au    -6.282019255152   -11.060872698011    10.338949646608
Au    -5.489249873127   -10.046553591151     7.523066274387
Au    -5.750526454892    -5.716090620150    21.212262416175
Au    -5.037572588771    -4.577282757902    18.351643426160
Au    -4.420766888422    -3.815081677497    15.564410215384
Au    -3.646566565175    -3.250544495055    12.951615602373
Au    -2.912780621929    -2.509727107775    10.426366836976
Au     2.131268293042    -6.317631530575    23.151643277122
Au     2.992906698087    -5.586727390251    20.803814522580
Au     3.881288273089    -4.607962652684    18.264934162663
Au     4.706031016705    -3.959409870300    15.819611147969
Au     5.639023110385    -3.377100739511    13.152259036397
Au    -8.934980022174   -15.257726393890    17.015405805291
Au    -8.553060283943   -15.067992457913    14.447043728265
Au    -7.598891118756   -14.449292468608    12.067606435568
Au    -4.705543867839   -12.396669340602     8.501894328231
Au    -7.575240963680    -5.811620260227    19.117893442056
Au    -7.114561174187    -4.872529062712    16.314924383415
Au    -6.472913591981    -4.084229716039    13.653345539127
Au    -5.521389285173    -3.188512701557    10.768556639642
Au     1.052373958771    -3.419328755805    22.324073033922
Au     2.090857799710    -2.779262159569    19.689211567594
Au     2.912218377467    -2.126036682417    17.117575238824
Au     4.039741211959    -1.275170690668    14.522230990920
Au    -8.502546234265    -8.234354467233    18.013427565750
Au    -8.161012365919    -7.500376362755    15.638084707366
Au    -7.306404868775    -6.756208667537    12.836633628626
Au    -6.299948836272    -5.945950437403    10.183500617924
Au    -1.580929900144    -3.493732311209    21.670691833621
Au    -0.768034155724    -2.375462759555    19.020216213191
Au     0.125495618191    -1.592211674550    16.168645614137
Au     1.312176557339    -1.425762922818    13.576067955237
Au     4.097052735792    -7.748007952461    22.006418749679
Au     4.703169879313    -7.047414694329    19.389610703670
Au     5.807574246571    -6.650561520208    16.934812291600
Au     6.446694549425    -5.484713083022    14.431282393529
Au    -9.614251992283   -10.992077604492    17.089737491218
Au    -8.737166299666   -10.082728431151    14.686439159133
Au    -8.095258574088    -9.468983416187    11.897288825382
Au    -7.213398052399    -8.698578999370     9.210556487461
Au    -4.097719329025    -3.039026842142    20.685400602599
Au    -3.427146780603    -2.286897978095    18.129298969759
Au    -2.752629414427    -1.507998434288    15.318735669459
Au    -1.507033975531    -1.126583746381    12.762141594745
Au    -7.139034745475   -15.401175595314    19.308228687951
Au    -6.358059001495   -14.610258446254    16.986115802837
Au    -5.843719689292   -14.378937552890    14.183093778323
Au    -5.284931332651   -13.349996689095    11.252703240243
Au    -2.314394664694   -11.430674542082     8.059441957903
Au    -6.719210159823    -8.361981101173    20.314170922046
Au    -5.858556923283    -7.366564720425    17.646295981245
Au    -5.455608374922    -6.343461449428    14.874625771591
Au    -4.503618951769    -5.895029792365    12.197949969853
Au    -3.841422084018    -4.981751912841     9.609663175415
Au    -0.534943017412    -5.850406925628    22.799109484337
Au     0.324872011619    -5.111256223452    20.340476900534
Au     1.111829939537    -4.245525083287    17.604771006386
Au     2.002086047635    -3.780610526903    15.012055893741
Au     2.981845900442    -3.141777443343    12.404196017449
Au     2.503703375749   -10.119971936566    22.281688978575
Au     3.237676738123    -9.208331905292    19.897175996548
Au     3.921161399211    -8.736471551323    17.216171754928
Au     5.181531491105    -7.891839673954    14.710431741465
Au     5.885696328662    -7.011089024645    12.135825982325
Au    -7.842780523587   -10.402812598416    19.192398522327
Au    -6.893661866526    -9.926284790501    16.651221856651
Au    -6.295363224021    -9.074876902754    13.941952628753
Au    -5.461222569935    -8.202085774777    11.297046995884
Au    -4.671000138364    -7.542109954049     8.636753424953
Au    -3.173828237865    -5.944501986796    21.921548160618
Au    -2.250372528540    -5.037931208924    19.355177696774
Au    -1.672850882794    -3.863371353761    16.767266288188
Au    -0.682765023405    -3.543755351034    13.994414688533
Au     0.077417395212    -2.828225299744    11.468711789277
Au     0.552087231794   -11.834656895294    22.986954569640
Au     1.254304689028   -11.577376555909    20.259670395247
Au     2.476613634549   -10.743364622168    17.862057828842
Au     3.099015051009   -10.132720264865    15.052218186719
Au     3.835511059186    -9.541524000340    12.243027494131
Au     0.823684055256    -5.608029144726     7.808213655453
Au    -5.544255588070   -15.519918683792    21.479393669213
Au    -4.578876585174   -14.819929323334    19.034421769823
Au    -3.621875014462   -14.239514422757    16.309868975720
Au    -3.488915231672   -13.246084993513    13.419795041535
Au    -2.778403523272   -12.336891375721    10.674630754854
Au     4.564256422799    -8.418269984505     9.579239191714
Au    -5.970906736159   -10.457528423213    21.671785578998
Au    -5.153565814940    -9.783493754081    18.690297789394
Au    -4.353379315240    -9.221399986334    15.956071323903
Au    -3.729545028543    -7.903935218659    13.700793243387
Au    -2.678718073047    -7.614455919327    10.823319560682
Au    -1.870913845942    -6.552978369181     8.212397662891
Au    -2.168054767254    -8.064572141065    23.242872469337
Au    -1.217428081540    -7.540352662953    20.505019353558
Au    -0.600873815807    -6.535648497932    17.744543275189
Au     0.430388948506    -5.754809979454    15.394927663839
Au     1.187052436793    -5.294795850907    12.737073944521
Au     1.922351068042    -4.129265822794     9.974914437966
Au     7.745777195397    -4.506450893166    17.071935953695
Au     6.686520303185    -5.094257044894    19.251276978885
Au     5.761092232947    -5.633708809918    21.777487741605
Au     4.851936105184    -0.357978330692    16.938991908562
Au     4.117224010678    -0.608737225040    19.462638520923
Au     2.876638829595    -1.343720367800    21.707484419917
Au     2.124729814089     0.211167352979    15.627927396063
Au     1.413351161863    -0.363405929746    18.483041828430
Au     0.224064423577    -0.913561503498    20.972798143291
Au    -0.846244050259     0.465590220936    14.631652414223
Au    -1.590922438362    -0.114783895907    17.845895507105
Au    -2.515247256208    -0.780637273940    20.710755106543
Au    -3.537218396715     0.839956172265    14.010999378098
Au    -4.144018497101     0.085459127117    16.806197487587
Au    -5.294030998980    -0.849828211584    19.475706909991
Au     3.173314507228     1.517331645996    17.953263814442
Au     2.219502417306     0.926267949849    20.718804563773
Au     0.362711705117     1.850895631239    16.962797799343
Au    -0.462713561026     1.334387101437    19.600751968282
Au    -2.192912178703     1.976526499841    16.385370378424
Au    -3.385228153171     1.442618976866    19.048066517232
Au    -7.295506301120    -1.904213782224    12.464635127872
Au    -8.228208681317    -2.475021257693    15.213880590893
Au    -8.771248722924    -3.643311034083    18.027334903415
Au    -8.205981080753    -4.245981928104    11.312966151171
Au    -9.288704812657    -5.243465617349    14.271555768734
Au    -9.785086216150    -5.839865536064    16.924929695900
Au    -8.955221385397    -6.977122857978    10.631758196372
Au    -9.866626682124    -7.877033171061    13.405382768635
Au   -12.049480224448    -6.175496595035    14.387438809941
Au    -9.920378232065    -9.563790892197     9.890431223442
Au   -11.497270849764    -7.707012087518    11.090397106919
Au   -11.154554835386   -10.910591979140    14.901983142524
Au    -9.685041632012    -2.698784807593    12.927023570899
Au   -10.754834003893    -8.466019960283    16.245552036072
Au   -10.683608945139    -3.595930797896    15.896209133328
Au   -10.364434568590   -13.400486534409    15.848286186845
Au   -10.891905345074    -5.327965404787    11.811800930212
Au   -12.080740697778    -3.713602604922    13.717943787129
Au    -7.108956806916   -13.483937665735     9.491363484243
Au    -8.923179905404   -11.967893968301    10.770575746635
Au    -9.655988903946   -12.663147765279    13.358931943428
