         216
 AuNiAgCu    E (eV) =  -773.980042       T (K) =   550.000000       time (ns) =  0.639999986    
Au    -2.114677495788     2.014831213255    14.505806881459
Au    -3.503199168564    -0.097748769421    13.802705071510
Au    -4.427230212046    -2.740215155382    13.172730420139
Au    -5.728879146748    -5.253943551530    12.295462100391
Au    -6.607787094348    -7.648857251227    10.811190988616
Au    -8.150087522934   -10.045874878973    10.142289475160
Au    -8.441783103370   -12.537536519059     8.879041212030
Au    -9.250471966341   -15.284292788672     8.221719748237
Au     3.832152388272    -7.282200674190    16.006579477096
Au     2.545304764089    -9.746309933710    15.148254473955
Au     1.740324050714   -12.505961165965    14.298023676886
Au     0.581363916447   -14.606720937706    12.864813770673
Au     2.271253397477    -2.968680802929     5.423928241679
Au     1.793186634713    -5.233051963312     4.148018733044
Au     0.267028645951    -7.897304493207     3.963613182906
Au    -0.675875263238    -9.894557907830     2.511953475137
Au    -7.967629963441     1.662609777029     5.035987581716
Au    -9.159352159592    -0.997731464755     3.507635839313
Au   -10.037994887124    -3.652315566506     2.571294867333
Au   -10.561171829500    -6.031377519516     1.541746767439
Au    -3.014849615071     0.414010427864    16.461519692504
Au    -4.075718845033    -2.050772436363    15.761876732128
Au    -5.219005570831    -4.941981156223    14.994902032994
Au    -6.302470412088    -7.291037234757    13.975214470417
Au    -7.401848649438    -9.600048944619    12.942874761397
Au    -8.301395862705   -11.919167162386    12.321519893636
Au    -9.211528875571   -14.191976240832    10.761182984451
Au    -4.879829230957     1.926240658884    14.827097620979
Au    -6.035333353413    -0.721670627731    14.338933979832
Au    -7.011044346455    -3.373917392433    13.802776008475
Au    -8.375174296761    -6.254627136760    12.521025544423
Au   -10.007688822345    -9.254139045465    11.772847185587
Au   -10.536178140176   -11.514420646464    10.659446878967
Au   -11.345738932791   -14.014836261518     9.285139511942
Au    -3.744148413376     2.001722011770    12.324811340496
Au    -4.821133937566    -0.593592963722    11.368968237989
Au    -6.197909101946    -2.768753882735    10.556258876500
Au    -7.053088800254    -5.448683264580     9.262479651824
Au    -8.183472866507    -7.890134764271     8.479225848778
Au    -8.835813657420   -10.401006688993     7.432476931918
Au    -9.772644163136   -13.185558812554     6.523534667908
Au    -1.281720663171     0.982650610837    12.272398359741
Au    -2.156945740966    -1.540658330389    11.606390988611
Au    -3.618523463571    -3.914000941345    10.620211772843
Au    -4.468753787868    -6.432838653305     9.657369559272
Au    -5.359833958662    -8.844576242124     8.580599136705
Au    -6.219954604661   -11.440321978939     7.424565601585
Au    -7.380353056414   -14.002693301560     6.603585785211
Au    -0.711196157971    -0.210153961459    14.834406381452
Au    -1.876632612693    -2.625369677549    14.214263779763
Au    -2.976687275929    -4.959340263836    13.410362840434
Au    -3.918156595653    -7.431826450782    12.236519225665
Au    -5.050231752510    -9.951908910731    11.136949421548
Au    -6.278902772544   -12.102949159776    10.427824537748
Au    -7.055395162903   -14.845329401605     9.440328494781
Au    -5.169152163543     1.826639865200     9.966024028268
Au    -6.428155752920    -0.505419239880     8.697255927228
Au    -7.778541514292    -3.277881061731     7.753704710921
Au    -8.541771269461    -5.825038577925     6.595711143697
Au    -9.526497799452    -8.092623710084     5.759532012191
Au   -10.515756371237   -10.688266740761     5.182290045955
Au    -0.072642238510    -0.365177043715    10.246139900424
Au    -1.228313103689    -2.636900276374     9.033951283419
Au    -2.367235482659    -5.209197014570     8.434008082913
Au    -3.147312729072    -7.585725480616     7.332502607886
Au    -4.515614046335    -9.939526229482     6.359197294265
Au    -5.204421291698   -12.738513160331     5.344857289742
Au     0.761693180339    -2.828297221837    15.307629233390
Au     0.258879782365    -5.050734355695    14.155862589305
Au    -1.379449439341    -7.265801595734    13.409774435151
Au    -2.515027910353   -10.037183130733    12.460254351229
Au    -3.261403167889   -12.349475664700    11.504051671185
Au    -4.527974436336   -14.521670141661    10.709927347830
Au    -6.316557462397     1.685082224795     7.269356711786
Au    -7.826115875359    -0.904920352137     5.982510023354
Au    -8.776156816326    -3.321811161246     4.935168118659
Au    -9.830395093079    -5.758844794389     4.214159831727
Au   -10.438148497188    -8.053896577247     3.147435487071
Au     1.534957310155    -1.400539975162     7.558127535505
Au     0.400465145781    -4.018131273386     6.894055116848
Au    -0.792362321104    -6.637394655896     6.084450706778
Au    -1.805681709913    -9.064753708409     5.107357352889
Au    -2.753051954348   -11.515283553577     3.968365277993
Au     2.660847337561    -4.836760349415    15.471971629908
Au     1.408872499038    -7.397542523564    14.558427545441
Au     0.264542650932    -9.854894199364    13.763321119364
Au    -0.904624918386   -12.505164790836    13.071210675113
Au    -1.795892918191   -14.711363263181    11.685591914494
Au    -8.754659925175     0.930165053207     7.767755912228
Au   -10.102623504750    -1.835512268038     7.173637001450
Au   -10.846232755677    -4.431274169562     6.469070121386
Au   -12.075139335368    -6.642186784709     5.475930299232
Au    -0.112879193462    -1.465366995584     5.161749283290
Au    -0.970815561980    -4.096317455260     4.417623062860
Au    -2.337039644625    -6.635487183324     3.359120837428
Au    -3.271797225523    -9.199818496691     2.589518701188
Au     3.666864580492    -6.079785904182    13.313604713925
Au     2.644493540119    -8.687144686860    12.353270533815
Au     1.430383209703   -11.135835706800    11.500151893148
Au     0.242927965895   -13.354007177017    10.597044080484
Au    -3.067185764002    -0.533623315081     4.947442140126
Au    -3.755651744295    -3.060729542974     4.139509352443
Au    -4.918854610845    -5.523674619528     3.211790845072
Au    -5.831868413133    -8.117852280078     2.290170771060
Au     3.309335469930    -5.431981587850    10.680882047525
Au     2.266352834090    -7.699093653775     9.557879394461
Au     0.966674040896    -9.944730886344     9.010493609827
Au    -0.280010990051   -12.520169912330     8.002840881654
Au     1.554572639234    -6.534775673881    17.313649686430
Au     0.229328732588    -9.330536667616    16.531578000437
Au    -0.820902460622   -11.690157974104    15.810735042655
Au    -1.770712361841   -14.385293357026    14.876588446625
Au    -5.506832843893     0.395789994742     4.591464742053
Au    -6.448421040006    -2.207592496812     3.796426483651
Au    -7.460434674894    -4.820531131224     2.445460761256
Au    -8.272192436785    -7.326261730824     1.514581608964
Au     2.707324047325    -3.946303186048     7.916475565991
Au     1.813929273965    -6.610384232119     7.055426202612
Au     0.713150061811    -8.966126232645     6.539416659732
Au    -0.441798785480   -11.340231208628     5.577149288995
Au    -7.875539059612     1.007406382795    10.288321905837
Au    -8.772729773695    -1.386389044681     9.825971358339
Au   -10.056767633498    -4.101485505718     9.122516751002
Au   -11.159109086940    -6.761268193330     7.894984652834
Au   -12.073155593911    -9.193554250152     6.615994732814
Au    -1.385738584270    -0.173373455789     7.208190169878
Au    -2.331958380601    -2.836256777014     6.477716734955
Au    -3.702766252766    -5.202735947123     5.832513641295
Au    -4.695673867663    -7.845624882189     4.642268106635
Au    -5.785160124245   -10.714264670595     3.592545813551
Au     2.086593843908    -3.837110899031    12.627649976137
Au     1.013868604767    -6.461939428653    11.989799761136
Au    -0.087358228341    -8.844398710894    11.281472994850
Au    -1.439557033033   -11.295805992148    10.067168623093
Au    -2.279405412964   -14.246357455014     8.980222408003
Au    -0.139647386898    -4.367538440417    17.162840144441
Au    -1.062518342735    -6.703244563850    16.104651110033
Au    -2.034104900423    -9.354419813519    15.249775014433
Au    -3.387341095138   -11.960210866650    14.523016573848
Au    -4.035318860527   -14.215366066344    13.310039531290
Au    -4.025050471756     0.423343386390     7.327437202928
Au    -5.141800524268    -1.933662334373     6.335195131547
Au    -6.290207577379    -4.523800334330     5.325908851889
Au    -7.284300918628    -6.902804108706     4.233733106150
Au    -8.200650804756    -9.519840791687     3.447908426498
Au     1.227200384141    -2.640504244551     9.927104772913
Au     0.737549899393    -5.237012583380     9.524142023911
Au    -0.475948680486    -7.488881844359     8.559355446204
Au    -1.707457614506   -10.006242334160     7.758569081674
Au    -2.663789916968   -12.495007210703     6.634636542804
Au    -1.531640475430    -1.825280856274    16.792588592256
Au    -2.733707380277    -4.370123459698    16.202803429661
Au    -3.610405850849    -7.112422620179    15.032278755778
Au    -4.700790079344    -9.619792209947    14.170364937604
Au    -5.619398158767   -11.632499763502    13.117952879918
Au    -7.005425991886   -14.125836329008    12.466566112924
Au    -6.522866309708     1.396977422493    12.669635893631
Au    -7.696101753570    -1.137991496627    12.133687217131
Au    -8.708475716455    -4.056542437832    11.336030331121
Au    -9.687040375224    -6.656447087385    10.186343893387
Au   -10.632763795402    -9.283113111560     8.947762003081
Au   -11.309539288230   -11.469022633848     7.746291329985
Au    -2.930060025855     0.670060719979     9.688187253166
Au    -3.730752396364    -1.764435917300     8.985290360034
Au    -5.057663264310    -3.885897234083     7.995163314150
Au    -5.758590465598    -6.565290284783     7.086312120249
Au    -6.904747980907    -9.119884541173     5.814296229371
Au    -7.884447816873   -11.765490422150     5.001146636549
Au     0.482381525458    -1.593005557975    12.593691256017
Au    -0.734851595212    -3.988268153165    11.838683574267
Au    -1.751398043264    -6.276253689280    10.816437246775
Au    -2.909994394065    -8.877736414881     9.955586267983
Au    -3.908560317297   -11.374519959070     8.891496713173
Au    -4.853060914685   -13.944005833480     8.039735500572
Au     0.488786979519   -13.737304010406    16.445520891635
Au     1.768947497381   -11.536693216738    16.966932093814
Au     2.727644532094    -9.027663831432    17.628248443971
Au     2.810171709083   -13.547812776052    11.851994481037
Au     4.049982076942   -11.059018340019    12.689253484440
Au     5.119000511008    -8.743377158370    13.577804085768
Au     2.674531711179   -12.409905343443     9.311117270952
Au     3.829978781012   -10.051392278053    10.336590947387
Au     4.820026718942    -7.828469393302    11.215743948666
Au     2.147688317383   -11.507150375856     6.818094746678
Au     3.360246647537    -9.107250456528     7.559775017570
Au     4.636972114512    -6.776226741044     8.448882247278
Au     1.674778485949   -10.307444854036     4.364099976118
Au     2.965521625040    -7.985291773797     4.968402156808
Au     3.776842298496    -5.404712065841     5.762252825464
Au     5.469522921476   -12.368769687728    10.470483028280
Au     6.330018789342    -9.996846480062    11.475725786417
Au     4.739812935534   -11.440687897131     8.046623952292
Au     6.129827345504    -9.001668423334     8.795027466310
Au     4.371235214426   -10.501593723223     5.546533762081
Au     5.502752709113    -8.142705566817     6.331655897205
Au    -0.880134530157    -7.520133428649     1.249862808954
Au    -0.052677794626    -5.112676743325     2.064450584892
Au     0.935272436487    -2.531894428544     2.968725893058
Au    -3.485083573669    -7.057494380231     0.824080132990
Au    -2.700577448622    -4.535867695649     1.894997222455
Au    -1.706823367778    -1.934056132021     2.728507795813
Au    -6.050152086058    -5.618094266655     0.338429776610
Au    -5.146923089216    -3.188252520397     1.620091305982
Au    -4.089356011252    -0.767381214520     2.349623784858
Au    -8.620498946176    -4.605463611009     0.189647613586
Au    -7.946246371215    -2.024723115434     1.229429368375
Au    -7.226314892312     0.462694077281     2.440206122274
Au    -1.251957978251    -5.096103190306    -0.361608595197
Au    -0.585827802759    -2.736680885624     0.499682047518
Au    -3.852856357896    -4.524196047581    -0.641293590152
Au    -3.050515245000    -2.033241197208     0.331360470047
Au    -6.300354832364    -3.096659722129    -0.755436316763
Au    -6.075718960454    -0.635466034534     0.322231926901
Au   -12.169225171166    -4.572096307429     3.786029164929
Au   -11.225836859666    -2.154770578085     4.717483292079
Au   -10.271260103293     0.416063358010     5.838307735585
