         216
 AuNiAgCu    E (eV) =  -774.920715       T (K) =   550.000000       time (ns) =   1.96000004    
Au    -3.215534778760   -15.647673763050    21.502575964114
Au    -1.857708119842   -13.013877746638    21.318962446543
Au    -1.117959237935   -12.212448311040    18.862009309783
Au    -0.111829124387   -10.554189097283    16.622525045143
Au     0.818159747146    -9.728715833257    14.089715561104
Au     1.713186228457    -8.346471760256    11.848496758876
Au     2.542982326862    -7.238009524772     9.239244445621
Au     1.758714235496    -9.313853605227     7.688348292489
Au     4.284784281776    -5.665755320679    23.669818710449
Au     5.398366734657    -4.192021549003    21.694981834594
Au     5.569698336732    -2.916782706292    19.246547579751
Au     6.617012913790    -1.766764029531    16.963052763329
Au    -6.662148860537    -3.480117799026    20.990798069971
Au    -5.817739891735    -2.379921445245    18.769999370595
Au    -4.910554843119    -1.179015746494    15.995613837276
Au    -4.023456599054    -0.383940527852    13.476972209705
Au   -10.548273470812   -14.361061001229    13.484329650063
Au   -11.660703877204    -7.514983960055    13.278929514377
Au   -10.129372175360    -9.293771714641    11.730105786463
Au    -7.362052635874    -9.106098857629     7.942595619117
Au    -3.049349508733   -14.093593674860    23.727649153074
Au     0.082163858361   -14.412273023882    20.025912949148
Au     0.837950398188   -13.060552209648    17.250796299349
Au     1.862489333896   -12.134403493182    15.111230656180
Au     2.910385304602   -10.664258499366    12.229419314337
Au     4.112090294385    -4.419716001689     8.820853682926
Au     3.170950115137    -6.174113546605     6.711833793547
Au    -0.706609608732   -15.045553203609    22.449636781849
Au    -2.202037699420   -15.143056061054    19.227829327175
Au    -1.512053061242   -14.362854797714    16.722364020215
Au    -0.581869700098   -12.819762160328    14.741451532362
Au     0.210681784322   -11.722874109945    12.371447241963
Au     0.861850995131   -10.292052022820    10.110561788347
Au     5.598461816161    -5.967317126102     7.459745762738
Au    -4.828959380669   -13.445872439562    21.508297019047
Au    -4.002258719313   -13.090369981120    18.754314278664
Au    -2.923013240902   -11.491308912787    16.918678184195
Au    -1.950248873788   -10.308418654239    14.528147426722
Au    -0.973944320525    -9.444331385126    11.864578173812
Au    -0.176169565992    -7.794748347614     9.436722619260
Au     3.659898916927    -9.569369347715     9.821394549240
Au    -4.016267160074   -11.374522948061    23.074750733836
Au    -3.131607569747   -10.674964464859    20.565019760261
Au    -2.080921135988    -9.313590844104    18.495475296855
Au    -1.296138324420    -7.952701152398    15.880540756086
Au    -0.425263848218    -7.059309752976    13.263248164613
Au     0.557073163951    -5.585122951500    10.994277923825
Au     4.388478649503    -8.364806784736     7.446477948265
Au    -1.189426387780   -11.991134282748    23.693265112016
Au    -0.211341122523   -10.833799223424    21.296680004094
Au     0.709271914335    -9.919625684332    19.095184660630
Au     1.478133081108    -8.378452880404    16.480882853793
Au     2.454022123020    -7.120615770552    14.010245437548
Au     3.389240400857    -5.779606394401    11.535602048340
Au     0.549357202832    -7.051315946008     6.969863634145
Au    -6.659961479055   -13.231934238712    19.552984517389
Au    -5.832175027882   -12.605655076174    16.838359609142
Au    -4.596922770003   -11.225853410806    14.516639692812
Au    -3.759268699674   -10.094234919545    12.103453587282
Au    -2.660818074071    -8.947843585277     9.685366345647
Au    -2.090381905089    -7.477320041438     7.213632821615
Au    -4.766036557978    -8.741235360678    22.397428588910
Au    -4.006698530344    -8.047304816349    19.819378167705
Au    -3.024118871160    -6.522166801245    17.729933031271
Au    -2.139283961060    -5.495007674450    15.163599586378
Au    -1.483461162234    -4.204450835919    12.606210179628
Au    -0.050365467969    -3.023843149377    10.523100931492
Au     0.790046022753   -10.113178642103    23.814814267309
Au     1.474089655396    -8.606111095729    21.591867036072
Au     2.550155086775    -7.626429073994    19.142808300018
Au     3.278253167336    -6.297487890891    16.536241748639
Au     4.245176285630    -4.635794899909    13.881057513565
Au     5.030701340857    -3.453489553426    11.824997208245
Au    -8.425129038087   -12.944507550456    17.419634414837
Au    -7.597776262945   -12.412167838026    14.798485639019
Au    -6.452526774624   -10.640244450013    12.650756453514
Au    -5.593968055144    -9.653481768204     9.881755258026
Au    -4.535993718596    -8.562721244061     7.427585469291
Au    -5.653599435745    -6.397196423435    21.643713630610
Au    -5.070642574315    -5.290770107927    19.322132030983
Au    -3.963381709064    -3.931350671630    16.801735713945
Au    -3.090069896420    -2.885182725204    14.188637966129
Au    -2.251069227957    -1.709090725806    11.724026048069
Au     2.731115544267    -7.866531518223    23.827338829892
Au     3.277709857449    -6.573773862345    21.433055275541
Au     4.158579337404    -5.234371442829    18.955496067327
Au     4.862995906945    -3.645980811420    16.467419218561
Au     5.870560687626    -2.640075215945    14.346014825032
Au    -8.671726468900   -14.724595079783    15.269583403109
Au    -8.153735161541   -14.280946069253    12.933385762986
Au    -7.112322343402   -12.721968438023    10.894993753330
Au    -3.627116827793   -10.972615335030     8.322479932302
Au    -7.756124405196    -5.723489077184    19.259707095567
Au    -6.855313392805    -4.686464083825    16.985818306777
Au    -5.760925899265    -3.483290010277    14.653595704525
Au    -4.975747789092    -2.678483449298    12.078136474706
Au     1.535964295501    -5.406654023714    23.374500825123
Au     2.873930048943    -3.973234179417    21.144212194280
Au     2.952248666855    -2.806924673872    18.490993126581
Au     4.034104826785    -0.894274260938    15.765990239196
Au    -8.627545311001    -7.989935045286    18.110950045238
Au    -7.396100732058    -7.132843373507    15.550663605103
Au    -6.573084555335    -6.012860285468    13.052011258547
Au    -5.761621103982    -4.611335078511    10.336352470592
Au    -1.002884426160    -4.598015115298    22.788972260350
Au    -0.277601679441    -3.327745431700    20.090387372754
Au     0.629121743448    -2.251122244635    17.436435438649
Au     1.463983115888    -0.798526774472    15.219704815511
Au     4.410724687270    -9.103263802280    22.217305739012
Au     5.235976886638    -7.772136182360    19.644948515957
Au     6.036316704022    -6.442304189729    17.226889054172
Au     6.785999928091    -4.995919042504    14.856536780087
Au    -9.317291244362   -10.346966302648    16.661703990909
Au    -8.481088670139    -9.515856245079    14.162286567044
Au    -7.381073631103    -8.121347077817    11.420002514271
Au    -6.367285780657    -6.754535184600     8.951561913209
Au    -4.010092922723    -4.128872675041    21.724167188711
Au    -3.201799041128    -3.115329958044    19.435529025373
Au    -2.065842462626    -1.679634858829    16.673572487202
Au    -1.286587499966    -0.524131782111    14.414968694891
Au    -7.078345635335   -15.311831219269    17.497927789851
Au    -5.918279539189   -15.026512629745    14.824368733274
Au    -5.310882499113   -13.359250684820    12.840716944561
Au    -4.326446681654   -12.318378738108    10.497462199404
Au    -0.763994838302    -9.954856131719     8.093078251610
Au    -6.907236322119    -8.255240849989    20.413046967144
Au    -5.921705777206    -7.416566738425    17.927050210919
Au    -4.793696790305    -6.435888266821    15.562112392441
Au    -3.960376968342    -5.266454179691    12.779877601593
Au    -2.994241888632    -3.833440914366    10.525555964406
Au    -0.237889380315    -7.308113259268    23.398908038314
Au     0.298307390783    -6.044884819525    21.091012885914
Au     1.453782764615    -5.145764774843    18.596549916944
Au     2.320829051669    -3.492312275217    15.530755492197
Au     3.405646233867    -1.955276239828    13.314547713638
Au     2.526816045759   -11.224289884506    21.949447871861
Au     3.845296027824   -10.097639428550    19.889119212180
Au     4.310895284864    -8.753372902319    17.382075765772
Au     5.182348672191    -7.370950200514    14.930795170751
Au     6.121677012508    -5.903806349749    12.329171084680
Au    -7.587614396401   -10.666226419620    18.723877806958
Au    -6.413538078235    -9.899298122434    16.367883622561
Au    -5.558752140344    -8.627652106346    13.773246719600
Au    -4.808975551267    -7.132428429545    11.211791779751
Au    -3.719404324952    -6.178278204266     9.008395656069
Au    -2.986908855834    -6.803684829781    22.599879582262
Au    -2.246406960577    -5.715886366136    20.246559956693
Au    -1.233457292295    -4.473564505524    17.782667670795
Au    -0.370412492757    -3.115204713384    14.997559658600
Au     0.434988107364    -1.813549713693    12.846942359617
Au     0.932337537710   -13.122599844499    22.675746058708
Au     2.040517213279   -12.470172409676    19.814785197689
Au     2.700142391838   -11.122219406569    17.561894231598
Au     3.677026825080    -9.641217778430    15.002439443963
Au     4.397900400225    -8.073422655689    12.348444271276
Au     1.625386411251    -4.956090188787     8.603190644719
Au    -5.181698277162   -15.436699794296    19.481133676594
Au    -4.339849007955   -15.386471565158    17.090322763218
Au    -3.623309289818   -13.645912526205    15.227051065801
Au    -2.430973943881   -12.698441332360    12.910816906410
Au    -1.843848555713   -11.540881945780    10.304288782945
Au     5.283216662548    -7.111295320470     9.841667783319
Au    -5.692610777466   -11.003748397038    20.958849138687
Au    -4.857658909389   -10.501928188500    18.358331860842
Au    -3.814325799304    -9.117907076559    16.227777340412
Au    -2.841051120996    -7.985137637201    13.472958308842
Au    -2.092496594455    -6.684873884021    11.227097049578
Au    -1.135288333708    -5.291797893849     8.808016504677
Au    -2.113765032964    -9.428564631983    23.268999696463
Au    -1.402120828877    -8.237380821845    20.802116211295
Au    -0.459315990452    -6.930020390911    18.321423998601
Au     0.539759656280    -5.789149385922    15.845778864717
Au     1.402656295904    -4.419501980804    13.239624253559
Au     2.514968522464    -3.216581761867    11.032682761364
Au     7.521716357827    -4.132823375668    17.406933323530
Au     6.836504749628    -5.413268761906    19.697822422860
Au     5.952118390690    -6.703990733155    22.022131503957
Au     4.872703836740    -0.457544724758    18.426197870376
Au     4.131505983698    -1.563460820885    20.986316807014
Au     3.438813831883    -3.121566978235    23.480606659056
Au     2.169842909378     0.131432063069    17.689871532765
Au     1.619683450690    -1.122560052369    20.209864777436
Au     0.580615091104    -2.516902026991    22.775699738185
Au    -0.492973052607     0.512119262586    16.865435368408
Au    -0.943942300735    -1.110199839384    19.120959487564
Au    -2.032515519640    -2.056436716488    21.806377728772
Au    -3.284337596912     0.862141419407    16.250975763963
Au    -3.737769736828    -0.614265825252    18.623814495782
Au    -4.751265394960    -1.555040271467    21.178811854106
Au     2.722921380720     1.037528409575    20.797192086973
Au     2.492985111696    -0.602896293313    22.858151318055
Au     0.387216791260     1.477949379615    19.376761467971
Au    -0.079463529467    -0.046715146603    21.706788950798
Au    -2.148274764245     1.581397019480    18.664171794608
Au    -2.732978378867     0.352361242106    21.109461345779
Au    -6.603081494016    -0.980141316907    13.619792837168
Au    -7.722278584458    -1.868559595189    15.842596452108
Au    -8.671823080270    -3.125430954322    18.220191675364
Au    -7.519633158256    -3.626136055712    12.448496018088
Au    -8.486670510126    -4.634010300625    14.885686424533
Au    -9.611273721423    -5.607375198944    17.110494682450
Au    -8.295228970844    -5.629518357778    10.766468607746
Au    -9.167106342743    -6.833571915410    13.189292275855
Au   -11.149098505394    -5.472915511688    14.667098114450
Au    -9.221407224408    -7.914481813428     9.614773304645
Au   -10.834124028605    -6.442826043829    10.944285123870
Au   -11.183885863196   -10.172045554844    13.998213113307
Au    -9.116794811405    -1.657232240296    13.757652430746
Au   -10.394666839111    -8.036703143480    15.734718348226
Au   -10.314480305632    -3.132377995694    16.301888089196
Au   -10.410423817752   -12.442433796820    15.352980631108
Au   -10.125036442280    -4.269147362730    12.494873543441
Au   -11.527695404946    -2.815432655714    14.169319328702
Au    -6.364303126250   -11.600907252874     8.388966430763
Au    -8.125991770397   -10.483135261991    10.207797471414
Au    -9.231440584850   -11.831335543975    12.832085295962
