         216
 AuNiAgCu    E (eV) =  -773.515015       T (K) =   550.000000       time (ns) =   1.85000002    
Au    -1.028799078381   -13.573709418523    27.133895149535
Au     0.309296884970   -10.053744936774    25.933463067160
Au     1.164295850768    -9.386808353462    23.348393526900
Au     2.288073320110    -8.633831049940    20.817611648721
Au     3.316619505554    -7.681990594990    18.464274550296
Au     4.538184455772    -7.197603200364    15.914353660421
Au     5.543020617632    -6.417843148661    13.470431238998
Au     5.666246733204    -9.161983407280    12.995152120459
Au     4.063509708147    -0.974630473586    27.223350811744
Au     5.279022365245    -0.201587410413    25.145541114264
Au     6.567105431417     0.964167939621    22.955631823649
Au     7.823201821032     1.570081119555    20.104781312008
Au    -5.780722478497    -2.080352082585    22.898050363770
Au    -4.732616068894    -1.594424731183    20.076083690257
Au    -4.038053592728    -0.483311292226    17.559161940295
Au    -2.671605651449    -0.092793436173    15.257074928675
Au    -6.784741548302   -12.978393288964    18.744816951507
Au    -9.018193481410    -9.455009714654    15.615918822616
Au    -6.660560554027   -10.475922241272    14.878937775217
Au    -3.268670250366   -11.223540616563    11.451422863959
Au    -0.984981587482   -10.924116047608    28.186638628385
Au     2.524748599690   -11.293514140756    24.827268683450
Au     3.592525334879   -10.400760422282    22.565884189587
Au     4.480756031438    -9.885094526327    20.053516444482
Au     5.647489096779    -9.079978041497    17.816805712486
Au     6.722898289669    -3.634762881658    13.190759736123
Au     6.884086671909    -8.352554859371    10.328974529452
Au     1.333274166863   -12.229890403833    27.272412961840
Au     0.246559808654   -12.787062714290    24.845360535992
Au     1.045377543775   -12.175175493500    22.321231155978
Au     2.108442438744   -11.122617815656    20.059073261583
Au     3.268807579121   -10.658342624272    17.765180541148
Au     4.309116368917    -9.821545032216    15.398436171382
Au     6.855602681644    -5.802097523068    11.214768911758
Au    -2.358159499825   -11.338101558423    26.190345095655
Au    -1.494332263627   -10.942287407279    23.714671778334
Au    -0.395020658675    -9.775284558093    21.012959350755
Au     0.936796328570    -9.054230450918    18.430241070354
Au     2.023089163143    -8.449035727471    16.120084372727
Au     3.224107304682    -7.803937302970    13.365125326402
Au     6.749157935302    -8.252342426440    15.041325207991
Au    -2.485550454479    -8.587053761192    27.319518363878
Au    -1.334104893475    -8.035058836946    24.592173860322
Au    -0.435284679751    -7.124928130484    22.086536315842
Au     1.055994329233    -6.358021607884    19.511000627831
Au     1.957386953685    -5.650641278252    16.905127299249
Au     3.197645853381    -4.800369000147    14.158074884948
Au     7.960917811266    -7.770854290587    12.645642763719
Au     0.195402126511    -8.306655113423    28.150468201625
Au     1.127234585984    -7.491135844889    25.679388417091
Au     2.282049572019    -6.781680327022    23.271956962072
Au     3.932633603729    -6.303411050538    20.703366999468
Au     4.697569563926    -5.337448584034    18.197657087551
Au     5.671543560878    -4.486435496411    15.606100651619
Au     4.458918702566    -7.088812319047    10.882026397899
Au    -4.042963845809   -11.793933974954    23.793004202687
Au    -2.757077336180   -11.416004730507    21.095082787537
Au    -1.560450599620   -10.530698067591    18.581690726512
Au    -0.707449481287    -9.490243348940    16.065710511550
Au     0.508118946995    -8.731603343800    13.588242137905
Au     1.774793665886    -8.897225187728    11.259019323441
Au    -3.513220223523    -6.591418979278    25.427678241056
Au    -2.677353961683    -5.695100880133    23.121949654767
Au    -1.533700403327    -5.148567765023    20.449405674228
Au    -0.579389731521    -4.504585993636    17.600237540977
Au     0.598553592375    -3.704676582369    15.518476001357
Au     1.616108740265    -3.161926737574    12.594391774188
Au     1.187775923892    -5.698046970232    28.140931590763
Au     2.508508578031    -4.990650792833    25.497399411897
Au     3.866979430521    -4.267180699492    22.761764284256
Au     5.018197466596    -3.516328965550    20.385002412405
Au     6.014405652416    -2.721137280734    17.834577027152
Au     7.046449141765    -2.210382966729    15.310093572532
Au    -5.493281260378   -12.040994743576    21.005971107335
Au    -4.123463767104   -12.161229813999    18.654139129057
Au    -3.142891913630   -11.159189241704    16.213289191704
Au    -2.080252086046   -10.054887080234    13.555269797834
Au    -0.870969387402    -9.877098599084    11.041604010582
Au    -4.844790586829    -4.578256901833    24.046671919102
Au    -3.819308080327    -3.754242156338    21.538713481284
Au    -2.592253058132    -2.948633412800    19.064538627244
Au    -1.599565461260    -2.108566162588    16.610516911416
Au    -0.556907107173    -1.820911063755    14.005221653120
Au     3.063489727083    -3.770213809745    28.173498032649
Au     3.869274496087    -2.633871217138    25.206214453948
Au     5.293189807399    -1.631241317085    22.786025599986
Au     6.334525327933    -1.005388084140    20.029772999507
Au     7.262982192786    -0.437803014345    17.386652771468
Au    -5.477036892442   -14.705545606476    19.897272261725
Au    -4.353172519836   -14.555816553263    17.337047816051
Au    -3.231347220740   -13.970150963487    14.990196877801
Au     0.448616329253   -11.203425925796    12.728294828826
Au    -6.047380103516    -5.297158502633    21.670338919631
Au    -5.098238313045    -4.660985779033    19.295940532717
Au    -3.937956230514    -3.800441037068    16.496142700780
Au    -3.054143146022    -2.449161354225    14.230619357753
Au     1.748277473752    -0.870764125972    26.179996061959
Au     2.773626289537    -0.391038454705    23.682800786492
Au     3.937382151742     0.262667680550    21.425363222718
Au     5.205809993507     0.768467050008    18.393176648895
Au    -6.525830854644    -7.693092999859    20.882730993097
Au    -5.343634674144    -7.283947370770    18.265489101937
Au    -4.321667656303    -6.254210644930    15.413880957316
Au    -2.992135855831    -5.621360998530    12.817569378659
Au    -0.792908782498    -1.750363935633    25.068883926958
Au     0.185198584243    -0.859238626027    22.651396871228
Au     1.524047424718    -0.186076803583    19.780288582835
Au     2.390035655816     0.316576973671    17.001203581971
Au     5.173796956806    -4.329894626828    26.880501012016
Au     6.433490266315    -4.136254669167    24.204767874651
Au     7.374674662764    -3.157194550136    21.747363977383
Au     8.758380755275    -2.488982591482    19.551577574836
Au    -7.166676535515   -10.251104752371    19.764502382052
Au    -5.520220510520   -10.207608990092    17.336936036322
Au    -4.327022938305    -8.957330651419    14.654230265571
Au    -3.252794317179    -8.161710709558    11.848020634594
Au    -3.324326250251    -2.143465992664    23.870052712678
Au    -2.419641563219    -1.250349420142    21.292781532304
Au    -1.151694070946    -0.263640449697    18.718483859511
Au    -0.107180520092     0.429197341015    15.877318255818
Au    -3.715026494391   -14.088707912059    22.144250543872
Au    -2.695423853124   -13.959175027882    19.840785300424
Au    -1.832245479715   -13.397725325309    17.306914251583
Au    -0.826127523628   -12.107671232892    15.030776200851
Au     3.350956534944   -10.629427422079    12.676501509031
Au    -5.008602377560    -7.292142732817    23.345887167307
Au    -3.929510198684    -6.789924994846    20.512497156637
Au    -3.037174158363    -5.933522612877    17.884531028236
Au    -1.935474490815    -4.952266520044    15.181277052721
Au    -0.698583158940    -4.289353407344    12.768208088424
Au     0.601978368555    -3.450924798940    26.627173850539
Au     1.586235924277    -2.917368266037    23.716563839195
Au     2.754383137649    -2.223549169553    21.329072563409
Au     3.656136726004    -1.250049611409    18.758553836726
Au     4.843886090558    -0.682920178395    16.152561505516
Au     3.298245472945    -6.829925931420    27.230800227324
Au     4.745722081801    -6.084999552891    24.814834946659
Au     6.272799564474    -5.566989994175    21.892119858585
Au     7.264529706122    -4.717176268351    19.183621738089
Au     8.321165123968    -4.210042511641    16.894105196110
Au    -5.356612530950    -9.930949337216    22.193637799147
Au    -4.405300927903    -9.473857435786    19.828534059254
Au    -3.239226169056    -8.510085051333    17.124493303576
Au    -1.783778492742    -7.468046485031    14.428349990041
Au    -0.747937474379    -7.043516464048    12.013529100091
Au    -2.097431697746    -3.898285504217    25.287170977468
Au    -1.153787035136    -3.462998551811    22.886718663529
Au     0.108511403457    -2.714633705901    20.335295998155
Au     0.975267169906    -1.995303747607    17.719620530803
Au     1.969335983171    -1.476098942419    14.814673915033
Au     2.492842588483    -9.579160018871    27.410124854060
Au     3.604292607211    -8.729724570544    24.660548655291
Au     4.841853505108    -8.102994410649    22.217764398340
Au     6.340868980367    -7.585681062637    19.997707320591
Au     6.944987727304    -6.725141697413    17.261915143258
Au     4.340050090479    -4.335941601353    11.908613024053
Au    -2.237920871739   -13.852830693627    24.654650921855
Au    -1.252179645338   -13.430366315928    22.283268082948
Au    -0.332075197930   -12.424240220839    20.134795005051
Au     0.576877047187   -11.618874771231    17.397828595049
Au     1.755639022769   -10.754860139748    14.935974879156
Au     7.877020271612    -5.761046048766    14.621878145851
Au    -3.864566346935    -9.356908635549    25.067454896687
Au    -3.075706137978    -8.676131061033    22.247229490948
Au    -1.509725937445    -7.847658529840    19.568537024417
Au    -0.473494136692    -7.015213359541    17.299762369423
Au     0.747717738227    -5.993500484437    14.222349048437
Au     1.775396227377    -6.115204249352    11.813502886522
Au    -1.269895289478    -6.282641005619    26.886153638437
Au    -0.191811629986    -5.537770014940    24.342437155692
Au     1.332272606267    -4.722287108944    21.756056301110
Au     2.464091777628    -4.038592224287    19.137362901291
Au     3.489052740604    -3.163265896551    16.716626198923
Au     4.419698423808    -2.302610656705    13.813081018719
Au     8.577852599483    -0.531309304573    21.370099389310
Au     7.770418210985    -1.323528843205    23.936043640575
Au     6.493391261733    -2.226725994341    26.301020835921
Au     5.527196813133     2.339242409073    20.946534692294
Au     4.190793901341     2.343664357956    23.623727949425
Au     3.361123248873     1.319858429889    25.985906010234
Au     2.833810573355     1.893835825073    19.454712754205
Au     1.635960041086     1.652204282309    22.208537165536
Au     0.505863323417     0.855897666528    24.804470091467
Au     0.300059420298     2.258189642902    18.205280559085
Au    -0.816667719810     1.330064655048    21.032633410987
Au    -2.084751254410     0.224717564058    23.451642997741
Au    -2.308100937527     1.752374392080    17.166107476650
Au    -3.412832749447     0.918798265450    19.688100590786
Au    -4.767171109752     0.026919566079    22.377880311046
Au     3.056602088558     3.695603370463    21.514100888521
Au     1.841821264074     3.186945691077    24.336014558815
Au     0.673136542652     3.528435548259    20.471930500309
Au    -0.710248595945     2.841532094970    23.152646916437
Au    -1.994379271888     3.161001279589    19.444539274346
Au    -3.154150323952     2.425970335757    21.930371127764
Au    -5.472455970481    -1.672648487101    15.370681117983
Au    -6.209905292103    -2.407818432796    17.838379583731
Au    -7.162921258606    -3.013110896596    20.332558183310
Au    -5.353305204128    -4.157407608959    14.108826490211
Au    -6.690110073753    -4.842658730087    16.760753674625
Au    -7.534800579245    -5.609078238746    19.336573275198
Au    -5.468818733822    -6.860020187261    12.904158434279
Au    -6.779935941655    -7.895512048250    15.948138533381
Au    -8.185156305073    -8.429313463643    18.238451658875
Au    -5.365457259749    -9.556417452149    12.265621275231
Au    -7.555209710928    -8.450146522716    13.400744535844
Au    -8.122338525965   -11.195156505992    17.255738784182
Au    -7.807139081087    -3.158682379339    15.196708445088
Au   -10.152817543904    -5.223375711725    18.610442742910
Au   -10.019767023901    -4.344210222418    16.122546488521
Au    -8.632827650281    -3.364765913079    17.958608042016
Au    -7.450770345277    -5.739316573536    14.181301623323
Au    -9.006238836621    -6.545540773346    16.717580873394
Au    -1.941351246722   -13.009064083333    12.845462933867
Au    -4.421725319409   -11.839070493352    13.724583108583
Au    -5.556190899877   -12.642755699450    16.114992427262
