         216
 AuNiAgCu    E (eV) =  -775.030334       T (K) =   550.000000       time (ns) =  0.879999995    
Au    -6.483825958644     4.110419024932    10.085851757564
Au    -5.999417525247     1.476800992843     9.956239642080
Au    -6.086564326616    -1.499866513124     9.674285444299
Au    -6.055090047327    -4.366939584466     9.087842462211
Au    -5.927874684460    -7.027552514006     8.749743694869
Au    -5.791944332823    -9.734148019126     8.466763907470
Au    -5.846879420259   -12.543556366412     7.932927761290
Au    -5.450109526263   -15.284195058057     7.662138677000
Au     2.467655646137    -1.187995405092    14.723239025085
Au     2.636857191872    -4.452751822907    14.796576893351
Au     2.807095587137    -7.396220583558    14.121711514222
Au     2.265844644305   -10.031725449513    13.889055203212
Au     1.824713515950    -0.199850521003     3.636299762774
Au     1.931241371427    -3.013043523795     3.277021051867
Au     2.198333836392    -5.750086047088     2.726538141066
Au     2.148241060877    -8.595840532300     2.191756250197
Au    -8.742073283430    -0.711446638573    -0.218004410782
Au    -8.892562213421    -3.379349861866    -0.494874144804
Au    -8.972196554482    -6.025125307509    -0.605351133050
Au    -8.985008329122    -9.132918199893    -0.478927499866
Au    -6.760639156164     2.560971523038    12.388200660549
Au    -6.943848961660    -0.184940574454    11.844013356907
Au    -6.863028879045    -3.204715748871    11.662710966829
Au    -6.537967209278    -5.891609347346    11.417525189577
Au    -6.314923448272    -8.622123108561    11.140090842619
Au    -6.422556330822   -11.246421789542    10.721953746818
Au    -5.939699163971   -14.187476450352    10.139155859532
Au    -8.598734484933     2.145849632463    10.135382499715
Au    -8.723616058230    -0.449891333839     9.663654558320
Au    -8.483809891586    -3.038820209724     9.283734329991
Au    -8.518010101981    -5.932291685337     8.741962816002
Au    -8.265166936080    -8.609219888403     8.419265388762
Au    -8.241929286668   -11.166609637852     8.428386077989
Au    -7.742271117809   -14.157497981026     7.771480689620
Au    -7.241484408780     2.944718407970     7.931187366970
Au    -6.720827400478     0.054079279682     7.468625957551
Au    -6.792655847229    -2.639014787725     7.067680109706
Au    -6.638764694369    -5.704945046379     6.702316091677
Au    -6.719131485834    -8.195645706650     6.239071410235
Au    -6.344291859147   -10.960153217779     5.757782702204
Au    -6.371167107840   -13.738749398342     5.617438171320
Au    -4.212005393370     3.132789865650     8.558307867547
Au    -4.078402769308     0.279388531143     8.421501816819
Au    -3.819245567424    -2.428477876927     7.922301513090
Au    -3.782062126268    -5.259984709940     7.617939674301
Au    -3.675574400314    -8.010311628058     7.245834871792
Au    -3.385714912769   -10.971351992455     6.868657382967
Au    -3.714408473658   -13.578791705920     6.146654776617
Au    -4.162031355197     3.190286501430    11.249129482471
Au    -3.953948234401     0.054756267950    11.346971703989
Au    -3.771436066314    -2.790865051631    10.781607518977
Au    -3.854753035618    -5.746254727939    10.489985680776
Au    -3.802753921775    -8.589784212739    10.117003639494
Au    -3.467829577388   -11.265440308035     9.411071925260
Au    -3.276808938538   -14.026823195041     8.967059519699
Au    -7.674125096601     1.698497593053     5.395379738289
Au    -7.475794921336    -1.083754122483     5.041679687094
Au    -7.580272734084    -3.806173145318     4.420975634254
Au    -7.708883197216    -6.359824715905     3.877284549021
Au    -7.055574461656    -9.449461816478     3.482909275000
Au    -7.092181804372   -12.159793593709     3.661355302909
Au    -2.138800564997     2.129499392838     7.144559670247
Au    -2.010165149773    -0.603231447168     6.772616009353
Au    -1.899551711413    -3.559649450250     6.357322037800
Au    -1.818952825205    -6.400449367385     6.094243430740
Au    -1.676473673233    -9.287854806459     5.438425533968
Au    -1.062875529166   -12.046356125487     5.146202239346
Au    -2.196595462884     1.296086386765    12.849982442347
Au    -2.090725252496    -1.416771040848    12.444811232547
Au    -1.651177274166    -4.235387404191    12.235892894500
Au    -1.719512984504    -7.023699787411    11.621043808544
Au    -1.563755062723    -9.825044114765    11.094745015042
Au    -1.541441186442   -12.608319744366    10.678504030221
Au    -8.525970441798     0.862926095777     3.018528314556
Au    -8.147276099946    -1.981406075128     2.321122584264
Au    -8.413047635319    -4.889530018946     1.872019030406
Au    -8.302643054903    -7.834853784640     1.718999105071
Au    -7.585130492539   -10.747912294929     1.014608665539
Au    -0.396341803702     1.081205146966     5.180776044102
Au     0.143184062390    -1.685883229351     4.899519607322
Au    -0.100830490456    -4.654573285286     4.632830662361
Au     0.064160369877    -7.510219971553     3.965028752208
Au     0.522793637915   -10.178903609029     3.704271135896
Au     0.100042175879    -0.240352324450    13.634906784723
Au     0.418378923013    -2.796345178635    13.661902044008
Au     0.357534584105    -5.914613952952    14.121451936502
Au     0.245247087000    -8.537148671068    12.907521998999
Au     0.576789142783   -11.311357417527    12.263156147213
Au   -10.465396261466    -0.516222307205     2.119958564715
Au   -10.481892795021    -3.213723122845     1.778331338510
Au   -10.779517004535    -6.541627599935     1.983081139639
Au   -10.531565896858    -9.272134506448     1.787966897498
Au    -1.105258351312    -0.151275818982     2.759935175588
Au    -0.939574869163    -3.025015938819     2.505363746702
Au    -0.687177152460    -5.739121732437     2.142578484615
Au    -0.453066369138    -8.927706594005     1.535256245552
Au     2.273440645624    -1.344999488286    12.110526544585
Au     2.465421123739    -4.371893758637    11.762156798031
Au     2.446146530013    -7.042094198848    11.455775479594
Au     2.507858213144    -9.892718926507    11.194702599151
Au    -3.691899292898    -0.469432508489     1.673096845001
Au    -3.619829566988    -3.148209309772     1.763145533207
Au    -3.305709160682    -5.747816498515     1.298278858955
Au    -3.315596707565    -8.998558611427     0.678977904805
Au     1.932600298472    -1.000878854517     9.521813488857
Au     2.285531942390    -3.718758836743     9.227489353678
Au     2.633965339659    -6.662157977931     8.707085210086
Au     2.449784243483    -9.405908174544     8.303348386444
Au    -0.877693454981    -1.397902748051    15.759494088254
Au    -0.875124162472    -4.257025880111    15.728029221788
Au    -1.390576142663    -7.219032727417    16.070843691548
Au    -0.510405970400   -10.356280286752    14.693313755016
Au    -6.472212099437    -0.330989234314     1.068417913419
Au    -6.195359888868    -3.131158862411     0.775428638631
Au    -6.258275870109    -6.139126495069     0.346543312064
Au    -6.034260066107    -8.804531799453     0.050278028569
Au     1.951148059648    -0.316440959187     6.418756028603
Au     1.750540236757    -3.422573686246     6.286487090735
Au     2.156229008677    -6.220179553236     5.896710082511
Au     2.232078513782    -9.022471202838     5.337783071732
Au    -9.911403781749     0.322635841882     5.200522171074
Au    -9.937885318985    -2.541089391807     4.421019488447
Au   -10.064055930403    -5.165082697225     4.257420156886
Au    -9.753837026245    -8.290913400714     3.989782856145
Au    -9.339051944722   -10.998315749362     3.015432815550
Au    -3.077747993738     0.729177896491     4.494171578056
Au    -2.788766164471    -1.798500083447     4.133244534007
Au    -2.812081673103    -4.804905000865     3.893527346431
Au    -2.550373953313    -7.777646760217     3.233215944000
Au    -2.297803896093   -10.423311931118     2.904585531119
Au    -0.259421041602     0.309360134973    11.093535480076
Au     0.093755155148    -2.620025665275    10.755754374682
Au     0.310929820350    -5.548283853646    10.623853735879
Au     0.559183154433    -8.232009039265     9.788277380134
Au     0.709962386836   -11.257802945578     9.432472951502
Au    -3.289191021862    -0.304951640584    14.672003810923
Au    -3.065675133043    -2.972969592439    14.529890957757
Au    -2.620705129667    -5.702263756386    14.296645329190
Au    -2.398508223726    -8.746358927243    13.856853012089
Au    -2.162456737730   -11.520321132365    13.079772810768
Au    -5.530310222655     0.895345956067     3.381306644024
Au    -5.600264743338    -1.961892859987     3.247227399970
Au    -5.577853648107    -4.997155132700     2.803453827359
Au    -5.221080509159    -7.751882013092     2.438271992858
Au    -5.067532886797   -10.799492730069     1.953993749602
Au    -0.215883302263     0.974190867483     8.243637931279
Au    -0.094972060461    -2.494276897371     8.103111314293
Au     0.288024977667    -5.250161557530     7.572861739134
Au     0.432484715539    -8.000081995544     6.894936033407
Au     0.629214948888   -11.032385954986     6.860119430425
Au    -4.704982594468     1.671838559964    13.534664802864
Au    -5.159697355146    -1.705582906061    13.101627784718
Au    -4.691014137507    -4.316737775661    12.832151567216
Au    -4.400515488077    -7.417471708441    12.650949561834
Au    -4.552546739512   -10.185475206867    12.327597666025
Au    -4.387105127632   -12.743137942930    11.710038888855
Au    -9.355662654504     1.273095593555     7.614044945267
Au    -9.432105389718    -1.526993502108     7.219532189193
Au    -9.212322998940    -4.181317952505     6.909958445635
Au    -9.060319591315    -6.972258506683     6.270453419480
Au    -8.839091213727    -9.899468493264     5.959407200214
Au    -8.715779649382   -12.515443700136     5.968998828082
Au    -5.041412752550     1.886466950361     6.285325827149
Au    -4.650454022576    -0.988164686127     5.864233512808
Au    -4.929436238169    -3.737413717325     5.558160350941
Au    -4.442148544093    -6.460327431681     4.919411492457
Au    -4.244917181853    -9.328345276190     4.749650528734
Au    -4.110582361691   -11.965677768861     4.118735247634
Au    -2.425153437729     1.805526213723     9.946089465008
Au    -2.003818521463    -1.135781637452     9.451288724488
Au    -1.927080445689    -4.215803082074     9.369494693195
Au    -1.723363938728    -6.900239166258     8.843989012676
Au    -1.460053551629    -9.640736704563     8.464618511148
Au    -1.435418091984   -12.802306077190     7.570343919416
Au     0.754704117005    -8.482537832979    15.766679113286
Au     1.309617151333    -5.921001722356    16.570333673597
Au     1.172208854374    -2.733367186826    16.521467383138
Au     4.586571912015    -8.622355525500    12.451063680648
Au     4.570004740007    -5.498967412771    12.953274052560
Au     4.454110985177    -2.917374204149    13.490096464146
Au     4.520769471205    -8.513470537232     9.822533787340
Au     4.453391015265    -5.249735442952    10.212185607249
Au     4.165371611660    -2.544316803358    10.560694432200
Au     4.380754535460    -7.912752103165     6.875472349941
Au     4.111296066357    -4.617137767682     7.417908163706
Au     3.872328021293    -1.767628283798     7.726657102651
Au     4.035058600257    -7.539120117466     3.711834234906
Au     3.769472932696    -4.538788629235     4.549077486490
Au     3.540981815283    -1.808552807536     5.074073562743
Au     6.260038471951    -6.888376124651    11.163260329865
Au     6.286302228972    -3.863475633289    11.689652624542
Au     6.076294913583    -6.232461995411     8.210481783495
Au     6.175518099078    -3.227635684125     8.779921060861
Au     5.695916919636    -6.168750049264     5.274723078455
Au     5.787279652118    -3.325499912614     5.719683154406
Au     1.201200315948    -6.886840496229     0.183391942251
Au     1.167618766949    -4.328903298048     0.582546750238
Au     0.972781833127    -1.502155175292     1.402226337851
Au    -1.374258911580    -7.326238872375    -0.203565104826
Au    -1.753733653851    -3.965369387418    -0.056176642185
Au    -1.606194447477    -1.323294939195     0.259306225459
Au    -4.018199777250    -7.303894854488    -1.426689255831
Au    -4.353585357126    -4.427617324830    -0.936220899947
Au    -4.359608450626    -1.579235203262    -0.735941181132
Au    -7.265413475495    -7.580941825011    -1.946869581396
Au    -6.960043931060    -4.779811532321    -1.960106995625
Au    -6.984747856729    -2.146660908283    -1.764861295020
Au     0.026044784121    -5.432751912209    -1.601638836761
Au     0.373017752029    -2.339759296732    -1.266790694579
Au    -2.588075937199    -5.542683559251    -2.501618339363
Au    -2.407428308550    -2.160728973252    -2.323109827191
Au    -5.258649415721    -5.996459584244    -3.305601542552
Au    -4.812889473438    -2.837074137643    -3.148725243915
Au   -11.242831027825    -7.720042006406    -0.360089426903
Au   -11.308518331572    -4.751839613988    -0.333836597475
Au   -11.196014967700    -1.952293871481    -0.261643280796
