         216
 AuNiAgCu    E (eV) =  -774.504700       T (K) =   550.000000       time (ns) =   1.32000005    
Au    -4.659176015387   -14.483145769804    26.465823046305
Au    -3.447357795291   -13.943318614027    24.087214402896
Au    -2.138397225613   -13.308380998684    21.826985802783
Au    -1.265146375346   -12.752838650329    19.170079979068
Au    -0.438534649586   -12.331411576166    16.492569307561
Au     0.524344850339   -11.540456259198    13.881262585571
Au     1.606646568245   -10.957256394759    11.013240488984
Au     2.656729771260   -10.014413138856     8.731498547240
Au     7.003436015380   -12.346685422493    25.047107567809
Au     7.990988974393   -11.593259388372    22.697408624068
Au     9.244219334849   -10.707122357342    20.096703127796
Au     9.451847672086    -9.662266427031    17.401004494938
Au    -0.993974730000    -4.478740391387    24.552331349366
Au    -0.447534192990    -2.940214693336    22.334047423935
Au     0.843043946443    -2.817313223500    19.309333908253
Au     1.891740441998    -2.337122009076    16.681793610340
Au   -10.593159248579    -8.128386304324    19.890147636106
Au    -9.078107689796    -3.256259004726    18.677566922978
Au    -9.246664486749    -5.016566395060    16.714020642982
Au    -7.805022908487    -5.953257991781    11.933192350999
Au    -2.707873451492   -16.295293940535    25.574581359404
Au    -1.862549806383   -16.064458458223    23.242066192693
Au    -1.165105505376   -15.273450323297    20.223484787018
Au    -0.277474825319   -15.158866460587    17.794967298391
Au     0.388610162881   -14.550788632230    15.065207395789
Au     0.767156207978   -13.988609506504    12.556034223271
Au     3.518590145716   -12.381313578112     9.146255078453
Au    -5.819656923057   -15.603073594021    23.881388262833
Au    -4.353318564402   -14.826646889845    21.720239180321
Au    -3.693367892842   -14.513121994977    19.043954227176
Au    -2.445684534007   -14.117059946656    16.524700625448
Au    -1.641554483928   -13.234897779639    13.662381404043
Au    -0.928551954130   -12.267335533718    11.294131886011
Au     1.261825018595   -13.407606226293     9.865308127761
Au    -6.031726629370   -12.935878443762    25.001230305005
Au    -4.638334687113   -12.242546040982    22.194488105278
Au    -3.821367911919   -11.796179365406    19.635004195381
Au    -3.162039071539   -11.135356606307    16.833025537135
Au    -1.917626975200   -10.692997045553    14.643083177137
Au    -0.840095401862    -9.657171734537    12.103562629231
Au     0.264425236572    -9.059373255983     9.657283517288
Au    -3.337463974809   -12.132604243018    26.047504698690
Au    -2.496590947450   -11.215902058196    23.537143897319
Au    -1.588827565212   -10.527895870207    21.020395201482
Au    -0.591017394884   -10.189002553035    18.396935081993
Au     0.322082081347    -9.478434013213    15.771058247970
Au     1.388384733290    -8.762103648680    13.047837275448
Au     2.564410467025    -8.118406856588    10.719314304302
Au    -1.156022149191   -14.427100674050    26.726706679631
Au    -0.366818977035   -13.699392903401    23.947438350965
Au     0.725291117523   -13.109504150590    21.128080993138
Au     1.532995665997   -12.779653909885    18.629668630158
Au     2.170640810331   -11.623757720511    16.263952179369
Au     3.305017868438   -10.719278064042    13.356336524668
Au     4.345116404972   -10.302747703438    10.802886114334
Au    -7.137033924098   -11.534179700154    22.845820071941
Au    -6.357841797214   -10.982227597242    20.332075489883
Au    -5.565533167185   -10.277802159628    17.816315540158
Au    -4.533994461893    -9.337081441270    15.070521906249
Au    -3.278126090698    -8.395458332273    12.538938994917
Au    -2.399011193969    -7.616626603092    10.247852762697
Au    -2.290997708176    -9.575888402619    25.724773131087
Au    -1.741349532797    -8.630213155581    23.023486263337
Au    -0.763991400827    -8.105877286302    20.557053621551
Au     0.186353077604    -7.496221479218    17.942211712415
Au     1.253565860261    -6.646497423792    15.021764789909
Au     2.475694580859    -6.016521259219    12.567349646531
Au     1.377563930099   -13.880030864671    26.272127854938
Au     2.238687217750   -13.036161408802    23.478546528508
Au     3.525082699392   -12.647330127675    20.836099412901
Au     4.201345941302   -11.634547514984    18.353532777445
Au     5.239033144938   -10.732719666440    15.642162431375
Au     6.007193345939   -10.076789416856    13.018922093853
Au    -9.023117314952    -9.857299987071    21.246937959700
Au    -7.966990847815    -9.207039304263    18.703094266951
Au    -7.395882385193    -8.289473726187    16.054526897462
Au    -6.020069477649    -7.526835532802    13.430086944100
Au    -5.058464226384    -6.768613388989    11.070896250854
Au    -1.819802785971    -6.858043890950    25.219791871975
Au    -1.180237992107    -5.848438696725    22.390626550208
Au    -0.060456967689    -5.421060171117    19.617630175628
Au     1.138516934765    -4.846300173452    17.022112643405
Au     2.292854618121    -4.087488963527    14.800317844814
Au     4.062044034756   -13.202811939233    25.666240583268
Au     5.435426606367   -12.539626891244    22.891390852770
Au     6.557285853985   -11.668552321813    20.273860940970
Au     7.073090998161   -10.725054938197    17.824453951118
Au     7.855955631915    -9.987690516618    15.360900922376
Au   -10.220656379848   -10.773995087544    19.039060935813
Au    -9.100598528449   -10.282219445363    16.359967585819
Au    -8.180265281781    -9.280069670449    13.763938358804
Au    -4.521915629834    -9.296344383031    10.409954382616
Au    -3.685986737443    -5.189450012108    23.413749243518
Au    -2.698665758847    -4.316136282483    20.823868276842
Au    -1.733284074414    -3.696510059845    18.111207570502
Au    -0.625722589271    -2.928049253297    15.779932957686
Au     4.884897836184   -10.606534458951    25.014402873665
Au     5.841665845185    -9.903402676329    22.557282641314
Au     6.819896168857    -8.903114926752    19.949832397009
Au     7.382726843491    -7.950420928969    17.444043036461
Au    -6.121440442878    -6.097121180325    22.275739190800
Au    -4.946031547625    -5.447377102270    19.547673245039
Au    -3.975495521865    -4.775315604792    16.975972760890
Au    -2.701191750683    -4.036678947165    14.397864115572
Au     2.843588881702    -8.713334070209    24.737479977805
Au     3.742669334670    -7.462124492069    22.089959185887
Au     4.825425061885    -7.000422834702    19.589634742664
Au     5.600427004571    -5.958409864255    17.157712754078
Au     5.410053458754   -14.912317557520    24.202375500864
Au     5.964225277265   -14.605478810347    20.887108641189
Au     6.419288158426   -13.430173762009    18.297755797617
Au     7.176262025538   -12.759118655923    15.911091368723
Au    -8.240942369737    -7.251570110335    20.826728103315
Au    -7.582069173016    -6.510177420926    18.356842201923
Au    -6.510626255657    -5.873961222449    15.677057215382
Au    -5.284920412024    -4.903955996253    13.113435901717
Au     0.758890156057    -6.181338820904    25.059416689718
Au     1.526655237986    -5.204991195349    22.175295340151
Au     2.677801245310    -4.960705623562    19.632613474833
Au     4.034481214100    -3.887531849713    16.908793682405
Au    -8.477560102816   -12.375316632321    20.682572270536
Au    -7.936862349394   -11.988772313437    18.035061502647
Au    -6.578593062033   -10.868219939874    15.525899766168
Au    -5.692269244295   -10.116313023062    12.870128801175
Au    -2.128358018895   -10.332597346770     9.752301086161
Au    -4.094965939134    -7.848430462927    24.143910166655
Au    -3.338477374863    -7.083543602780    21.219901198398
Au    -2.304247804948    -6.382388767582    18.872846160682
Au    -1.467157687111    -5.710195511254    16.286234446901
Au    -0.308905680924    -4.918191735968    13.776026517136
Au     2.273829713550   -11.264982632377    25.352379998032
Au     2.910737103453   -10.287971223908    22.617708925309
Au     4.301475192351    -9.807683527677    20.354659820068
Au     4.731101319231    -8.889120829573    17.595392369091
Au     5.903907671458    -8.083447971081    14.953884970507
Au     2.654848511981   -15.394682847104    24.646123259233
Au     3.579239849875   -14.864733644501    22.120942390681
Au     3.926325500033   -14.401966445985    18.991036374317
Au     4.612361912688   -13.523159795828    16.379778343019
Au     5.279463042701   -12.732760364766    13.863828589631
Au    -6.604423745576    -8.793040985466    22.741938175498
Au    -5.545737578821    -8.220409383499    19.885107168097
Au    -4.902841689443    -7.520431316566    17.168367894233
Au    -3.742826537422    -6.615314302163    14.883990862902
Au    -2.518279384069    -5.779418336975    12.542881200411
Au     0.155317450881    -8.857417905633    25.266764290784
Au     1.151283818823    -8.079236983215    22.703186533502
Au     1.936594604689    -7.698652860924    19.988898759666
Au     2.977558329289    -6.689532162259    17.385580198365
Au     3.953561094617    -5.954729328780    14.768207861693
Au     0.087924423186   -16.099159396826    25.083755159069
Au     0.724944657513   -15.472104036971    22.344208272577
Au     1.615958428280   -15.480311884571    19.576222979701
Au     2.259455755273   -15.179140921826    16.851788550207
Au     2.756414349158   -13.495765460219    14.340097747587
Au     3.242696415914   -13.000398649369    11.728309304803
Au    -7.120474197831   -14.088248125812    22.142595225149
Au    -6.141657916362   -13.702906743113    19.589247887619
Au    -4.927528630555   -13.085106993961    17.118769024454
Au    -4.253695059057   -12.402857809223    14.731448651942
Au    -3.254994726269   -11.141007457505    12.142693722202
Au     0.193743835182   -11.313407275290     8.435269317767
Au    -4.825949099692   -10.447732047928    24.590880273287
Au    -4.216162976110    -9.538046835684    21.956618208346
Au    -3.014023855154    -9.088724525270    19.092091535654
Au    -2.408701652011    -8.564516666863    16.490916602894
Au    -1.145623862131    -7.722694212128    14.147062756189
Au    -0.204169840492    -6.692344373577    11.663696183805
Au    -0.430590064228   -11.624217606542    25.855330905698
Au     0.160835652317   -10.951595389256    23.210789864298
Au     1.325001617563   -10.394950414375    20.377229722445
Au     2.043909358262    -9.419371016744    17.919588103109
Au     3.281370919258    -8.706314653242    15.099618107183
Au     4.600158958179    -7.923308242258    12.644060544588
Au     9.206393804253   -12.416662674916    17.940334900105
Au     8.459618828693   -13.620848523666    20.567030569211
Au     7.666016181932   -14.287325474450    22.933898652059
Au     9.235525971705    -7.937485516322    19.366772728854
Au     8.201813114652    -8.837115844550    22.278052081639
Au     7.488830660516    -9.711470201749    24.940346197933
Au     7.387729318898    -5.874635425028    19.410864530870
Au     6.347112816469    -6.831315223557    21.773894839822
Au     5.195747366959    -7.880747821689    24.405457443886
Au     5.487124609126    -4.147730790982    19.391713710426
Au     4.386655634544    -4.805852911386    21.799139967355
Au     3.159204217712    -5.373494648154    24.092987163887
Au     3.615655569415    -2.242365962240    18.850109293265
Au     2.493309038645    -2.646822063694    21.423490718753
Au     1.625037503349    -3.171814464550    24.187637199469
Au     8.716328059274    -5.816637061999    21.511163023781
Au     7.892780593732    -7.045048259561    24.084439168763
Au     6.875305477181    -4.194527733593    22.091797572056
Au     5.841769545222    -4.810209858867    24.277510891745
Au     5.170016261814    -2.109870119187    21.032344939645
Au     4.071298147535    -2.741154178986    23.400104122823
Au    -1.147405397211    -1.036449068097    17.922048064143
Au    -1.595997711347    -1.541589815896    20.510267242143
Au    -3.186889805580    -2.511964591711    22.868131215336
Au    -3.052821257778    -2.026092057076    16.290140235534
Au    -4.065661142411    -2.675401497440    18.994390422952
Au    -5.270687714899    -3.730919651375    21.780678921693
Au    -5.609791028014    -3.255870655472    15.323013046212
Au    -6.566738138312    -3.413085202728    17.985560692212
Au    -7.654691832360    -4.748040161888    20.364294270448
Au    -7.782055161128    -4.126836722833    14.069611316133
Au    -8.049606031990    -2.389315005345    16.097230187858
Au   -10.114447784114    -5.642155057395    19.482450617732
Au    -3.327179823615    -0.031872592959    18.625707434520
Au    -4.247429867270    -0.930997257713    21.191683079687
Au    -5.980808776222     0.120600176692    19.671683341447
Au    -6.984068707232    -2.185210419480    20.473521448897
Au    -5.569828163433    -0.953084443860    17.220983052108
Au    -7.958154226095    -0.701380471425    18.116656566190
Au    -7.008934698518    -8.529224965646    11.253267596635
Au    -8.908824415675    -6.708780237750    14.528377923157
Au    -9.886144931555    -7.932286630600    17.300108351121
