         216
 AuNiAgCu    E (eV) =  -776.014404       T (K) =   550.000000       time (ns) =   1.22000003    
Au    -9.148170735282    -5.995714664269    27.311888840852
Au    -7.412628852046    -6.836640847697    25.310959051314
Au    -6.093065939533    -7.845145520892    23.204930445141
Au    -4.446530341167    -8.667671639391    20.994507300007
Au    -2.762670891209    -9.541161433759    18.851970413227
Au    -1.193414217549   -10.691620059562    16.585689864650
Au     0.526649171097   -11.473770337143    14.438891364917
Au     2.142849736773   -11.714253722447    12.037317914452
Au     2.168984271193    -7.179668564137    28.504967333031
Au     3.894912076494    -7.638708528375    26.524046526859
Au     5.609989319733    -8.593622807870    24.178228411776
Au     6.855179332945    -9.887087963801    22.009155829011
Au    -2.032356124469     1.395515886777    22.067993300170
Au    -0.320667101891     0.636349258874    19.809176898475
Au     1.217542218131    -0.404401969219    17.722155835124
Au     2.602425465555    -1.222917249564    15.555313102893
Au   -11.610040080005    -2.466627687108    17.070815754450
Au    -8.362719739527     0.711274279974    14.255339305134
Au    -8.718488783186    -2.182099716817    13.382151302461
Au    -6.494923571564    -5.593895274178    10.629787855507
Au    -7.612899179437    -8.286405590934    27.693458004047
Au    -6.293974905880    -9.340412437642    25.484550778757
Au    -5.083549346269   -10.150559417903    23.000291698220
Au    -3.411833876404   -11.099649417717    20.946414048032
Au    -1.800549482656   -12.275489533979    19.226187614682
Au    -0.028400062662   -13.073781821799    16.390262570232
Au     1.714524946667   -13.730146661671    13.900890880190
Au   -10.154133950257    -7.770501377651    25.529600935240
Au    -8.839240257402    -8.775413016518    23.601534774708
Au    -7.364399196168    -9.933200107889    21.546353061998
Au    -5.416632922776   -10.699769295495    19.109647983493
Au    -3.840708333692   -11.668469713246    17.164385511876
Au    -2.159665638509   -12.736325604119    14.727010515648
Au    -0.668431316570   -13.162623891573    12.686761057363
Au    -9.619080768309    -5.198205688532    24.822991976341
Au    -8.256743864392    -6.087870513439    22.728911045008
Au    -6.588288115922    -6.972071995039    20.604428609686
Au    -5.234014033669    -7.903638817269    18.341833776786
Au    -3.566689582469    -8.761839271791    16.144235589978
Au    -1.874162361376    -9.624711398668    14.226692038839
Au     0.088924809704   -10.143336106166    11.605918114636
Au    -7.221940702170    -4.204092617620    26.303239688104
Au    -5.603305640870    -4.924193467796    23.969087314029
Au    -4.057102887059    -5.983583686401    21.907547996964
Au    -2.448955103589    -6.720511260685    19.471878976810
Au    -1.078630187304    -7.855319316377    17.275620119134
Au     0.718419031590    -8.729147200511    15.235207865103
Au     2.387572125325    -9.160162144404    12.799931651690
Au    -6.143382083673    -6.052782241239    27.657607449968
Au    -4.583216693196    -6.941169898529    25.729684077206
Au    -3.142223108760    -8.162506412834    23.779291211834
Au    -1.556207891747    -8.678626327835    21.194508474387
Au     0.115118032492   -10.111762276340    19.302151385664
Au     1.460558237719   -10.732519106491    17.052713641040
Au     3.159143438862   -11.343377198207    14.733681871922
Au   -10.383434179000    -4.416022791771    22.072828202532
Au    -8.855848857934    -5.502006038194    20.058729113314
Au    -7.480860142534    -6.414018157397    17.911582291324
Au    -5.814586384518    -7.194393014229    15.714929060418
Au    -3.787950328226    -7.836594427032    13.433778928814
Au    -2.338704642810    -8.892133973031    11.219159335428
Au    -5.377099804841    -2.264562058295    24.640326944340
Au    -3.993064818362    -3.083641739250    22.556346869265
Au    -2.281694372778    -3.784228542488    20.591184710520
Au    -0.806509232458    -4.901132047154    18.220893875049
Au     0.566801308638    -5.882331547680    16.046288940362
Au     2.101896974706    -6.742505174969    13.813377194677
Au    -3.377639095688    -5.848063962327    28.063265759551
Au    -1.894247330844    -7.161025582675    26.048183964914
Au    -0.463505992881    -8.270253271194    23.799149281650
Au     1.123762801817    -9.282108247017    21.649878049856
Au     2.846443269586   -10.117338774452    19.364510301769
Au     4.212625368721   -10.813628977917    17.112034802906
Au   -10.648537544590    -3.290144212498    19.620784286503
Au    -9.494058099553    -4.373689726652    17.524836889278
Au    -7.904365219587    -5.258843037116    15.342014014922
Au    -6.041182590157    -6.332874520323    13.154502288258
Au    -4.406570853047    -7.213066890031    10.787534848286
Au    -3.844650188346    -0.310172007515    23.413602955540
Au    -2.214654685967    -1.119890904693    21.065342795270
Au    -0.449990908711    -2.293298004638    18.969117724088
Au     0.998331379028    -3.015292627779    16.812493459830
Au     2.145318661944    -4.203878119379    14.661370117363
Au    -0.432834819977    -6.818272834748    28.123139334194
Au     1.081489546752    -8.072736916671    26.125310843740
Au     2.950849454225    -8.658101854072    24.263705682912
Au     4.283334200543    -9.511595221698    21.665056105844
Au     5.713720258731   -10.397876397193    19.396258719739
Au   -12.048438659854    -5.273893964484    17.620904852636
Au   -10.310968282618    -6.432351382373    15.755014993921
Au    -8.764404223492    -7.378649876701    13.837182520604
Au    -7.357127170897    -7.845239102850    11.624215583010
Au    -4.582047214132     0.478695339392    20.814907636456
Au    -3.019717936003    -0.548942282335    18.454932495989
Au    -1.374195120424    -1.338770647765    16.122471156390
Au     0.179060640821    -2.249209411296    14.098545625542
Au     1.553390804508    -5.012080758515    26.791470595559
Au     2.884682855657    -6.074809194013    24.615855916316
Au     4.160729757604    -6.884605634103    22.505962785597
Au     5.948883244531    -7.637406116650    20.425596747016
Au    -7.026767749078    -0.682592070439    19.561436623931
Au    -5.569499900493    -1.655137219407    17.269378024536
Au    -3.868111326666    -2.527482062571    15.351418126791
Au    -2.389703612318    -3.270569817088    13.015349803415
Au     0.096368546969    -2.830795742651    25.299886440140
Au     1.947925863268    -3.848289722556    23.240969396210
Au     3.203569360505    -4.731391551076    20.970963592065
Au     4.854963279957    -5.759350634678    18.642422391908
Au     0.735324761321    -9.554151226228    28.573613089779
Au     1.946029517852   -10.755251989989    26.307253682292
Au     3.393169074442   -11.428788571806    23.958615059001
Au     4.942013200264   -12.082948470620    21.517450620535
Au    -9.157447508573    -1.458326357536    18.094252397074
Au    -7.851195690396    -2.378874318648    15.991922892156
Au    -6.178921513266    -3.405029421327    13.644913846876
Au    -4.422136112451    -4.306251075856    11.689039497478
Au    -1.041865361088    -0.544105830703    23.692654306074
Au     0.537961129211    -1.586382136395    21.411608881559
Au     2.150824234558    -2.599880920431    19.338528277249
Au     3.812829750689    -3.452806275263    16.752880624750
Au   -11.439328021019    -6.134263680998    20.344915897586
Au    -9.963995396661    -7.608419965085    18.339021430163
Au    -8.263255975821    -8.396651519504    16.251441257479
Au    -6.297348692827    -9.005455416327    13.877376606530
Au    -4.864455852709   -10.042012151225    11.965338680537
Au    -6.177798564117    -1.233980968043    22.242558211255
Au    -4.823448456775    -2.239458117092    19.924126315728
Au    -3.011050246747    -3.293953007795    17.946408483848
Au    -1.504900519101    -4.160431616526    15.610085521714
Au    -0.075161538889    -5.109619029198    13.277469550194
Au    -1.498885667764    -4.335757736624    26.758207207796
Au    -0.025866936286    -5.574652703170    24.729872147862
Au     1.451537710664    -6.735647259174    22.397460471884
Au     3.174201183979    -7.548476358545    20.085036282873
Au     4.637723946039    -8.341905511598    17.785363641323
Au    -2.088414014214    -9.011964123645    28.216109181048
Au    -0.746252049835    -9.942408968848    26.206204150702
Au     0.571944212709   -10.886478857673    23.964890005085
Au     2.062525909187   -11.847913329088    21.522155773599
Au     3.416580516881   -12.679484660696    19.092069792483
Au    -8.690535799241    -2.490085979872    21.123589096097
Au    -7.347372094978    -3.392051532547    18.834060321737
Au    -5.650873206609    -4.350197439288    16.624945675468
Au    -4.013535402984    -5.105578467057    14.300147711255
Au    -2.376174380620    -5.943684106836    12.030059668453
Au    -2.602332414005    -2.231044960515    25.060417666300
Au    -1.217343277750    -3.303363780358    23.014895936644
Au     0.418717797399    -4.561007401681    20.803935373392
Au     1.988958070252    -5.151849356774    18.467735421617
Au     3.751003552751    -6.106203032352    16.009905508438
Au    -4.681045785822    -8.315133787856    27.817784344558
Au    -3.700977675410    -9.723900952887    25.930532524093
Au    -2.416156783359   -10.793635627026    23.535969605533
Au    -0.654439661121   -11.418132594858    21.409070908288
Au     0.794746592257   -12.762847271323    19.073689543120
Au     2.822723701973   -13.048410943857    16.610079210895
Au   -10.780192132854    -7.027676885089    22.759719478149
Au    -9.242964391038    -8.167489430205    20.751438399212
Au    -7.758734687727    -9.253756104442    18.810729481985
Au    -6.043557786520    -9.869590119372    16.596435761754
Au    -4.339864975182   -10.986755624259    14.511035798167
Au    -2.545171870955   -11.362889581527    12.034144061741
Au    -8.046470522326    -3.170978451016    23.601088983005
Au    -6.406468656303    -4.110949684428    21.316598794092
Au    -4.940941682679    -5.135493824683    19.004669886048
Au    -3.317813513892    -5.975099046427    17.049836205022
Au    -1.710134695895    -6.722463833111    14.973635080457
Au    -0.245924919130    -7.715963838362    12.627313906720
Au    -4.393835293153    -3.885835587696    26.633362179621
Au    -2.893444679525    -4.874226568314    24.551930598529
Au    -1.532642761255    -5.990439062783    22.067302408010
Au     0.373502880396    -7.130199725698    19.826399709273
Au     1.929216728624    -7.857486301688    17.494639432673
Au     3.482999403010    -8.617927521347    15.320596696927
Au     5.949431011085   -11.103122620098    24.233105736979
Au     4.604663218137   -10.388298046132    26.230729229602
Au     3.367015724404    -9.531154031238    28.361467802894
Au     7.359801932857    -6.839602768158    22.629391364815
Au     5.776175013251    -5.831283883269    24.973326340280
Au     4.191996524764    -4.888509617070    26.900066275964
Au     6.031118760746    -4.845929300584    21.177402172384
Au     4.588580455170    -3.956992644128    23.292964875909
Au     2.981398737138    -2.804335417868    25.464886241839
Au     4.892153614424    -2.921934879868    19.389932870429
Au     3.184589728290    -1.789683084847    21.658682259772
Au     1.721226860362    -0.916202062709    23.698820074847
Au     3.920483539379    -0.965838872063    17.977972381139
Au     2.337278862534     0.241513399475    20.041761828702
Au     0.624783566649     1.278027040752    22.219713557464
Au     7.323294092489    -3.999013284073    23.389731416268
Au     5.798764777429    -3.002043155822    25.430046967573
Au     5.944362962511    -2.173128534239    21.801153371245
Au     4.411377454945    -1.116267453579    24.077691574717
Au     5.112067452012    -0.148711928136    20.212326425631
Au     3.375129589959     0.955386876571    22.289758931436
Au     0.559334861194     0.380032795388    15.215414452365
Au    -1.383845501426     1.353077803543    17.214726686471
Au    -2.555150025160     1.900496025648    19.502000464964
Au    -1.993444124489    -0.656850035866    13.650217484805
Au    -3.602870723687     0.182171282951    15.880905320619
Au    -5.433875376738     0.978648622644    18.326081549317
Au    -4.568876375044    -1.519107605617    12.516530544975
Au    -6.136514911604    -0.752877600519    14.673895837090
Au    -7.467211855510     0.501777055155    17.005946165396
Au    -6.557140281342    -2.734165759008    11.148905491475
Au    -7.191161335887    -0.245362505199    12.205932492749
Au   -10.212686598292    -1.046678507441    15.385968264976
Au    -1.535558738028     1.773289547139    14.741299444394
Au    -3.858131942540     2.556446799436    17.063730320547
Au    -3.771501835360     3.188782897576    14.468128349295
Au    -5.828485376281     1.989897510670    15.655285145493
Au    -4.187398810206     0.987133240447    13.106281195757
Au    -6.489487707098     2.291942469302    13.099940073615
Au    -9.429640080015    -6.348007548697    11.017307116689
Au    -8.546526416282    -4.783389061106    12.687497127063
Au   -10.118508694486    -3.937265209010    14.984795244122
