         216
 AuNiAgCu    E (eV) =  -773.383545       T (K) =   550.000000       time (ns) =   1.64999998    
Au    -0.171498752128   -17.790893473200    18.542973695747
Au     1.257301751605   -15.294792190926    20.277315292999
Au     3.058135054680   -13.332689571084    19.457517730576
Au     4.858768390801   -11.235122267932    19.147798585231
Au     6.793344505510    -9.098114759188    18.395542145514
Au     8.298123830491    -6.771763452627    17.334820885285
Au     9.879118866436    -4.419504098695    16.979593389099
Au     9.403115428634    -2.705163479033    14.868512377282
Au     4.325887571681   -11.319302098962    28.978952657776
Au     6.413777115792    -9.301529337771    28.895380487844
Au     8.361578877655    -7.064151395501    28.191122577984
Au    10.207555147436    -5.151548680435    27.391601810842
Au    -3.511082702646    -6.360715530671    23.023375956995
Au    -2.077027085592    -4.405068256596    22.064857159359
Au    -0.391858130560    -2.560475544126    21.160207635609
Au     1.453293465691    -0.283425793119    20.769690639464
Au    -2.711249846663   -10.974827723158    12.008228681186
Au    -4.265478633902    -5.547238117173    13.024498251092
Au    -1.949294380738    -5.992893546189    11.674232875278
Au     2.477925035954    -4.571034195777    10.204113581252
Au    -0.418091116392   -17.194167921333    21.081813458044
Au     3.879555020100   -15.820948475381    19.304434017139
Au     5.612053954212   -13.727010623274    18.519488253219
Au     7.462602836709   -11.671887918477    18.004206721827
Au     9.033999878234    -9.556406502996    17.115433800893
Au    12.115024950458    -5.398257014599    18.463777809848
Au    11.474046590353    -2.215186439865    16.619699557226
Au     2.038383102821   -17.888934871390    20.090557106600
Au     1.858384164126   -16.184349715774    17.738822886317
Au     3.763814015260   -14.181952827624    16.672724587563
Au     5.443313712833   -11.941952723738    16.217091458045
Au     6.643472255739    -9.739090794488    15.632537201635
Au     8.546762201875    -8.235320777766    14.775349363224
Au    12.326043317995    -4.495689147090    15.754419757870
Au    -1.488838492666   -15.394667320802    18.969902632203
Au     0.405611653624   -13.674145072839    18.105326893317
Au     2.649035624198   -11.731277018265    17.296921053516
Au     4.239444023153    -9.545878187197    16.761672181229
Au     5.952879708851    -7.167111598437    16.102631206688
Au     7.698934695186    -4.709396288300    15.024630099730
Au    10.366035720344    -5.582206734388    14.552583325092
Au    -1.052859879311   -14.655382241458    21.525625629887
Au     0.429026900814   -12.678738365224    20.797454479013
Au     2.485726207241   -10.560905961185    20.343109310691
Au     4.210185461148    -8.572912752704    19.407309761366
Au     5.975227152282    -6.411360760805    18.689104054444
Au     7.353297423410    -4.251579582597    18.220850562469
Au     5.203411717456     0.414699088132    17.643352218376
Au     0.994819090401   -15.786383117015    23.121082007013
Au     2.618270476278   -13.911515415808    22.185609110534
Au     4.502958193932   -11.713683018659    21.667000699326
Au     6.127271575551    -9.522577813761    21.163467438985
Au     7.979076555052    -7.239614163976    20.631200668247
Au     9.702463146605    -5.001839834577    19.684409946165
Au     9.147556340384    -1.692555663248    17.616431205094
Au    -2.240688385932   -14.092565667581    16.598377944308
Au     0.160369959646   -11.988108208865    15.741481383929
Au     1.852266966315    -9.762224119072    15.045589146861
Au     3.542653229191    -7.893090254415    14.413387439547
Au     5.099140577806    -5.713525658707    13.685824574947
Au     6.773448770846    -2.735714634243    13.316738214283
Au    -2.010339159714   -11.914677775365    21.869309297390
Au    -0.279707691205    -9.912991828058    21.307973836964
Au     1.608945572045    -8.019344780802    20.442017890894
Au     3.298251627594    -5.886377408760    19.761044459917
Au     5.023157011735    -3.387186354771    19.336915782863
Au     6.629500715439    -1.460328059658    18.762753419672
Au     1.940650996622   -14.106679046751    25.205901223713
Au     3.642234946426   -12.211933219609    24.193006498469
Au     5.712357604891   -10.356300191010    23.891805791224
Au     7.237346362500    -8.072475895535    23.454584439429
Au     9.011237782530    -5.714619566191    22.628881039893
Au    10.596797104113    -3.689977823611    22.180835623892
Au    -2.226451437056   -12.519479406115    14.214509022210
Au    -0.286158782206   -10.413614034050    13.467552493979
Au     1.330260894492    -8.245562342285    12.728182177793
Au     2.915660894755    -6.092661133886    12.193410688461
Au     4.719846894422    -3.962039170754    11.669474225313
Au    -3.027448612262    -9.180056844569    22.319149251785
Au    -1.325167267175    -6.993774382128    21.712370827406
Au     0.847671227469    -5.129671568171    20.910182038345
Au     2.430984277943    -2.972289800973    20.553571063049
Au     4.216915270945    -0.587202314495    19.882333236723
Au     2.947006702895   -12.535374269422    27.480666428449
Au     4.831247381154   -10.982123802299    26.390528254045
Au     6.425082685700    -8.737948900320    26.152333075433
Au     8.397668177467    -6.339865763917    25.604376080019
Au    10.113826864935    -4.231102809504    25.015125284933
Au    -1.337871384607   -13.424309228266    11.895624974855
Au     0.001201279773   -11.322814049552    10.980690692915
Au     1.732985174806    -9.383302678730    10.340768557494
Au     5.766163553748    -6.167686465206    10.765844718150
Au    -3.704458673327    -7.597688586439    20.144876786374
Au    -1.602067976206    -5.494713755072    19.397313444679
Au     0.309113082596    -3.254785383530    18.636653852253
Au     2.017163354888    -1.031390541178    18.353249090550
Au     2.040828515467    -9.879441240231    27.943678629345
Au     4.321901081070    -8.247542250387    27.626806691097
Au     5.818832228773    -6.085366784286    26.513393458460
Au     7.598763305118    -3.497015147185    25.801445494356
Au    -3.114714036125    -8.795645328387    17.337770947267
Au    -1.605377022819    -6.601919788610    16.601772650363
Au     0.064056631531    -4.391462922147    16.061867051172
Au     2.140638983600    -2.127261373022    15.417392730642
Au     0.257533785909    -8.798287263980    26.054754859901
Au     2.012852375911    -6.836655649991    25.592000003658
Au     3.670899323556    -4.771632010271    24.847494422156
Au     5.431745693229    -2.694038211607    24.373190345025
Au     5.797445026383   -13.200286222420    25.966941634184
Au     7.933872729533   -11.324570222564    25.345858434017
Au     9.305613093979    -9.082104652452    25.009119127310
Au    10.661287919599    -6.743984048944    24.290102109313
Au    -2.826949547775    -9.894401022299    14.702880715809
Au    -1.175916968896    -7.753200203982    13.924540291294
Au     0.536188768616    -5.721224600065    13.209994255105
Au     2.007075503781    -3.379174408365    12.618751474565
Au    -1.750066461811    -7.729428150219    24.385369956292
Au     0.116213474851    -5.491833070418    23.746997574074
Au     1.603802938362    -3.237696695849    23.027198181802
Au     3.531860532085    -1.272531752600    22.421158735501
Au    -0.830639172462   -14.995104294077    13.900996251450
Au     0.887590472956   -12.998582979219    13.305283310394
Au     2.408947071689   -10.761454744232    12.415782634759
Au     4.012036197131    -8.557267226401    11.752245741122
Au     7.668747779007    -6.090669208094    12.829189124496
Au    -2.612917759762   -10.111609330371    19.864595087688
Au    -0.994804252690    -8.239506521103    18.956541743287
Au     0.798469364310    -6.261991354066    18.227552425921
Au     2.793751190590    -3.854759988127    17.492601844264
Au     4.337894456427    -1.793276506496    16.792263363084
Au     1.301968631157   -11.566652487291    25.566997012562
Au     2.885701263089    -9.517293044944    25.050147804281
Au     4.851671264444    -7.440427609164    24.443127631715
Au     6.279345870296    -5.218698718048    23.647893928730
Au     7.992951768218    -3.133616821227    23.142613313026
Au     4.640399903484   -14.653554463892    24.155854038047
Au     6.863466783000   -13.217080538657    23.086888555706
Au     8.380730509456   -10.751960051901    22.750339166114
Au     9.805399596305    -8.450565331550    22.276544364716
Au    11.779483147140    -6.041626470676    21.190216842133
Au    -2.539991570453   -11.476068290787    17.200743904627
Au    -0.578930319028    -9.356002053021    16.398416675466
Au     1.007472818319    -7.172704509949    15.590404756430
Au     2.456981887609    -4.849164682284    14.794827352298
Au     4.455617752708    -2.889355041160    14.205618634079
Au    -0.975587829374   -10.471927914355    24.017102096541
Au     0.837780106428    -8.441740099359    23.539483922659
Au     2.670670867993    -6.131124428096    22.395780378272
Au     4.306210562126    -4.148237159990    22.050975595596
Au     5.897713127676    -1.918049104768    21.500000732825
Au     3.554698559848   -16.405458187791    22.137020239765
Au     5.406887112250   -14.403861293153    21.171964792764
Au     6.917543825694   -12.164839040223    20.706563983620
Au     8.840679929583    -9.959732798698    20.039163735012
Au    10.605391101973    -7.422660860087    19.381762886437
Au    11.129059167480    -2.828798785068    19.419222180645
Au    -0.828947543158   -16.163465110793    16.283712042681
Au     1.150036405241   -14.313628601828    15.722086331392
Au     3.112909985478   -12.610736976126    14.774101449766
Au     4.503447074804   -10.399416642647    13.988742796424
Au     6.349354464325    -8.230811725489    13.215048449982
Au    10.898113169264    -7.173031689730    16.650938554651
Au    -1.913971590495   -12.800280483933    19.384813213193
Au     0.181523332087   -11.001457982458    18.722852781019
Au     1.755836184183    -8.926775105928    17.661502108889
Au     3.423178337384    -6.789535702148    17.025192229660
Au     5.283198163881    -4.297687992405    16.279878239963
Au     7.093307642259    -2.242868644891    16.011839303544
Au     0.061896749756   -13.285319923358    23.619226295434
Au     1.670637079162   -10.960758979496    22.973397485138
Au     3.542070706002    -9.023961879797    22.351592232542
Au     5.008583271436    -6.775164464140    21.616619531803
Au     6.789558956854    -4.679369512433    21.021327713260
Au     8.422257923160    -2.670152453448    20.228768361139
Au    10.539239527393    -7.746606381993    26.896065523410
Au     8.646192422879    -9.645809226137    27.447162397690
Au     6.796819607434   -11.938906909472    28.169622672338
Au     7.481884989945    -4.531156098278    28.307271730634
Au     5.836669570481    -6.283929322869    29.060727866029
Au     3.359837616390    -8.768111051357    29.993678601990
Au     4.917363420560    -3.347739292229    26.898402169262
Au     3.309739887880    -5.509885307371    27.437483193703
Au     1.299069952763    -7.493056329792    28.258189581427
Au     2.723839634110    -1.825005810790    25.062201663071
Au     1.236744782842    -4.018395813779    25.874299399919
Au    -0.347549210670    -6.011568866099    26.743963425885
Au     0.970645124351    -0.627719302844    23.542704804020
Au    -1.061536122885    -2.823793865885    24.276378074473
Au    -2.464225579985    -5.028121083418    25.018532321289
Au     3.979085131931    -3.975034266952    29.348777199743
Au     3.052704470909    -6.285351297378    30.201992897641
Au     2.360930330245    -2.537441462503    27.784279897465
Au     1.101466246172    -4.836656371589    28.588166681782
Au     0.156552147078    -1.271886900201    26.158288766089
Au    -1.498263591665    -3.165734428956    26.911203375882
Au    -0.869120448274    -0.957446934513    18.851910051825
Au    -2.696935970512    -2.617213323111    19.910340703227
Au    -4.035716960463    -5.072990916056    20.294809312106
Au    -0.430436992693    -1.818432530006    16.190518822761
Au    -2.262041709134    -3.772656880344    17.271712009301
Au    -3.952370481053    -6.156867606047    17.795307219077
Au    -0.416927411825    -2.828058406478    13.719679732037
Au    -2.102077582616    -5.032777669575    14.319371859543
Au    -3.950185702250    -7.223737026628    15.035781802466
Au     0.000197279192    -3.921582335327    11.104355900136
Au    -2.463613037150    -3.289940885099    12.199750866704
Au    -3.410389929282    -8.427720299906    12.616145239587
Au    -2.848742581917    -1.175046760417    17.281116498893
Au    -4.664184938013    -4.618302025443    15.537158205403
Au    -5.305676133536    -2.053531720130    16.100893812760
Au    -4.823030957500    -3.287177447788    18.194498545107
Au    -2.892895685614    -2.168178032953    14.624815354207
Au    -4.965020263736    -3.071270965127    13.488455796056
Au     3.440720580314    -7.133017667048     9.657574322588
Au     0.801409134866    -6.726119856092    10.433126496642
Au    -0.943339330205    -8.662185450546    11.122300093576
