         216
 AuNiAgCu    E (eV) =  -773.248413       T (K) =   550.000000       time (ns) =  0.170000002    
Au     0.887659230089    -0.188486133645    16.490087723556
Au     0.533062706380    -1.865677019456    14.181364135790
Au     0.238450312463    -3.154917231490    11.746287994125
Au    -0.051057411864    -4.324558531625     9.248449580937
Au    -0.324398110896    -6.046001275866     6.719717496522
Au    -0.585705359260    -7.239051583838     4.134573363019
Au    -0.913057673360    -8.369680766866     1.750356850532
Au    -1.563225427687    -9.353666626153    -1.059847149500
Au     8.562415508779     0.310732515714     8.554253573044
Au     8.273314051123    -0.754882271061     5.970625042842
Au     8.284178953157    -1.884411622222     3.111396902074
Au     7.635884216809    -3.290263947532     0.387301458183
Au    -2.360656574996     5.249365179026     6.944971993565
Au    -2.281212145156     3.961300031391     4.662416680647
Au    -2.272477846642     2.885611370522     2.072975242902
Au    -2.287165612627     1.453989303456    -0.153530629078
Au    -9.399487950793    -1.476930705705    12.281024251763
Au    -9.967466127644    -2.554398632499     9.811497665883
Au   -10.091704319728    -4.322587307038     7.228076565435
Au   -10.083756025890    -5.744968762782     4.792751191873
Au     2.689241363547    -2.274038986530    15.876625116039
Au     2.430867473168    -3.954684348581    13.388206708564
Au     1.743490381892    -5.476412779103    10.785350710538
Au     1.805048356587    -7.099607206523     8.298802169408
Au     1.531496777190    -8.240924542623     5.747611970184
Au     1.002331893955    -9.329339103414     3.571010025123
Au     0.302706650186   -10.573260508062     1.061960759765
Au    -0.276105218730    -2.633006364662    16.755918189236
Au    -0.393269514750    -4.432795809524    14.203055792380
Au    -0.808036117850    -5.632177107657    11.653885215221
Au    -0.952539820036    -7.188859746626     8.947252674380
Au    -1.356350681051    -8.552147091283     6.574707104285
Au    -1.917638292889    -9.534109390640     4.088533686809
Au    -2.347142051029   -10.486594664927     1.534764848918
Au    -1.459135777806    -0.525463637824    15.257062228231
Au    -1.988419228345    -2.200432218743    12.956375006770
Au    -2.474765098662    -3.446978603476    10.643073939573
Au    -2.568188510857    -4.857851177158     8.026670982936
Au    -3.072617017253    -6.464810572600     5.870443386211
Au    -3.350561036309    -7.451787570585     2.859258488712
Au    -3.804449471762    -8.647345043396     0.471803607353
Au     0.513732169118     1.084902937729    14.234670378045
Au    -0.204449369116    -0.199673853283    11.793456423728
Au    -0.497473176504    -1.614912642962     9.333282342842
Au    -0.612245379264    -3.185163807209     6.875402189034
Au    -0.946355224788    -4.511615699933     4.297212072970
Au    -1.203344825406    -5.414658414201     1.820915774288
Au    -1.851231617339    -6.833335222575    -0.500257873851
Au     3.103204926520    -0.108770158307    14.673038270877
Au     2.631323323218    -1.373962857635    12.068367910679
Au     2.064587659264    -2.791462483931     9.490126591675
Au     1.804226293382    -4.365175937110     6.965290760967
Au     1.844455370423    -5.828653007883     4.588183843374
Au     1.377643152845    -7.034260935939     2.198703672537
Au     0.591856644600    -8.075378332517    -0.397722848175
Au    -4.097447991320    -1.217884090377    14.780514442515
Au    -4.623792226822    -2.431155499999    12.180668355508
Au    -5.276954013215    -3.767567422548     9.694703275606
Au    -5.143981633762    -4.972887651275     7.085897173922
Au    -5.546149371830    -6.429884554262     4.566362039289
Au    -6.052428382054    -7.595806284292     1.887723753350
Au    -0.571521751985     2.475909893819    11.939865687034
Au    -0.790133098166     1.324895556444     9.690491290743
Au    -1.075131899362    -0.270033267300     7.035150799331
Au    -1.304680247259    -1.503971723143     4.532357232352
Au    -1.494144835247    -2.850696287625     1.921455905861
Au    -2.104452338852    -4.141192166853    -0.455801271135
Au     4.913253705687     0.218777785664    12.506163118466
Au     4.485934118578    -1.470470033813    10.200594403624
Au     4.030431815347    -2.628795132537     7.414562027871
Au     3.912512250878    -3.804025548607     4.841120352816
Au     3.981639644418    -5.400102709907     2.443803810476
Au     3.030106186929    -6.300718551778     0.162345900419
Au    -6.605664738441    -1.299250276169    13.556015395455
Au    -7.290316218567    -2.630021168573    11.199813964971
Au    -7.618692773855    -3.962513358900     8.671844927012
Au    -7.708722582997    -5.183613382167     5.905511414954
Au    -7.909755987334    -6.300922279599     3.401276189248
Au    -1.624682292983     3.895225827974     9.702421157357
Au    -1.862703297804     2.527049530663     7.159666387549
Au    -1.986362896415     1.043613137230     4.656867295811
Au    -1.840886033547    -0.128189785058     2.150243425617
Au    -2.058985902807    -1.329373990158    -0.266047158963
Au     6.728704874593     0.008859961931    10.375607813087
Au     6.279908174018    -1.160883683413     7.889247729961
Au     6.198405933348    -2.387265095122     5.456105758163
Au     6.017248093959    -3.557328977328     2.789123111512
Au     5.198343769703    -4.739787251934     0.135237180547
Au    -7.674796468996    -4.317411922521    13.673337756772
Au    -8.009703169180    -5.400868198969    11.035919531113
Au    -8.165240533259    -6.637053398716     8.192684624213
Au    -8.525751863038    -7.722513070253     5.754128066798
Au    -4.004326234364     3.508700729483     8.363541853417
Au    -4.360043359306     1.793230849858     5.980150278128
Au    -4.368507250060     0.995439418346     3.236427804525
Au    -4.704022956092    -0.485812491005     1.097399999404
Au     6.230534622433     1.744578502927     8.155749095023
Au     5.619818145604     0.771057146203     5.821526680817
Au     5.661892941808    -0.718510984412     3.256534403887
Au     5.375574629232    -1.997997550840     0.429683826912
Au    -5.893646955738     1.976087128102     9.849099360508
Au    -5.770184475529     0.458439179480     7.527244130235
Au    -6.232560562809    -0.742757012215     4.546278949678
Au    -6.738962727804    -1.880601235174     1.983585634212
Au     3.784238429060     2.999675663576     7.976770534394
Au     3.209788738377     1.798561978959     5.633886199420
Au     2.973778613083     0.648356861122     3.045272198254
Au     2.709422207879    -0.728216725137     0.445776102031
Au     8.035789562059    -2.464561972986     9.949763766146
Au     8.223538664003    -3.495519057109     7.381423168834
Au     7.698212436513    -4.644719847347     4.634860191127
Au     7.052910471215    -5.828678166963     1.774158636603
Au    -7.371988702606     0.721486046307    11.846001980188
Au    -7.827806704713    -0.822428789824     8.803632972417
Au    -8.310366977085    -2.107853041907     5.877637949327
Au    -8.654956871028    -3.598935695413     3.601308445945
Au     0.108290091903     4.209247910213     7.874692692335
Au     0.078716719946     2.883647227369     5.368719407494
Au     0.248829995812     1.832583168257     2.723082085203
Au     0.285438910957     0.377419022839     0.407062847057
Au    -5.501745210605    -3.820918064442    14.522666369617
Au    -5.409063616552    -5.296580133792    11.955158092070
Au    -5.741361547879    -6.288422735741     9.402221117117
Au    -6.012901057228    -7.696317944263     7.160565655784
Au    -6.740032396482    -8.767877682425     4.243849856255
Au    -3.304937696189     2.220502839212    10.923206830341
Au    -3.366190958692     0.715607402580     8.453527453139
Au    -3.568911497864    -0.755370168992     5.891508297259
Au    -3.657193161879    -2.041409661240     3.382568903599
Au    -4.224428867393    -2.988149833347     0.874137437921
Au     4.099602394623     1.471045649235    10.356213813046
Au     3.721287415543     0.406661262684     7.911562192801
Au     3.417053432284    -1.009180196784     5.136801301504
Au     3.476316625868    -2.310970200636     2.472156243507
Au     2.823007341920    -3.668982546098     0.102408549311
Au     6.169758511777    -2.402033742889    12.068455975150
Au     5.841879675527    -3.571293272943     9.196311355895
Au     5.509275905763    -4.734755614194     6.761010481433
Au     5.677597662848    -6.270536084029     4.476156256986
Au     4.996861977010    -7.903163612132     1.825854869842
Au    -4.855090323383     0.591568028511    12.358034765363
Au    -5.556325224683    -0.666547926308    10.192955855171
Au    -5.943102656279    -2.319494120870     7.321281992571
Au    -6.008214677387    -3.582311122721     4.385910065441
Au    -6.268776307060    -4.699090855997     1.911983253081
Au     1.447666017121     3.058851011721     9.813672157771
Au     1.176088095842     1.658916809914     7.497692987167
Au     0.997574216520     0.282396727201     4.932192757915
Au     0.916450640098    -1.203742217772     2.545462256736
Au     0.323071120474    -2.294411108960    -0.207116964645
Au     4.410829384504    -2.402237246055    13.977315150474
Au     4.302241476015    -4.096206285075    11.501584514672
Au     3.738495056660    -5.183097363350     8.653681697800
Au     3.866262867894    -6.697813802860     6.488467452547
Au     3.382047696972    -7.999360962870     3.970453730162
Au     2.620825441626    -8.941019885645     1.096493740111
Au    -2.607264635421    -3.222659641505    15.553372451692
Au    -3.094522125384    -4.892523854467    13.353543150295
Au    -3.170527769165    -6.031622118712    10.519054467216
Au    -3.509536718823    -7.507407274114     8.245485427980
Au    -4.011478327387    -9.031829291133     5.667312143249
Au    -4.490312268591    -9.824609491980     3.034079954329
Au    -2.332152033499     0.918615310594    13.265933182574
Au    -2.789262250050    -0.623805962655    10.665998092581
Au    -2.870324494046    -2.176042097965     8.400536689830
Au    -3.198679444615    -3.539523625552     5.794809830030
Au    -3.577424402310    -4.631139481598     3.053903069317
Au    -4.293861824595    -5.683494064367     0.385625391743
Au     2.430114984706     1.495357518020    12.287375905847
Au     1.631606868142     0.131932188526     9.812183551081
Au     1.431196026803    -1.286290933148     7.286019346171
Au     1.350828148271    -2.723086047244     4.736525374731
Au     1.246005384252    -4.041970615645     2.477181126393
Au     0.501556600923    -5.123455049113    -0.003092317022
Au     9.149985283299    -4.438533764217     2.344204703190
Au     9.549527025925    -2.806629127982     5.160867594001
Au     9.869395930570    -1.686706650885     7.728194043067
Au     7.616145718555    -0.322891096244     1.184480355902
Au     7.956813035598     0.835666846948     3.646780274972
Au     8.029201577413     2.497262794615     5.804718239853
Au     5.108085510256     0.714503340565     0.857183019234
Au     5.216926545091     1.979698361565     3.361476809474
Au     5.642821747854     3.569952732835     5.996782013848
Au     2.614492598585     1.964784977336     0.690599186335
Au     2.590288982496     3.275675477283     3.299656388514
Au     2.875291917430     4.757142809104     5.764539203319
Au     0.136204980620     3.236448585802     0.426278682604
Au    -0.217076419901     4.324071685224     2.920347342830
Au     0.128329699631     5.410205751349     5.289347661244
Au     7.243259163784     2.341886614570     1.502541165582
Au     7.276997754811     3.770570361938     3.721334003233
Au     4.959244086483     3.846355856605     1.506168111162
Au     4.809721641378     4.978109638812     3.976350287924
Au     2.401355024124     4.566115470589     0.745231634363
Au     1.760378514172     6.038896233814     3.167894824820
Au    -4.628519618797     2.255201331780     0.913610734609
Au    -4.706169431005     3.662474978492     3.478574932654
Au    -5.043594516711     4.818471785707     6.004883629030
Au    -6.848074145179     0.782450973695     2.053357757739
Au    -6.830645359838     1.968156165532     4.761548626552
Au    -6.708051233943     3.207497509202     7.171325865489
Au    -8.731992354551    -1.009602601705     3.532864855749
Au    -8.589723470998     0.419311953205     6.491242526146
Au    -8.573350763124     1.848448275846     8.732015432353
Au   -10.892071819717    -2.161079937351     4.839427628440
Au   -10.378883183126    -1.313085406851     7.422992657174
Au   -10.025381213377     0.030698381455    10.287435827488
Au    -6.978496590691     3.329300157610     2.367893140852
Au    -7.567348732056     4.368317571087     4.940100171194
Au    -9.290168437663     1.864027970073     3.676964852063
Au    -9.677616395226     2.985561818601     6.368717393570
Au   -11.026935163254     0.265628597857     5.154771837023
Au   -10.991078132830     1.250800082731     7.688073638462
Au   -10.834440769506    -6.798251225529     7.191478787175
Au   -10.422584006107    -5.272737853441     9.481639061116
Au    -9.935736618550    -4.075299048686    12.315508366170
