         216
 AuNiAgCu    E (eV) =  -775.690491       T (K) =   550.000000       time (ns) =  0.600000024    
Au    -0.933477161112     3.775099373310    10.180779493752
Au    -1.472078862721     1.085223777370    10.652974805058
Au    -2.006987434962    -1.676564152057    11.046237490438
Au    -2.540059891449    -4.759232423229    11.607847712932
Au    -3.097822557284    -7.444197035567    12.078464277578
Au    -3.714416645145   -10.218331204385    12.821615327282
Au    -4.081334097747   -13.198752798204    12.407047946556
Au    -4.975660430243   -15.794344848952    12.826641864460
Au     7.471402930893    -3.353684838010    11.191578945662
Au     6.983454009813    -6.205983876253    11.210575273571
Au     6.776756778110    -8.990212604144    11.821392393749
Au     6.418066315358   -11.796333571453    12.021058242036
Au     1.041000364790    -3.367072613998     1.850225143394
Au     0.638759094907    -6.064875203339     2.113291252963
Au    -0.105144591873    -9.073135242135     2.502964594177
Au    -1.109282581880   -11.744620361516     3.026824893390
Au    -9.582377468672    -1.033078303563     5.217407471546
Au   -10.467120085563    -3.794395808674     4.994066854201
Au   -10.953188000130    -6.540708929949     5.449648053148
Au   -11.423111912603    -9.150702805778     5.915758867614
Au    -0.342827829659     2.647627629857    12.503394199948
Au    -0.942175944476    -0.152717717986    12.972825433864
Au    -1.835529654689    -2.854242574128    13.672280156549
Au    -1.958890510977    -5.667771031806    14.238805184942
Au    -2.536989931953    -8.355675939568    14.551918723663
Au    -3.754134592600   -11.925828877558    14.991000263134
Au    -3.555726348248   -14.540457737034    14.652282376467
Au    -3.112390901407     2.764550961515    12.106904640067
Au    -3.810211623078     0.048726804899    12.511191833795
Au    -4.228398436630    -2.653340645926    12.571547464523
Au    -4.701687521773    -5.677403722621    12.831309766551
Au    -5.352311665327    -8.223362292239    13.575408415594
Au    -6.257024325986   -11.138182218046    13.826391990655
Au    -6.408057668279   -13.724087460221    13.878541607060
Au    -3.068423467280     2.508514220907     8.977041032516
Au    -3.712327503158    -0.122379377501     9.452052101769
Au    -4.021806081104    -2.897340449884     9.908689950480
Au    -4.955104454197    -5.969236836091    10.087081350136
Au    -5.052084107822    -8.764504872886    10.706482413669
Au    -5.902158964271   -11.427887297805    10.939630388064
Au    -6.548127694500   -14.123751626387    11.232063961735
Au    -0.404096430608     2.010596082153     8.317891590773
Au    -0.970338252280    -0.663039060824     8.429662385096
Au    -1.436140745053    -3.402365495613     8.880362935812
Au    -1.957006924767    -6.488572881411     9.544070397209
Au    -2.549454113134    -9.170159627807     9.555683155514
Au    -3.455937115928   -11.691064079317    10.057730222081
Au    -3.870439063497   -14.639692851612    10.115020453632
Au     1.346667317197     1.928651432652    10.583065783293
Au     0.754319373483    -0.796552980614    10.847283912947
Au     0.196092915087    -3.614418965951    11.549717262525
Au    -0.393813402819    -6.461722817690    12.009402983848
Au    -0.887899386675    -9.137640942596    12.183342538081
Au    -1.385143300343   -12.010320707337    12.018514926591
Au    -2.021839898345   -14.806868386878    12.414364107650
Au    -5.177860626798     1.191430282510     7.680360044859
Au    -6.010030131508    -1.542371815438     8.141141082289
Au    -6.682558804177    -4.298369383222     8.608406759522
Au    -7.106069775832    -7.003785828918     8.882754464569
Au    -7.299444341997    -9.732385999302     9.195651941873
Au    -8.250628039992   -12.562651053474     9.559295119397
Au    -0.197496043070     0.336426701863     5.988468143897
Au    -0.796932783081    -2.434783962498     6.278400326843
Au    -1.218117125481    -5.144724964856     6.902005580175
Au    -1.547029339066    -8.185869386383     6.936517271572
Au    -2.234274335908   -10.811119229093     7.510249815325
Au    -3.117039104259   -13.373430574070     7.808659031641
Au     3.240168332009     0.020494110143    10.857123115887
Au     2.621629980747    -2.727334247922    11.048146567562
Au     2.247443422366    -5.441873484859    11.862556567756
Au     2.009037695917    -8.181334463774    12.497319808163
Au     1.339181372559   -10.842973802990    12.213663389798
Au     0.725881624085   -13.639195091900    12.575996808160
Au    -7.490762114668     0.278358964803     6.336716818004
Au    -8.359456018016    -2.589389088104     7.085626479241
Au    -9.124409195666    -5.225837624516     7.219986897634
Au    -9.276312130827    -7.963522610909     7.341781449808
Au    -9.846805279754   -10.830849378509     7.839100177804
Au     0.227913341472    -1.475844355578     3.828784165221
Au    -0.074439152708    -4.189443512640     4.397228004131
Au    -0.808163847811    -6.794305117730     4.707694061453
Au    -1.363047369170    -9.953802559528     4.971758627662
Au    -2.019244214571   -12.802399448804     5.433118198209
Au     5.535702556099    -1.633954822609    10.690132695403
Au     4.870494927314    -4.249424035461    11.347185611901
Au     4.607702406602    -7.425410812640    12.018858881049
Au     4.057568009826   -10.118048747987    12.112090984796
Au     3.235561536240   -12.718013582416    11.971978822866
Au    -9.287414951478    -0.559151207328     8.319949372056
Au   -10.175552576422    -3.458873883207     9.037028955062
Au   -10.787453236998    -6.351999430151     9.172580933584
Au   -11.163930872900    -9.076250125660     9.073383811405
Au    -1.848853563092    -2.817732366822     2.439019521587
Au    -2.437844447538    -5.558066510367     2.823645196833
Au    -2.960588425787    -8.482157729996     3.167861963158
Au    -3.711778742419   -11.465799788993     3.458373558318
Au     5.975372398700    -3.540420360780     8.727561464300
Au     5.183697931712    -6.139812072456     9.101358250481
Au     4.919101322619    -9.103271103470     9.557924635983
Au     4.809484508069   -12.121737964045     9.931804971656
Au    -4.466787797920    -2.058200206255     3.350691728716
Au    -5.126159652975    -4.859235343804     3.507062694974
Au    -5.779028489029    -7.919069195041     4.120360750389
Au    -6.353789085492   -10.956848599212     4.225948104054
Au     4.284929458277    -3.473906971319     6.241184766962
Au     3.530976861831    -6.137409368323     6.907692861274
Au     2.990663543408    -8.778761350785     7.613257266087
Au     2.656544814671   -11.969349776480     7.548763943172
Au     5.974812043171    -2.708245629503    13.236017114803
Au     5.052162382768    -5.304182677466    14.349213315826
Au     4.209179399854    -8.636491416893    14.501274759673
Au     3.911586819715   -11.623699118237    14.405067497510
Au    -7.299654851124    -1.496214920032     3.993828334914
Au    -7.873552923067    -4.199800764539     4.557629354268
Au    -8.118912325174    -6.865427088355     4.970593080216
Au    -8.842707968197    -9.960853409868     5.128859173350
Au     2.592210468652    -3.121884974873     4.079370919091
Au     2.007985893376    -6.086451322526     4.428394467391
Au     1.298162517833    -8.864856897554     4.915083842000
Au     0.586762447070   -11.807191927740     5.188256380211
Au    -7.114971878866     0.631160530791     9.413486001425
Au    -7.950782752316    -2.163065223161     9.978091584991
Au    -8.579550405270    -5.164401788426    10.273987209738
Au    -9.134507931186    -7.873974014674    10.573293818075
Au    -9.619848687031   -10.546962397995    10.701365013818
Au    -2.209274634574    -1.087823311132     4.406172094275
Au    -3.012744941625    -3.750222215415     4.832427869214
Au    -3.298194759389    -6.412413613337     5.317821268462
Au    -3.848515549890    -9.370448031528     5.502519172490
Au    -4.580125602161   -12.086321059699     5.836973128371
Au     3.909446544357    -1.277694609207     8.165796663331
Au     3.409446313558    -3.960127770586     9.046351188963
Au     2.807772874314    -7.205692548469     9.959689910595
Au     2.490326539077   -10.364562625721     9.648710379790
Au     1.685915809147   -13.069350236854    10.035560892056
Au     3.663244823279    -1.226311426283    13.150729084954
Au     3.014897106723    -3.606800398029    13.874640119591
Au     2.654017841544    -6.336899957422    14.639326589810
Au     1.776916206892    -9.481908216839    14.700747890874
Au     1.380728149747   -12.180998686668    14.693059055595
Au    -5.164976616350    -0.565874770586     5.756977666365
Au    -5.526825437053    -3.175514807990     5.915935079300
Au    -5.627320889636    -6.054659863289     6.202544991999
Au    -6.663160983655    -8.771355883548     6.669482695878
Au    -7.389787513464   -11.217564115777     7.027290263204
Au     1.855988335887    -1.398858539610     6.093444550150
Au     1.678896804575    -4.222289777335     6.632773960486
Au     1.054225869648    -7.006343775143     7.081305466053
Au     0.626908440002   -10.123441175396     7.161257189446
Au    -0.121335662104   -12.882029338646     7.569986640862
Au     1.791547271015     0.848289277659    13.315197751316
Au     1.132438622814    -1.720648510623    13.800340952823
Au     0.575405007632    -4.787617418950    14.124288904959
Au     0.076741221303    -7.420547415540    14.422424804424
Au    -0.977609823136   -10.513200441316    14.409954918767
Au    -1.144195207031   -13.399086794256    14.409410644185
Au    -5.104544411258     1.870621336808    10.694793458995
Au    -5.772299220765    -1.097940604739    11.073914308866
Au    -6.296784251764    -3.853894477068    11.287812875910
Au    -6.895946718071    -6.836942656662    11.684690934057
Au    -7.385322743088    -9.563702869754    12.067270409337
Au    -8.196489055795   -12.148952234816    12.425062164109
Au    -2.843658582470     0.602895583671     6.543041622196
Au    -3.322665551091    -1.995260871244     7.206986401869
Au    -3.775911748376    -4.846710435453     7.961441411733
Au    -4.210033331117    -7.670941054274     7.785064520656
Au    -4.846499625695   -10.297658780553     7.971714182742
Au    -5.704018459112   -12.929316024779     8.584546447763
Au     1.831368717567     0.539440250665     8.412155004108
Au     1.288900321492    -2.325653471539     8.560482490935
Au     0.697221541711    -5.533642327215     9.508384948484
Au     0.196422508246    -8.290485986773     9.440381777882
Au    -0.261933253571   -11.278083949055     9.542818506780
Au    -1.011361580238   -13.772492782737     9.992081140465
Au     6.345357030450   -10.337367970006    14.209129118658
Au     6.774320215706    -7.603726628084    14.018494500209
Au     7.457096364746    -4.915099070830    13.520620233868
Au     7.173102765171   -10.644034930233     9.687156861392
Au     7.455175769477    -7.967801827522     9.080706448494
Au     7.928728367800    -5.235540675190     8.930577569676
Au     5.242636851764   -11.148147652376     7.339744607334
Au     5.769452907439    -8.158264293866     7.046625941022
Au     6.215944730623    -5.472019359857     6.676026018453
Au     3.379061045396   -10.730731538859     5.353896598374
Au     4.062393761609    -7.982067586648     4.685444994808
Au     4.598614581086    -5.304764529229     4.293798212239
Au     1.932038307298   -10.828969679302     2.920469573652
Au     2.650579631789    -7.922335197805     2.256892009360
Au     3.183578261857    -5.258855789739     1.997072060487
Au     7.652392810508   -10.154276260306     7.195191095602
Au     8.310298717600    -6.873032588979     6.723658990274
Au     6.177096651835    -9.797810538798     5.101432994444
Au     6.856619211521    -7.280242542544     4.292154427885
Au     4.533394203214    -9.741877328200     2.746606226214
Au     5.186481644111    -7.008733365278     2.387295358760
Au    -2.342553147315   -10.179895344102     1.285503777098
Au    -1.666766223819    -7.295680142254     0.996246557754
Au    -1.444826483809    -4.742389241699     0.318379927004
Au    -5.332406218383    -9.758308743811     2.014083708322
Au    -4.591584809760    -6.902481843530     1.650557167276
Au    -4.074536546400    -4.099145851054     1.039571029474
Au    -7.773313480056    -9.275880829598     2.708204898656
Au    -7.483455525279    -6.103552192015     2.197345185703
Au    -6.661830551093    -3.254902077855     1.967059356227
Au   -10.153640963219    -8.317398922895     3.503477900312
Au   -10.090012056330    -5.572131486385     2.773164963267
Au    -9.338413165950    -2.702174242874     2.810424481164
Au    -4.045376866968    -8.901395113797    -0.246494027700
Au    -3.589894735458    -6.271171222212    -0.658830760719
Au    -6.719031431830    -8.117210434794     0.542509418767
Au    -6.223326352018    -5.326207819443    -0.055309733951
Au    -9.317622802426    -7.133110695525     0.782862582541
Au    -8.763702696638    -4.490672768124     0.500354213369
Au   -12.355532867389    -7.547908065331     7.482650310862
Au   -11.771556488909    -4.725408690718     7.217885046276
Au   -11.241716473285    -2.130842425275     7.053159323941
