         216
 AuNiAgCu    E (eV) =  -774.224915       T (K) =   550.000000       time (ns) =  0.140000001    
Au     3.196200199828     1.235735427293    15.309617447500
Au     2.755734284260    -0.061313547887    13.090901769189
Au     2.702699594135    -1.593170142569    10.544422078473
Au     2.354249824676    -3.126463521653     7.931660320422
Au     2.195766230077    -4.652527690083     5.290537464402
Au     1.475178590146    -5.978717816159     3.077741457454
Au     1.010399747792    -7.286258343050     0.483465664711
Au     0.540550541260    -8.289137062779    -2.015904829670
Au     9.529816399831     3.768686815257     6.133819251539
Au     9.175935873122     2.613857118247     3.544493441044
Au     9.011228955658     1.000299355674     1.133957608851
Au     8.164323605388    -0.511361659390    -0.873069132144
Au    -1.676082255178     6.259730479097     6.430904396053
Au    -1.998300499813     5.077187241016     4.091180108788
Au    -2.498677802433     3.806745340741     1.349762041850
Au    -2.673849235107     2.252782116007    -1.055679607720
Au    -6.887162384033    -1.775993402488    11.727139400467
Au    -7.482433193324    -3.383836898902     9.538250158541
Au    -7.897284287449    -4.745281000067     7.002139927367
Au    -8.123213988258    -5.995442707314     4.436947603010
Au     5.132693111657    -0.124136540251    14.461829009148
Au     4.682308894470    -1.992573443386    12.429910015531
Au     4.567247644213    -3.470428055792     9.573343677690
Au     4.299692689659    -4.885408399468     7.114961522913
Au     4.295000787725    -6.581428444290     4.825913805649
Au     3.471149050088    -7.774042838868     2.583146457871
Au     2.752784125801    -9.273711189851    -0.520658227088
Au     2.738995751435    -1.520548588335    15.430470868484
Au     2.473597877972    -3.177113849037    12.731155520233
Au     2.097810713078    -4.484263502513    10.362102543265
Au     1.565503858114    -5.633432050282     7.882292813484
Au     1.059163019771    -7.045533047985     5.557390233150
Au     1.026745288673    -8.763342721384     3.348870304917
Au     0.225077618048    -9.953477061089     0.114017998567
Au     0.756559203971     0.431843048430    14.919206108205
Au     0.518355919779    -1.305302838481    11.920892547887
Au     0.261079957358    -2.478685630055     9.349083716240
Au    -0.272433812689    -3.842751226763     6.881740754451
Au    -0.914320112140    -5.176827617186     4.620392513583
Au    -1.370753914768    -6.773151927532     2.036767399061
Au    -1.617119720749    -7.718240822858    -0.326643029551
Au     2.142605155788     3.053134065759    13.099987036743
Au     1.592134195752     1.057256303577    10.925798259064
Au     1.464763278346    -0.199509883312     8.404754733975
Au     1.290283996630    -1.707166447425     5.872102465676
Au     0.852453772356    -3.121128347024     3.429907094572
Au     0.249500595881    -4.632000171649     0.580787540570
Au    -0.399555325848    -5.843040010891    -2.054778071817
Au     4.558349634700     2.333513246003    13.210614537549
Au     4.475922274767     0.799874560353    10.779973516844
Au     4.386699598033    -0.711693195642     8.276698571036
Au     3.918154538801    -2.402507957472     5.859905791980
Au     3.523629714658    -3.705899319922     3.192291209345
Au     2.981121294685    -5.300133649085     0.759120438263
Au     2.515180254561    -6.628279411564    -1.724861057206
Au    -1.445941964310    -0.689553301564    13.804176753309
Au    -2.181711192754    -1.934507248293    11.081975975987
Au    -2.399189678007    -3.338407094247     8.599619309471
Au    -3.048607733208    -4.601581456223     6.207467271745
Au    -3.502252334667    -5.964806258877     3.700839667960
Au    -3.874025071106    -7.467326663791     1.192303020615
Au     0.675232204756     3.639100469787    10.819969141266
Au     0.494975003431     2.466105118302     8.342987324774
Au     0.034571631101     1.018504809636     5.592846036877
Au    -0.031003725083    -0.594955516321     3.600200519124
Au    -0.426249735322    -1.827584603812     1.113558910460
Au    -0.668169000822    -3.366722010451    -1.638359819304
Au     6.539748394782     2.568857669965    10.806270728995
Au     6.300191755544     1.352206225571     8.344111075814
Au     5.970753893673    -0.379201680657     6.024434864048
Au     5.555468013970    -1.963028350665     3.640651277595
Au     5.005134869305    -3.338010777356     0.928553603212
Au     4.677067985426    -4.931203808717    -1.321031910545
Au    -4.279091268720    -1.285523703833    12.625758259218
Au    -4.794895707959    -2.387584813933    10.232701993950
Au    -5.206664563227    -3.893323237603     7.839401216789
Au    -5.631250438876    -5.505167646750     5.379323416184
Au    -6.091346468659    -6.996097097319     3.202645775040
Au    -0.288070279019     5.016923390817     8.539753431127
Au    -0.582337737855     3.778138920540     6.101858485923
Au    -1.111230735423     2.422085199618     3.579592365647
Au    -1.505628691837     1.127507001715     1.336569427686
Au    -1.432160487612    -0.504672494336    -1.039059708261
Au     8.219247519722     3.280666097502     8.404733511838
Au     8.066167777929     1.593525354180     5.932374792930
Au     7.592399958266     0.155362115232     3.607394636545
Au     6.852282244806    -1.118201013400     1.345393664377
Au     6.614524008353    -2.686735514891    -1.141431402750
Au    -5.120918913931    -3.789511039143    12.638886853619
Au    -5.587884798210    -4.970740671727    10.376584068446
Au    -5.842044369267    -6.706754273894     7.984006011795
Au    -5.972513746144    -8.376248822731     5.432465083647
Au    -3.068391637057     4.206994421805     7.769456739467
Au    -3.427938220957     3.012149316320     5.275939374550
Au    -3.779384484327     1.723637182200     2.657597295168
Au    -3.845130212704     0.184638272563     0.416134423549
Au     6.752000020533     4.512886399988     6.272239356271
Au     6.656216465944     3.149172354585     3.624180816528
Au     6.141108968643     1.726819893417     1.257031229610
Au     5.613576778919     0.103132968099    -0.937518901050
Au    -4.272518634426     2.257204900874     9.010520074280
Au    -4.582848371190     0.646055805896     6.666030715307
Au    -5.183957513536    -0.789398194142     3.922182805343
Au    -5.701495303676    -2.165869744086     1.336368584136
Au     3.857630896499     5.422049268800     6.214016401974
Au     3.839445722047     3.817437705607     3.895010368152
Au     3.434787372226     2.352154822531     1.595071231216
Au     3.008029254759     0.955473637956    -1.014418805883
Au     9.700556813689     1.190594109418     8.071162279130
Au     9.659100399211    -0.675622355244     5.424463341118
Au     9.414101175554    -2.201820075077     3.070582600124
Au     8.844160257243    -2.942372234999     0.473690632636
Au    -5.475907851917     0.365029751610    10.735374646798
Au    -6.094950725711    -1.323115188765     8.034564713843
Au    -6.518041718182    -2.954601085267     5.403347686231
Au    -6.749765146528    -4.189726841606     2.887747912771
Au     1.351204086309     6.146089191661     6.427058822094
Au     0.893157847784     4.406352746517     4.007538062773
Au     0.375139524718     3.264243299117     1.385210740204
Au     0.087072574952     1.877081014464    -0.899566152614
Au    -2.165186707903    -3.270301965935    13.563894847346
Au    -2.700793581722    -4.446590313772    11.342148747343
Au    -2.983368493401    -6.011744589912     9.018496665375
Au    -3.654681613326    -7.466337885484     6.435788887463
Au    -3.868475835643    -8.923448974551     3.405454884139
Au    -1.959250159204     3.177641855422    10.018404916030
Au    -1.940776658666     1.757597998448     7.164811225098
Au    -2.656648148524     0.270745527519     4.885645370552
Au    -2.780800812557    -1.157440318919     2.568780581599
Au    -2.968070839359    -2.606718338341     0.180168768829
Au     5.447565858179     3.957363061067     8.583753291000
Au     4.987714583270     2.492529217848     6.136500436406
Au     4.641960895575     0.840069697875     3.935990434273
Au     4.261855636789    -0.342570586595     1.270694416391
Au     3.853219199568    -1.952216494592    -1.047698755162
Au     8.168102523928     0.534648963785    10.211481264495
Au     7.812786096375    -0.726540635636     7.843502521217
Au     7.822729670848    -2.510420251048     4.990408000048
Au     7.531535680533    -3.764652220689     2.554930418260
Au     6.919025646070    -5.315787192653    -0.166099585893
Au    -2.870554983935     0.727952923621    11.529429001006
Au    -3.275366234435    -0.626696854530     8.790096517371
Au    -3.762966007694    -1.815177546299     6.243912382134
Au    -4.246572188765    -3.203806309551     3.671861745418
Au    -4.578453304270    -4.761761502630     1.281679501664
Au     2.653315365097     4.667553941477     8.582062702314
Au     2.184343041394     3.202119126020     6.237382971966
Au     1.897364322483     1.758458338505     3.738421003184
Au     1.409375758234     0.412186707532     1.118735315115
Au     1.207924854819    -1.169090009717    -1.440049125597
Au     6.562900343669    -0.253484098299    12.185622848613
Au     6.202802960479    -1.536464170262     9.972801621064
Au     6.221516599449    -2.799252164278     7.424022475395
Au     5.623960258455    -4.327315087458     4.792393858823
Au     5.250603793284    -5.706257703316     2.170459321437
Au     4.612153607725    -7.273307196714    -0.028812842407
Au     0.399335784203    -2.450783192727    14.465900255733
Au     0.011940983432    -3.975569857853    12.208638795669
Au    -0.441161967815    -5.372649278718     9.738822305631
Au    -1.116970517646    -6.463567353533     7.175140843809
Au    -1.549186899909    -7.903127302594     4.622523875883
Au    -1.355705778127    -9.411746846293     2.058581263466
Au    -0.417078530078     1.451957566096    12.563996789070
Au    -0.854876436591     0.265757081574     9.794874184197
Au    -1.304060806806    -0.986883522388     6.991511599072
Au    -1.652919088587    -2.629596812530     4.684462473970
Au    -1.784198365744    -3.840649533645     2.300070727472
Au    -2.529795683816    -5.157653027088    -0.561980448089
Au     3.952076676053     3.620557388974    10.861314775981
Au     3.254030677873     1.860008891837     8.636322077573
Au     2.931132778051     0.385157283357     6.238717706271
Au     2.568716762651    -1.118491756806     3.322129599195
Au     2.200738594273    -2.448882332317     0.869326321496
Au     1.836734123496    -3.782165284154    -1.495640559238
Au    10.594162062299    -0.868991090614     0.722600157212
Au    10.770704984111     0.427612835189     3.115152356180
Au    11.085031549882     1.598792358706     5.693894351759
Au     7.482023941430     2.208741022997    -0.997258294756
Au     8.517084332530     3.825456828020     0.964471881939
Au     8.357152989197     5.170884397602     3.328031020650
Au     4.842560265728     3.018153354805    -1.148702257622
Au     5.489390833200     4.301732338533     1.306977474128
Au     5.683061509269     5.895554741987     3.902533465948
Au     2.338746852716     3.539819205325    -0.511899147613
Au     2.519264249867     4.877829860447     1.947967390406
Au     2.840906853388     6.732847139481     3.957436828884
Au    -0.690982323792     4.567952044152    -0.771714399941
Au    -0.565436070363     5.989303181437     1.702277710283
Au    -0.203958565149     6.991731338089     4.201086744682
Au     6.741373971352     4.978359374458    -0.890654560714
Au     7.048217774266     6.350617595232     1.537374384647
Au     3.707377756336     5.600651581038    -0.481692441871
Au     4.633421132548     7.138665463278     1.723940791242
Au     1.272580953742     6.239445206646    -0.200396232680
Au     1.754790584917     7.602278171447     1.736092681029
Au    -4.776599427683     2.727510285529     0.231645854007
Au    -4.542386646221     4.520661541734     2.807455322707
Au    -4.283469875409     5.769929226775     5.783999062020
Au    -6.354456109059     0.862165575130     1.422165770247
Au    -5.729495477055     2.048699956774     4.338739985830
Au    -5.768593529896     3.759713232578     7.002044685182
Au    -7.623924300065    -1.627538613938     3.306565510064
Au    -7.100902855430    -0.413370658177     5.780766887490
Au    -6.723474281622     1.530510472457     7.923904086009
Au    -9.165743817298    -3.390816989970     4.794950177993
Au    -8.895611692224    -2.157590873499     7.081544392191
Au    -8.248457654129    -0.797409272980     9.542748673976
Au    -6.918356417299     3.116719136058     2.118325403540
Au    -6.603799272183     4.619951610669     4.652376389198
Au    -8.136159931908     0.940151708928     3.572616420575
Au    -7.941237671336     2.567281431014     5.871470545160
Au    -9.629892596524    -0.844714294640     4.957459479106
Au    -9.125899552696     0.684389113689     7.424755880432
Au    -7.963426719522    -7.371006226186     6.728330386577
Au    -7.698907646090    -6.139784316482     9.695018812537
Au    -7.676370095866    -4.274902331270    12.073301335308
