         216
 AuNiAgCu    E (eV) =  -773.202271       T (K) =   550.000000       time (ns) =  0.670000017    
Au    -3.639904697170     1.587037147166    13.315215573014
Au    -4.126638605713    -1.019634080596    12.987755174511
Au    -5.450131416473    -3.475070868049    12.612261026418
Au    -6.282031161095    -6.528296698503    12.490922368111
Au    -7.231475957394    -9.115997088436    12.174489348750
Au    -7.952666481366   -11.948555273776    12.105301535248
Au    -8.631677973397   -14.952250457246    11.750682507574
Au    -9.523033028603   -17.574765213798    11.564482145919
Au     3.210297866914    -6.756192547547    16.146534444168
Au     3.130210480060    -9.429252414194    15.960873825423
Au     2.048765596738   -12.174172974816    15.400112490727
Au     1.110079745134   -14.707893480653    15.334165455418
Au     1.010643677991    -5.102553864050     5.642925186813
Au     0.259456483364    -7.542874978238     4.974351146539
Au    -0.806099823856   -10.325651177982     4.751448974847
Au    -1.449903807123   -12.757222008806     4.087156354881
Au    -9.510815788840    -1.562326167142     4.400543862315
Au   -10.708066367144    -3.837651167153     3.734679063449
Au   -11.269710159211    -6.897177777605     3.923033202916
Au   -12.240665237735    -9.384251252026     3.868667017873
Au    -3.983127448164     0.061712819487    15.463388019831
Au    -5.218833571782    -2.390619424959    15.405698762104
Au    -6.142157481219    -4.832534946066    15.139932368937
Au    -6.951542161734    -7.771154806179    14.777599310736
Au    -7.772032045520   -10.458418575582    14.586204340290
Au    -8.364632118884   -13.582273555022    14.088345585552
Au    -9.861630709946   -15.783134190171    14.007891747551
Au    -6.289146314674     0.586342164055    13.566304540167
Au    -7.355719736727    -1.840736179314    13.722971232855
Au    -8.377142820913    -4.311437834048    13.479623163411
Au    -8.875355450665    -7.043105420133    13.057410208102
Au    -9.909051940034    -9.820977050974    12.558764031973
Au   -10.586835971802   -12.611264497471    12.170422617257
Au   -11.261105728828   -15.083357467012    11.721221424594
Au    -5.096656400371     1.217554949582    11.218384361714
Au    -5.805453289550    -1.297480274483    10.616587972013
Au    -6.806282055301    -4.763752495223    10.605584824141
Au    -7.974178294537    -7.267248252993    10.160217328405
Au    -8.867797750551   -10.051513189581    10.021973258156
Au    -9.576733393692   -13.004019453218     9.685641579059
Au   -10.279077282860   -15.956506988675     9.304669164334
Au    -1.936204437205     0.257672968573    11.408649135221
Au    -3.216083003001    -2.593592488072    10.964281960597
Au    -4.175367449516    -5.298836604813    10.815335566190
Au    -4.932301595448    -8.121938712663    10.609625181090
Au    -6.053029301660   -10.904477268753     9.877975029938
Au    -6.973167200532   -13.758771942511    10.107212799772
Au    -7.775480829831   -16.470035163746     9.341935590380
Au    -1.677163242261    -0.311493889232    14.068922526081
Au    -2.650733152778    -2.931590754502    13.882647510231
Au    -3.757017066913    -5.672840660464    13.687360605346
Au    -4.570067100231    -8.601959855181    13.512044262025
Au    -5.404475500429   -11.171614388528    13.106414600856
Au    -6.012061540442   -14.210735643780    12.631882703665
Au    -6.771341141038   -17.085150219367    11.725944886091
Au    -6.839329976885     0.433997392707     8.819057192858
Au    -7.550975284778    -2.566201826705     8.922939962825
Au    -8.285014338819    -5.148293415520     8.262209087416
Au    -9.426080813767    -7.985924727029     8.058399939519
Au   -10.195786104572   -10.889295260767     7.652922225283
Au   -10.799940742413   -13.883813966223     7.458651259745
Au    -1.062900889127    -1.595697038583     9.591646034502
Au    -1.812732475573    -4.044560910186     9.133431209339
Au    -2.957917031621    -7.021923362164     8.907901186265
Au    -4.046530706417    -9.903345563844     8.583174909282
Au    -4.596426521605   -12.667944654818     8.203015924634
Au    -5.415869961864   -15.127914860394     7.884174409189
Au    -0.170414908203    -2.524082519011    14.879618089882
Au    -1.063781871951    -5.022478299187    14.596168202553
Au    -1.782085007432    -7.742094886550    14.253648337520
Au    -2.447233586761   -10.284053600872    14.525453545283
Au    -3.583557780655   -13.132611548118    13.530636940990
Au    -4.199698823592   -16.123394222546    13.222028863376
Au    -8.428984350149    -0.478877040677     6.860562590138
Au    -9.111285987876    -3.056575614323     6.497766317933
Au   -10.063360715976    -5.890190725944     6.064358094653
Au   -10.478542499418    -8.894157138710     5.959921190754
Au   -11.593613652539   -11.674439018296     5.681877110232
Au    -0.001879516356    -3.144403026711     7.541935483332
Au    -0.905921882924    -5.965837454165     7.300365121623
Au    -2.121819401652    -8.881728083221     6.759695046608
Au    -2.802282701941   -11.663131878143     6.329840788986
Au    -3.784979591726   -14.179657250422     5.959347721186
Au     1.608318846656    -4.589228705068    15.693855102381
Au     0.648734618980    -6.970716324178    15.519894197601
Au     0.248573151782    -9.573617235423    15.537019951492
Au    -0.726497854138   -12.431369748529    14.925912619486
Au    -1.643805016194   -14.901732388984    14.368917383309
Au   -11.131753934447    -1.436223154925     7.041519656029
Au   -11.699692328363    -4.058105213613     6.986111066946
Au   -12.515726589868    -6.975549944430     6.662101538584
Au   -13.295036904956    -9.661049502691     6.338394362791
Au    -1.436919351811    -3.763549624947     5.463841564956
Au    -2.536638355789    -6.873667002378     4.908710968401
Au    -3.378672927880    -9.599397513669     4.674836807857
Au    -4.630749142469   -12.516197194037     4.083406179074
Au     3.218963897354    -6.131577560634    13.523828758247
Au     2.081738805163    -8.807962390691    13.348817922983
Au     1.283274725462   -11.518920908312    12.669963987181
Au     0.393597265912   -14.170615937259    12.694181198319
Au    -4.147533825854    -3.113688938886     4.964311772437
Au    -5.314154641442    -5.814726574998     4.745899784569
Au    -5.904172032245    -8.704532330272     4.027855217255
Au    -7.176408811535   -11.534231678092     3.706760911614
Au     2.019222317999    -5.904324406019    10.998679619167
Au     1.301116039897    -8.611489634071    10.372225095664
Au     0.579384613652   -11.523628302393    10.125088037733
Au    -0.481881787875   -13.887558123854     9.973407435833
Au     0.743799204778    -6.000166937842    18.097274178711
Au    -0.531161684862    -8.550247487005    17.944828895695
Au    -1.404395288220   -11.537421186744    17.651525107266
Au    -2.209032912114   -14.159797186650    16.897073162799
Au    -6.845868418250    -1.949258329661     4.399545412561
Au    -8.331971149097    -4.844624128525     4.276934466483
Au    -8.849791673371    -8.018041484399     4.035123611345
Au    -9.955241068728   -10.491896322130     3.563103534675
Au     1.774191845808    -5.822955842855     8.354151261719
Au     0.695670136246    -8.433612527413     7.561584248062
Au    -0.232588575334   -11.036455681019     7.545024463239
Au    -1.126785002484   -13.599589966624     7.100668509352
Au    -9.433917848403    -0.668642860454     9.505345416541
Au   -10.155084444170    -3.293857566978     9.026050467142
Au   -11.216634941412    -5.783288121809     8.769396778122
Au   -12.133115626592    -9.153273775805     8.607413926678
Au   -13.061652632980   -11.779717010316     8.054648157031
Au    -3.026342173936    -2.235303782834     7.336604625210
Au    -3.439898182420    -5.120962075908     6.841954921732
Au    -4.682308174802    -7.982994472534     6.466480215977
Au    -5.633077852564   -10.818571225948     5.991174889060
Au    -6.379391277251   -13.584449421038     5.726846381085
Au     1.336983378875    -4.204283149021    12.934538852655
Au     0.222042051247    -6.878077649106    12.732117031808
Au    -0.434245320080    -9.483056682927    12.391511563243
Au    -1.419296806638   -12.017979789582    12.116853377978
Au    -2.469207226646   -14.849323296586    11.648273872769
Au    -0.813728310130    -4.176634998250    17.107683884695
Au    -1.938484035485    -6.666952769965    17.093143947346
Au    -3.000193609348    -9.586704644057    17.352804681778
Au    -3.664604970607   -12.057699042955    16.177930452443
Au    -4.361433817012   -14.702825603815    15.619143761886
Au    -5.527657368022    -1.437127630218     7.284625604097
Au    -6.129877990948    -4.083665119559     6.687559560269
Au    -7.351855626386    -6.972841214450     6.200473846631
Au    -8.073785661619    -9.958603191639     5.892398329620
Au    -9.016686057610   -12.588608540139     5.535156191301
Au     0.838292646395    -3.836739336741    10.010980794682
Au    -0.527467189529    -6.463433883078     9.960983820440
Au    -1.342577376498    -9.237797939093     9.671566567176
Au    -2.112321953349   -11.847092039919     9.367348450431
Au    -2.979673604500   -14.495148112710     9.013623070866
Au    -2.495079193254    -1.839046277013    16.257301295275
Au    -3.417713861238    -4.443518991497    16.063242363045
Au    -4.393831263636    -7.382496037540    15.980941897443
Au    -5.235050965774    -9.873243440022    15.672173629660
Au    -6.159818150369   -12.628672833143    15.392778031428
Au    -7.162168907797   -16.027740058091    14.240618132344
Au    -8.154735235981     0.318974532483    11.683671099827
Au    -8.566728883056    -2.444784616481    11.396665689434
Au    -9.671944496982    -4.929384348151    11.088932051318
Au   -10.793260540968    -7.823216353059    10.980203990914
Au   -11.381417044867   -11.051582421531    10.349268014535
Au   -12.467330702397   -13.793017882835     9.727958646164
Au    -3.661667688785    -0.441092523034     9.288104793736
Au    -4.713882338651    -3.663962897865     8.931397630375
Au    -5.681497599939    -6.198394744695     8.615343573133
Au    -6.869687234193    -8.949258980047     8.189101959292
Au    -7.431026107474   -12.069051293115     7.995273420911
Au    -8.363853192062   -14.444264158783     7.611388474175
Au    -0.565917397614    -1.974664020060    12.132757260540
Au    -1.365893156626    -4.659430688608    11.851937132300
Au    -2.472381966140    -7.402587920374    11.602502114610
Au    -3.227854658144   -10.191279431651    11.509858461380
Au    -4.196059465950   -12.988746794156    10.977741692057
Au    -4.909283128003   -15.708067642459    10.432091935318
Au     0.419814477269   -13.325462502437    17.271223349286
Au     1.309246064743   -10.854404031753    17.669777398430
Au     2.166612021752    -8.205895222351    18.018437772838
Au     3.076802484361   -13.534045131585    13.413842374166
Au     3.833662969624   -10.852036844227    13.803602961846
Au     4.872302330545    -8.136697525791    14.027471222830
Au     2.245190598739   -13.757609260001    10.724088257689
Au     3.255791809623   -10.464365719643    10.999666341484
Au     4.020862766643    -8.023251390150    11.674941402581
Au     1.377399731811   -13.273984966892     7.881706822262
Au     2.408787491427   -10.445671566567     8.385702274596
Au     3.782433218842    -8.028720293538     8.893508915315
Au     0.900606081060   -12.919465341190     5.340225269500
Au     1.837414211557    -9.783425110644     5.427531877336
Au     2.950402481472    -7.245061494668     6.254037188442
Au     4.750576624059   -12.746265498860    11.523221358381
Au     5.749400261252   -10.119495947859    12.351502571994
Au     3.785845690763   -12.690722964252     8.852843522888
Au     5.100026547498   -10.287254319368     9.052204009194
Au     3.302672050518   -12.023898542307     6.396335477376
Au     4.336866108328    -9.436571500587     6.698966039092
Au    -2.232301263841   -10.948717987760     2.239913573706
Au    -1.362494743193    -8.316245998419     2.889616632739
Au    -0.594042741836    -5.535170790506     3.684866182014
Au    -4.931895868647   -10.506503492513     2.345490719482
Au    -3.990999716417    -7.492832189422     2.572340774794
Au    -3.277996859227    -4.986623031037     3.235676842156
Au    -7.869201076021    -9.672599583440     2.108996325291
Au    -7.076807318330    -6.471629765208     2.533501870127
Au    -5.871592197435    -3.917306026267     2.931459936721
Au   -10.723704261956    -8.338368398092     1.892018645542
Au    -9.842542225849    -5.596344683645     1.835915290612
Au    -8.429130995411    -3.045001592860     2.319233435327
Au    -3.218450708925    -8.857852323797     0.728349708898
Au    -2.074057609023    -6.190769986503     1.101970767333
Au    -5.810809029677    -8.163406795367     0.798363203748
Au    -4.931362805313    -5.580362968331     1.021735281962
Au    -8.417725631862    -7.636784111186     0.443704286876
Au    -7.598880482704    -4.869395263008     0.564040781496
Au   -13.961749946980    -7.562849620944     4.619983335590
Au   -12.989175102844    -5.097900380972     4.511639902879
Au   -12.061656423019    -2.011462629878     4.897619981932
