         216
 AuNiAgCu    E (eV) =  -775.300171       T (K) =   550.000000       time (ns) =  0.209999993    
Au    -2.735500877753     2.275602767627    14.586448735404
Au    -2.201501279993     0.329737499493    12.677169692473
Au    -1.716868545623    -1.825890162220    10.767444550863
Au    -1.236609657769    -3.782130259457     8.626529146175
Au    -0.744324594352    -5.951862853679     6.895118945443
Au    -0.382985567455    -7.701063276809     4.598238346821
Au    -0.209545707021    -9.881866154116     2.395418126029
Au     0.396950836681   -11.711341177844     0.385207159427
Au     5.876067577416     3.623258956316     6.971924314637
Au     6.225172926702     1.603957039847     5.128278546741
Au     6.711111324233    -0.392935488875     3.373505910159
Au     7.414751044866    -2.369221799878     1.203968549169
Au    -4.809336093903     4.323123771841     3.293689840223
Au    -4.417380114914     2.394805805021     1.398313609086
Au    -3.943680149106     0.684883155737    -0.890003341198
Au    -3.486698932346    -1.323246895260    -2.666463060085
Au   -11.101423678914    -3.044086770358     9.700644448462
Au   -10.937123258353    -4.662811189814     7.747949725362
Au   -10.481570710340    -6.615256270672     5.822388183978
Au    -9.949880650790    -8.866235603625     3.819438559172
Au    -0.698871080695     0.561097064466    14.634774525243
Au     0.001415084385    -1.853479635820    12.889079027577
Au     0.761908355215    -3.375190327333    10.868759163218
Au     1.319274523498    -5.065342584292     8.910481459998
Au     1.407991369812    -7.696474981238     6.528611662700
Au     1.776335823570    -9.670181395118     4.664776379882
Au     2.299739110450   -11.086771353174     2.499818918393
Au    -3.511920466765    -0.379902208230    15.174613883405
Au    -2.711804363950    -2.351524989154    13.593469207319
Au    -2.170014163043    -4.551167557252    11.164101769767
Au    -1.804887267838    -6.508114469168     9.425998376512
Au    -1.233121045915    -8.647400410651     7.288274737261
Au    -0.917026997081   -10.438493426786     5.062967730903
Au    -0.528098164815   -12.377893421718     3.008295671616
Au    -5.179467025773     0.872793936711    13.587151842682
Au    -4.464085935559    -1.104796239384    11.881577963331
Au    -3.763967946614    -3.124887430111     9.456336890104
Au    -3.579077318548    -5.134791905009     7.677529446163
Au    -2.907235391229    -6.912011793033     5.424819243610
Au    -2.667072213909    -9.044356336373     3.251995806522
Au    -2.318034317456   -11.095497807291     1.187288683907
Au    -3.347080484915     2.782426008485    12.058177854759
Au    -2.970016652571     0.798517409486    10.065652326486
Au    -2.177762728134    -1.257960007423     7.884625287022
Au    -1.414830130902    -3.237642544524     5.889186963578
Au    -1.346454332237    -5.195687918026     3.633251779318
Au    -0.970121231029    -7.193279478613     1.658976953172
Au    -0.417409814327    -9.080097302600    -0.417833897510
Au    -0.612630056259     2.742742524867    12.876390972834
Au    -0.193785506279     0.720670101108    11.076086905550
Au     0.293971265512    -1.323839331776     8.932805166971
Au     1.189245988864    -3.316286277869     6.739649560831
Au     1.346533016017    -5.495027800527     4.855806885835
Au     1.675334075918    -7.529528024011     2.674760881942
Au     2.125691830821    -9.209712521845     0.452425179983
Au    -7.155807311160    -0.225458508226    12.294120644203
Au    -6.339143003507    -2.321828943773    10.361977710894
Au    -6.097475229612    -4.242243643067     8.252506737274
Au    -5.464491153747    -6.359985099958     6.125902600282
Au    -5.551665127935    -8.440977859130     4.181704143446
Au    -4.886906927610   -10.393923668176     2.016593381529
Au    -4.253625811827     3.175211434541     9.299717834716
Au    -3.290928335487     1.399299522190     7.155542333076
Au    -2.862626036390    -0.821879311132     5.027633900200
Au    -2.332816606299    -2.640829293559     2.974704558748
Au    -1.888625943179    -4.700117899467     0.990108454413
Au    -1.829621317407    -6.574695986024    -1.058212796472
Au     1.385179153165     2.973378522771    10.799991616119
Au     2.177673937238     1.080369456688     9.290503700562
Au     2.584552043920    -1.251497847401     6.888910688924
Au     3.347634268580    -3.160234985539     4.822396499887
Au     3.485147127198    -5.147517817417     2.694057945393
Au     3.590014076896    -7.001443261067     0.604952186738
Au    -9.278405195373    -1.257256028928    10.663421594865
Au    -8.591728638775    -3.320640420445     9.049234748836
Au    -8.258076985755    -5.464390583911     7.178501070679
Au    -7.905406393656    -7.691028384123     5.117699258805
Au    -7.567144048894    -9.667785035392     2.811706408722
Au    -4.400266071766     3.591291481209     6.158093264670
Au    -3.756113083311     1.852814880585     4.114327949824
Au    -3.188752294102     0.088552848701     2.162554498852
Au    -2.755669250901    -2.117887919580     0.036770107896
Au    -2.817777428272    -4.054183351135    -1.829732808650
Au     3.641560493468     3.389687993980     8.815689717680
Au     4.273200599734     1.235574591792     7.098612900019
Au     4.886890019294    -0.894904531365     5.515135813082
Au     5.434742526514    -2.919029145626     3.063827919691
Au     5.910762920836    -4.716615807270     1.109995660488
Au    -9.525172327999    -4.104155753923    11.561525028647
Au    -9.295850535200    -6.385572795613     9.809787158891
Au    -8.575627912613    -8.167500995553     7.553316118882
Au    -8.133959640258   -10.434980673591     5.726316064263
Au    -6.664876180408     2.302172292386     4.783476051725
Au    -5.970574689989     0.597517426896     2.980559163188
Au    -5.431335200481    -1.241131308670     0.808226547543
Au    -5.146280651102    -3.212331345521    -1.181311365169
Au     3.056165840889     3.812520192496     6.167548957125
Au     3.763799535332     1.643404347957     4.416433964453
Au     4.034289651874    -0.398012100878     2.161487402386
Au     4.833084709064    -2.185865163860     0.446747256445
Au    -8.049911444705     0.593813474940     6.447862136189
Au    -7.698463387455    -1.274377139957     4.508300228219
Au    -7.177110455951    -3.304608411501     2.589738607046
Au    -6.705652790799    -5.183604817428     0.666036024855
Au     0.420927043061     3.812581044427     5.548987500025
Au     0.792680704762     1.968081598463     3.450259071064
Au     1.452922942958    -0.010528530080     1.632312570569
Au     2.012021656665    -1.990069647363    -0.361616337863
Au     5.816551288147     1.548081022175     9.375823943128
Au     6.593422944747    -0.712979752786     7.710025490102
Au     6.937764271944    -2.619974434787     5.639797938769
Au     7.484754685344    -4.726925065291     3.344740657677
Au    -9.912348911598    -0.742315609130     8.156472863704
Au    -9.510479766289    -2.719657216199     6.317089788881
Au    -8.900623164786    -5.133534972259     4.312892167581
Au    -8.502300111461    -7.097367241372     2.206385573550
Au    -2.390027171793     4.232599470659     4.404675311100
Au    -1.824345843592     2.337217078788     2.204265651973
Au    -1.315856464212     0.346741877437    -0.065164509734
Au    -0.885996980622    -1.604416132730    -1.992279275918
Au    -7.481266803744    -2.861229584333    12.815066342099
Au    -7.102572811229    -5.292555966194    10.882541764170
Au    -6.427923078855    -6.988046410082     8.782310338073
Au    -6.135995067848    -9.129936250393     6.858142022375
Au    -5.354076468301   -11.095159502086     4.518064081839
Au    -6.023639821431     1.799546923303     7.928366204849
Au    -5.278840237033     0.155816043262     5.831708972722
Au    -5.145544026931    -2.048294674816     4.034680685921
Au    -4.488820911473    -3.663484497829     1.547795544399
Au    -4.268696756204    -5.705606532094    -0.159586068918
Au     1.187871890801     3.699288261061     8.091896367378
Au     1.562017572251     1.474926202940     6.431964225418
Au     2.058915521024    -0.370128712496     4.389519459246
Au     2.693153288691    -2.609644444875     2.187815271414
Au     2.983267813937    -4.399647257475    -0.212810223645
Au     3.967829860276     1.181228745633    11.311623044135
Au     4.374814211211    -0.783514858308     9.187485245712
Au     4.961667281913    -3.143241256821     7.234083064555
Au     5.275752497319    -4.862652918292     5.002871650334
Au     5.594499211323    -6.917900263938     2.803061450193
Au    -7.591577503353     0.095106894344     9.320104615911
Au    -7.187926819947    -1.849351370470     7.554263424418
Au    -6.575861071690    -3.967770198328     5.458849204734
Au    -6.240464821544    -5.661310584151     3.462177896860
Au    -5.936647858122    -7.626658303569     1.442976193623
Au    -1.774756999211     3.651213243059     7.566240126517
Au    -1.166981897776     1.586582352308     5.221998970866
Au    -0.687705169254    -0.285550086734     3.166329966512
Au    -0.169120981222    -2.220274531334     1.145505367112
Au    -0.222708672519    -3.986376631172    -0.874068074977
Au     1.725795714983     1.261133683094    12.887326592088
Au     1.847722499588    -1.074580414254    11.175113591101
Au     2.898989620268    -3.013968240322     9.133226379831
Au     3.285766307172    -5.294549805236     6.839689909503
Au     3.433231418283    -7.294710867710     4.674674883935
Au     3.801363913651    -9.003046341252     2.742695230218
Au    -5.434570521194    -1.831208895848    14.269772277413
Au    -5.106972104334    -3.911729109800    12.300078549362
Au    -4.414303236287    -5.681389031027    10.236352711834
Au    -3.750363360352    -7.925711749100     8.053993247905
Au    -3.578328261336    -9.574196579861     5.908277491053
Au    -3.087170156204   -11.850282406472     3.810158582576
Au    -5.456787652013     1.361620263654    10.877796544098
Au    -4.956842068503    -0.479501227806     8.893483981428
Au    -4.400532450093    -2.301873518582     6.738156119323
Au    -3.832552000719    -4.288466782522     4.836703073678
Au    -3.745418758765    -6.261918720100     2.685555519263
Au    -3.260695670402    -8.420256594036     0.727509223769
Au    -1.456105283513     2.909902608818    10.250639776642
Au    -0.832236259907     1.223885637555     8.290221125617
Au    -0.050122520969    -0.806774295150     6.126753054127
Au     0.440961299718    -2.720475983227     3.786687176813
Au     0.766166010523    -4.740861112102     1.790951097623
Au     0.844020022666    -6.622058014848    -0.350523361988
Au     8.528414429632    -2.322677936789     3.572542987861
Au     8.192367864547    -0.240764407294     5.682806807817
Au     7.578392769967     1.729345172487     7.480950171066
Au     6.377421999972     0.188973837423     0.480703208929
Au     5.721527714535     2.209208599430     2.391468884081
Au     5.048246027020     4.270133366540     4.377122244540
Au     3.666717741682     0.586277364049    -0.395954614869
Au     3.089596972628     2.173947894552     1.725022576055
Au     2.479601553477     4.187392678570     3.763848684872
Au     1.114838199828     0.705796187983    -1.175111154801
Au     0.401402773497     2.596964853459     0.760065176710
Au    -0.148256118528     4.576090667560     2.811730023128
Au    -1.732823193282     0.745217640508    -2.739548023495
Au    -2.312653359598     2.837362551856    -0.523105093334
Au    -3.018915199676     4.722944117204     1.509249500564
Au     5.236986694905     2.750099410754    -0.056906683843
Au     4.258645622065     4.650259293133     1.602223464414
Au     2.595691012929     2.898574957579    -0.980509181956
Au     1.826077908414     4.869466639415     0.828744459189
Au    -0.151169023285     2.863657507185    -1.966161798527
Au    -0.644806418078     4.938034773767    -0.280498370726
Au    -6.773358190126    -0.852320274835    -1.503330967583
Au    -6.658992685172     1.192136737102     0.233533380147
Au    -7.279613955446     2.877528550726     2.215042372095
Au    -8.086015726587    -2.546495232715    -0.071371978141
Au    -8.013316348349    -0.697925978678     1.856049408890
Au    -8.923552240238     1.324133766697     3.837044733737
Au    -9.438589987142    -4.582128054117     1.675337709480
Au    -9.858921904237    -2.216466101120     3.162326717074
Au   -10.523553210401    -0.476676777520     5.074607154864
Au   -10.955646491622    -6.461465981042     3.171293850446
Au   -11.551831319232    -4.148199808333     5.088371350485
Au   -11.957102633164    -2.178068967795     6.931248987852
Au    -9.207109257432    -0.228362555618    -0.737689181835
Au    -9.459657347565     1.884442757688     1.194340759681
Au   -10.614541467371    -2.161828967277     0.505818037653
Au   -10.962795176872     0.149552663591     2.328363257436
Au   -11.948086303934    -3.825271304272     2.379451370269
Au   -12.397999091404    -2.029035026397     4.051834859295
Au   -10.302361296930    -9.469634350448     6.294183044498
Au   -11.049666108413    -7.551770568997     8.217148252115
Au   -11.858127445564    -5.261279688592    10.307042533151
