         216
 AuNiAgCu    E (eV) =  -773.251343       T (K) =   550.000000       time (ns) =  0.689999998    
Au    -6.189676420235     2.204808896041    10.785054293653
Au    -6.501460914189    -0.535002696117    11.023227923681
Au    -6.797813328010    -3.296129593757    11.354818634964
Au    -7.379322701637    -6.236137475757    11.761743046338
Au    -8.034413833532    -8.878560768920    11.954387981508
Au    -8.302807614194   -11.976893995865    12.218922052189
Au    -8.512581143083   -14.846334648432    12.250120491376
Au    -8.319775231312   -17.749747238933    11.962035468101
Au     1.455096166733    -4.070027085313    15.964669004174
Au     1.336031487778    -6.841067960362    15.951801887052
Au     1.461236618963    -9.583696828766    16.068193861337
Au     1.298687150077   -12.225416600353    16.374049744322
Au    -0.003328642883    -4.392645668121     4.561192231321
Au    -0.391705905438    -7.426138010468     4.767677198953
Au    -0.411665047653   -10.145714461044     4.890015472114
Au    -0.867043904973   -13.375887466516     5.313952724018
Au   -10.832505803051    -3.355368908579     1.968122212044
Au   -11.107158828836    -6.825334818094     2.205178128388
Au   -12.028912842191    -9.474278202786     1.996736285493
Au   -12.104709247125   -11.902681990601     2.887325040992
Au    -7.175862480381     1.418623844648    13.165306006455
Au    -7.319989826910    -1.143053664117    13.650500911330
Au    -7.827323171642    -4.196822825985    13.805259673276
Au    -8.437122674931    -7.294077812392    14.123884891739
Au    -8.787715852138   -10.175863601638    14.434884439021
Au    -9.431292998587   -13.767911924015    14.615116651451
Au    -8.503424271398   -16.940855544981    14.259218506811
Au    -8.674426085890     1.268482553721    10.842889065630
Au    -8.893536514046    -1.563274697796    11.298581961789
Au    -9.219279950621    -4.317008404833    11.246116357508
Au   -10.145867211629    -6.996351095186    11.919386849308
Au   -10.563947970876   -10.014058916530    12.075058259738
Au   -10.855487829608   -13.320633040113    12.121438540659
Au   -10.693183515118   -16.134656516725    12.917307323585
Au    -7.071409489597     0.840550260977     8.513190664725
Au    -7.576208113403    -1.962040481936     8.831251966639
Au    -7.800761439315    -4.762075512665     8.817818071910
Au    -8.554560076555    -7.409389429725     9.230399956949
Au    -9.067029399989   -10.361281219259     9.702876952302
Au    -9.054300556906   -13.425443951067     9.995123135630
Au    -9.555324444681   -16.293876771482    10.110238261683
Au    -4.547850082250     0.642163593772     9.395448585629
Au    -4.753207969629    -2.248145573024     9.415973656055
Au    -5.397405555949    -5.373406758387     9.929101114905
Au    -6.090433861774    -8.296579792110    10.273294507766
Au    -6.280191319315   -11.011743122519    10.044977732648
Au    -6.260556853567   -13.950994722965    10.182773103554
Au    -6.631501608468   -16.713843348508    10.024164862386
Au    -4.477346254743     0.858226250914    12.386202950204
Au    -4.635386026184    -2.090325915147    12.588761847372
Au    -5.030640575006    -4.715136690718    12.846838731520
Au    -5.347397715944    -7.511523784813    12.773571589458
Au    -6.188346485665   -10.432133235720    12.970958512913
Au    -6.046133842908   -13.580036944681    12.877225925310
Au    -6.348825557149   -16.175316382263    12.975409223802
Au    -8.662516987100    -0.629777227188     6.479643943018
Au    -9.203913122319    -3.407618383933     6.667406859927
Au    -9.696934243353    -6.110010455328     6.897986211268
Au    -9.930056736497    -9.005823721377     7.304574519469
Au   -10.142038784445   -11.920658754964     7.319609247489
Au   -10.347318442153   -14.563284823108     7.689191229590
Au    -2.849558548610    -1.295400052397     7.538244176854
Au    -3.438004981081    -3.837342643758     7.953591271085
Au    -3.656109577642    -6.855408240092     7.913742660790
Au    -4.058054282727    -9.402568645978     8.259253828609
Au    -4.418183374898   -12.907562073788     8.193346035402
Au    -4.586053371624   -15.492252927157     8.656806923742
Au    -2.415531077495    -0.771252665922    13.778297965355
Au    -2.573299719719    -3.808953109502    13.641572412353
Au    -3.088059447205    -6.575607853793    13.804867556670
Au    -3.312084556021    -9.277826529921    14.423109072259
Au    -3.854850290070   -12.222548255465    13.915544716291
Au    -4.142112927436   -15.073706227878    14.083606532529
Au    -9.956457322355    -2.043710697918     4.388983146759
Au   -10.038499900146    -4.749861375464     4.454219980222
Au   -10.864258966927    -7.641065013764     4.799920949970
Au   -10.887832180374   -10.507339214715     4.828409528958
Au   -11.053198567159   -13.474875823803     5.264024234737
Au    -1.700953883175    -2.811120684732     5.841485621542
Au    -1.852433121276    -5.871857451732     6.354170629705
Au    -2.181035683775    -8.877425677781     6.372482058597
Au    -2.548923454993   -11.669488862378     6.404991617124
Au    -2.586265614350   -14.684282080377     6.950431331427
Au    -0.370388183515    -2.306010407952    14.633825848242
Au    -0.866086695338    -5.264935595648    15.334917957865
Au    -0.939123405023    -8.196650358478    15.244187842822
Au    -1.115473892664   -10.967817541375    15.114446691637
Au    -1.219533248642   -13.657737405580    14.797365969001
Au   -12.392204514804    -3.225595660485     4.673719015091
Au   -12.873624155483    -5.891674213448     5.132092586023
Au   -13.330115113521    -8.797392759463     5.356080108123
Au   -13.364559510523   -11.424958657362     5.241642990184
Au    -2.845190941009    -4.277988446088     4.073408521622
Au    -3.211869872153    -7.298279699894     4.323567752784
Au    -3.387459570061   -10.124531999364     4.283806877995
Au    -3.765431223185   -13.239692102173     4.645294049121
Au     1.304112529556    -3.925275766132    13.186841657636
Au     1.043218336274    -6.861782568209    13.395117394413
Au     0.644380790425    -9.759067443306    13.508197473310
Au     0.781272735784   -12.538842781643    13.538298395937
Au    -5.355741359591    -3.647911193254     2.920995011527
Au    -5.988176996551    -6.893248482888     3.813014247123
Au    -6.189754318269    -9.681001051388     4.035338388060
Au    -6.528411933538   -12.680283172362     4.188439616124
Au     0.979598833732    -4.133494618519    10.076741331932
Au     0.476857231978    -7.135241139118    10.472272441190
Au     0.174472064620   -10.169443519059    10.588260742171
Au     0.001227466496   -12.804629234782    10.813840815104
Au    -0.773592982566    -3.113018306052    17.212898032632
Au    -2.063352936511    -6.513684456800    17.431153800990
Au    -2.488964867476    -9.577589854428    16.915902346535
Au    -2.644733099554   -12.414096549384    16.839839349467
Au    -8.260468821044    -3.657835583734     2.867834460799
Au    -8.713503674443    -6.530289751987     3.028739490564
Au    -8.878517068759    -9.323766006805     3.237554769871
Au    -9.123475086841   -12.276713068332     3.563363933609
Au     0.330032271285    -4.362796817065     7.371712332645
Au     0.154751038361    -7.191462306886     7.695077552083
Au    -0.024548036591   -10.122858821340     7.743189198596
Au    -0.451606388197   -13.060774225159     7.999262022642
Au   -11.207195372003    -1.463826069243     6.985741808353
Au   -11.762364989531    -4.387955698191     6.883194323809
Au   -12.029502448530    -7.256650039084     7.142506609279
Au   -12.300082361679   -10.219235730208     7.428151276839
Au   -12.612149176589   -13.147827174536     7.919941169858
Au    -4.342448722974    -2.531584056604     5.376267795108
Au    -4.712818078108    -5.408598936091     5.813357186108
Au    -5.186885714652    -8.327208878285     5.965364338315
Au    -5.439808153303   -11.091295965266     6.355177032668
Au    -5.672560549248   -14.484111162995     6.224888178017
Au    -0.638748442804    -2.653224083227    11.924526205002
Au    -0.887815202534    -5.381876593932    12.240131335652
Au    -1.576050334021    -8.268010000242    12.338881934424
Au    -1.879072408151   -11.179785712656    12.195379718402
Au    -2.000403113168   -13.823159390879    12.404655753298
Au    -3.244963257144    -2.337524932448    15.877039248323
Au    -3.767646870087    -4.915475962123    15.983526275657
Au    -4.540926021736    -7.658719507899    16.394886625010
Au    -4.696817586556   -10.852020226433    16.099225791696
Au    -4.885179985256   -13.647003465154    16.311668993167
Au    -7.083118663261    -2.313906999187     5.044899613057
Au    -7.391981205743    -5.042763515290     5.260440226877
Au    -7.923420949924    -7.929417403988     5.598980452522
Au    -8.031990810571   -10.805323976296     5.724890978670
Au    -8.340148454198   -13.641169726376     6.031354078019
Au    -1.149520946513    -2.522180287669     9.116220976949
Au    -1.428457065845    -5.407429182908     9.317214945248
Au    -1.610208867142    -8.359702759382     9.269410029027
Au    -2.206220398751   -11.403820882956     9.223201482104
Au    -2.321506671910   -14.395606190017     9.811052944573
Au    -4.810268585530    -0.496491431039    14.608554014028
Au    -5.783019774226    -3.174885078235    15.114982947959
Au    -6.212800258422    -6.148250025974    14.997563164099
Au    -6.300527895571    -8.826564806989    14.957770861281
Au    -7.199881723865   -12.168813913793    14.865798904199
Au    -7.046086000165   -14.987219185531    15.339640330347
Au    -9.654370572249    -0.084291193698     8.880651878450
Au   -10.351369844886    -2.675699999724     9.236157328863
Au   -10.616532376094    -5.932670769481     9.591703596904
Au   -11.332887225346    -8.699130660927     9.661622505555
Au   -11.370275293156   -11.485545717596     9.997218976447
Au   -11.753999322715   -14.647306421160     9.896829610715
Au    -5.585101481571    -0.838876942754     7.350466860764
Au    -6.042196672222    -3.654414122013     7.137177207690
Au    -6.457085504259    -6.628817324576     7.651555566684
Au    -6.976443044029    -9.391935080561     7.747174828093
Au    -7.452084962250   -12.358302677244     8.193016937851
Au    -7.568293723092   -15.226703779218     8.046166782851
Au    -2.720447548830    -0.919999802567    10.910041056279
Au    -3.112982032121    -3.597008386951    10.738221441165
Au    -3.186512112802    -6.742788887562    10.926426529680
Au    -3.907519005154    -9.698214332187    11.353540476874
Au    -4.121742019342   -12.496445658672    11.013048210319
Au    -4.164706071892   -15.548563975659    11.405918101438
Au    -0.352863610458   -11.087057391841    17.921719012897
Au    -0.014687266852    -8.302828662077    17.674482298176
Au     0.163248582149    -5.200802490981    17.966156391082
Au     2.786702996673   -10.964201487302    14.446625150614
Au     3.389799556300    -8.176599197780    14.376077064611
Au     3.232398751233    -5.569289522103    14.267025725533
Au     2.387176280046   -11.426081535526    11.585944230006
Au     2.667425819656    -8.573727230847    11.636755746992
Au     3.036767855935    -5.536554008984    11.690340772751
Au     1.806412839064   -11.940152560679     8.945576075747
Au     2.219366111414    -8.803533591881     8.810065505872
Au     2.478934272457    -5.942952544504     8.782025934953
Au     1.416499252303   -11.831915504921     6.249032029983
Au     1.667126273332    -8.764444464624     5.947258281513
Au     2.179309851290    -5.859277588756     5.932589721620
Au     4.711049487761   -10.138775014116    12.381436705168
Au     5.086662716329    -7.401545461585    12.134473887123
Au     4.115192533260   -10.761210483165     9.840307379690
Au     4.601165545188    -7.889313854990     9.601989654193
Au     3.479275505569   -10.505230578958     7.023993161104
Au     3.842086531123    -7.575130537460     6.932840604646
Au    -2.052850327456   -11.966058023241     3.158957735432
Au    -1.578869856039    -8.812216570337     2.746832028407
Au    -1.151913079464    -6.033408221623     2.785368457215
Au    -4.611006659718   -11.791122648524     2.413823140678
Au    -4.249439622092    -8.573811033632     2.183016463826
Au    -3.726528541306    -5.814244581925     1.885574318792
Au    -7.143406183147   -11.189160849188     1.771785682108
Au    -7.066721977487    -8.312378373660     1.444139837418
Au    -6.491623153278    -5.552239701831     1.575216943304
Au    -9.838753981965   -11.106110957412     1.265493375504
Au    -9.863857742672    -8.473064114507     0.637375039347
Au    -9.223263997034    -5.340090754763     0.737010842725
Au    -2.797283387541   -10.564105044005     0.936101175340
Au    -2.600378437881    -7.764854244076     0.304775536959
Au    -5.131700441047    -9.944414062925    -0.145427466327
Au    -4.945346233298    -6.685460990602    -0.274254362890
Au    -7.861718996304    -9.954051123687    -0.522868718076
Au    -7.889883705890    -7.171454278201    -0.628457192779
Au   -14.189757543404   -10.090143571003     3.109308736359
Au   -13.750051465020    -7.472897762716     3.075208694103
Au   -12.993129623939    -4.813826197551     2.622995105720
