         216
 AuNiAgCu    E (eV) =  -774.664062       T (K) =   550.000000       time (ns) =  0.430000007    
Au    -4.053669193360     2.817622034702    19.630055252619
Au    -4.160673999663     0.508691018316    18.224529814648
Au    -4.285645099018    -1.843706737887    16.349297993610
Au    -4.917975741706    -4.457956958578    15.224771551389
Au    -4.908841974472    -6.948040865630    13.755642174603
Au    -5.333807624383    -9.398796818888    12.298729318081
Au    -5.748156630588   -11.735825966022    10.629714713634
Au    -6.445996566239   -13.929226193918     9.466920425975
Au     5.361066214986    -1.960770641594    14.968055082559
Au     5.156319498147    -4.135485218454    13.282414723720
Au     4.601901145467    -7.206262338801    11.745539913546
Au     4.253547927536    -9.254949256800    10.169474617803
Au    -2.388135543762     3.114531353014     8.313751834009
Au    -3.133034550764     0.831024543883     6.777806479210
Au    -3.606802741476    -1.862808617541     5.246146220347
Au    -3.691120238618    -4.296072389505     3.880703321645
Au   -13.230282310675     1.556683480590    13.536783690938
Au   -13.551374244563    -0.718654191222    11.978071863038
Au   -13.528568700569    -3.313851845513    10.403824163713
Au   -14.298560414061    -5.850299758631     8.977902397142
Au    -2.963402450266     0.407342350789    20.798664732697
Au    -2.906151651261    -1.627482363089    19.177415315456
Au    -3.169423532211    -4.131991925552    17.530532337493
Au    -3.991463642624    -6.635565491210    16.319273641482
Au    -3.892486144409    -9.256218705870    14.640536242488
Au    -4.086629481496   -11.924043392598    12.920536811473
Au    -4.565305691879   -14.023698396108    11.270548374221
Au    -5.519917278368     0.700316796309    20.519089906657
Au    -5.662254159337    -1.655097421957    18.903868972713
Au    -6.220395089585    -4.000154070190    17.558706956205
Au    -6.602545657330    -6.432746576455    16.052979643813
Au    -7.048598030401    -8.541148304880    14.552397373532
Au    -7.460568474743   -11.053278841054    13.084822549694
Au    -7.943499418576   -13.126639792766    11.588917928127
Au    -6.148044204207     2.632209824696    17.792887949912
Au    -6.456014249608    -0.142784624775    16.428078889603
Au    -6.766200837608    -2.439594705815    15.028895958345
Au    -7.099038008148    -4.897439586149    13.384632407733
Au    -7.475363199568    -7.493698790998    12.049358331802
Au    -7.891842213113    -9.631436143636    10.632110859676
Au    -8.284815416120   -11.766783483441     9.288485044029
Au    -3.694412101961     3.108565543613    16.878030002916
Au    -3.746724202407     0.322046695318    14.995711879174
Au    -4.201752300022    -1.988126013360    13.527731047457
Au    -4.620527448248    -4.481355548109    12.153143830408
Au    -4.782086899830    -7.027528154541    10.824319066070
Au    -5.610636071195    -9.184672909756     9.209863975311
Au    -5.909291439029   -11.689673005087     7.804603488322
Au    -1.883879493409     1.932776345997    18.027992213427
Au    -1.757467974022    -0.703100142325    16.671236087905
Au    -2.050717721130    -3.005703676728    15.265531415964
Au    -2.630260607112    -5.251604505063    13.988753202831
Au    -2.493429977057    -7.930275275843    12.378287114027
Au    -3.201510366456   -10.252813904522    10.922828500552
Au    -3.683722159021   -12.782933779630     9.138313012634
Au    -8.509217441276     1.770322189745    16.833030779875
Au    -8.855289313820     0.007659816860    14.891300354713
Au    -8.817984281010    -2.683964754340    13.452064101290
Au    -9.535490990715    -4.866429144884    11.932334938344
Au    -9.985085476405    -7.405577289031    10.753042018641
Au   -10.435580755045    -9.740356716990     9.378965187655
Au    -3.182385199583     2.872665607143    13.777121544554
Au    -3.608338921386     0.674952726831    12.235098791323
Au    -3.819742719320    -1.884835804598    10.855720481247
Au    -4.180689079772    -4.237392497136     9.367757617452
Au    -4.734494881628    -6.838183609783     7.736766496674
Au    -5.145555348191    -9.192376628036     6.476494755693
Au     0.840919915745     0.945016472806    16.929933178872
Au     0.580790869455    -1.901804084447    15.505893527652
Au     0.049675834028    -4.225350470023    14.149050425985
Au    -0.259192718273    -6.539321282257    12.893815552045
Au    -0.508635778909    -9.405360697432    11.064773274313
Au    -1.195967966271   -11.330564029721     9.392727531566
Au   -10.830795236846     1.975126688506    14.868614811743
Au   -11.154183530061    -0.134712556586    13.286170642064
Au   -11.473676340768    -2.920759637715    12.207664818243
Au   -11.880420193514    -5.397313753990    10.420394883867
Au   -12.597100534482    -7.789897785311     8.955199127438
Au    -2.947387868892     2.977151230218    10.961663833105
Au    -3.266782283985     0.545881800627     9.394441793057
Au    -3.430248300709    -1.826205162644     8.211307481225
Au    -4.197157346586    -4.358508142671     6.461781084824
Au    -4.310903665237    -6.637552708981     5.120409049715
Au     3.099849642396    -0.539627255997    15.950831905540
Au     2.976936626820    -3.019164898318    14.541031285604
Au     2.460299172986    -5.449088184821    12.687652230637
Au     1.772837557514    -7.892985014231    11.359604156861
Au     1.786799322009   -10.545099992410     9.757726718148
Au   -12.003393903832    -0.102103024544    15.854003452870
Au   -12.965664598436    -2.448991429615    14.197699240138
Au   -13.469037154434    -4.964075245338    12.672288889251
Au   -13.681012472259    -7.323020526810    11.333117906379
Au    -4.905594454420     2.527394823966     9.506302922570
Au    -5.686549419748     0.304443909899     7.857758112073
Au    -6.341108152986    -2.211234285011     6.380559243507
Au    -6.387895951036    -4.638448322463     4.926019581638
Au     3.424923729296    -0.673380555831    13.304759602013
Au     3.280910724828    -3.179766376127    11.475077605615
Au     2.762568626540    -5.655260453354    10.008555646217
Au     2.300899215822    -8.010650985754     8.594855278384
Au    -7.647987260059     2.307723509689    10.665466883363
Au    -8.202628353235     0.111097365636     9.217356474498
Au    -8.547194569145    -2.736187513030     7.629086062608
Au    -9.055838798341    -5.351868568339     6.177389201441
Au     1.192678202870     0.755086634078    11.510799810024
Au     1.026121949659    -1.685934905254     9.888502405969
Au     0.399220196727    -4.586836205042     8.437551664635
Au    -0.077550694656    -6.744628018151     7.016367771876
Au     3.808185365709    -3.358296572074    17.242185081305
Au     3.551961319936    -5.554711379997    15.143886597748
Au     3.217530541901    -7.972202251846    13.721708864171
Au     2.809018518689   -10.199970782504    12.355116799348
Au   -10.418205983046     2.262823156326    12.208001086089
Au   -11.030382431065    -0.331875519039    10.531614671743
Au   -11.216459568975    -3.148204821273     8.844375789447
Au   -11.803418313591    -5.672718703412     7.681354899078
Au    -0.221493490073     2.121818640052     9.620402843081
Au    -1.021281535806    -0.345718351404     8.254127037304
Au    -1.542714847410    -3.237099824490     6.646532372549
Au    -1.762317015815    -5.802329775008     5.214711759235
Au    -9.928878962807    -0.272568496359    17.482529064332
Au   -10.486727064911    -2.203738831345    15.684823155968
Au   -10.642975650288    -4.634982765799    14.474426586393
Au   -11.326403827722    -6.651153804991    12.946069224591
Au   -11.901229433239    -9.164014739778    11.529825610676
Au    -5.658803756021     2.402955112217    12.404577559350
Au    -5.823964184867     0.131102950732    10.808456461186
Au    -6.003293280536    -2.284750110879     9.166438669683
Au    -6.834716642166    -4.647627342486     7.664462507569
Au    -7.155423379522    -6.987414374158     6.192600142269
Au     1.206459992293     0.732514017733    14.353594624476
Au     1.063580426892    -1.716173860339    12.664227253356
Au     0.337097896610    -4.239361805491    11.141701134316
Au    -0.179075498242    -6.848712089823     9.845142392668
Au    -0.165076670046    -9.106160366764     7.915835250749
Au     1.581476521194    -1.872874705910    17.854335927957
Au     1.543069955076    -4.259127271493    16.690175170848
Au     1.215863348058    -6.648898207733    15.143552787707
Au     0.583012900474    -9.244256417002    13.465276525423
Au     0.553361660119   -11.625052971451    12.054492020431
Au    -8.188889993174     2.409035027277    13.497569435968
Au    -8.558558758275    -0.239025839876    12.099238545942
Au    -8.973131586951    -2.427741784112    10.534245851494
Au    -9.272919486729    -5.177972055169     8.970582078586
Au    -9.802510092180    -7.486301468016     8.048744734998
Au    -1.067167836528     1.902964716858    12.423531608627
Au    -1.139714589910    -0.627347226092    11.205753888935
Au    -1.432564245019    -2.806091432683     9.521289019055
Au    -2.174289401858    -5.518340804807     8.200516989538
Au    -2.516531718081    -8.063715104067     6.605790340961
Au    -0.489947705491    -0.447086115659    18.818127168739
Au    -0.883654863927    -3.224359911681    18.067443265717
Au    -1.201089933334    -5.443287937119    16.421526602242
Au    -1.600776680470    -7.814039737816    15.004545258958
Au    -1.923527241273   -10.444360847277    13.547763185498
Au    -2.142428319289   -12.634957111046    11.436966880020
Au    -7.529341509854     0.568849674144    18.836364347691
Au    -8.214290661587    -2.124814183140    17.479380116213
Au    -8.305769400187    -4.374310722912    15.877364015506
Au    -8.946863739340    -6.795402009587    14.287637906012
Au    -9.542238558977    -9.047005708181    13.014775652288
Au    -9.789185842734   -11.334681188860    11.375349555568
Au    -5.536074927072     2.377373645769    15.178490041671
Au    -6.326614051913     0.104053252009    13.700286906047
Au    -6.349622594659    -2.324577739263    12.052083303156
Au    -6.954590988925    -4.905671286415    10.562591686863
Au    -7.300626974043    -7.045117218744     9.173602123039
Au    -7.757006423798    -9.496669476808     7.858188896933
Au    -1.253805891520     1.654260633125    15.369528168751
Au    -1.328095959465    -0.637259889531    13.964563173376
Au    -1.885902501493    -3.067593201739    12.246583660674
Au    -2.312256376627    -5.401098737474    11.011685913613
Au    -2.554921896693    -8.055904157070     9.519559723024
Au    -3.205404714759   -10.375422630679     7.953968025045
Au     5.294385152472    -9.272249655791    12.897725982396
Au     5.861591334957    -6.668069623911    14.148730233573
Au     5.793688925769    -4.468076826479    16.000123098586
Au     5.093174858938    -6.746266059443     9.116197433018
Au     5.275786313771    -4.453220938721    10.669934161208
Au     5.604654063236    -1.743836806014    12.074946007965
Au     3.096685689162    -5.800354794259     7.225907810169
Au     2.866700358156    -3.309909077063     8.578627918789
Au     3.308188736442    -0.290554491625    10.450933827879
Au     0.681144739041    -4.381523125846     5.718709927414
Au     0.888011114890    -1.849888665687     7.051225037497
Au     1.645257085824     0.701778844502     8.555723024763
Au    -1.089873832260    -3.123319332534     4.142907246338
Au    -1.174002186011    -0.600026928809     5.422287817640
Au    -0.458192934992     1.711460210559     6.859228700589
Au     5.185002776014    -4.255880574135     7.787251978441
Au     5.143407765750    -2.058291787715     9.298609861338
Au     3.471759727851    -3.196852902544     5.897319697586
Au     3.529209755089    -0.814541724385     7.570716159504
Au     1.467175163119    -2.210785668290     4.358645645395
Au     1.459890016832     0.327305340675     5.591282698775
Au    -5.834246535746    -2.285527548059     3.727320550815
Au    -5.385638297514     0.021366935849     5.056041154415
Au    -5.277113293049     2.652306269170     6.885688441456
Au    -8.413869767922    -3.068160637995     4.859981764288
Au    -8.290248219237     0.016876449663     6.370829738971
Au    -7.867856830608     2.518528122203     8.051604123722
Au   -11.032868421594    -3.260833559777     6.277084509602
Au   -10.444295115145    -0.421752607061     8.011351670128
Au   -10.347612914156     2.330838919892     9.303624819082
Au   -13.498545685288    -3.555312685184     7.695727307227
Au   -13.343537614335    -0.933058333206     9.045755805882
Au   -12.760276850500     1.636475421268    10.738940479391
Au    -7.952894695607    -0.473528677319     3.871189491396
Au    -7.392815908754     2.161848987639     5.289234197714
Au   -10.436876576045    -0.850660892618     4.968869273942
Au    -9.954000380287     2.067729016673     6.548777518766
Au   -12.541042549571    -1.251340134310     6.669235715858
Au   -12.483523316117     1.277773287186     7.938275614429
Au   -15.566813868916    -5.138458410086    11.124046504843
Au   -15.006794024576    -2.989941991989    12.651954454995
Au   -14.741146129399    -0.371481776336    14.402319986872
