         216
 AuNiAgCu    E (eV) =  -773.814880       T (K) =   550.000000       time (ns) =  0.660000026    
Au    -3.589327511617     2.292982624545    13.138934274399
Au    -4.472546850632    -0.354111179768    12.536009807808
Au    -5.430761514088    -2.987813597273    12.163601709850
Au    -6.348507326987    -5.669031700130    11.823572079724
Au    -6.863412503473    -8.410871988356    11.264590692625
Au    -7.338056338554   -11.081565700334    10.796534159462
Au    -8.426207920014   -13.740795504744    10.534628257762
Au    -9.491490833985   -16.231899499353    10.487196252807
Au     3.914660931214    -5.887769110419    14.436604751007
Au     3.025119320234    -8.820876398969    13.901137233473
Au     2.169030572925   -11.702711936221    13.548629457988
Au     1.554981538175   -14.223321439699    13.256283800982
Au     0.171668419411    -3.171424340559     3.659559736268
Au    -0.494335555044    -6.108152782543     3.267998222973
Au    -1.133614793006    -8.929933644192     2.707110634613
Au    -1.925279610587   -11.375159200314     2.870531716907
Au   -10.877482802392    -0.146476349590     4.696423809855
Au   -11.721575373394    -3.125896675328     3.998949548068
Au   -12.426766595108    -5.736873962744     3.452106923321
Au   -12.940801520438    -8.629811873530     3.162356020707
Au    -3.930646182311     0.709486130166    15.053447647190
Au    -5.027316765872    -1.970818666465    14.889451295051
Au    -5.454978062390    -4.845518064372    14.329393475087
Au    -6.560761424042    -7.228995652621    13.787257809289
Au    -7.156371860330   -10.191647901153    13.525604098225
Au    -7.905129111266   -13.011435451859    13.473023107842
Au    -8.239560196259   -15.407630007387    12.747793047482
Au    -6.019755659446     1.753898493101    13.767070482470
Au    -6.972388871767    -0.942881877163    13.287477373578
Au    -7.841761892253    -3.605631400332    13.054279681809
Au    -8.784072697041    -6.497135557956    12.526422368650
Au    -9.196101485867    -8.999771427438    12.266145780800
Au    -9.889298074071   -11.869584507692    11.959536059534
Au   -10.702862695812   -14.432818522005    11.813202749351
Au    -5.378157044529     1.964392341727    11.142964325220
Au    -6.281253780564    -0.861792563961    10.569932784802
Au    -7.080502398351    -3.680323638698    10.037761624617
Au    -7.810566651852    -6.204554030448     9.702889123882
Au    -8.799518725296    -9.241911099724     9.204980892920
Au    -9.609940953721   -11.872309296900     8.855784005618
Au   -10.390915423750   -14.297899343382     8.574610310413
Au    -2.880421110633     1.200909884907    10.420786533036
Au    -3.519807632389    -1.386430357915    10.207666121463
Au    -4.314017222526    -4.303623286412     9.720176989310
Au    -5.117101788946    -7.002833386572     9.608654755634
Au    -5.770867528044    -9.682495377122     9.051312319169
Au    -6.966046945350   -12.553333654253     8.618860728177
Au    -7.988229798614   -15.069076755236     8.163263451786
Au    -1.870832968861     0.212214051928    13.214558856130
Au    -2.439595082929    -2.506959658089    12.495162799879
Au    -3.464172770974    -5.038463636438    12.323680099387
Au    -4.146523867416    -7.834999920786    12.071072636719
Au    -4.969294996907   -10.548897040937    11.738649054350
Au    -5.705083879146   -13.135076792551    11.194931346996
Au    -6.372793441894   -16.067856614238    10.656414292584
Au    -7.113529851742     1.127439934500     8.784172176460
Au    -8.114494160849    -1.603709000848     8.320678756719
Au    -9.030254498548    -4.245620829463     8.138401328472
Au    -9.522389605924    -6.756821440180     7.461257491741
Au   -10.485197307150    -9.779327372812     7.167565654635
Au   -11.009403776471   -12.278614016358     6.660403318711
Au    -1.918078557608    -0.366254346894     8.029597061477
Au    -2.474749181090    -3.191229105923     8.098679112121
Au    -3.272253866545    -5.816525807609     7.709971519061
Au    -4.055104607575    -8.564422830205     7.291060518887
Au    -5.003111108252   -11.355488993671     6.783883262054
Au    -5.715518329058   -13.836587566110     6.350138270542
Au     0.194960888503    -1.786614839288    13.291667412530
Au    -0.652080435791    -4.378089065193    13.085673215181
Au    -1.397067935208    -7.394988866161    13.086559136355
Au    -2.308395797320   -10.209836794305    12.638455526108
Au    -2.902569253096   -12.847604233164    11.631278902164
Au    -3.421241420332   -15.408031569619    11.159625009752
Au    -8.949852726500     0.417155823654     6.524830355576
Au    -9.854223469766    -2.262194970493     6.363847177373
Au   -10.662521961954    -5.091500493398     5.815172079766
Au   -11.745174204231    -7.786008919114     5.697247927551
Au   -12.098842588996   -10.637443379418     4.894378685484
Au    -1.096326679878    -2.005120959593     5.902028293336
Au    -1.436249812087    -4.577451206768     5.257561639178
Au    -2.374751478798    -7.425313299348     5.199591327759
Au    -3.384289115984   -10.065979391662     4.886663232125
Au    -3.630171805143   -12.776757015114     4.343596333743
Au     2.009003301487    -3.697905699770    13.881477555681
Au     1.348092979521    -6.554394976606    13.508987919096
Au     0.485797121014    -9.560869436395    13.110645544094
Au    -0.310555453184   -12.330550087895    12.602961821595
Au    -1.080561047300   -15.019002843236    12.256629913012
Au   -11.451940410579    -0.084435096922     7.531818155254
Au   -12.226121313735    -3.416984115942     7.476715463725
Au   -13.433740105849    -6.072353281214     7.098318047813
Au   -13.922147939834    -8.851415370074     6.746633593586
Au    -2.779191922505    -2.788361233774     3.790851263670
Au    -3.175372368912    -5.717836784602     3.387641804190
Au    -4.059466114185    -8.269545540228     2.982237338189
Au    -4.860747264651   -10.976957898522     3.009970589879
Au     3.229012788900    -4.877243891510    11.926923211922
Au     2.299295195769    -7.885094277285    11.456634983716
Au     1.463732029622   -10.770191866020    10.876547094527
Au     0.788445433139   -13.372226003890    10.421350605066
Au    -5.328717391767    -1.906408817585     4.166647141947
Au    -6.101487495312    -4.595007213839     3.620904822705
Au    -6.928708993997    -7.455532012244     3.286321215043
Au    -7.950496277143   -10.071860370314     2.645522122024
Au     2.140393521343    -4.102260894288     8.997486718367
Au     1.263072812057    -7.167737353647     8.430116571271
Au     0.509697924750    -9.877781225314     8.217402277223
Au     0.096877099384   -13.080194823104     7.820602350012
Au     1.591272071601    -5.281801488285    16.083727275939
Au     0.692782350455    -8.396476189757    15.441558056400
Au    -0.134664385673   -11.373450655042    15.336384020600
Au    -0.718186236629   -14.185448567537    14.832975085218
Au    -8.243820312389    -0.642735739168     4.181959399920
Au    -8.839049843714    -3.487011168519     4.180840435451
Au    -9.738557394972    -6.402243364333     3.622186530633
Au   -10.427144339607    -9.205038152096     3.125558261269
Au     1.085753861449    -3.826432364616     6.270659161098
Au     0.228809892547    -6.679063496059     5.969305694593
Au    -0.772879795568    -9.545239943231     5.250668339139
Au    -1.185529367979   -12.378002533273     5.241835330451
Au    -9.550383135319     0.455921939727     9.498633059485
Au   -10.496241780655    -2.018805816362     9.285545955377
Au   -11.341485164098    -5.265424668238     8.993335455023
Au   -12.301587536991    -8.164698428406     8.690098514916
Au   -12.784888624589   -10.944167583056     8.126334247602
Au    -3.776221289863    -1.343076943773     6.103853183319
Au    -4.207285077726    -4.010938482473     5.695346304962
Au    -5.049940672887    -6.609853112523     5.573222344500
Au    -6.246959410276    -9.343889110302     5.108483160326
Au    -6.724696933925   -12.131401744978     4.773456190173
Au     1.244291983565    -2.929711804115    11.126294391411
Au     0.769466677575    -5.665949600554    10.729607884711
Au    -0.298156045810    -8.475048892758    10.533191766992
Au    -0.969278501726   -11.388342921689     9.995070820431
Au    -1.894995116748   -14.192308093784     9.385613814934
Au    -0.395052590167    -3.430821245715    15.706458220254
Au    -0.885418985611    -6.069027514507    15.341011801317
Au    -1.731929680939    -9.195963134395    15.354373624900
Au    -2.597777820842   -11.750272399244    14.965361806756
Au    -3.041666905677   -14.351683093527    13.962460046826
Au    -6.339984816648     0.097124526598     6.350222719814
Au    -7.069625280518    -2.728163576666     5.954462842342
Au    -7.847372759527    -5.409158876736     5.629297249514
Au    -8.816305475520    -8.647478152337     5.267421954618
Au    -9.491324684761   -11.340207934164     4.599212461271
Au     0.134494363528    -2.314257636662     8.576558435613
Au    -0.470221088197    -5.307430917525     8.325094968253
Au    -1.500592677162    -7.930630083477     7.902741030175
Au    -2.125027470308   -10.699069452527     7.485934316059
Au    -3.142868599622   -13.391842318574     7.117688266306
Au    -2.473264670608    -1.526250239901    15.290440928751
Au    -2.887487317323    -4.238658316952    15.103351995182
Au    -3.590197725994    -6.874334618772    14.526389616183
Au    -4.284708648876    -9.470453186520    14.411789011648
Au    -5.340853285889   -12.216776210967    13.880261963136
Au    -5.416865547053   -15.349774111950    12.842284638573
Au    -7.963677508638     1.264406083262    11.271356814436
Au    -8.769410014241    -1.645771589919    11.273679184823
Au    -9.571714094293    -4.318426831953    10.943875448786
Au   -10.484002270320    -7.304984591008    10.466555787098
Au   -11.180567379632    -9.862179963274    10.270882821632
Au   -11.840858135498   -12.654782175855    10.038723778813
Au    -4.524342829325     0.791376852205     8.085713818098
Au    -5.351515460578    -1.818077188336     8.175347398064
Au    -6.127195202282    -5.212399127580     7.809980791059
Au    -7.020956775497    -7.728638143345     7.197448301601
Au    -7.745321445716   -10.494974356859     6.971151918653
Au    -8.502908459624   -13.258579251802     6.442763888559
Au    -1.030163000655    -0.702815570216    10.594943755929
Au    -1.290508809201    -3.799033594011    10.377795791648
Au    -2.120540361498    -6.489238712176    10.338441367473
Au    -2.865958146786    -9.245549561856     9.856077366414
Au    -3.997801727514   -12.074194397820     9.145560291985
Au    -5.059276157159   -14.525356483267     8.940705727081
Au     1.752497301161   -13.224596487218    15.725269094963
Au     2.249324677190   -10.435112030493    16.181718439002
Au     3.107463783879    -7.624014300561    16.330106488294
Au     3.309548247238   -12.648902321120    11.344013616054
Au     4.019656461485   -10.182226683634    11.839817174488
Au     4.824444730263    -7.238704953569    12.189758483547
Au     2.459345475737   -11.802368441098     8.607168602183
Au     3.196607582628    -9.130773738602     9.200625637265
Au     3.711674076997    -6.567375586376     9.443957720672
Au     1.351653743687   -11.556320796589     5.858779253582
Au     2.000975752553    -8.952531290638     6.238161927027
Au     3.192597493892    -5.577408960298     7.163508504483
Au     0.751324933451   -10.871811342809     3.379074166203
Au     1.214815599480    -8.121928482575     3.790693874318
Au     1.697890605574    -5.191744645034     4.183349643945
Au     5.086171431975   -11.280345704707     9.402335979520
Au     5.656092137430    -8.836727480953    10.438992511804
Au     3.982618208988   -10.659395860846     6.924203808599
Au     4.565304575418    -7.848313668596     7.202003038887
Au     3.151662331617   -10.812022668615     4.283531736441
Au     3.629046290878    -7.322381041863     4.879867779480
Au    -3.228065854634    -9.849519082609     1.094567764224
Au    -2.347797761387    -7.087292338205     1.043162038504
Au    -1.878231870577    -4.050278125321     1.546458868413
Au    -5.955730233510    -8.919732090089     1.090433286304
Au    -5.136180212183    -6.164411730211     1.531699107879
Au    -4.205701782954    -3.073631642264     1.331925785993
Au    -8.976425989301    -8.071114120351     1.212557755837
Au    -7.730277561078    -5.492350200731     1.413014152545
Au    -7.075169831864    -2.488806644550     2.120420223108
Au   -11.420246628122    -7.041531947838     1.244142175593
Au   -10.548795204260    -4.537981964178     1.918750277839
Au    -9.822614779941    -1.886199239733     2.167747891318
Au    -4.399927821102    -7.716336839447    -0.626441335383
Au    -3.847345505829    -5.125513723257    -0.469424320155
Au    -7.032200471961    -7.216767449677    -0.593017481066
Au    -6.255027270387    -4.048961997155    -0.218374080931
Au    -9.653031594018    -5.846410019919    -0.583422966872
Au    -8.854858640282    -3.390020770143     0.068805388348
Au   -14.328187750776    -7.042941172788     4.760638802201
Au   -13.992543083417    -4.439760806995     5.242423168095
Au   -12.716192730484    -1.566859013207     5.832173515347
