         216
 AuNiAgCu    E (eV) =  -774.536194       T (K) =   550.000000       time (ns) =   1.57000005    
Au     0.887570163378   -16.416872833146    23.334015642423
Au     1.883945549022   -13.663160945352    24.148416009484
Au     3.649477816686   -11.859256434455    22.287865282043
Au     5.144341348178   -10.169646792001    20.596052716666
Au     6.625876752753    -8.146135465685    19.014032769162
Au     8.131941944766    -6.018995345068    17.103188938568
Au     9.267315845402    -4.091409764655    15.741357662602
Au     8.065204020534    -2.973688542158    13.330382641287
Au     7.709148377320    -7.748329574844    29.973374795702
Au     9.660431927319    -6.269175549614    28.750389623635
Au    11.235661039057    -4.295675441411    26.995530578269
Au    12.397349406307    -2.153582114649    24.931842660556
Au    -1.712877047940    -4.517380841512    25.899554133976
Au    -0.241130313532    -2.748172260901    24.466275691416
Au     0.918159518747    -0.073179027189    23.067867979264
Au     2.428711221275     1.428110477879    21.219921138105
Au    -4.170530644113   -10.555617617321    16.517592338177
Au    -5.587753056515    -4.844309628522    16.736794187051
Au    -3.455733148747    -6.162424439155    15.468176785743
Au    -0.185333293260    -5.189895787375    12.061670489777
Au     0.877699438385   -15.293883753949    25.919018549334
Au     4.259683453059   -14.382083450773    22.764146807046
Au     6.152329823372   -12.700921489306    20.407191233780
Au     7.240004369488   -10.875373562763    18.765177618312
Au     8.585852828747    -8.836949438263    17.211493140492
Au    11.553885963529    -5.130697629053    16.842376524402
Au    10.632204739965    -2.428943725460    14.063493467484
Au     3.280582822125   -16.127676324998    24.646835387042
Au     2.197987192338   -15.314270542306    21.576425463398
Au     3.540095325418   -13.449904939483    19.999913024066
Au     4.634434998568   -11.701067134764    18.245437638998
Au     6.018672921937    -9.446795604403    16.573502948754
Au     7.523102153105    -7.653990778536    15.079359402363
Au    11.323098031650    -5.094892206251    14.221228711890
Au    -0.864916454860   -14.184296851963    23.718984556835
Au     0.705169904480   -12.760304766038    21.590388085962
Au     2.593702050360   -10.801336604443    19.878565203527
Au     3.955204659494    -8.774137936500    18.469539675898
Au     5.156526051242    -6.771709073948    16.703059863305
Au     6.450975910810    -4.657302610011    15.062108080718
Au     8.663003506196    -5.700752895232    13.523133906034
Au     0.172560635062   -12.730289568056    26.002614161596
Au     1.614880536748   -10.975590823093    24.060930640019
Au     2.990816148885    -9.185606489261    22.600289359685
Au     4.476261438059    -7.353608698331    20.783302798666
Au     5.735685067145    -5.383518313195    19.250718509701
Au     7.239507768265    -3.494209171355    17.372348017325
Au     8.621379217197    -1.560851224253    15.502726951802
Au     2.654973174880   -13.516340753454    26.636053899311
Au     4.238924133794   -11.716957469362    25.023496417091
Au     5.529772595044    -9.998987468733    23.522332395391
Au     6.892575286958    -8.020790827763    21.833206922857
Au     8.241403569974    -5.988999973711    20.137507013459
Au     9.814542504381    -4.032391289416    18.606318312056
Au    10.922587764025    -2.175847583110    16.737782092194
Au    -2.128471259125   -13.059929039692    21.569289827481
Au    -0.532626215722   -11.601396405424    19.344764938990
Au     0.910555720764    -9.578831311980    17.767189012193
Au     2.542384499865    -7.524838380944    16.507472036500
Au     3.695031742705    -5.561631277679    14.444432403649
Au     5.478659682848    -3.445856890438    12.851688482615
Au    -0.445968429514    -9.909197483658    25.999675582521
Au     0.849065279602    -8.430238715544    24.304328711108
Au     2.247394953297    -6.328239470847    22.375161962408
Au     3.932229971563    -4.462932078881    21.012000492511
Au     5.236702525717    -2.433900612257    19.315528557554
Au     6.351911989797    -0.707984424193    17.782824733037
Au     4.817638509923   -11.700614883092    27.844516062543
Au     6.109688946823    -9.821735559900    26.291024608527
Au     7.630871444785    -7.982419544010    24.560647201727
Au     8.923150786982    -6.097833594035    22.907316797218
Au    10.298586531610    -4.489196009197    21.311866944556
Au    11.392987059607    -2.302983045311    19.592073713442
Au    -3.512312712116   -11.986189480431    19.270079513834
Au    -1.711335616729   -10.446970513069    17.320291445627
Au    -0.142892283262    -8.369352800966    15.493267708345
Au     1.180429707565    -6.495797358030    14.377842840597
Au     2.678174453310    -4.809794441888    12.112713692161
Au    -1.090359361946    -7.210104008026    25.844934059586
Au     0.292797606146    -5.406871418372    24.169165526536
Au     1.584041067813    -3.225746401127    22.672842325649
Au     2.862706492520    -1.130210508825    21.293152486547
Au     4.262494755233     0.373766186834    19.555575549461
Au     6.565031966577    -9.990636821925    28.901059893536
Au     8.127274762733    -7.950119880264    27.345328631680
Au     9.523760272925    -6.093460754712    25.873501391482
Au    10.588551998171    -4.238291818217    24.083863513169
Au    12.477074193621    -3.102503321875    22.369014708440
Au    -3.109536438062   -13.120146745084    16.883749562533
Au    -1.971519298763   -11.475585752544    14.839302447071
Au    -0.733775959081    -9.843363118845    13.331360830788
Au     3.384382953049    -7.393634153608    11.866119705125
Au    -2.296610351315    -6.043740908939    23.444875992828
Au    -1.022272834823    -4.092794249969    21.838559517354
Au     0.260390481212    -2.093282277830    20.477433376919
Au     1.723011327664    -0.255703528925    18.703454999679
Au     5.315783569182    -7.236304421511    28.854146636627
Au     7.128036460238    -5.364022404043    27.575874652507
Au     8.567362511275    -3.348883474447    25.600290963604
Au    10.130053330011    -1.405481269204    24.284481837674
Au    -3.118007771276    -7.827130775043    21.627803019385
Au    -1.785429798365    -5.877445639550    19.741887466458
Au    -0.061903046065    -3.881451752200    18.268078030233
Au     1.401669370331    -1.856932683295    16.469022443154
Au     3.127830463776    -6.116077938721    28.011209991432
Au     4.674604487231    -4.474235755502    26.156645846210
Au     6.042780056272    -2.401391408318    24.846538105304
Au     7.458720023650    -0.609279949535    23.058415641149
Au     8.708260992874   -10.530951038254    27.482345662814
Au    10.044152626693    -8.874072805132    25.769578746488
Au    11.388621430286    -6.990911385087    24.228323901255
Au    12.807717316787    -5.613161371559    22.334701093274
Au    -3.837068911749    -9.207002350011    19.036981921506
Au    -1.996004950627    -7.697504240829    17.171347196013
Au    -0.921881501659    -5.432410981209    15.863825640770
Au     0.640389396819    -3.649917451374    14.187794696721
Au     0.638273220677    -5.459406047295    26.964267862003
Au     2.128668362588    -3.510896346579    25.417688564013
Au     3.471849397002    -1.251848167181    23.896846153662
Au     5.082502173033     0.468759746971    22.313164121898
Au    -1.837521901031   -14.149050998068    19.222951745910
Au    -0.500079011939   -13.131185928354    16.907033636989
Au     0.668952613496   -11.131117790840    15.424986473335
Au     1.954914242747    -9.322979277344    13.680575656191
Au     5.717183558154    -6.008219447362    12.484341345686
Au    -1.616869805506    -8.743137875647    23.412228837228
Au    -0.490905256072    -7.163332909880    21.795983174524
Au     1.192555619010    -5.071211617671    20.379220745494
Au     2.454510580908    -3.080274396671    18.711774102656
Au     3.744346768312    -1.206739256085    17.114240398041
Au     3.653431899415    -9.107456220738    28.187960890900
Au     5.450817783149    -7.045884136429    26.169696029502
Au     6.894568138684    -5.169980040831    24.771117852826
Au     8.267783969370    -3.186207663882    23.014883584078
Au     9.982094061098    -1.338352556279    21.764108121426
Au     6.852763406187   -12.563878980424    26.292532455675
Au     8.116991154669   -10.574108598104    24.298261057422
Au     9.713137545652    -8.721028245279    22.735706651148
Au    11.009347129925    -7.094942040046    21.126963081039
Au    12.109650718744    -5.214923147897    19.625233824551
Au    -2.487535579284   -10.380516932129    21.374613925695
Au    -1.108750438250    -8.903179796118    19.701688160469
Au     0.295600668549    -6.618475845352    18.169937415599
Au     1.618106620604    -4.632091157526    16.436835089129
Au     3.572444840954    -2.786479247338    14.474785907162
Au     1.399863169234    -8.063395843617    27.103625103319
Au     2.809787992195    -6.184969022443    25.251656089591
Au     4.059789089237    -4.182908884313    23.544329681306
Au     5.749701584590    -2.398810283839    21.981288606475
Au     7.237542861836    -0.504588087607    20.393543488525
Au     5.152622029295   -14.210517628264    25.239462063779
Au     6.616711726056   -12.870625339058    23.091546969059
Au     7.754050351556   -10.824154133966    21.532374004042
Au     9.055373306466    -8.785316524889    20.113114715159
Au    10.427640507007    -7.027443909741    18.593263646490
Au    13.151897024305    -3.293516383090    17.872455589713
Au    -0.540621488784   -15.441443047887    21.330611693927
Au     0.967666195993   -14.110602780024    19.162592841325
Au     1.940709035563   -12.184591298055    17.646714663435
Au     3.408449438235   -10.220438321836    16.117879751227
Au     4.303399740364    -8.085232452718    14.240576572154
Au    10.089553240612    -7.157500634179    15.675853437581
Au    -1.167301005227   -11.547368892211    23.662894644574
Au     0.292054647725    -9.893883845571    21.731527435380
Au     1.876334843922    -7.981809050988    20.034028883447
Au     3.020740248406    -5.828386823168    18.509070924826
Au     4.335644426075    -3.944141818700    16.684782399979
Au     5.994402797439    -1.847816640428    15.365709385410
Au     2.077072570468   -10.905020885972    26.826958538005
Au     3.587314799955    -8.955697454074    25.474698626085
Au     4.595720458833    -7.119181193318    23.661441197460
Au     6.425615730884    -5.065239474008    22.027332208770
Au     7.735039134048    -3.313059226004    20.323693563071
Au     8.823590948573    -1.484276557069    18.381284126918
Au    13.177524663481    -4.597181356056    25.099711097465
Au    11.571032504442    -7.150379717931    27.044160429579
Au    10.388903337803    -8.851139694587    28.624857855997
Au    10.174852549238    -2.017877644345    27.068877196103
Au     9.095559848946    -3.629903059877    28.806403917726
Au     7.446593917423    -5.100742835257    30.287819661083
Au     7.925938834944    -0.486652346964    25.899478873246
Au     6.350603415481    -2.792174521124    27.670004037578
Au     4.857144723835    -4.458050909887    29.557095576057
Au     5.443552025851     0.374811441959    24.957669580335
Au     3.843493276162    -1.619135507071    26.500693448024
Au     2.786881124209    -3.451216920795    28.208503066363
Au     3.148221961120     1.354422696001    23.896076510504
Au     1.277810234255    -0.440104276769    25.735845728795
Au     0.377162196976    -2.649284944934    27.479865366008
Au     8.277620642754    -1.093498609427    28.958060298097
Au     6.596225480082    -2.484331239659    30.577582906168
Au     5.910752192319    -0.126926692118    27.746687379555
Au     4.299173445422    -1.337031305438    29.313602046749
Au     3.600735790172     1.025380338892    27.147507701019
Au     1.818283438512    -0.714105599157    28.182150851129
Au    -0.139709676944     0.787414111607    20.426268760996
Au    -1.537633931180    -1.363926116932    22.282538997734
Au    -2.947627415673    -3.393531934103    23.564633869641
Au    -0.708227590174    -1.169994718113    18.138949186042
Au    -2.341718867055    -3.102248509019    19.669009061349
Au    -3.736639499752    -4.786229698235    21.378215659434
Au    -1.244547220158    -2.686790414976    15.830169352723
Au    -2.934851627112    -4.607357289431    17.588344434691
Au    -4.318812191446    -6.648786304686    18.984628690428
Au    -2.156975891376    -4.328769644711    13.849805385527
Au    -3.938087372390    -3.275033511017    15.317299833754
Au    -4.908593115727    -8.103751592246    16.619204404944
Au    -2.516872361109    -0.028271901228    19.730930866281
Au    -5.070382698869    -3.859841249204    19.156982764795
Au    -4.986996920633    -0.784799875018    19.169520623215
Au    -4.229100016179    -2.000011469085    21.362945162779
Au    -3.283635392716    -1.775632425756    17.439937171730
Au    -6.084836140353    -2.081786512203    17.304680629609
Au     0.642746416000    -7.624039638522    11.831574709808
Au    -1.486977520767    -6.971767329079    13.665716979941
Au    -3.035987429372    -8.982280153171    14.635409894333
