         216
 AuNiAgCu    E (eV) =  -774.759033       T (K) =   550.000000       time (ns) =   1.92999995    
Au     0.897054174975   -15.296235025971    22.407420604636
Au     1.205283879006   -12.760890721580    21.784197280422
Au     1.195295241440   -10.916473706759    19.705156053513
Au     0.993355726626    -9.437948822486    17.275134749552
Au     1.304165661972    -7.515387727848    14.661151974808
Au     1.467579630800    -6.401128284670    12.185718166210
Au     1.344675370898    -4.713934477916     9.977389740281
Au     0.856871468052    -7.077540283962     8.478884415229
Au     5.431680052779    -3.776398819180    24.547474022799
Au     5.341054728312    -2.375196579652    22.302828086547
Au     5.693065228578    -0.662906935466    20.165068203477
Au     5.763607659709     1.058312681840    17.584076345491
Au    -5.836101156013    -5.274851417321    23.682305651981
Au    -5.998616915052    -3.581731981351    21.575993052684
Au    -5.745624260144    -2.007237660720    18.941914394880
Au    -5.317881989339    -0.053557793481    16.598107487038
Au    -7.933358586282   -15.366897340887    14.719433831242
Au   -11.672044357391    -7.671089819966    16.402414743348
Au    -9.685132467774   -10.592605637848    14.450298367392
Au    -7.246563128890    -9.889570523198     9.661314888424
Au     2.828172988596   -14.027146699933    23.735106908405
Au     2.831710223677   -12.994375880026    19.758056342747
Au     2.933707162386   -11.401811691206    17.442583058268
Au     2.964063850953    -9.791952132906    15.393412888332
Au     3.051166740050    -8.847294786486    12.545267790195
Au     2.169489531738    -1.963128849966    10.045122491875
Au     0.925403697559    -5.265238792724     6.424655466817
Au     3.292731295971   -15.124416532439    21.525434943875
Au     0.998862533153   -15.043491386801    19.887659207159
Au     0.809739100310   -13.310737688732    17.840132993930
Au     0.770440813247   -11.628200203535    15.653049641369
Au     1.003366673293   -10.149156506859    13.332877133425
Au     0.997755465078    -8.713669613425    10.950511925722
Au     1.541362141940    -3.186751589740     7.588857095790
Au    -1.554872001281   -13.889515211563    22.952285662615
Au    -0.963150668307   -12.907687423666    20.163923681755
Au    -1.059747640014   -11.343688829394    17.799502037518
Au    -1.087152980211    -9.327663593736    15.454875613285
Au    -0.910826777376    -8.085094363550    13.137362407239
Au    -1.020491544528    -6.392216242990    10.755021153060
Au     3.168090794308    -7.140812692462    10.147766765527
Au    -0.169446189198   -12.026203390722    24.132772973232
Au    -0.412216770785   -10.226746292760    22.006979532680
Au    -0.534635176739    -8.694738532658    19.519987412435
Au    -0.492541392896    -7.195240282596    17.143207668950
Au    -0.455047295453    -5.452543653761    14.588982610817
Au    -0.500015667875    -3.948084733559    12.164697561171
Au     3.143882726007    -5.358209085315     7.918441360259
Au     2.663885501777   -11.613230705538    24.509445624412
Au     2.344303782040   -10.233961566095    22.096268521732
Au     2.280025735242    -8.239641468757    19.562635314286
Au     2.544506858811    -6.676791627844    17.050773748051
Au     2.510857335449    -5.140247670503    14.508192436772
Au     2.395128780242    -3.607796751942    12.280949024854
Au    -0.925701198283    -4.754513875384     8.338634034865
Au    -3.674811912612   -13.892607126162    21.171112664543
Au    -3.381657587822   -12.932831211899    18.291693650014
Au    -3.303316813011   -11.367742132385    16.240026019654
Au    -3.129342902679    -9.622054358965    13.372808699675
Au    -3.082151627079    -8.225352159685    11.129837597567
Au    -2.739029524954    -6.678524692448     8.651312594289
Au    -2.075083290420    -9.404242785705    24.030518424863
Au    -2.029127232912    -8.045756906382    21.474838652079
Au    -2.369727761918    -6.581429101700    19.269410439108
Au    -2.190197890771    -4.937334465349    16.548176471632
Au    -2.233402081920    -3.181211389734    14.219486281479
Au    -1.620076039006    -1.537445136633    11.893811662367
Au     3.276780218176    -8.965889723333    24.511413638842
Au     3.349845057993    -7.539900041660    22.162219735758
Au     3.414877188870    -5.786208820391    19.607395267525
Au     3.660510512609    -3.993302584344    17.145165096225
Au     3.501365139545    -2.257019037067    14.774297619355
Au     3.413279706260    -0.720303738183    12.426812657270
Au    -5.875130492461   -13.768488134545    18.824182894054
Au    -5.500312808740   -13.232108575396    16.131093348268
Au    -5.567795210784   -11.401886249728    13.988046183875
Au    -5.769491450741    -9.608941619953    11.806467015901
Au    -5.352141559622    -8.038412040314     9.349571756647
Au    -3.888318094898    -7.286835834205    23.532530811224
Au    -4.177977363118    -5.764703933631    21.494182281703
Au    -3.919578367863    -4.440058519237    18.780985042475
Au    -4.170080928752    -2.501416784526    16.562273565291
Au    -3.543029558614    -0.842337232707    14.132345747725
Au     4.823104201174    -6.538202819863    24.116144052491
Au     4.621648688150    -5.068099421672    21.843352703967
Au     4.429313390693    -3.194698428077    19.667709988226
Au     4.647747742984    -1.319312309953    17.404234569189
Au     4.811900631993     0.258844057656    15.145160407347
Au    -6.093929123364   -15.917168342624    17.330310833783
Au    -5.329663804044   -15.555966579612    14.380563110200
Au    -6.105756447970   -13.564421211013    12.876669815371
Au    -3.787761249167   -10.424723007979     9.942204335590
Au    -6.305171800471    -7.519424407119    22.002733978854
Au    -6.400289195493    -5.772100817532    19.666033749798
Au    -6.237599893121    -4.446946485618    16.939208120662
Au    -5.916084532870    -2.335292776104    14.363271297949
Au     2.931895606358    -4.220059946711    24.061022682125
Au     2.734963772937    -2.728984683727    21.828766561274
Au     2.725982182440    -1.047991741373    19.561726228798
Au     3.014601326211     0.985743384643    17.269100551857
Au    -6.828093701631    -9.660411066379    20.638409381484
Au    -6.568708695420    -8.327210236916    17.923491563220
Au    -6.495861578183    -6.638812180174    15.556661907090
Au    -6.574971505051    -4.388116947747    12.619043129582
Au     0.080892839003    -4.431945792923    23.774532145430
Au    -0.096714049771    -2.830990073083    21.667867139887
Au    -0.190309018472    -1.055723882332    18.979819809943
Au     0.191950148209     0.698863445109    16.739803353578
Au     6.607788923678    -6.973728589096    22.100961830697
Au     6.364228023792    -5.516443553354    19.968995579692
Au     6.325489810270    -3.755250057049    17.613480072145
Au     6.240380792394    -2.029290587040    15.337134469925
Au    -7.599928687645   -11.850579603501    18.948921519681
Au    -7.090192211597   -10.762911870666    16.478799820322
Au    -7.364472873530    -8.998378075093    14.085852254233
Au    -7.246747640908    -6.920260899425    10.623942243953
Au    -2.801587466648    -4.761959988410    23.938787963057
Au    -2.934133195434    -3.258749582981    21.325208686522
Au    -3.051359440852    -1.602212666211    18.973999127083
Au    -2.586456292207    -0.011497517782    16.371455227739
Au    -3.894304486321   -15.827756753999    19.086568373435
Au    -3.632426091963   -15.056997475485    16.521606987784
Au    -3.397291109070   -13.318093386512    14.138994378873
Au    -3.793846268782   -12.009480041869    12.023807971606
Au    -1.214851453386    -8.686299125030     9.086659830128
Au    -4.276335422265    -9.667928349072    22.203881500921
Au    -4.513571193861    -8.277069018120    19.767907937490
Au    -4.326389300422    -6.738445429272    17.297044279163
Au    -4.527163127612    -4.670630153100    14.584742997046
Au    -4.301980334379    -3.198122203230    12.206415644097
Au     1.748920690161    -6.597704078049    24.257667108325
Au     1.717104724536    -5.324366128809    21.735907677144
Au     1.496772081116    -3.335122998106    19.290029448364
Au     1.780892940671    -1.805209064424    16.942890513547
Au     1.979593699418    -0.265002110510    14.742397247442
Au     4.961668646638    -9.505680228589    22.199580409607
Au     5.269800229511    -7.911533583936    19.868150291306
Au     5.356792302407    -6.270971906412    17.298423824527
Au     5.231044702240    -4.548380809261    14.659551259715
Au     5.191111980793    -2.864225474492    12.747213535997
Au    -5.383586180186   -11.876517802693    20.987551018090
Au    -5.123138589026   -10.609414958341    18.471015825430
Au    -4.894370149174    -9.057939372775    15.716337815076
Au    -5.535824540877    -7.011918670369    13.068139998974
Au    -4.402274650384    -5.923973467784    10.606186595743
Au    -1.176578708056    -6.926683178101    23.911462882521
Au    -1.126915651826    -5.476043355074    21.472164633012
Au    -1.198158108250    -3.925717847258    19.193994474906
Au    -0.906689502692    -2.373837925741    16.795285234260
Au    -0.703594625263    -0.539972659765    14.441499892379
Au     4.114583077167   -12.195253251898    22.222583979885
Au     3.963659608731   -10.395057308913    19.849447597517
Au     4.113536031051    -8.865159892594    17.464854783835
Au     4.222160055627    -7.291130373339    15.034152880175
Au     4.150428067575    -5.931662763872    12.174469238429
Au    -0.447708564215    -2.184886984413     9.368590408696
Au    -1.564276585823   -15.629181041649    20.950002469335
Au    -1.417659228105   -15.042652302317    18.301936772594
Au    -1.516214009947   -13.457266300097    16.106660089503
Au    -1.386915998578   -11.610464084662    13.871466595214
Au    -1.189962046994   -10.377916370313    11.253313252493
Au     4.124249878709    -3.814753347269    10.377848562639
Au    -3.168243907178   -11.902138710391    23.456728336853
Au    -2.734316393072   -10.812994346175    19.940286712327
Au    -2.702111753505    -8.968840780620    17.595573394357
Au    -2.989236274567    -7.407777143610    15.012649542782
Au    -2.697151971167    -5.551714112924    12.600586930479
Au    -2.566524464015    -3.984749093278    10.346228029731
Au     0.763357199110    -9.472751696895    24.428142453462
Au     0.603501909926    -7.792177870570    21.958203217096
Au     0.524416787858    -6.108669869891    19.177116565198
Au     0.945299820135    -4.638766151218    16.919330976252
Au     0.796726990724    -3.011212946322    14.482536961007
Au     0.923110375141    -1.249864852626    12.314761591441
Au     7.268281275850    -1.030992093402    17.873437583730
Au     7.194454556846    -2.724326894630    20.234108626144
Au     7.264104808926    -4.336594587382    22.535223598738
Au     4.091349661859     1.658012814961    19.733504279855
Au     3.682475949847     0.003291181973    21.991785156753
Au     3.917058942200    -1.421981212578    24.482163864348
Au     1.352217181229     1.445356876517    19.220261780899
Au     0.861765617492    -0.179510474830    21.607620716373
Au     1.221846891674    -2.018378026437    24.180559023270
Au    -1.399890913867     1.458114696515    18.633049148147
Au    -1.663491662005    -0.857601895381    21.355799810253
Au    -1.562810541393    -2.512276202770    24.132498360745
Au    -4.051488143613     0.824972887111    18.722768496182
Au    -4.368380545975    -0.813090351729    21.096882984176
Au    -4.441919002144    -2.719808869521    23.387254350631
Au     2.136089901196     2.152804912521    21.895347607196
Au     1.852168026790     0.695740863151    24.181411375048
Au    -0.543624138549     1.921923532549    21.097796949382
Au    -0.724049332269    -0.047911099180    23.848629258183
Au    -3.170537770374     1.529954219488    21.061444501257
Au    -3.402646766997    -0.107552195257    23.498501577603
Au    -7.259138762786    -1.943450555558    16.677881294533
Au    -7.967424167002    -3.427053261011    19.724023710942
Au    -8.014660812344    -5.356960831767    22.141860247843
Au    -7.990950097883    -4.225939385123    14.927909789858
Au    -8.525651432516    -6.260878715527    18.001678306928
Au    -8.463060743992    -7.545201356409    20.463739359098
Au    -8.263216875844    -6.373254857005    13.105832960795
Au    -8.970292673373    -8.598171077822    16.418068617430
Au   -10.785750537131    -7.565654276080    18.868224521459
Au    -8.763198190017    -8.724739321574    11.671808310697
Au   -10.142166052738    -8.080833816891    13.996574490492
Au    -9.643801574584   -11.672618768338    17.069536423492
Au    -9.232334105728    -3.600739662415    17.240342330899
Au    -8.870734808853    -9.547001226817    18.738993375522
Au    -9.800773224761    -5.221115560850    20.135186792437
Au    -7.954661969925   -13.822983588156    17.090837098064
Au    -9.975065107828    -5.883398725283    15.549546380932
Au   -11.256177463589    -5.294845713613    17.701443476395
Au    -6.128931140135   -12.041693368964    10.535643418328
Au    -7.855921269339   -11.215363392953    12.342738387699
Au    -7.876094138175   -12.625007659020    14.647642951655
