         216
 AuNiAgCu    E (eV) =  -774.418701       T (K) =   550.000000       time (ns) =   1.80999994    
Au    -4.465874469271   -11.345338982590    26.613308677763
Au    -2.670584747837    -8.833893535556    26.068351695466
Au    -0.516453772325    -7.589680049713    23.890619401056
Au     1.772845968913    -7.237236880467    22.116594578258
Au     3.598755123029    -6.472660985043    20.124042683797
Au     5.790570191253    -5.597129880408    18.250032959151
Au     7.554851446645    -4.727172558594    16.388794497497
Au     7.206713598187    -5.240832401288    13.637701232973
Au     1.189338367893     0.156289119655    29.216575979867
Au     3.606195430664     0.962150156915    27.260652967225
Au     5.623295003261     1.676839235873    25.589984815065
Au     7.728294359059     2.049998453974    23.668629393987
Au    -5.848853283571    -0.281311179332    20.151622266650
Au    -3.850517623797     0.318617659413    18.407925850246
Au    -2.266788245931     1.536073403408    16.396601458818
Au    -0.312145123960     1.767979933515    14.663841085674
Au    -5.806459420043   -11.550439678633    16.789686014233
Au    -6.674801627030    -6.821784142526    13.427922151006
Au    -4.459526361336    -8.728113721121    13.029295388154
Au     0.057113407568    -9.622433529750    11.194913563460
Au    -4.042255120231    -9.252353475450    28.282631560357
Au     0.062514312229    -9.836022084531    25.852425796770
Au     1.989713509770    -9.273976232501    24.151205134127
Au     4.473890462849    -8.419095438474    22.195790578634
Au     5.981723155606    -7.738090800321    20.030709320166
Au     9.631303080015    -4.316373292895    18.423476862267
Au     9.620789261650    -4.159076651084    14.137830709790
Au    -1.697737196915   -10.573334094330    27.952016147194
Au    -2.200335474074   -11.079789320556    25.011716637363
Au    -0.352614735663   -10.171410844436    22.931766544395
Au     1.824505907429    -9.900660633060    21.297002848793
Au     3.676628826138    -9.034962242581    19.456969301862
Au     5.831503407118    -8.335988006554    17.275603769020
Au    11.016938850728    -3.808431700216    16.329751625368
Au    -5.055715453796    -9.156644895387    25.013786848078
Au    -2.988108806892    -9.126484485875    23.271404457751
Au    -0.754553711962    -8.204102261984    21.125339895761
Au     1.180520488042    -7.739401708287    19.411836649953
Au     3.236773678621    -7.079425610275    17.424203488782
Au     5.157555029802    -5.869917360901    15.436483201847
Au     7.360830419638    -7.340022743490    15.351190557570
Au    -5.011366593848    -6.728109141256    26.179360068571
Au    -3.022713233484    -6.545116740980    24.324118311129
Au    -0.558610964590    -5.579052565699    22.035348378942
Au     1.330471262608    -4.892939749423    20.079667180903
Au     3.304719745853    -4.285092313840    18.159022525322
Au     5.215760975715    -3.237986596084    16.211407610904
Au     9.764168619173    -6.057638834964    15.999430471505
Au    -3.263634671763    -6.705519662889    28.040555402979
Au    -1.132573862293    -6.349480209131    26.175919949049
Au     1.193303069203    -5.483118309127    24.358467974718
Au     3.055206191052    -4.653066868772    22.281438068729
Au     5.231531660841    -3.797100135140    20.400035701553
Au     6.972866543162    -2.916218902349    18.272314568748
Au     7.100911820884    -2.610501413299    14.536068120992
Au    -5.547140450177   -10.092030345248    22.245861708960
Au    -3.261902327644    -9.443020507315    20.316066504815
Au    -1.122757180383    -9.139024859481    18.510634227319
Au     0.952800907363    -8.483060856236    16.547001767819
Au     3.037605382924    -7.465300839932    14.638249192418
Au     5.175088838805    -7.144477738491    12.865433611279
Au    -5.138137685877    -4.503255863411    24.015127130003
Au    -3.081639959963    -4.259691238807    22.047412282440
Au    -0.875423186822    -3.264726810987    20.372197603875
Au     0.795593203083    -2.632174981145    18.395094652254
Au     2.631503390242    -1.755737564750    16.145177267660
Au     4.821497881338    -0.860180149338    14.445267308825
Au    -1.636665754369    -4.536699216325    28.508323570339
Au     0.293756771612    -3.755975525466    26.397983920978
Au     2.435584302631    -3.014406959588    24.900626699406
Au     4.557312480456    -2.218584350108    22.493446910965
Au     6.669064432993    -1.458053539386    20.700166973249
Au     8.714031089269    -0.799521237584    18.836111389037
Au    -5.667935200434   -10.448460837817    19.554134503736
Au    -3.610633387837   -10.265789435518    17.590551453804
Au    -1.347278901983    -9.836991239617    15.765302939230
Au     0.585790780555    -8.612267671892    13.740137779976
Au     2.519462741090    -8.237978432415    11.979388779251
Au    -5.846027922231    -2.654590673750    22.233132218250
Au    -3.659365911421    -2.120945157014    20.337236336796
Au    -1.755233175366    -1.270802546047    18.572265753448
Au    -0.036404636574    -0.334944748033    16.548025671045
Au     2.153574349319     0.135607926492    14.335216413956
Au    -0.300549776328    -2.269800445483    28.765682626969
Au     1.884943595359    -1.143204961739    27.057065188071
Au     4.274624451008    -0.714826608774    24.961218662711
Au     6.281715333737    -0.177822193727    23.183007045744
Au     8.075843044130     0.760933860702    21.029602039700
Au    -5.291367896342   -13.201307068837    18.887031591181
Au    -3.442931100091   -12.830014441635    16.973768327370
Au    -1.497349552888   -12.288958620679    14.892089724005
Au     2.908516604477   -10.182741188145    14.057416063998
Au    -6.045091450157    -3.020124754442    19.522983788347
Au    -4.140047923434    -2.148859346687    17.441044270049
Au    -2.217804553028    -1.418617297610    15.570885839641
Au    -0.182037209480    -1.214425720913    13.664124569561
Au    -0.616548996052    -0.119349838785    27.027973615466
Au     1.716966908253     0.516229180884    24.848116526164
Au     3.857287398764     1.677397561199    23.131564776048
Au     5.787716650827     2.337221190188    21.443655350633
Au    -6.303013244079    -5.480238659960    18.599446611934
Au    -4.019091373646    -5.081270586958    16.670112562951
Au    -2.116874019294    -4.251769187628    14.843185344432
Au     0.042847925646    -4.128314104080    12.794311882155
Au    -2.455183542770    -0.115253084932    25.025586483838
Au    -0.475821056024     0.459085868546    23.071340543971
Au     1.912734946000     1.762872770787    20.687496474020
Au     3.844064204838     2.162356757271    18.932828559057
Au     2.099784101122    -3.275358053281    28.763716333060
Au     4.228986604361    -2.882350812045    27.055930783313
Au     6.357303137719    -2.334118389416    25.054707672061
Au     8.480995868562    -1.529581133205    22.648924533511
Au    -5.899799824794    -8.666138293368    17.619667135874
Au    -3.842457949011    -8.020386040104    15.629164690717
Au    -1.904167640428    -7.373725350287    13.775592009247
Au     0.156288934831    -6.853887728644    11.763000793582
Au    -4.662290888429    -0.225856383989    22.393905083635
Au    -2.385940443485     0.355152254379    20.716691194686
Au    -0.250539214814     1.168622453034    18.680852463314
Au     1.793303859215     1.937679226273    16.637805600268
Au    -5.658257390302   -12.715895229885    21.347677717961
Au    -2.997774598560   -12.055894081440    19.454432183245
Au    -0.932866229507   -11.970469562976    17.552322407761
Au     1.068954390622   -11.321076875203    15.893302328423
Au     5.173263932633    -9.143253982535    14.809991510073
Au    -5.721559497904    -5.288659796113    21.355646059500
Au    -3.719704547024    -4.814451713513    19.331230026655
Au    -1.362843959718    -3.935634963616    17.559403801855
Au     0.443466178920    -3.157192117934    15.390676733920
Au     2.360713077198    -2.587625620594    13.597857363206
Au    -2.052510683850    -2.606650550202    26.519957115158
Au    -0.031175241368    -1.627162124536    24.616409866277
Au     2.217164592634    -0.659678462221    22.480157206184
Au     4.304992708839     0.167983416745    20.707051366111
Au     6.463957669246     0.648062227567    18.856451091062
Au     0.578033974949    -5.850328198832    28.335482971688
Au     2.756918238819    -5.188811542164    26.584450326487
Au     4.935243928807    -4.340922040960    24.754014652193
Au     6.917569028975    -3.765069342689    22.715029712614
Au     9.079755196656    -2.788209193466    20.517027308316
Au    -5.901247675121    -7.924565012364    20.410559558771
Au    -3.719798617456    -7.447578684725    18.499164343797
Au    -1.477225893154    -6.955426133070    16.470333099570
Au     0.519993586198    -6.095915219150    14.612970792960
Au     2.568531109928    -5.606847360447    12.927720564655
Au    -4.122184157296    -2.134023464716    24.503947166386
Au    -2.080792327968    -1.811033721892    22.551466883688
Au     0.327867359719    -0.802307851599    20.500022276841
Au     2.195150796221     0.082712932300    18.584570217859
Au     4.173784623923     0.822616711662    16.713515015728
Au    -0.878551078951    -8.091689079704    27.901864142676
Au     1.490224309899    -7.670544133071    26.091184555084
Au     3.613119295402    -6.719592048158    24.057909379308
Au     5.512926275262    -5.946285760107    21.909516210524
Au     7.629480443891    -4.995726497293    20.198617662972
Au     9.005077513587    -1.954141891308    16.176736179926
Au    -4.657213942418   -11.524222404954    24.042411687147
Au    -2.654667517698   -11.527912494864    22.014785446680
Au    -0.475862624168   -10.983922028426    20.474712653994
Au     1.335531662363   -10.457299078924    18.453250163091
Au     3.319032071303    -9.986652057360    16.800479754910
Au     8.222491237507    -6.843292463691    18.107732465962
Au    -5.878757937323    -7.409942105749    23.052130136465
Au    -3.144663317274    -6.785942306783    21.377916610577
Au    -1.371244283192    -6.261591872585    19.059213638475
Au     0.817469947408    -5.811798853539    17.289748115430
Au     2.632819041571    -4.534808582431    15.587946276678
Au     4.560798612653    -3.968773993603    13.416050136887
Au    -3.473090702883    -4.652437294697    26.349698681837
Au    -1.669362594313    -4.005558554275    24.212368980010
Au     1.104193703712    -3.042435586333    22.467564273969
Au     2.792706093723    -2.434249035099    20.264006358018
Au     4.485851463379    -1.673589923679    18.330751956377
Au     6.539548912180    -0.887806095629    16.651003901868
Au     7.700741079395     0.121772053275    25.520846412573
Au     5.611891741429    -0.623932478455    27.499008325017
Au     3.563877177517    -0.995300442311    29.140832257132
Au     5.188209937004     3.850174372424    23.645311643195
Au     3.373527505688     3.077929554973    25.540839932068
Au     1.125792567780     2.169261395213    27.098625081646
Au     3.444765965375     3.845663237618    21.301071287461
Au     1.359002155721     2.932685658906    23.157975883506
Au    -1.049453372448     2.033666456179    25.253062669572
Au     1.654198298531     3.728638268438    18.936544455954
Au    -0.555550143651     2.530667475054    21.004381292076
Au    -2.842774584606     1.749369278377    22.832583164163
Au    -0.525872889899     3.599500452238    17.320488501969
Au    -2.534336263804     2.745812538200    18.765741615458
Au    -4.647012580819     2.013882242796    20.271100599748
Au     2.946436642418     5.157452513379    23.606814274809
Au     0.563161335066     4.242266655189    25.230554522070
Au     0.915574653868     5.201263353181    21.781392686014
Au    -1.243894914950     4.139208634396    23.118347363021
Au    -0.779931065521     4.812610655616    19.776300731901
Au    -3.016164755024     3.887943318094    21.193266234410
Au    -2.494787384526     0.374073483152    13.589804140245
Au    -4.590968125860     0.052544804799    15.532790579140
Au    -6.270902816824    -0.818657283132    17.641632907665
Au    -2.448405933733    -2.491646205784    12.598112912883
Au    -4.355241375831    -3.061504203232    14.560213143609
Au    -6.498031033024    -3.423632890680    16.665805992339
Au    -2.206470483798    -5.150286688649    12.051711888228
Au    -4.286436363930    -5.668776112564    13.794469967341
Au    -6.438253276627    -6.466864135621    16.065139082468
Au    -2.179779441448    -7.886187101715    11.116938726227
Au    -4.976863585567    -6.606918712604    11.243119345831
Au    -6.139243431257    -9.352648984591    14.899262260472
Au    -4.630511368055    -0.863993968488    12.775160420249
Au    -6.699802385376    -4.188542146208    14.061864852432
Au    -6.945354991443    -2.219331287432    12.090898163753
Au    -6.469823409570    -1.461813514071    14.657831422961
Au    -4.655029635734    -3.957792952242    11.513989698233
Au    -7.005475447796    -4.972392556669    11.503551465775
Au     0.488358722202   -11.427583756122    13.130769942631
Au    -2.084357421687   -10.010935799899    12.951384353873
Au    -3.728152893207   -10.698723879198    14.984904045773
