         216
 AuNiAgCu    E (eV) =  -775.474182       T (K) =   550.000000       time (ns) =  0.119999997    
Au     2.516295336156    -0.229796931291    15.418784905709
Au     2.577257200041    -1.674429870584    12.897950784932
Au     2.251422135326    -2.699099415628    10.143493708497
Au     1.930410353454    -3.587877719162     7.507196477181
Au     1.671005685982    -4.536524999857     4.618793241408
Au     1.396705617219    -5.232554946326     1.885731857588
Au     1.025281869876    -6.555315728492    -0.532678659792
Au    -0.028896721362    -8.650836630643    -2.310714847507
Au     9.816982668544     2.235347781020     7.741124314049
Au     9.782449491863     1.739703430248     4.986778968656
Au     9.627322440043     1.212992019221     2.002619016603
Au     9.075757381021     0.388693424730    -0.661194269618
Au    -0.549618446206     6.386286355931     7.438123940962
Au    -1.148948855931     5.628471660786     4.864571178835
Au    -1.285029840173     4.700117996416     2.238461570393
Au    -1.721322112698     3.796552281323    -0.459881347719
Au    -7.401112308179    -2.420664507716    10.437201918648
Au    -8.381437980657    -3.246156222118     7.834311871722
Au    -8.376245710961    -3.894104544252     5.040983973756
Au    -8.465405111153    -4.556754141932     2.307488139070
Au     4.662635682411    -2.162410395104    14.696277219404
Au     4.224090096913    -3.520586228797    12.022527906592
Au     4.048159281475    -4.526149318479     8.776182971488
Au     3.837575481437    -5.497648617257     6.095479372355
Au     3.900582070742    -6.229783947134     3.413698348562
Au     3.486877009151    -7.016124249821     0.726722619138
Au     3.036246946347    -7.685924511508    -1.718861843606
Au     1.918548586123    -2.781916252120    15.060350731111
Au     1.718666841050    -4.294851701990    12.456676048806
Au     1.516201842697    -5.271551444974     9.915752659029
Au     1.571256944170    -6.397003573694     7.391831637483
Au     1.980131116827    -7.197818189581     4.629962677323
Au     1.286378383244    -8.374325865364     1.882446455907
Au     1.715623957643    -9.642314878807    -0.500507682015
Au     0.053613219190    -1.085358443728    14.266485574683
Au     0.098754730153    -1.894375675709    11.890584843602
Au    -0.435069076316    -3.020792795468     8.781041252552
Au    -0.762931561780    -4.138170533064     6.211923074239
Au    -0.994256613634    -4.693344730762     3.535757730418
Au    -1.413583063847    -5.685583115441     1.096395780098
Au    -1.444981991564    -6.352729293086    -1.802004768666
Au     1.985765150232     1.114384238193    13.353742375564
Au     1.561480366548     0.316168508749    10.853132502625
Au     1.094829538398    -0.643363134161     7.996756230330
Au     0.966586285904    -1.873734385877     5.431128732213
Au     0.467753985110    -2.603909867267     2.382707608450
Au     0.339170340636    -3.901521444967    -0.324956146734
Au     0.503401387475    -4.472837544228    -2.901148673581
Au     4.682466010785     0.250903917195    13.634836833415
Au     4.329815025445    -0.907200564811    10.725601492577
Au     3.723444713025    -1.670184143395     8.010396061170
Au     3.834825361957    -2.778435121808     5.542544285723
Au     3.459016112488    -3.460634333987     2.435111483234
Au     3.021393473625    -4.428372737593    -0.180080600696
Au     2.952916168833    -5.357277045555    -2.639708989845
Au    -2.571660128062    -2.056048559259    13.035143223157
Au    -2.664957488907    -2.800509017376    10.455746184648
Au    -2.948396807434    -3.502411313838     7.716051175893
Au    -3.451573511094    -4.607173468854     5.345143240380
Au    -3.667862331272    -5.393573900805     2.674379191377
Au    -3.765721225899    -6.002986244995    -0.083616460882
Au     1.332274135418     3.030922083921    11.350888165613
Au     0.584610976562     2.166321996250     8.831985555334
Au     0.364266057735     1.131901211169     6.181752797157
Au     0.130582630092     0.304396937438     3.275483587519
Au    -0.151439397625    -0.761816185526     0.382277219758
Au    -0.663372797860    -1.900046722596    -2.119129723723
Au     6.464124595816     0.642097606530    11.600048487571
Au     6.078486224175    -0.144444249214     8.657845632170
Au     5.791875456687    -0.998817693151     5.945410175774
Au     5.511486339378    -1.751659969777     3.159586363218
Au     5.323328550025    -2.699499991463     0.458276405236
Au     4.752401082193    -3.136671887666    -2.099935025618
Au    -4.976848730916    -2.309499905102    11.907570779072
Au    -5.248274463231    -3.005277315932     9.331105789007
Au    -5.867137425295    -3.624066158806     6.634038281657
Au    -5.914523436307    -4.738019902822     3.978910646237
Au    -6.233254933397    -5.341718036884     1.314969853608
Au     0.186709359339     4.896820017844     9.511765952637
Au    -0.444048112171     3.822852823869     6.775755993160
Au    -0.095245765743     2.786337567498     4.094779047148
Au    -0.795569524624     1.960731748647     1.276266117265
Au    -1.227069835253     1.015692252166    -1.392221758903
Au     8.308543297051     1.071411573549     9.719248871284
Au     8.097962290894     0.474350883804     6.891745005633
Au     7.939003548299    -0.249153526894     4.165731543027
Au     7.549880426071    -0.503155322508     1.524376334888
Au     6.845769824915    -1.277751841299    -1.155956429832
Au    -5.414646319493    -4.756423770154    11.424124769430
Au    -5.429998638752    -5.764622851910     8.647908352508
Au    -5.308738155640    -6.698144836521     6.013979333788
Au    -5.424546693594    -7.400433521655     3.194213033191
Au    -2.588611291113     4.536082663438     8.731873975680
Au    -2.859250587590     3.342598554382     5.711419071277
Au    -3.199028849655     2.364762781809     2.962405309539
Au    -3.427383121541     1.559158729101     0.256724089284
Au     7.424956778420     3.461760963499     7.844875771662
Au     7.127283711053     2.528730027898     4.889827046904
Au     7.024405100371     2.005087122860     2.073066817040
Au     6.566511304997     1.434767493124    -0.467618908739
Au    -4.044351889082     1.826787976449     9.488258901378
Au    -4.589205530881     1.064737461183     6.571849915941
Au    -4.717411674625     0.097670652715     3.806016696354
Au    -4.946400720598    -0.503037979593     1.269048334407
Au     4.794163273207     4.639847719954     7.675299722937
Au     4.224375425404     3.444365992447     5.037192268807
Au     4.255228290738     2.782315779788     1.812498354077
Au     3.627056320640     1.940685446169    -0.899398223720
Au    10.100160118121    -0.655454283418     8.353986174754
Au     9.816043179368    -1.195957096644     5.861126002260
Au     9.547682722471    -2.170111468621     2.736792133935
Au     8.989626881024    -2.488907258940     0.054790997485
Au    -5.800555279270    -0.270231545509    10.183837316155
Au    -6.513804836423    -1.136801671285     7.665627782568
Au    -6.691388525785    -1.841039763301     4.698633924568
Au    -6.859556916695    -2.599664780119     2.125355135703
Au     2.147161036179     5.665662116079     7.530604778662
Au     1.552652103809     4.683347739466     4.911799207466
Au     1.435829611962     3.629876409352     2.110127756457
Au     1.086405158696     2.698764046392    -0.581384365043
Au    -3.264768215168    -4.567487099710    12.850017874695
Au    -3.057675068175    -5.554282980845    10.094387368516
Au    -3.072071635051    -6.578028492051     7.290752961997
Au    -3.153931120257    -7.407037607903     4.499828847774
Au    -2.751204799607    -8.006860494936     1.761310778143
Au    -1.723662944534     2.565135779133    10.595499591286
Au    -1.859212562276     1.823813626523     7.843929590241
Au    -2.256567458555     0.522155040545     5.202185529266
Au    -2.426050448288    -0.144555477984     2.181011373537
Au    -2.673530874527    -0.934191605077    -0.481109021094
Au     5.713552597066     2.574628847784     9.576219766069
Au     5.297501814755     1.707103665006     6.848219748052
Au     5.129985589225     0.821826648604     3.876505191286
Au     4.657701598358     0.014772149806     1.287292005165
Au     4.123750431217    -0.460869378131    -1.601414082225
Au     8.330273803584    -1.527251769462    10.293116724089
Au     7.715872203262    -2.210280940505     7.748249696534
Au     7.734616954946    -2.696175223982     5.026750628833
Au     7.386022461818    -3.497161019381     2.204599498420
Au     7.201423511918    -3.871093712857    -1.090777864993
Au    -3.316649220883     0.205512354335    11.529032043392
Au    -3.757082805261    -0.751705830976     8.560684498159
Au    -4.003768421495    -1.576126156146     5.971927862147
Au    -4.332868174124    -2.774660108480     3.472462646955
Au    -4.489300755244    -3.302451483813     0.715602506467
Au     2.948216834076     3.843618629406     9.320591408208
Au     2.357992790505     2.814977962400     6.787665005338
Au     2.364571096251     1.587721605121     3.951811773386
Au     2.102765914130     0.941263699919     1.171647852515
Au     1.550978774972     0.022192428014    -1.733476076249
Au     6.470619101680    -1.857708275130    12.228745636918
Au     5.774093164544    -2.851359952732     9.592812346356
Au     6.007714411394    -3.957507884540     6.942891677726
Au     5.462547141656    -4.353666313299     3.943175275291
Au     5.712302605254    -5.388850276721     1.445924777647
Au     5.204874553023    -5.693782902486    -1.176621825276
Au    -0.457218609880    -3.872064090919    13.821337237654
Au    -0.619907039391    -4.614594681394    11.229635270987
Au    -0.899637251841    -5.809674372368     8.495298874072
Au    -0.618222128595    -6.717560957291     5.899796469892
Au    -0.618064737538    -7.338465401346     3.241841996037
Au    -0.797366282848    -8.388069692672     0.201233586573
Au    -0.429841413546     1.149325005937    12.391051533056
Au    -0.949850636174    -0.378648169020    10.017810355949
Au    -1.317377913710    -1.114151681164     7.031206848447
Au    -1.596481126692    -2.063779920999     4.327106793459
Au    -1.912085248603    -3.019258596141     1.591058054185
Au    -2.151873904604    -3.925202494905    -1.016701629740
Au     3.898902721039     1.920496603522    11.492199017285
Au     3.365163915178     1.054075797473     8.868621900640
Au     3.040711580680    -0.185929475521     5.931179400098
Au     2.858021365729    -0.807727799842     3.216166261168
Au     2.503944631640    -1.739577204597     0.352368619699
Au     2.107710106097    -2.625349935303    -2.273517477632
Au    11.069487379338    -0.681471714707     0.926632677483
Au    11.200619563474    -0.457851402636     3.577495857382
Au    11.690312044305     0.658610372196     6.558324345369
Au     8.607941882865     2.979359839875     0.120902868730
Au     9.233642175419     3.605426143138     2.895060022762
Au     9.013252432958     4.269012153441     5.582137450254
Au     6.007454833870     4.082965525889     0.167815821289
Au     6.241498313256     4.365277339841     3.025974236139
Au     6.600011726358     5.197114025568     5.631440140904
Au     3.154956283606     4.536866850499     0.090841841569
Au     3.539310599419     5.177107195258     2.920306042989
Au     4.163651312995     6.411680831637     5.686053646353
Au     0.492547805374     5.290929770853     0.166371822522
Au     0.870981668615     6.428256880129     2.921554520657
Au     1.285441190411     7.353845116033     5.452751390599
Au     7.982988101007     5.713711360226     1.120784710121
Au     8.384809249513     6.253327025259     3.749907453802
Au     5.239439669857     6.276980781307     1.293867788316
Au     5.745673627672     7.050666099589     3.877596973058
Au     2.470474652578     7.079900047267     0.807275515253
Au     2.923963373066     7.818088021196     3.423132224109
Au    -3.766994316736     4.261055164622     0.841761262937
Au    -3.572126229845     4.958682619097     3.775237840522
Au    -3.240564172133     5.877358205755     6.584481825933
Au    -5.638431341367     2.541231368366     1.945353449797
Au    -5.292590908217     2.949898616698     4.681271811919
Au    -5.069145548828     3.829773019965     7.396029329967
Au    -7.255894991112     0.140642043566     2.516459533200
Au    -6.958822849448     0.879373326088     5.271992152141
Au    -6.699060027840     1.551357459115     8.064774636752
Au    -9.015611862199    -1.935045291149     3.436751736708
Au    -9.043360288048    -1.106558423940     6.107003412081
Au    -8.999975064104    -0.570871592527     8.699999559164
Au    -6.611496953060     4.667243016123     3.035125897659
Au    -5.616329535035     5.525816059332     5.382780352524
Au    -7.989110389491     2.580267741306     3.434964849877
Au    -7.380474787314     3.665836438062     6.256265119398
Au    -9.522073428642     0.638337118716     4.090955699323
Au    -9.033006422143     1.564591281035     6.796577092923
Au    -7.758379846008    -6.437278268508     4.208985280070
Au    -7.589039716835    -5.652475657138     6.944028248430
Au    -7.626007068396    -5.063077724373     9.875350380296
