         216
 AuNiAgCu    E (eV) =  -774.307373       T (K) =   550.000000       time (ns) =   1.38999999    
Au    -2.005783180973   -15.162042456111    29.725725939704
Au    -0.542798995617   -14.486511242111    27.651301264452
Au     0.636762377177   -14.343583644984    24.815297979319
Au     1.171390589857   -13.819823162670    22.170450780516
Au     1.927179798986   -13.296959780475    19.402147223653
Au     3.050439176039   -12.648088454896    16.875137261410
Au     3.312129422810   -11.667305119767    14.238698393793
Au     4.114699362915   -10.576797002509    11.873139655420
Au     8.655629199830   -10.726643972454    28.614944476425
Au     9.700739338943   -10.220981142425    26.074651731924
Au    10.664554636431    -9.674973117129    23.640159563425
Au    11.267717292647    -9.563032162562    20.487615130795
Au    -0.085481753623    -4.669536949603    26.772186896490
Au     0.396873035975    -3.677211293439    24.240140242215
Au     1.131806106401    -3.160090243931    21.546571616655
Au     1.993865888061    -2.713618277712    18.890083261207
Au    -8.813850998210   -11.297077188901    22.694431859956
Au    -8.496405889498    -5.781612370565    21.711714411660
Au    -7.901304082384    -7.444719168788    19.477716558664
Au    -6.339120260390    -9.047978823486    15.141842762559
Au     0.099052936083   -16.804095623946    28.917568068064
Au     0.467642243219   -16.971297750312    26.267083523829
Au     1.357710018751   -16.734885805536    23.657566107796
Au     2.311537799308   -16.220250738431    20.907987806777
Au     3.058537396947   -15.919585699342    18.322176037956
Au     3.294454387016   -15.073441835121    15.609729437949
Au     5.491228847622   -12.743991401398    12.045402115211
Au    -2.237530341803   -16.618704428729    27.149691973470
Au    -1.277104759355   -16.224493865369    24.262172985706
Au    -0.721553423138   -16.006985191784    21.738731414521
Au     0.274893073426   -15.350568559786    19.386058972366
Au     0.935649881569   -14.640833919486    16.757651575563
Au     1.603817441251   -13.750229824154    14.056365158706
Au     3.888058258813   -14.631689579407    12.978188515990
Au    -3.606860603485   -14.468444643813    27.785368653179
Au    -2.331152026166   -14.160044288274    25.353895063200
Au    -1.341068695804   -13.386231915377    22.718608006508
Au    -0.640838520481   -12.511341531135    20.291028061273
Au     0.171047697840   -11.894851723681    17.754055830140
Au     0.724919136833   -11.010872975378    15.100372967203
Au     1.724270552669   -10.067727861546    12.572341528657
Au    -0.785309339546   -12.716739965000    29.598829803611
Au    -0.195886371415   -12.128768729077    26.613825039352
Au     0.693554417889   -11.464133686658    24.015023196893
Au     1.542937797767   -11.020009305590    21.239031649013
Au     2.240686675937   -10.443186674683    18.683924735326
Au     3.143863700588    -9.403111119719    15.923406373836
Au     3.895443170636    -8.409922644603    13.427917861502
Au     1.324278784760   -14.697231018675    29.827856585805
Au     2.215266975620   -13.715050764853    27.512914499873
Au     2.946301323439   -13.149513885798    24.729651988368
Au     3.583328802553   -12.510205636893    21.882252487760
Au     4.449270110704   -11.862674034009    19.071528343663
Au     5.269675161717   -11.189885206262    16.436385025700
Au     6.099506368291   -10.942462648946    13.940946510381
Au    -5.185588315453   -13.142948215980    26.090570472349
Au    -4.132899257593   -12.690085621029    23.637801906295
Au    -3.311414916148   -11.968169550159    21.210998073684
Au    -2.546941347642   -11.427115021772    18.739686191021
Au    -2.095173929019   -10.507933004970    15.817263616645
Au    -0.964967433283    -9.721382156440    13.118574291163
Au    -0.910286312394   -10.101190395063    28.270905560998
Au    -0.239376653322    -9.322050675369    25.824971606448
Au     0.842793814884    -8.740364267115    23.238063910374
Au     1.640032663696    -8.262530357119    20.547260588861
Au     2.638697722199    -7.397342439797    17.815751097778
Au     3.271250301995    -6.702014303779    15.253779808755
Au     3.950650578052   -12.958851052842    29.541625830878
Au     4.920633991353   -12.730610302426    26.894157350387
Au     5.294953942271   -12.027337239351    23.920637101851
Au     6.394877023225   -11.433227137404    21.386309940834
Au     6.883086032163   -10.697494017192    18.802638387130
Au     7.792789368604   -10.266178115001    16.003909796003
Au    -7.059830113261   -12.192841403307    24.461374424467
Au    -6.335229724421   -11.699227930266    21.837864270204
Au    -5.360871473616   -10.950615614415    19.545568681119
Au    -4.536633550800   -10.092315459044    16.840189115800
Au    -3.941974919073    -9.422792913636    14.085146677478
Au    -0.757707533602    -7.480975598866    27.696492916933
Au     0.163328782081    -6.662344121220    25.037716290005
Au     0.969748685274    -6.130698536779    22.343649616611
Au     1.728303094166    -5.404974054991    19.667177055006
Au     2.764001201529    -4.768959333027    17.114139602015
Au     7.054111308229   -12.852768902896    28.592637483227
Au     7.327576839472   -11.481209035233    26.077661012407
Au     8.181833339489   -10.622336344445    23.557786765652
Au     8.895254449130   -10.486861099471    20.771105365574
Au     9.774195953209    -9.771454766353    18.169344968092
Au    -7.992218953884   -13.588619166678    22.386651553032
Au    -7.465853390866   -13.076341669075    19.530679630391
Au    -6.285282980899   -12.068550139401    16.972871479135
Au    -2.774932773320   -11.848475785961    13.464902900383
Au    -2.552438184876    -6.361879379642    26.046941046221
Au    -1.871524475062    -5.684299441133    23.319501739763
Au    -0.853952062537    -4.732327168135    20.837888584567
Au    -0.009459522332    -3.990928483868    17.834659843417
Au     6.552017181516    -9.107605598171    28.349252137597
Au     7.205607396485    -8.507177415329    25.795456569694
Au     8.041473268844    -7.967223684270    22.758847584609
Au     9.319421750454    -7.743447447393    20.264058657664
Au    -4.805494891239    -7.843145559898    25.105575936261
Au    -3.947157418602    -7.233634271943    22.567653259322
Au    -3.263862653920    -6.301133513532    19.959115506527
Au    -2.305283157225    -6.062494709020    16.888089370263
Au     4.077058620393    -7.578463524669    27.712455094800
Au     4.992446154282    -7.215315621193    25.125722215887
Au     5.725747376590    -6.381642128682    22.508703799822
Au     6.920720499410    -5.860229973129    19.625783712376
Au     7.363597989053   -14.340428651542    26.487223441478
Au     7.836716416901   -13.366567689450    24.076196345591
Au     8.860291395937   -12.964600199878    21.574418099989
Au    10.119912206907   -12.203272008296    19.218398021432
Au    -7.083868288177    -9.408020707140    24.046864418599
Au    -5.953661086056    -8.727900925590    21.133538636241
Au    -4.970585473158    -7.897298821497    18.693066757410
Au    -4.571649953109    -7.193186624803    15.879485855962
Au     1.856174189118    -6.348031131782    27.401200710516
Au     2.516842298838    -5.635764382399    24.512880580444
Au     3.432990074381    -4.807841330519    21.950651397408
Au     4.524256613408    -4.411163261905    19.289935021513
Au    -5.936230063078   -14.720621916839    23.644703231984
Au    -5.234297569786   -14.165048776464    21.234056104945
Au    -4.886226027954   -13.570374002578    18.838777888191
Au    -3.447319086952   -12.797169621512    16.041031795989
Au    -0.006888987854   -12.154187525653    12.747923611284
Au    -2.913955005301    -8.986712595867    26.750060201445
Au    -2.157525363049    -8.327536989762    24.142300844694
Au    -1.383471217772    -7.520060344771    21.555468341099
Au    -0.371890255264    -7.071985105209    18.860877499876
Au     0.390485710663    -6.325883689866    16.450445065470
Au     4.092567584964   -10.195844694695    28.572633435264
Au     4.851083683224    -9.785864554570    26.228434897835
Au     5.764046401064    -9.258227381629    23.132436899909
Au     6.454523093935    -8.571861231489    20.606500964337
Au     7.506522395510    -8.112034839538    18.148443464666
Au     4.931754917126   -15.349581921235    27.229731310028
Au     5.502197496934   -14.408317590984    24.772579379194
Au     6.177155371673   -14.429632238995    22.070488216634
Au     7.253712215195   -13.236545216178    19.515746153371
Au     8.058436569181   -12.730030948132    17.203099943264
Au    -4.732383207298   -10.518862243470    25.614424515729
Au    -4.209251656519    -9.847554417886    23.022489588899
Au    -3.216591307245    -9.255632247941    20.386300999508
Au    -2.442292383197    -8.607694499077    17.932117077477
Au    -1.690810704322    -7.679273815488    14.930751226962
Au     1.462983415966    -8.803583927719    28.443761042568
Au     2.522543041611    -8.282018605439    25.636166586859
Au     3.446346377984    -7.713944703875    22.858734637843
Au     4.047915016820    -7.102270714650    20.048163169127
Au     5.310277358614    -6.480817742710    17.616443434288
Au     2.590702399036   -16.367012540953    28.282550543297
Au     2.820368112787   -15.736775668040    25.624837657502
Au     3.646093932496   -15.021127469067    23.086165576800
Au     4.700669709224   -14.571146349110    19.948617408141
Au     5.578645583850   -13.957481657691    17.541285522568
Au     5.253361808909   -13.463307061991    14.894390932453
Au    -4.293517408757   -15.886788154652    25.572949583450
Au    -3.354124158496   -15.375925819846    22.803545236563
Au    -2.638722889586   -14.585463033341    20.344289431907
Au    -1.460846810822   -13.937776924963    17.845513610517
Au    -0.886053215852   -13.207018138066    15.234848691525
Au     2.623643875160   -12.878739958590    11.576873150592
Au    -2.972927077791   -11.519630432375    27.595059031146
Au    -2.218572352023   -11.219253001047    24.890957341332
Au    -1.325876312362   -10.509703737465    22.460813519518
Au    -0.454508856675    -9.864755198322    19.864382890390
Au     0.132839300896    -8.930842018053    16.869818843733
Au     1.111714098295    -8.279130666410    14.552979119176
Au     1.723804499756   -11.422075727279    29.186531653524
Au     2.280848815505   -10.916921709887    26.516397222818
Au     3.139779337940   -10.226414432690    23.841654708921
Au     3.963735855964    -9.776463436144    21.073107145634
Au     4.739905853683    -9.078450334623    18.216337088541
Au     5.522879659878    -8.559919613410    15.550068043179
Au    11.312291760095   -11.880952479868    21.911829040185
Au    10.177631619323   -12.198309804047    24.512014859488
Au     9.429114506900   -12.962206188580    26.910121850114
Au    10.551622249427    -6.837578727400    22.469343672349
Au     9.784915740600    -7.305758580190    25.020549460777
Au     9.140463261659    -7.933348991520    27.567168348805
Au     8.324198287481    -5.369259825933    22.018120876403
Au     7.582080780470    -5.765299169342    24.945881421367
Au     6.920514440929    -6.473798120338    27.511182775358
Au     6.199734116420    -3.809212001337    21.514415407216
Au     5.100959449034    -4.308464569692    24.459957569491
Au     4.432743085728    -4.959787667322    27.029556444610
Au     3.918764415838    -2.491828590638    20.886075012378
Au     2.966090442255    -2.795863323632    23.835999887050
Au     2.192942142636    -3.492180454970    26.160206242836
Au    10.009012993019    -4.448205983319    24.647141917049
Au     9.332077440454    -5.245451666985    26.863356157676
Au     7.746659442729    -3.285163019558    23.942082478804
Au     6.961124010423    -3.754765395194    26.588461591563
Au     5.250653682327    -1.798460693579    23.236137637676
Au     4.713252886052    -2.142263242209    25.828078452071
Au    -0.674343551765    -2.269891626420    19.717458953360
Au    -1.836148734840    -2.899270584468    22.540455602977
Au    -1.994981362260    -3.780942421784    25.247637407682
Au    -2.716443220195    -3.886787693187    18.580795747983
Au    -3.949703276573    -4.125157258715    21.407205894498
Au    -4.419181626393    -4.936607938511    24.149713331611
Au    -5.128700939331    -5.387653840126    17.859088471486
Au    -6.060612607483    -5.681702845599    20.395006854380
Au    -6.684406174722    -6.700005583110    23.517901700298
Au    -7.202727235898    -7.027867768845    16.867056941008
Au    -7.823728808288    -4.988369456789    18.402541464442
Au    -8.642848857630    -8.389177612121    22.198449374567
Au    -2.992921907057    -1.711246040024    20.356513168322
Au    -4.102407647222    -2.339896256971    23.949567145115
Au    -5.530093058096    -2.005885795400    21.864333438402
Au    -6.666039931735    -4.287965633831    22.902899072326
Au    -5.230498214004    -3.017527950241    19.190958451442
Au    -7.621112565529    -3.391518510440    20.368767719028
Au    -5.258149203754   -11.629037568492    14.517983244221
Au    -7.039465802506    -9.594457874418    17.816764085298
Au    -8.070194535364   -10.218744962646    20.335434248060
