         216
 AuNiAgCu    E (eV) =  -773.387146       T (K) =   550.000000       time (ns) =  0.930000007    
Au    -9.903205767719     1.889730866945    12.168400120538
Au    -8.756208061997    -0.321281426211    11.370942022252
Au    -7.234770496929    -3.027174165026    10.434272802649
Au    -5.828716622690    -5.264459377977     9.486372006128
Au    -4.300597419666    -7.580049186511     8.339327441833
Au    -2.934692269469    -9.855536256272     7.523796711762
Au    -1.230130407484   -11.938649157467     6.947886996839
Au     0.053380437731   -14.027862470468     5.690287846711
Au    -1.262282214816    -2.852680004990    17.696192622077
Au     0.791097583363    -4.582938371424    17.560359741209
Au     3.525385955762    -6.526554180598    17.502840170353
Au     3.142752069971   -10.282719775283    15.198507855887
Au     0.760043004194     3.228848742095     9.070070524392
Au     2.636390532432     0.972791334691     7.876878910785
Au     3.472250912464    -1.635262563933     7.118550560904
Au     4.895720296316    -3.623687910132     6.083464382984
Au    -7.923774557038     0.608019885750     1.231695018419
Au    -6.337867032520    -1.562665894057     0.343779200924
Au    -4.848634426100    -3.701563510200    -1.044134871532
Au    -3.166718739292    -6.053217435279    -1.515816200315
Au   -10.401396778923    -0.702256321353    13.177148310071
Au    -8.981925390464    -3.131628002122    12.337216238888
Au    -7.905274367801    -5.524515175904    11.337145269405
Au    -6.211451690832    -8.065384022295    10.325464059728
Au    -5.112354233355   -10.300838950284     9.719732177121
Au    -3.368318357547   -12.556245873445     8.480926053393
Au    -1.794884579818   -14.605709262845     7.622564690967
Au   -11.637351862090    -0.045509092166    10.575867622537
Au   -10.136476638876    -2.315926555480     9.912262606336
Au    -8.539553857447    -4.622976096019     8.899597358634
Au    -7.217722578917    -7.216012640601     7.781890967024
Au    -5.596143293718    -9.433637013765     6.974245425647
Au    -4.175419578852   -11.913837272153     5.972983858788
Au    -2.628481052425   -13.714489161786     5.207531146898
Au    -9.524928003216     1.562609200174     9.238172598162
Au    -7.970559093117    -0.698195100362     8.573032515429
Au    -6.490783566749    -3.046740461020     7.638853088277
Au    -5.371751192270    -5.471955528232     6.735033690882
Au    -3.573921402989    -7.705295417234     5.784245020008
Au    -2.254014558612   -10.039998321081     4.912914888030
Au    -0.637336024646   -12.201366845405     3.859125387040
Au    -7.330649008094     2.173676848655    11.070419637695
Au    -6.008517078533    -0.316434394977    10.576565269266
Au    -4.583906948572    -2.472120715305     9.695300940893
Au    -3.343082572114    -4.855043049753     8.512743899564
Au    -1.655180534598    -7.305854408366     7.802212341921
Au    -0.040233757894    -9.232842152567     6.689257678155
Au     1.427855121429   -11.718884857925     5.748821034727
Au    -7.944442574159     1.112597629815    13.524146803625
Au    -6.583491594340    -1.721730475594    12.716392754304
Au    -5.049579724679    -3.941950213517    12.140619828368
Au    -4.137484848352    -6.679897721698    11.373692853886
Au    -2.746139809012    -8.764022700949    10.330720734825
Au    -1.065106246857   -10.831470432389     9.337108351823
Au     0.423666768656   -13.396087794990     8.345829420677
Au    -9.045559099377     1.299811753588     6.693654094420
Au    -7.576127624895    -1.134944477220     5.716534048863
Au    -6.288662834619    -3.568602652559     4.936879302038
Au    -4.748260258474    -5.949633048838     4.011058701997
Au    -3.070298713874    -7.915383187131     3.025723823366
Au    -1.543464754726    -9.820219073790     2.442752765441
Au    -4.672835415982     2.531539655394    10.393752552639
Au    -3.354472128175    -0.019405413957     9.626450356462
Au    -1.717880881537    -2.288203998063     8.526902763215
Au    -0.470970679885    -4.768735425057     7.706794690155
Au     1.343199926179    -6.896924942052     6.846808826307
Au     2.948481075031    -9.214787717045     5.482597462323
Au    -6.176198611400    -0.192123162603    15.299573055373
Au    -4.514357898826    -2.732152842318    14.465158331378
Au    -2.925424848915    -5.099099514485    13.236642306276
Au    -1.518490298607    -7.280890301371    12.471767125656
Au    -0.097584724015    -9.448683477817    11.974306054895
Au     1.051394724270   -12.233429234538    10.755622529018
Au    -8.611963362958     0.836715084454     4.053939613229
Au    -7.158174330103    -1.462439206791     2.997687655694
Au    -5.665946558638    -3.703282354966     2.259047126603
Au    -4.257470025488    -5.818356193458     1.028095268663
Au    -2.319078085311    -8.061501836435     0.398763335013
Au    -1.914278355750     2.731296638281     9.653236868953
Au    -0.231966928486     0.435643401648     8.743944273328
Au     0.932487522992    -2.067972061789     8.029442861732
Au     2.315474785937    -4.404847388790     6.791258700715
Au     3.881081481832    -6.400933986972     5.932230985178
Au    -3.492714089840    -1.405923934673    16.956408172752
Au    -2.150256675831    -4.097217047258    15.577242774633
Au    -0.425310606768    -6.279414362223    15.057658630228
Au     1.276955077398    -8.336833952286    14.243427040584
Au     1.654386453967   -10.894181119695    13.085008942759
Au   -10.033056616172    -1.296257464401     2.682587531438
Au    -8.603473089758    -3.595055992545     1.788360465187
Au    -7.217019440804    -5.973897905970     0.794296043884
Au    -5.153784938916    -7.955799500556    -0.035580769326
Au    -1.144661960793     2.328447218527     6.853216197807
Au     0.253418059321     0.079190607794     6.018681318876
Au     1.575512359436    -2.286223331410     5.259241241798
Au     3.208856496091    -4.462581818995     4.107157880968
Au    -0.976572029911    -1.036008398237    15.744312554338
Au     0.479844188203    -3.332790932951    15.329171521153
Au     2.565671215296    -5.384913995402    15.153422873038
Au     3.797598850993    -8.894407201906    12.898479839032
Au    -3.799275859164     1.929474412798     5.009582629372
Au    -2.059988214389    -0.657529977357     3.986251453883
Au    -0.579669213546    -3.013427313285     3.132954146559
Au     1.083374380140    -5.350533148966     2.178745936636
Au    -0.908576201824     0.217684596232    13.334037379683
Au     0.921343863463    -2.089034777241    12.634859869187
Au     2.594547788404    -4.424377138233    12.044036791214
Au     3.987725997077    -6.973747670834    10.520953868427
Au    -4.122893364623    -3.883998520953    17.346968056124
Au    -2.777724400772    -6.695816316851    16.401314932983
Au    -1.356068024464    -8.771069361645    15.646291419970
Au     0.521562653720   -10.828787175602    15.510499566142
Au    -6.074367785865     1.269017686315     3.132845570302
Au    -4.282120992684    -1.212445042407     2.174489620067
Au    -2.859069813086    -3.423848078043     1.442792351610
Au    -1.303110503504    -5.730681708175     0.257995382463
Au     0.230902529400     1.364038819120    11.112464793608
Au     1.767739615417    -0.806851761397    10.219113361715
Au     2.938111519293    -3.361047287468     9.538493870842
Au     4.337715509977    -5.330452526326     8.125083171861
Au   -10.281043535267    -0.704071406522     5.398123808776
Au    -8.962934202699    -3.042538963267     4.432330972671
Au    -7.674750621099    -5.637386166944     3.505843062696
Au    -5.951206968949    -7.870266286504     2.616927539046
Au    -3.936232276972   -10.028652983277     1.453886959139
Au    -4.104859625066     2.088308970625     7.786850408170
Au    -2.643710806604    -0.046109443773     6.607682576606
Au    -0.996356311438    -2.616600219681     5.764444237781
Au     0.258130852530    -4.988468712492     5.073279713071
Au     1.809052558680    -7.282282575768     3.995794423438
Au    -3.264095110245    -0.198993748506    14.635264429749
Au    -1.580797934413    -2.563263533721    13.371106060788
Au    -0.101029512425    -4.806855149589    12.761253509184
Au     1.287515061224    -7.175682194326    11.672906239997
Au     2.403362030582    -9.763202147855    10.739246925676
Au    -6.294127235374    -2.507481286516    16.378402330101
Au    -5.040885573903    -5.359786562287    15.226086405213
Au    -3.723033235823    -7.567645409018    14.199680579748
Au    -2.251844601786    -9.913184825366    13.566619174370
Au    -0.694591657041   -11.946809746964    12.909049591477
Au    -6.469455657294     1.556847863320     5.866586949416
Au    -4.990782944848    -0.581803783287     4.725762419021
Au    -3.347340456922    -3.325509922850     3.995541469845
Au    -1.897357606756    -5.389310312306     2.996857984286
Au     0.036918726055    -7.839566091900     1.877232854157
Au    -2.507037486127     1.638011273037    11.872418154960
Au    -1.150856426984    -0.995722899947    10.968174492158
Au    -0.052035387726    -3.494249244534    10.378840109385
Au     1.554182877455    -5.832257930007     9.287758145897
Au     3.153764689139    -8.068753888901     8.469145599347
Au    -8.614631798083    -1.887109890023    14.822389405191
Au    -7.070899184667    -3.993123206387    14.135439211655
Au    -6.235131585546    -6.697765302355    12.959435247206
Au    -4.615064078939    -9.273472820543    12.223140344104
Au    -3.086042367687   -11.330509534965    11.392680786423
Au    -1.358128323200   -13.353334566042    10.257025246930
Au   -10.948206748998    -0.556704071853     8.143011932989
Au    -9.472372430376    -2.862620194873     7.156249866483
Au    -8.142294678562    -5.224361859733     6.085832737383
Au    -6.447107892456    -7.600281394662     5.366187686644
Au    -4.817904433515    -9.754148714746     4.043337330720
Au    -3.294277065102   -12.083827046293     3.205200725423
Au    -6.743663493597     1.684767846550     8.604491957026
Au    -5.318680261294    -0.504065774946     7.624076734207
Au    -3.736885150362    -2.795139470876     6.707949344518
Au    -2.671551952398    -5.210386649619     6.080745549205
Au    -0.926451963689    -7.498398964551     4.558412176970
Au     0.945538556358    -9.990506914520     3.861663765599
Au    -5.135111573898     0.931023723771    12.897369904846
Au    -3.728737454126    -1.149044155735    12.148785585525
Au    -2.539179238427    -3.653206227867    10.940309016807
Au    -1.273363757330    -6.067096264725    10.217926761221
Au     0.368569990951    -8.365850008425     9.445816157582
Au     1.731710684789   -10.500902476086     8.073191991714
Au     1.657448645199    -8.520344497124    16.884911383201
Au    -0.383610365936    -7.098691040725    17.732604613191
Au    -2.109490429789    -5.610312209899    18.601983782561
Au     3.945317703423    -7.664647689756    15.211811852171
Au     3.255769696691    -3.745950204032    17.130511491031
Au     1.223577939536    -1.956143262382    17.550366510708
Au     4.393009930585    -6.056778196319    13.166065681484
Au     2.951462882780    -2.835069500380    14.538792206196
Au     1.498956196794    -0.742132397929    15.022663819974
Au     5.162759754207    -4.630475438480    10.699359071389
Au     3.712682650713    -1.960777623389    11.895545467584
Au     2.374863693625     0.684056403811    12.696274294817
Au     5.473775431021    -2.973245737111     8.563985060754
Au     4.309611684644    -0.243406432064     9.475872369418
Au     2.677901899051     1.929420255358    10.214705520962
Au     5.139093565546    -5.170063235525    15.845652776853
Au     5.256491101175    -2.551615576211    15.761152800637
Au     5.480341826151    -3.563090198539    13.448526409059
Au     4.307291501102    -0.358036032747    14.115236785144
Au     6.139952813192    -1.996165721207    11.323918187673
Au     5.182722424478     0.355483178314    11.829792869759
Au     3.946993576172    -1.755526786499     3.913082296783
Au     2.691468678979     0.538283110710     5.238182972635
Au     1.192241759409     2.836570775142     5.942687277693
Au     2.030416786567    -2.621549106165     2.044712805702
Au     0.492224071121    -0.375858911177     3.473396483937
Au    -1.201410722267     2.099457074822     4.304444996998
Au     0.005372543518    -3.341592018596     0.268188564654
Au    -1.617244537104    -0.986259761904     1.302558049160
Au    -3.128270752411     1.501405545287     2.315805188100
Au    -2.116467229292    -3.578536395237    -1.111334337873
Au    -3.771591574159    -1.275966825695    -0.547224877846
Au    -5.103854119648     0.767937052718     0.690437713245
Au     2.943924415621    -0.009026726168     2.384108679513
Au     1.586422788196     2.095432507016     3.465317903307
Au     1.127416624801    -0.800117372379     0.580998009040
Au    -0.526578490522     1.745273645893     1.779104264059
Au    -0.787790505783    -1.201800904628    -1.176547065690
Au    -2.442377184711     1.076434865591    -0.278348530575
Au    -6.057681497004    -6.059871371019    -1.632773300810
Au    -7.598697103933    -3.908974976063    -0.753199446887
Au    -9.018078568363    -1.567337010830     0.108344944965
