         216
 AuNiAgCu    E (eV) =  -774.266479       T (K) =   550.000000       time (ns) =   1.25000000    
Au    -8.119760246176    -7.865502095000    27.073963301185
Au    -6.487982924486    -8.235511845430    25.053891875369
Au    -5.204797964726    -8.914765506406    22.821714358899
Au    -3.732888463586   -10.025593366197    20.328217439713
Au    -2.052325677822   -10.403524476138    18.001618324005
Au    -0.698863859893   -10.476539522478    15.381564239528
Au     0.800074808506   -10.963729689311    13.038567560929
Au     2.253073868421   -11.700367067346    10.645640231301
Au     3.391733586874    -8.805758398049    27.285919690104
Au     5.120761699679    -9.164290637930    25.351878786027
Au     6.533792881258    -9.791767720880    23.164200782372
Au     8.105049944295   -10.070913128786    20.635152098378
Au    -1.401822153120     0.348276374385    22.723136068168
Au     0.037457317942    -0.259577831231    20.388569997114
Au     1.495750276234    -1.058674064459    17.885097774077
Au     2.677565318523    -1.693908183185    15.616871011460
Au   -11.074604026039    -3.285787249335    17.641100490554
Au    -7.939233123105     0.510361202688    15.777166350669
Au    -7.868340392279    -1.725913496082    14.226826427039
Au    -6.678283470959    -5.080526897957    10.739631955822
Au    -6.728688265649   -10.220235899684    26.934028674983
Au    -5.393054455559   -11.158060779480    24.650959294597
Au    -4.153706357213   -11.643063831619    22.340661475898
Au    -2.867147345953   -12.435420282972    19.839350723863
Au    -1.032670480043   -12.818704507394    17.496787650279
Au     0.616252432429   -12.867221049862    15.130724606483
Au     1.817006587234   -13.539254040309    12.613518425243
Au    -8.950751773852    -9.383509399147    25.107107758545
Au    -7.609241069197   -10.325006027838    23.084576337339
Au    -6.231080270022   -10.918554934885    20.794185764298
Au    -5.027511739837   -11.296088865965    18.325315576913
Au    -3.107185943443   -11.654141590368    15.786651556810
Au    -1.836076837176   -12.144619062007    13.385676172807
Au    -0.581108149406   -14.642077137995    13.320633499458
Au    -9.018937824587    -6.541894834326    24.844026841725
Au    -7.343945734232    -7.440490653594    22.503758334196
Au    -5.965386895805    -8.254197782069    20.275980669232
Au    -4.445944970907    -8.706459628849    17.846170115641
Au    -2.826713846030    -9.041102619660    15.355482586054
Au    -1.387317193806    -9.419682084710    12.654209800489
Au     0.140164711306   -10.179496058759    10.237072932479
Au    -6.102565577080    -5.670690630732    26.368223975441
Au    -4.991918198276    -6.225631328126    23.874492608854
Au    -3.252157933186    -7.133771602313    21.354842316822
Au    -1.881594766155    -7.845532237042    18.977440827756
Au    -0.387908433016    -8.044312585036    16.761028748923
Au     1.054496875359    -8.593768800741    14.438932932112
Au     2.188600230074    -9.220593693085    11.672955655300
Au    -5.108822099719    -7.920919291231    27.454091327018
Au    -3.801273867388    -8.738494016286    25.325667553390
Au    -2.155579052893    -9.324027587856    22.581138933706
Au    -0.658456447810    -9.791460566179    20.398975461970
Au     0.862641128669   -10.448172003551    18.049734169794
Au     2.380193212207   -10.927199382438    15.345337482565
Au     3.690164242522   -11.413247675010    13.096733089347
Au    -9.532827406980    -5.549128901325    22.434637310484
Au    -8.263673133561    -6.616991754993    20.143533362802
Au    -6.684322412941    -6.964392616629    17.769048024799
Au    -5.085018121176    -7.496513289419    15.329530749354
Au    -3.525911720494    -7.870790391239    12.935080629331
Au    -2.324777685203    -8.297900981870    10.348604034130
Au    -4.580058300741    -3.953405363815    25.044194652008
Au    -3.068501206050    -4.273896500030    22.653439050768
Au    -1.652714218344    -5.236018345030    20.389844715527
Au    -0.459559825533    -5.500718492933    17.905962678778
Au     1.313307108900    -6.050215464607    15.470614421093
Au     2.783279928678    -6.667509422938    13.316272407945
Au    -2.292503525440    -8.200331288000    27.466036855542
Au    -0.913074820070    -8.867751492045    25.022545133968
Au     0.574691376507    -9.891539787104    22.694379152525
Au     2.170925757469   -10.611609317941    20.314933102394
Au     3.749313211118   -10.786093200809    17.910274125351
Au     5.258742465306   -11.410366403279    15.613628869632
Au   -10.442411252525    -4.384339106621    20.042031905747
Au    -8.693411283194    -4.524785446380    17.821173826893
Au    -7.412695656782    -5.651571175294    15.665748669682
Au    -5.841071079353    -5.909473678456    13.075098921854
Au    -4.729810595389    -6.882241499826    10.686837990394
Au    -2.858685565710    -1.716108098220    24.035832774638
Au    -1.501788836963    -2.174860955304    21.709553414676
Au    -0.252053590997    -2.781257383381    19.270861790067
Au     1.306060844105    -3.579271347027    16.889339047238
Au     2.408728199606    -3.978882429577    14.377359422309
Au     0.727668070018    -8.540873953051    27.559727823458
Au     2.027118068337    -9.100640135468    25.109109970227
Au     3.837376066717    -9.680467707611    22.851074584732
Au     5.157246789476   -10.284768898381    20.569863908282
Au     6.415456734265   -10.764839125478    18.107740683013
Au   -10.708829931920    -6.057825010230    17.850294350107
Au    -9.718220654056    -6.878713569514    15.646497789996
Au    -8.452538543831    -7.029843730303    13.218120642635
Au    -4.673623692962    -9.486387814408    10.949675400771
Au    -4.007104709202    -0.862281256673    21.623739311794
Au    -2.335345910315    -0.695994107967    19.059405789499
Au    -0.791857769966    -1.635862126465    16.629568795704
Au     0.150094070032    -1.957213883046    14.074863902039
Au     2.358487713378    -6.410937967860    26.376842497100
Au     3.751026590815    -6.770290088527    24.052041571395
Au     5.285482345023    -7.506124368799    21.590064985281
Au     6.692940030097    -8.351763969798    19.292191229600
Au    -6.213969807435    -1.824487882730    20.525235692849
Au    -4.597765680590    -1.930668347589    17.721164925771
Au    -3.136993987773    -2.614876874818    15.364696809310
Au    -1.775866534261    -3.278756398600    12.975505683635
Au     1.013478409153    -4.174977399392    25.269441084796
Au     2.288953463723    -4.739174601593    22.866702927984
Au     3.889498064081    -5.241958270900    20.790822316208
Au     5.411830292405    -5.981439616802    18.153295947587
Au     1.507802613582   -10.994582838329    27.181820387797
Au     2.601965462657   -11.775466482188    24.378796910294
Au     4.118107263979   -12.264836696681    21.995483603301
Au     5.348923760230   -12.685761090278    19.408105482721
Au    -8.708185290771    -2.394092896452    19.184030580953
Au    -6.986691875713    -2.583237308635    16.685405356417
Au    -5.757553036777    -3.429579948605    14.413603354305
Au    -4.102535461609    -4.070178628197    11.808076767249
Au    -0.300520474270    -1.845673163237    24.037718252329
Au     1.217945834008    -2.605496433454    21.633367070644
Au     2.834784265577    -3.079343932954    19.317171958906
Au     4.141181088067    -3.781014283675    17.045994543591
Au   -10.592602408059    -7.265535916598    20.405930665561
Au    -9.457136827594    -8.381109007359    18.156532040881
Au    -7.482849925028    -8.331900941211    15.564689767810
Au    -6.139154544610    -9.051746841397    13.239497777371
Au    -2.499638936103   -11.076182088453    10.923509675919
Au    -5.392704839153    -2.814996528510    22.879438591391
Au    -3.751601995992    -3.202873116572    20.340957114919
Au    -2.503063853658    -3.747228653026    18.022501543279
Au    -0.968514663850    -4.318173982056    15.579182708043
Au     0.148576036533    -4.971401976656    13.091240513157
Au    -0.387636644250    -6.344313935499    26.370885716195
Au     0.889487178002    -6.908119148478    24.033106720142
Au     2.236684610889    -7.759330323100    21.795095554394
Au     3.466971669122    -8.154917777310    19.360683373627
Au     5.048648318271    -8.590123419732    17.019051864659
Au    -1.029122601244   -10.899690437946    26.799591667536
Au     0.038822055661   -12.183320224688    24.580198441433
Au     1.280578391157   -12.618452398037    22.235878777431
Au     2.779220187012   -13.446892006432    19.982135946895
Au     4.442433053380   -13.519339963081    17.155277904020
Au    -7.642524723442    -3.827066246309    21.324879512669
Au    -6.321404534742    -4.142976088402    19.018804525878
Au    -4.821070540815    -4.675264344487    16.585495503033
Au    -3.557679099986    -5.046731742817    14.106966307575
Au    -2.142732623133    -5.897449702464    11.558818138995
Au    -1.722329218671    -3.894095580792    25.432902784490
Au    -0.535957256408    -4.482255034381    23.010221737252
Au     0.947957225742    -5.218642827647    20.254871718083
Au     2.482363424331    -5.831396227183    17.917224844180
Au     4.027057786564    -6.272348138333    15.626619997557
Au    -3.759751676022   -10.848104941013    26.994868945027
Au    -2.552775444145   -11.252109521150    24.680105987124
Au    -1.229484487527   -11.911377403762    22.201875382589
Au    -0.117859815240   -12.479171818740    19.849672082753
Au     1.730083230748   -13.183350032829    17.649224997220
Au     3.356450460010   -13.393362004960    14.815968397191
Au    -9.818878294575    -8.230229929115    22.759534605131
Au    -8.684009227261    -9.388580117403    20.582538287956
Au    -7.255793758290    -9.687360454966    18.379053761458
Au    -5.547126471847   -10.412058979754    15.823593240226
Au    -3.830682513063   -10.670519451259    13.351236663609
Au    -0.241083063359   -12.739751598079    11.064813567253
Au    -7.291446221037    -4.664218726323    23.924359119103
Au    -5.336252644998    -5.280894240330    21.401311720434
Au    -3.997800497318    -6.037758560018    18.945837143735
Au    -2.644371438599    -6.324297128633    16.622758340793
Au    -1.221083644287    -6.899817802439    14.167449329866
Au     0.235627808478    -7.447772557049    11.635064434108
Au    -3.198660802330    -5.887900293128    26.446406114385
Au    -2.190518484813    -6.439129680679    24.225501942516
Au    -0.458674661919    -7.325619732377    21.862055838428
Au     0.952864050740    -7.715601252425    19.155237569162
Au     2.289919517630    -8.519869102308    16.908655159098
Au     3.823761015867    -8.834127196054    14.434081916757
Au     6.844657890929   -12.050381480695    21.997431056803
Au     5.519816172773   -11.613966616966    24.380866912629
Au     4.220214178410   -11.540803969025    26.532220472197
Au     7.958524094490    -7.545591239462    21.757625272295
Au     6.692531175746    -7.389938211991    24.229858149016
Au     4.970542608750    -6.394637404451    26.401685337267
Au     6.822582486657    -5.398391965055    20.401268474726
Au     5.615598758277    -5.033333821255    22.903922227619
Au     3.888218119795    -4.281220885516    24.941552819027
Au     5.521473815805    -3.398024827268    19.486822431014
Au     4.022704498976    -2.804965018385    22.031965031224
Au     2.562235671256    -2.071803780691    24.288198817286
Au     4.380556625114    -1.343645639926    17.937041706047
Au     2.737323469571    -0.705053279381    20.296089275880
Au     1.613868325818    -0.078071487835    22.583950531978
Au     8.210489136162    -5.231608090313    22.952568815042
Au     6.724399682901    -4.761636565856    25.322140597692
Au     6.866246499300    -2.793661914736    22.329937618876
Au     5.420628101594    -1.939011070682    24.370361266677
Au     5.774157938406    -0.856723110250    20.605867511810
Au     4.360764274701    -0.103351028967    22.951722873580
Au     0.787650429586     0.464244488776    15.799533625871
Au    -0.686334619590     0.952232017587    17.875201177742
Au    -2.539699142075     1.333580544553    20.684242192616
Au    -1.637738569277    -0.218837068366    14.324079288596
Au    -3.184482522299     0.232840149534    16.607607099015
Au    -4.932560649396     0.504663094244    19.372742680109
Au    -4.142100863143    -1.553855126258    13.131874052696
Au    -5.519576857417    -0.716636872002    15.223080362028
Au    -7.449332293194     0.053162963304    18.542363899370
Au    -6.678135125859    -2.270067219350    12.074955973501
Au    -6.613745487056     0.346024646960    12.736512104639
Au    -9.441040918538    -1.435659693022    16.991823226681
Au    -1.721362922293     2.195752719738    15.576515382031
Au    -3.253954225543     2.382340841854    18.138537436747
Au    -4.269888626710     3.040848088506    15.695474381398
Au    -5.721727234101     1.499424615156    16.932818057539
Au    -4.103120893124     1.010886040145    13.949833579745
Au    -6.439825545840     2.315360063719    14.355152356878
Au    -6.911801980239    -7.998253044077    11.041961093091
Au    -8.080902887194    -4.342808991896    13.032033187310
Au    -9.489660001800    -3.865056989013    15.353292302467
