         216
 AuNiAgCu    E (eV) =  -775.442810       T (K) =   550.000000       time (ns) =   1.05999994    
Au    -9.380050948815    -3.205875867500    18.781677563256
Au    -8.557229740230    -4.978210741670    16.318896765093
Au    -7.242369571909    -6.947444724498    14.665619685484
Au    -5.916176761192    -8.650201562705    13.090396454083
Au    -4.876329972692   -10.531824575952    11.226814522184
Au    -3.019542151301   -11.937826520217     9.533744314127
Au    -1.302730040125   -14.109584607435     7.622638651016
Au     0.054486649580   -15.584575334175     5.799654981809
Au    -0.036615551729    -8.249288135898    21.769207931831
Au     1.073359634083   -10.005297892481    20.088082748940
Au     2.581260951359   -11.752271012320    18.281865374846
Au     3.808599920494   -13.729263450069    16.337698134026
Au     0.241420503795    -0.410004245638    13.786160819545
Au     1.861618785445    -1.922342125937    11.924390485431
Au     3.240814732433    -3.564048554562    10.082844694063
Au     4.382030929675    -5.553756830706     8.553482406816
Au    -8.558808885057    -0.446726501959     7.322431348898
Au    -7.797360225963    -1.946954571012     5.340661910135
Au    -6.397262405273    -3.770796311108     3.627529298936
Au    -5.143386081837    -6.239700317456     2.165409011325
Au    -9.636268512282    -5.844518084209    18.595974642836
Au    -8.648444099319    -7.962226341563    17.059513508764
Au    -6.828543538831    -9.441220496776    15.617404089020
Au    -5.687984916336   -11.966163254014    13.929775083975
Au    -4.347938096673   -13.409569424116    11.804946999682
Au    -2.961722622523   -14.786808802828     9.850974171274
Au    -0.574972435738   -16.878635603699     7.945136180075
Au   -11.107610966727    -4.113449516443    17.078331308373
Au   -10.594717287995    -6.456703757700    15.786079222360
Au    -9.413729167392    -8.479854113082    14.325747093349
Au    -7.749586981416   -10.506690192446    13.226980609710
Au    -6.717117384222   -12.448564821324    11.367701889403
Au    -5.722007629807   -14.727096840368    10.006995875072
Au    -4.483543800235   -13.558973287001     7.764257994594
Au    -9.646564031213    -2.435614817629    15.682908739248
Au    -8.577740053481    -4.260205549462    13.805921531997
Au    -7.280449516322    -5.999888316824    12.157861085010
Au    -5.947364134479    -7.774240038842    10.301196160729
Au    -4.237538039686    -9.475192198487     8.501539437473
Au    -2.684497954742   -11.445438480131     6.696649764872
Au    -1.055646476039   -12.915254776948     4.865441825976
Au    -7.202948113745    -2.621608787548    17.403479060299
Au    -6.113018131505    -4.323482339927    15.696289264218
Au    -4.657206903683    -5.841869402749    13.731944297661
Au    -3.355567056778    -7.821243980742    11.859783390235
Au    -2.008928104151    -9.196048842338     9.964729633350
Au    -0.306198175961   -11.466971399995     8.231728650840
Au     1.027541738390   -12.895633760302     6.578436566161
Au    -7.061260830227    -4.696484287432    19.114721901610
Au    -5.933359730174    -6.336722314115    17.391567257487
Au    -4.647574194198    -8.060922038042    15.782831396391
Au    -3.619890185701   -10.099110484750    13.623230496279
Au    -1.591847169373   -11.486267884463    11.921415233734
Au    -0.072982315608   -13.344633117900    10.042104815079
Au     1.252439273232   -15.086721805811     8.431785668959
Au    -9.533310364397    -1.740256052590    13.127018164811
Au    -8.064608629583    -3.242592694652    11.231246152867
Au    -6.858552820855    -5.326610923036     9.312300723982
Au    -5.621753663451    -7.167232946039     7.695899435159
Au    -4.227833770305    -9.096844354900     5.734221264333
Au    -2.672741696983   -10.737933537253     4.083379228733
Au    -5.096558098444    -1.713865457006    16.211928880808
Au    -3.545745400308    -3.418252133058    14.498062235830
Au    -2.166752008523    -5.332493220235    12.458122990100
Au    -0.645297230446    -6.897668203478    10.708194345956
Au     0.615592397076    -8.943095869151     8.871160628837
Au     2.170284070822   -10.490524791154     7.169584085863
Au    -4.787058329754    -5.767827666703    19.973163290638
Au    -3.676647230345    -7.691309258316    18.476286822122
Au    -2.254851213340    -9.240230435310    16.723961105368
Au    -1.004872584428   -10.894987350842    14.547169967136
Au     0.610743672530   -12.909809848387    12.748181450848
Au     1.902720296845   -14.718930744985    11.086017164312
Au    -8.971496188728    -0.930978830645    10.019651707390
Au    -7.595722942386    -2.835405181787     8.440172889520
Au    -6.665228071864    -4.516494518299     6.481589514980
Au    -5.324092749174    -6.318022479816     4.726103764128
Au    -3.592895058987    -8.023484518623     3.370022820473
Au    -2.260131214045    -1.147410984267    14.852879996256
Au    -0.829432718026    -2.857101762675    13.308425042233
Au     0.588942037857    -4.442934966474    11.332122674884
Au     1.970796700528    -6.316788996381     9.681052606881
Au     3.277357609133    -7.807554548003     7.879413596482
Au    -2.527816129323    -6.725800262515    21.011240378688
Au    -1.135954877360    -8.529530928066    19.352397673892
Au     0.014444622878   -10.732828206610    17.610035457746
Au     1.439522440923   -12.493601636221    15.686757172651
Au     2.663639943371   -14.203986840968    13.852792648185
Au   -10.259720358630    -3.188248371347     9.351165828783
Au    -9.036395766183    -5.309670917397     7.547380565804
Au    -7.637575785423    -7.385094741822     5.953279299186
Au    -6.374892668882    -8.685831575457     4.114872358861
Au    -2.176163758007    -0.357280634257    12.283620849079
Au    -0.763386329788    -1.957436984086    10.486392447906
Au     0.621887796247    -3.754732408439     8.735884864955
Au     2.190316109411    -5.457492097762     6.928376478203
Au     0.208349975974    -5.998949197959    20.188468373755
Au     1.264623112831    -7.934550650495    18.029107962227
Au     2.581460859891    -9.694677181637    16.082193999253
Au     4.018548713367   -11.876328168109    14.412818651096
Au    -4.261360175734    -0.515474102022    10.386415036207
Au    -2.980791673124    -2.126229375239     8.714844153352
Au    -1.769616935975    -4.041254031510     6.847883592704
Au    -0.252366748353    -5.640735800917     5.367456067103
Au     0.185892377674    -4.428213773925    17.808028825894
Au     1.494492629634    -6.051937641372    15.872569068007
Au     2.722170262175    -7.737076049979    14.045850839407
Au     4.218121244939    -9.472634972700    12.459438902234
Au    -2.676982816178    -9.437923952489    21.349272077309
Au    -1.322146637458   -11.743145645219    19.811001489629
Au     0.101648082724   -13.608867368731    17.721980302828
Au     1.462126740625   -15.156184114300    15.896762386542
Au    -6.472740384879    -0.128033499371     8.918256757703
Au    -5.455523060790    -1.777799138502     7.099760986701
Au    -4.203715867779    -3.811273741087     5.282219032878
Au    -2.505200846670    -5.573628298990     3.876494230047
Au     0.487289828850    -2.416885102442    15.768618652958
Au     1.579543219965    -3.949687504974    13.835136341656
Au     2.905337983687    -5.724804797357    12.303846157602
Au     4.414360410209    -7.456720308826    10.371067898119
Au   -10.712127947312    -3.905468228052    11.909763359519
Au    -9.440432194583    -6.068151305326    10.313120786603
Au    -8.083240552709    -7.820667359490     8.624488337732
Au    -6.698848640760    -9.639172068008     7.105068997951
Au    -5.002803333570   -11.620078508315     5.863087125140
Au    -4.697289344938    -1.079205526446    13.232932905205
Au    -3.360399016578    -2.853459006191    11.715984536730
Au    -1.995267560886    -4.419552770141     9.913640007139
Au    -0.625227708995    -6.277456045026     8.055787498219
Au     1.166264403784    -8.300335040637     6.124077023411
Au    -2.102265313760    -4.722593280673    19.268984276759
Au    -1.097245468526    -6.784635276849    17.126176017380
Au     0.238487981378    -8.422927128118    15.425232861957
Au     1.818929688423   -10.461148024425    13.600381673839
Au     3.421236966446   -11.851104863288    11.721991441248
Au    -4.870748770053    -8.351033036797    20.801875901558
Au    -3.530302080506   -10.346913854863    18.769218513710
Au    -2.050696246964   -12.054390437479    16.770624750524
Au    -0.825604731814   -13.834095367198    14.994009563914
Au     0.423774599889   -15.657423695643    13.163717901712
Au    -7.206604727153    -0.805208159402    11.917120312201
Au    -5.499102032138    -2.699190349807    10.080408346468
Au    -4.285737953013    -4.489230816815     7.936802222303
Au    -3.076511296938    -6.361797469807     6.396686581380
Au    -1.538432931734    -8.172388887168     4.809001180640
Au    -1.900613866907    -2.598501137762    16.896043161325
Au    -0.845962445025    -4.708714429987    15.311713709861
Au     0.315391477664    -6.516805856465    13.349996076134
Au     1.878274614590    -8.243124291472    11.543889544507
Au     3.025818527399    -9.874481859186     9.816345924798
Au    -7.175056048042    -7.390135309352    19.440865552257
Au    -6.035365191730    -9.534788650038    18.038138434672
Au    -4.485662468779   -11.108771392208    16.305434706969
Au    -3.177931573868   -12.688592786926    14.360219038170
Au    -1.862731418932   -14.280499657593    12.426277477637
Au    -0.148446257218   -15.980738861778    10.697284518812
Au   -11.232631270348    -4.282580937725    14.277907878699
Au   -10.214281344457    -6.386657944273    13.069065880670
Au    -8.481541816622    -8.194747409012    11.561448252882
Au    -7.679860280970   -10.203024848485    10.268293518346
Au    -6.142481828075   -12.030170947839     8.821014967141
Au    -3.235179900110   -14.002272368311     5.378907928177
Au    -7.140802799036    -1.607635253291    14.377874504535
Au    -5.979165524507    -3.643477373375    12.881756974860
Au    -4.621226946299    -5.463739619141    11.002074185326
Au    -3.199540385151    -6.842207817220     9.216902454724
Au    -1.950250357482    -8.815259833066     7.239208572200
Au    -0.236037800294   -10.575107119851     5.554262367303
Au    -4.833583005671    -3.583958215875    18.002127097784
Au    -3.367655355429    -5.382388909921    16.585521456789
Au    -2.332768235687    -7.096843633968    14.450407917184
Au    -0.579336746735    -8.988718956066    12.692103026584
Au     0.788446189732   -10.840358686572    10.904232101227
Au     2.347067536707   -12.446464532052     9.202428907895
Au     2.404721676635   -14.395590574652    18.397510473495
Au     0.966852297392   -12.879419920372    20.221873059003
Au    -0.307780232907   -10.831115034357    22.130502362556
Au     4.917279812299   -11.323944637478    17.046270913848
Au     3.742311022119    -9.330527702424    18.631412337809
Au     2.313850267580    -7.622457791932    20.558298852231
Au     4.955449985191    -9.287737597009    15.032519158015
Au     3.886974790450    -7.392679385894    16.668808113028
Au     2.766024769479    -5.584219585467    18.619407228971
Au     5.485544498795    -7.045705994323    12.968371801091
Au     3.954720706831    -5.276975505048    14.666961945963
Au     2.784115681048    -3.694967525315    16.604278208047
Au     5.344602480225    -4.844358472305    11.360828712235
Au     4.202789601756    -2.974559332450    12.848601842852
Au     2.692816563912    -1.554727230169    14.621988154244
Au     6.347590890802    -8.690225438515    17.388580692377
Au     4.842617596202    -7.086972477739    19.076213106346
Au     6.470924658355    -6.772409668191    15.509363194630
Au     5.231508039843    -5.101293818319    17.118926432583
Au     6.486224817995    -4.404774919588    13.655587985095
Au     5.131071196724    -2.778473717056    15.342841865278
Au     3.297274161055    -3.218057475600     7.441653410904
Au     1.883635721391    -1.389654092513     9.250213865991
Au     0.377386565456     0.435887612689    11.336041209129
Au     1.027040858425    -3.211058607669     5.872516886048
Au    -0.445803447620    -1.546570269480     7.665405014764
Au    -1.909429565590     0.549724438354     9.785729187518
Au    -1.230641645410    -3.275709182390     4.129416954473
Au    -2.588601058745    -1.468709908076     6.031313146845
Au    -4.010637929107     0.484830639603     7.868117603905
Au    -3.671737308685    -3.487247254653     2.628023582135
Au    -5.081155065380    -1.414776820601     4.332093066508
Au    -6.502680435614     0.436055467660     6.093889319802
Au     1.841662442317    -0.626410070760     6.572294009821
Au     0.634480362808     0.885567459932     8.690658918733
Au    -0.030074010815    -1.039707247073     4.928046503666
Au    -1.455573518965     0.714776886543     6.829349633094
Au    -2.492012011411    -1.232391314868     3.297715015365
Au    -3.907305211995     0.668177535205     5.178366086135
Au    -7.586583521548    -6.487987754482     3.121837149718
Au    -8.620917972314    -4.654882391393     4.863513991259
Au    -9.939055655427    -2.932545404535     6.841951053185
