         216
 AuNiAgCu    E (eV) =  -775.509827       T (K) =   550.000000       time (ns) =   1.30999994    
Au    -4.482859383348   -12.930038446097    28.505813009929
Au    -3.883777748627   -12.647995689269    25.801398541795
Au    -2.947862833061   -12.662692098918    22.986653897483
Au    -1.708576735355   -12.625163152073    20.349864778963
Au    -0.559820705911   -12.354161563120    17.726387584111
Au     0.265320368515   -12.135766869293    14.861133186793
Au     1.685769008488   -11.912478844576    12.234038124749
Au     2.639978134080   -11.563535185248     9.772420194563
Au     6.534758187163   -12.872384515029    26.494272205785
Au     7.643589849124   -12.512271045755    23.974081362791
Au     8.314436400937   -12.149270926366    21.389102941239
Au     9.164534028705   -11.621961123969    18.807837046535
Au    -0.470639257792    -3.308423762611    24.335638571996
Au     0.809047101243    -2.872475953788    21.878949790468
Au     1.836504972282    -2.715623513100    19.164907145621
Au     2.726264549188    -2.580665963727    16.640095661518
Au   -10.347712519568    -7.270774568007    20.677292557954
Au    -8.448941711253    -2.798571640990    18.127769654685
Au    -8.465588186731    -5.121020646623    16.559068358518
Au    -7.662428099003    -6.815585621360    12.345635546400
Au    -3.435219508361   -14.956698495030    27.222141575833
Au    -2.501699885060   -15.000023678382    24.337983422177
Au    -1.627378933991   -15.047162614171    21.778357979287
Au    -0.400780323258   -14.795080333298    19.347774877466
Au     0.851091167748   -14.453575423391    16.415398314463
Au     1.545670154212   -14.530613822101    13.807861107024
Au     2.763097275627   -14.173584824970    11.247816856270
Au    -5.914122449930   -14.257919746091    26.496772435701
Au    -4.986629939924   -14.254883551492    23.951492150638
Au    -4.176824590391   -14.426470949155    21.240316232867
Au    -2.930797803167   -13.988604012194    18.360362642941
Au    -1.958968221032   -13.505533648074    15.638964907786
Au    -0.927769347803   -13.739000577894    13.137281507022
Au     0.495219669188   -15.347289053636    11.548981618529
Au    -6.219430199860   -11.451601979349    26.581646208619
Au    -5.205611246561   -11.334662155333    23.894119640777
Au    -4.044977022041   -11.267057727645    21.080997457828
Au    -3.062371653985   -11.077023754805    18.274548653716
Au    -2.090722151512   -10.459288577097    15.676746325638
Au    -1.098406067853   -10.764674097950    12.813170705589
Au     0.180412911624   -10.247355231182    10.376874204485
Au    -3.868247886397   -10.505501727445    27.360628662225
Au    -2.740748380888   -10.238508021165    24.860525726974
Au    -1.843027089592   -10.395745251441    21.873205267338
Au    -0.722678036598    -9.933118273094    19.262092745298
Au     0.481648573960    -9.898374150493    16.855088431512
Au     1.288788813655    -9.390253539767    13.811222092352
Au     2.587876899969    -9.283449170806    11.427750979513
Au    -2.002241533720   -12.494744110811    28.047205347393
Au    -1.168848595509   -12.502726161956    25.401900561045
Au     0.031087845107   -12.510865601441    22.687071183076
Au     0.982198653499   -12.663457170769    20.221686424698
Au     2.180263053512   -12.243834932232    17.209651127947
Au     3.183754115741   -11.912544202448    14.310750214190
Au     4.361868448617   -11.546877047807    11.904925343703
Au    -7.264168981182    -9.801087964675    24.526976718449
Au    -6.689849282231    -9.926002901442    21.706347953561
Au    -5.655256269883    -9.933030804778    19.086707782795
Au    -4.624288900497    -9.504761005007    16.139078108789
Au    -3.518994822528    -9.435179486381    13.544563334702
Au    -2.498197302469    -9.341140149154    10.830723513890
Au    -2.418847806044    -7.968815277760    26.606871344665
Au    -1.631879040914    -7.908268346587    23.807135416247
Au    -0.383471189435    -7.816491368784    20.991231319933
Au     0.577353803577    -7.524106848548    18.213993511801
Au     1.692333534625    -7.483755017779    15.762457141658
Au     2.694311349982    -7.186903697648    13.197174261805
Au     0.816543071049   -12.805620712184    27.432566559097
Au     1.798567602525   -12.806999466369    24.841554107217
Au     2.934717701936   -12.522948091836    22.349136642041
Au     3.731158994641   -12.411126110939    19.390851041528
Au     4.965201557122   -11.694086125159    16.595445590178
Au     5.967492014826   -11.572865494442    14.010747837182
Au    -9.080880239093    -8.603980461932    22.571749322440
Au    -7.951120959232    -8.379624807760    19.933889600599
Au    -7.058807775095    -8.413803166484    16.740459757827
Au    -5.894921462894    -8.060248453272    14.231382317600
Au    -5.112250021385    -7.796764287124    11.524626646666
Au    -1.720569006297    -5.335549622843    25.455249180490
Au    -0.329069441653    -5.511778288863    22.912665306508
Au     0.747336026452    -5.163332951677    19.945035404928
Au     1.660977514363    -5.087205581315    17.463181345694
Au     2.584460903023    -4.933629411397    14.969316781828
Au     3.855894609910   -13.034574764356    27.024576944606
Au     4.759564495640   -12.635901989353    24.423907590853
Au     5.754302783970   -12.520401982008    21.695963378583
Au     6.471616943645   -12.026527643206    19.014594916197
Au     7.647907214775   -11.751237609652    16.391583989023
Au   -10.113714487346   -10.032232197414    20.480099999201
Au    -9.010213684774    -9.975078874921    17.658573025864
Au    -8.160761561266   -10.264363957090    15.030014729264
Au    -4.880116783525   -10.761770035174    11.506619327988
Au    -2.927197538304    -4.285162112972    23.177109027294
Au    -1.599947840842    -4.045831668785    20.621497312011
Au    -0.736788542447    -3.692605923391    17.991455499833
Au     0.262398537014    -3.598045721422    15.327315552267
Au     4.445083065759   -10.174487429491    26.158854868754
Au     5.731788973490    -9.947323590432    23.489519679762
Au     6.762328301706    -9.821618349539    20.881590487246
Au     7.764877828982    -9.439452975050    18.128117127535
Au    -5.544561674836    -4.980761163787    22.392386102851
Au    -4.320680641730    -4.909412071583    19.655469920798
Au    -3.160553059553    -4.679193241354    16.849313415559
Au    -2.225410243836    -4.695086483131    14.080183989071
Au     2.970842479427    -7.570321422746    25.556767875377
Au     4.051810232119    -7.583156784784    22.832059895182
Au     5.133575451461    -7.773036200952    20.188101959121
Au     6.062511617630    -7.267579175579    17.617892535219
Au     5.031858649245   -15.137201266340    25.786385605300
Au     5.648672264871   -15.014378949388    23.290890668058
Au     6.780539494624   -14.483193659193    20.268445007443
Au     7.790692483682   -13.986836689646    17.733377141766
Au    -7.880913802699    -6.025434628447    21.425865516651
Au    -6.961356359113    -6.145847789616    18.595858110669
Au    -5.841795009842    -5.946541488906    16.081471834334
Au    -4.647528759553    -5.713541351976    13.077472001823
Au     1.430075395028    -5.541778877700    25.045674539326
Au     2.335545699280    -5.337170686113    22.339264231788
Au     3.570838867147    -5.380577501612    19.707588509683
Au     4.381297140434    -4.470177171600    17.132063810535
Au    -8.714772119731   -11.306181825904    22.892444368910
Au    -7.875500285926   -11.449316567547    19.837116869243
Au    -6.812614730462   -11.389212123201    17.030561824867
Au    -5.886547770257   -11.098816141364    14.246612352281
Au    -2.622437974894   -11.977059688911    10.934984817009
Au    -4.082055592520    -6.352526280088    24.260393092119
Au    -2.811404698908    -6.626824099686    21.661385014899
Au    -1.898248119613    -6.241228516967    18.886326051963
Au    -0.809041789471    -5.918901092595    16.192615533122
Au     0.358719220002    -5.800253031081    13.617216010643
Au     1.945926842171   -10.051364601711    26.643904376595
Au     2.894562937126    -9.857580555333    24.097095059725
Au     3.967213623946   -10.215122614337    21.146341206137
Au     4.790537131999    -9.964330446560    18.634292981192
Au     5.842832742177    -9.291181329365    15.718896628784
Au     2.014787819519   -14.869059983914    26.377707717631
Au     3.029399548409   -15.108102287214    23.679575059055
Au     3.912791493528   -14.903461678567    20.821649784429
Au     5.283179266544   -14.448929238385    17.974186036259
Au     6.236432143168   -13.805492758847    15.641980300752
Au    -6.667745020067    -7.439605357719    23.404549650344
Au    -5.488668233146    -7.244517202610    21.010561278859
Au    -4.551410088109    -7.220158725992    18.136514436714
Au    -3.456887993397    -6.906470821622    15.420737040651
Au    -2.462731097795    -6.964698106187    12.324883523369
Au     0.188831887978    -7.984501781021    26.028989954123
Au     1.248292598027    -7.830167194939    23.446856326430
Au     2.231170365130    -7.856681014226    20.621484363465
Au     3.432345009676    -7.647858242767    18.084460699126
Au     4.531758840942    -6.796977106804    15.382767907805
Au    -0.918431556690   -14.857138296127    26.611785185002
Au     0.229909346887   -14.932787293604    23.730940417006
Au     1.289317726343   -15.210240574389    21.484622177458
Au     2.662196065056   -14.884118499199    18.610553698904
Au     3.499728280722   -14.201979434334    15.865354337254
Au     4.514004245373   -14.135266896915    13.341674377295
Au    -7.229923528930   -13.000003446663    24.555951044327
Au    -6.251849404197   -12.849851630015    21.924872599813
Au    -5.251412797954   -12.713141628924    19.156436961898
Au    -4.316967459569   -12.436934021879    16.220129544892
Au    -3.210221285881   -12.094015709582    13.727357461199
Au    -0.166238819797   -13.097017304280    10.403063004230
Au    -4.903145158144    -8.609859383468    25.430056958031
Au    -4.139228592216    -8.938283323834    22.837391424212
Au    -3.055759443442    -8.792951686192    20.057191980143
Au    -2.217296404795    -8.335831506970    17.221924784552
Au    -1.006864602769    -8.131799116596    14.519485540910
Au     0.036987008570    -8.104948490883    11.983574852229
Au    -0.885068512431   -10.178850864904    27.203959589401
Au     0.299900563589   -10.154536557239    24.282930105720
Au     1.106202917315   -10.091428217617    21.694181706063
Au     2.084365872753   -10.158461498434    19.005218400166
Au     3.200832489534    -9.804972342884    15.981988611397
Au     4.176804128087    -9.293003615729    13.447096577575
Au     9.358728157093   -14.259765676699    20.236318787789
Au     8.300712356282   -14.979990728695    22.466937922623
Au     7.686247222280   -15.017571415834    25.101878516780
Au     9.441204334777    -9.352956260569    19.989319078036
Au     8.478059658480    -9.747747681941    23.344605055854
Au     7.223085789208   -10.402901670686    25.651880513765
Au     7.742156672599    -7.281730679484    19.793708019974
Au     6.639253803689    -7.420387865139    22.482794710877
Au     5.879395365690    -7.770617663520    25.490023527255
Au     6.301200998027    -4.858168600574    18.855240752697
Au     5.119119317146    -5.020204340510    22.118014442392
Au     4.174075399438    -5.188266941051    24.855000038336
Au     4.632262730542    -2.770746844719    19.306905631079
Au     3.434501014819    -2.924127641667    21.795233264225
Au     2.507626007040    -3.129247524432    24.462901318530
Au     9.471043117128    -7.685497026427    22.078633449597
Au     8.373603145534    -7.665901163989    24.670444764979
Au     7.909778394980    -5.040967875424    21.291103141972
Au     7.031820103898    -5.388143622678    24.071403017337
Au     6.417301620477    -2.869888269702    21.248383040056
Au     5.356294148284    -2.989615050595    23.752161617885
Au     0.352218358512    -1.443927114726    16.989385067881
Au    -0.792083739087    -1.337943485349    19.750609952013
Au    -1.916589682789    -1.849902641045    22.338210173468
Au    -2.219554680688    -2.467120368434    15.864157387839
Au    -3.302979772432    -2.597096086887    18.828126821250
Au    -4.319426988329    -2.675982693471    21.375987396245
Au    -4.686848473471    -3.621535792987    14.965489318405
Au    -5.728369273070    -3.500688228422    17.717653493176
Au    -6.838821482754    -3.834869250393    20.415127783431
Au    -7.192466478556    -4.884121097789    14.083503941992
Au    -7.355106977210    -2.559259069264    15.821643932375
Au    -9.547619481034    -4.940372044275    19.464961399297
Au    -2.200183872597    -0.308336169890    17.548537654635
Au    -3.511138372713    -0.393605592776    20.029091104856
Au    -4.671006373901     0.800381532961    17.809028908787
Au    -6.079009558170    -1.464062546297    19.243608268751
Au    -4.655361993565    -1.453650581263    16.487383356092
Au    -6.913058614703    -0.292897900669    17.097356002014
Au    -7.387291375754    -9.414263713004    12.445218697818
Au    -8.577763416424    -6.928201425648    14.802145643216
Au    -9.688861106844    -7.235457086832    18.106802505882
