         216
 AuNiAgCu    E (eV) =  -772.606995       T (K) =   550.000000       time (ns) =  0.839999974    
Au    -4.190269238537     6.269175063836    12.444547278109
Au    -4.627620002371     3.632784882027    12.117311591280
Au    -5.701819493978     0.801072898406    12.079771810930
Au    -6.069236318716    -1.983143687876    11.591417407679
Au    -6.872297592412    -4.777752899651    11.427359194860
Au    -7.757841709906    -7.597124187011    11.624133905203
Au    -8.024348442121   -10.513081348164    11.794513294428
Au    -8.889665918751   -13.362966601000    11.342005803990
Au     2.108451588879    -1.527168366061    17.546872848743
Au     1.766810570140    -4.189490346730    17.427464194242
Au     1.493206656959    -6.933145760754    17.205849876342
Au     0.592929681516    -9.612719672424    16.400877668496
Au     1.780575602697    -0.942939336022     5.815154643288
Au     1.633540774297    -3.526293293445     5.439338969612
Au     0.374975233066    -6.491055254629     5.422343065546
Au    -0.226749488725    -9.161083128479     5.464011404618
Au    -8.250256649282     1.558312380175     2.085196967012
Au    -9.286549446468    -1.114705328008     2.010903703572
Au   -10.292816284815    -3.990659343535     2.315320979410
Au   -11.140128185020    -6.542835416495     2.346358249693
Au    -5.413051224459     4.798400508211    14.533707486395
Au    -6.257138650195     2.325985212664    14.342103710044
Au    -6.847386632070    -0.789403101939    13.999184603262
Au    -7.309053522730    -3.123197933161    13.657457756915
Au    -8.243723971910    -6.017343530541    13.888700937254
Au    -9.002147227007    -8.768108679595    13.675837247279
Au    -8.822322783695   -12.120314091570    13.627284365167
Au    -6.682176985371     5.554331883699    12.361863160574
Au    -7.340060610881     2.877401777595    12.017769906995
Au    -8.295323583101    -0.352645559988    11.826753685648
Au    -8.756230164475    -2.947807887598    11.300444214667
Au    -9.706189158190    -5.894631237423    11.568032515756
Au   -10.670833336644    -8.621271967145    11.628777784461
Au   -10.895192274411   -11.610588566001    11.178164058226
Au    -4.917594890506     4.971802343023     9.686982464295
Au    -5.887108544350     2.465873579136     9.639802876941
Au    -6.745739989940    -0.404671224486     9.283629987280
Au    -7.560035763140    -3.023200141296     8.927412441077
Au    -8.091960548653    -5.787982505732     9.332362736977
Au    -8.684704138544    -8.760341290324     9.345193399143
Au    -9.113522924036   -11.419960450823     9.222516956904
Au    -2.399984978482     4.711091230109    10.735574482227
Au    -3.210302849522     1.737956188828    10.506507104658
Au    -3.831608629907    -1.106962831058    10.305346428804
Au    -4.507426980144    -3.819875667681    10.306383230390
Au    -5.450294137481    -6.738982333207     9.949720954258
Au    -6.167314483734    -9.305841312969    10.153386528975
Au    -6.754853585097   -12.432008839570     9.994714140350
Au    -2.649145289855     4.411899904222    13.727555472614
Au    -3.634151329744     1.745356841500    13.612101955841
Au    -3.904604938985    -1.297039467050    13.175677905051
Au    -4.490717290868    -4.017819461143    13.136514028595
Au    -5.310153826040    -6.704009747638    13.064967248495
Au    -6.017119046440    -9.386278572464    13.195136826666
Au    -6.339411571611   -12.305516660266    12.790351583184
Au    -6.486334375954     4.121440745124     7.435345127353
Au    -7.369302497552     1.545374691164     7.060205609753
Au    -8.460812623247    -1.180409186859     7.164754065918
Au    -9.093639305971    -4.158333825820     6.866521243130
Au    -9.448632055495    -7.071269910522     7.047190361484
Au    -9.848905257386    -9.785663958403     6.645404446001
Au    -1.119578492952     2.488343858534     9.148487350362
Au    -1.750694301136    -0.143679331361     8.796976919432
Au    -2.529136102412    -2.854999035374     8.718298822387
Au    -3.321953036386    -5.536555093432     8.403755604845
Au    -4.022090376587    -8.799815098377     8.543894903365
Au    -4.746637654909   -11.290444724822     8.497025381694
Au    -1.042117342381     2.449730235807    14.701505417243
Au    -1.456879634626    -0.147639125394    14.441055002551
Au    -2.423271227793    -3.483275076713    14.540395888620
Au    -3.075378725140    -6.119543225966    14.278949954484
Au    -3.508618071233    -8.822212579904    14.406369193933
Au    -4.157715585473   -11.286604021853    14.252271338533
Au    -7.571151803903     3.265107142632     4.963803570530
Au    -8.384128825776     0.624483549919     4.479769725417
Au    -9.091549044440    -2.379861956975     4.372898703981
Au    -9.853417313222    -5.355383327117     4.473445949835
Au   -10.184367215659    -8.053628464100     4.407714696752
Au     0.295048538079     1.050760777874     7.292577155519
Au    -0.539374960240    -1.683398080703     7.080217170338
Au    -0.880451100887    -4.606580371721     6.956377534883
Au    -1.857706913587    -7.633708213412     7.062262737741
Au    -2.386074599070   -10.447748779721     6.826124381346
Au     0.203900464502     0.261555594507    16.388809200305
Au    -0.185032559666    -2.626106281715    16.262498786520
Au    -0.499335454877    -5.185006443671    16.143963783856
Au    -1.200633857905    -7.794016801824    15.655019313976
Au    -1.607397139889   -10.524392823990    15.272858558417
Au   -10.128130470559     2.275935640752     5.297450101806
Au   -10.878360448045    -0.364118118707     5.586149058541
Au   -11.518780490176    -3.363295867207     5.289447589049
Au   -12.571508405861    -6.483128807419     4.915417454914
Au    -0.796251267396     0.066734161286     4.691705933893
Au    -1.148927853421    -2.870098159170     4.794180093492
Au    -2.067506635560    -6.002577253828     4.697313744189
Au    -2.842878554904    -8.745824899916     4.448006766479
Au     2.065068967933    -1.368757137848    14.873281497176
Au     1.554014625240    -4.235780785026    14.381901771416
Au     0.958102498815    -6.927030713963    14.425866771372
Au     0.435126764277    -9.581217814006    13.789481015281
Au    -3.374879278530     0.422525600628     4.154718514082
Au    -4.212046647267    -2.128268464553     4.010850970891
Au    -4.944433997928    -5.084390106832     4.111296023908
Au    -5.534085281423    -8.283562800255     3.731380092175
Au     2.063488511554    -1.210741885778    11.499337302426
Au     1.389646901964    -3.877842240735    11.336058020472
Au     0.813651217887    -6.579042320891    11.555432958132
Au     0.267566363275    -9.250808603906    11.012694631633
Au    -1.074232378694    -1.164560921589    18.354542273982
Au    -1.495444230819    -3.871001908701    18.471883440669
Au    -2.023323129381    -6.484504694604    18.357536782952
Au    -2.556436094476    -9.133703501160    17.686038582682
Au    -5.936059632193     1.344197780164     3.428520394666
Au    -6.859505992359    -1.146926634049     3.018806297107
Au    -7.550103656706    -4.408893051155     3.050196379684
Au    -8.147820041309    -6.913595256085     3.282430590163
Au     1.923758712701    -0.624248339400     8.642404806264
Au     1.169444038426    -3.606860658580     8.156991396442
Au     0.376181433005    -6.551236644226     8.149227149912
Au    -0.129782469434    -9.490853593764     8.209559326725
Au    -9.211475377796     3.528955318022     7.745691207958
Au   -10.063582873188     0.916804148906     8.009323713380
Au   -10.972799017130    -1.896169862052     7.612083966959
Au   -11.735285529918    -5.446894129819     7.283180179118
Au   -11.928526241068    -8.254746946636     6.961570940685
Au    -2.119504673122     1.470101715322     6.668345549442
Au    -3.198957459987    -1.071179430576     6.420270295060
Au    -3.707169749301    -3.821318617886     6.159234024160
Au    -4.396695263674    -6.947482535118     6.122492058210
Au    -4.767407061602    -9.844333609229     5.749821259760
Au     0.750062011287     0.694644524645    13.184844873686
Au    -0.000364899004    -2.226788923344    13.310423397979
Au    -0.726697950438    -5.016117816675    13.107466064921
Au    -1.561913585469    -7.816984116054    12.674121938827
Au    -1.820188583487   -10.828029706594    12.493699692282
Au    -2.343175276113     0.994481295089    16.911158926337
Au    -2.981561400405    -2.010993889473    16.619515347940
Au    -3.553603500341    -4.614608471123    16.745231946497
Au    -4.348840213973    -7.506020284029    16.545172043969
Au    -4.750320361419   -10.307758852523    16.464088325588
Au    -5.159399474798     2.263482070471     5.937475392386
Au    -5.832822961201    -0.445343539916     5.565449136098
Au    -6.816753090216    -3.284142810573     5.793221357826
Au    -7.141394398787    -5.890957865811     5.579067675868
Au    -7.713427025151    -8.835172544128     5.135620916035
Au     0.705860792563     0.838131495627    10.212852593055
Au    -0.062513563166    -1.982683535868     9.940608019343
Au    -1.049584917733    -4.995316073069    10.038272133976
Au    -1.495194282464    -7.748293825241     9.913507768871
Au    -2.321355257202   -10.375440632638     9.671364568185
Au    -3.949054280217     2.801362546723    15.941515326867
Au    -4.733815022488     0.073168048323    15.655889406173
Au    -5.428096911356    -2.467337999941    15.734498806433
Au    -5.998824296143    -5.399343919218    15.394851839210
Au    -6.927838870681    -8.027266443671    15.417292538182
Au    -7.157330878949   -10.604894310614    15.519194784635
Au    -7.651041462062     4.527321641544     9.856902009168
Au    -8.486182930308     1.801979365925     9.867466272405
Au    -9.572790129579    -1.018448018510     9.720328776965
Au   -10.486490920173    -3.998821684063     9.240037729701
Au   -10.901748831572    -7.136458725135     9.379381047830
Au   -11.247770221797    -9.799064328752     9.320014583011
Au    -3.503321158971     3.336951745734     8.166441305132
Au    -4.451981155247     0.689655716549     8.066323019163
Au    -4.984442674612    -2.268169629102     7.826452030218
Au    -5.917352006477    -4.908748679310     7.866792638511
Au    -6.590418946675    -7.599804721719     7.697740796397
Au    -7.274517092801   -10.385112891453     7.543119851844
Au    -1.199472775911     2.516973731282    12.071811892838
Au    -1.667149988535    -0.128462212081    11.876471361181
Au    -1.949296849206    -3.128581028550    11.519474617572
Au    -3.124689497113    -6.049425001503    11.442813915338
Au    -3.689762058424    -8.599028068939    11.441618064780
Au    -4.287109453717   -11.211792884882    11.311659340951
Au    -0.155163536591    -8.377668386724    18.750027041707
Au     0.191889384677    -5.876392558473    19.291855698746
Au     0.705666499853    -2.846542995379    19.366969307990
Au     2.741125286475    -8.772276594265    15.007461907663
Au     3.421470930325    -5.981345053828    15.573439580580
Au     3.610308935297    -3.254669738652    15.734157108610
Au     2.570757579705    -8.772758166449    12.441082523765
Au     2.976010193233    -5.864208483976    12.724948484184
Au     3.552074634446    -2.755488502908    12.999784570898
Au     2.203736859299    -8.119828332098     9.535746163173
Au     2.730557151819    -5.582679970725     9.817084120965
Au     3.353314852175    -2.619112116825     9.763461075599
Au     2.253336680777    -8.131886499396     6.845786504474
Au     2.874178808496    -5.578626428987     6.951387491930
Au     3.721745517039    -2.439594772500     7.101214794876
Au     4.925126599144    -7.770624789640    13.546773093647
Au     5.298642912936    -5.129517072954    13.621739249157
Au     4.620610416918    -7.275810108124    10.884377959154
Au     5.193820525851    -3.946058934182    11.214793108822
Au     4.378166081470    -7.316633359236     8.127853917936
Au     4.867590878054    -4.444889720133     8.661601035628
Au    -0.889344616117    -7.500234737719     2.867436375914
Au     0.135450445794    -4.975393237940     3.061624591840
Au     0.255891118802    -1.915083072408     2.951884881690
Au    -3.568301695306    -7.036339891701     2.446200138664
Au    -2.647271449455    -3.993979658757     2.910694204561
Au    -1.977202769658    -1.205664299820     2.173630296565
Au    -6.168622212741    -6.469553231039     1.530205633275
Au    -5.562833779403    -3.466802733225     1.689869920496
Au    -4.647860524893    -0.541981203273     1.404306608333
Au    -8.919685601802    -5.668535703211     0.832846125983
Au    -8.062156817680    -3.032902874093     0.778682735668
Au    -6.956861167057    -0.524203262039     0.389737398787
Au    -1.763484649883    -5.844158698456     1.074191831959
Au    -0.631910229515    -3.593215462078     0.974572445751
Au    -4.026679485814    -5.103983565631     0.257323226714
Au    -3.166695094357    -2.706333850990     0.145734087033
Au    -6.653882712080    -4.981278378343    -0.617985557935
Au    -5.413379082175    -2.516524509280    -0.929186526923
Au   -12.728203950336    -4.555787516904     3.082548144713
Au   -11.665481409785    -1.809289808662     3.178410572884
Au   -10.670473774126     0.781887897200     3.093521916553
