         216
 AuNiAgCu    E (eV) =  -773.015747       T (K) =   550.000000       time (ns) =   1.62000000    
Au    -0.737781519563   -17.031860345543    21.156276229120
Au     0.866908264888   -14.452639759611    22.311781045008
Au     2.293504932945   -12.320907564191    21.232163882329
Au     4.535266569421   -10.910269744743    20.209743633740
Au     6.203882518378    -9.034366026314    19.098573897731
Au     8.057688778471    -6.702888287172    18.205519651025
Au    10.644931892241    -5.274948127921    17.582801362040
Au    10.070798087169    -3.035895601319    15.269189740167
Au     4.469754940707    -9.131615814997    30.416171700004
Au     6.636451021976    -7.743423031937    29.523383328856
Au     8.526985392291    -5.640900744258    28.781983653925
Au    10.631642164929    -4.053124767045    27.583330895415
Au    -3.059155923763    -4.560445823428    23.659568394047
Au    -1.336879598707    -2.352629957464    22.801976667840
Au     0.884565031789    -0.298910537848    22.040196436858
Au     2.839945370028     1.292703149940    20.962104521590
Au    -3.131870925100    -9.511931995331    13.720077854639
Au    -4.058557448355    -4.080012744856    14.200741955949
Au    -1.988836682496    -5.156212493371    12.920466340033
Au     2.973295868520    -4.582310874228    11.091150287360
Au    -1.233127928700   -16.029190192889    23.594300849586
Au     3.557629022718   -15.124637313836    20.861184618445
Au     5.419722834327   -13.496070214807    19.814955153253
Au     7.113446707966   -11.676747068604    18.654333406087
Au     8.638898445521    -9.643221263373    18.018057888663
Au    12.412815581829    -8.851252924961    18.076109492872
Au    12.418617881862    -3.496677704495    16.954299583863
Au     1.377530976024   -16.752489942608    23.304932293365
Au     0.912852048677   -15.556673734223    19.818280346047
Au     2.733691485329   -13.866561873377    18.678024500896
Au     4.602589764537   -11.972139878892    17.703997441464
Au     6.239657173851   -10.028528997992    16.496045644450
Au     7.823702596672    -7.969953835472    15.721422790977
Au    12.783008432239    -6.715637587362    16.597409860783
Au    -1.675300287702   -14.623249363265    21.089724953715
Au    -0.109602193526   -12.831152384533    19.754364007861
Au     1.804784125851   -10.967749941295    18.925734237068
Au     3.836001683279    -9.223691577683    17.725870711417
Au     5.646100093902    -7.148964821106    17.114200138464
Au     8.479763310162    -5.306280967167    15.628101426242
Au    10.901011439670    -5.596653176665    14.951606431174
Au    -1.485197840049   -13.436886961061    23.600735587990
Au    -0.026577738314   -11.179257348158    22.375371073389
Au     1.929364226649    -9.380900995233    21.561946850245
Au     4.150263850304    -7.739163190749    20.518099507759
Au     5.898587413903    -5.846350902251    19.541443305194
Au     8.178393904959    -3.799511883159    18.367817348755
Au    10.239276376244    -2.170876128887    17.739095475213
Au     0.668021453141   -14.402795362586    25.151332157924
Au     1.836811260221   -12.476524706465    24.115426665483
Au     3.828254315133   -10.479989389080    23.222278762607
Au     5.835345229744    -9.188028053494    21.946824580517
Au     7.745065471719    -7.147794902687    20.819498203292
Au    10.005543312103    -5.413686320377    20.124920669108
Au    12.170130203212    -3.765387914491    19.691468796044
Au    -2.518393925695   -13.007150402176    18.842030387281
Au    -0.728127158039   -11.439373052766    17.523387897954
Au     1.281323354862    -9.429073295963    16.343014603911
Au     3.568956163916    -7.457528058951    15.429236026305
Au     5.692229004100    -5.800039549341    14.678865852429
Au     7.986707727708    -3.804896505570    13.671897968052
Au    -2.395336692055    -9.940696740569    23.568792289957
Au    -0.590669288526    -8.494618012460    22.448250482089
Au     1.780440527179    -6.375669625122    21.544755231093
Au     3.600637756780    -4.405116915295    20.495886428022
Au     5.581220063286    -2.595238718404    19.673261841382
Au     7.875802062408    -0.772692489917    18.821904289094
Au     1.446233679394   -12.309438042537    26.856927638105
Au     3.356698280469   -10.650814196404    26.057065134896
Au     5.541059458095    -9.261538332704    24.940752239403
Au     7.486850484286    -7.727125672123    23.431962363266
Au     9.325719086473    -5.827608028905    22.965570358616
Au    11.369399424376    -4.287562737868    22.337592500715
Au    -3.130680532980   -11.308660468675    16.561752998936
Au    -1.022361568702    -9.762250788905    15.133169262407
Au     1.052063519582    -7.769452201905    13.984049041463
Au     3.414444317972    -6.322713469975    13.140832652865
Au     5.364274808060    -4.306199667824    12.339867192116
Au    -2.885055246294    -7.099459839589    23.920647466922
Au    -0.810166033946    -5.604881079287    22.867062571175
Au     1.340468456250    -3.482796689220    21.727299526997
Au     3.002490081170    -1.520299213872    20.846376975046
Au     5.289579814955     0.070907999718    19.630391306959
Au     2.857737026420   -10.691326235330    28.642180137616
Au     5.062944442251    -9.187041144219    27.798091123910
Au     7.159995343360    -7.303983369779    26.779170814528
Au     9.039481913705    -5.590732110980    25.838752827280
Au    11.073657533976    -4.160165987192    25.057155245325
Au    -2.360211135386   -12.122263561576    14.373028645182
Au    -1.002299085028   -10.633213973008    12.471591420252
Au     0.950583748364    -8.906543637093    11.531398004260
Au     5.526409753835    -6.838723333530    11.311152348547
Au    -3.288226661852    -5.942347466943    21.567731401004
Au    -1.163518204900    -4.112060364775    20.656213742325
Au     0.796497453659    -1.982878189540    19.319827773510
Au     2.920790873070    -0.673137144610    18.216269453772
Au     2.537068451941    -8.060132632246    28.865453609693
Au     4.546085770829    -6.324743204727    27.697335094751
Au     6.626217460411    -4.446481391975    26.758085486308
Au     8.741542002284    -2.591055295034    25.835992348074
Au    -3.031647422516    -7.178337521937    18.965273210841
Au    -1.267779933848    -5.629314147429    17.832994212162
Au     0.932851643693    -3.600305139305    16.740099994323
Au     3.380092738293    -1.684218975175    15.708337038818
Au     0.738495369537    -6.965434189264    27.076023734016
Au     2.368011993014    -4.978868226314    25.937707980593
Au     4.563075608996    -3.246399528655    25.213291177683
Au     6.488124224585    -1.103551124058    24.268833975803
Au     5.496500485651   -11.667498806022    27.520682600877
Au     7.385041757004   -10.402584297476    26.358380834761
Au     9.235014124498    -8.462848205791    25.539765993929
Au    11.215004179615    -6.689298546168    24.628055954040
Au    -3.103489662564    -8.242197477408    16.463313958199
Au    -1.178475931291    -6.665139654660    15.204076339136
Au     0.796059436020    -4.969966877220    14.199792204155
Au     2.521128669815    -3.127435341899    13.345374588566
Au    -1.273547736966    -5.570674496098    25.535295010642
Au     0.834926289919    -3.569343532788    24.376472451314
Au     2.835162447197    -1.852494687497    23.639321570532
Au     4.874291727572    -0.204941625463    22.311387071032
Au    -1.884815820560   -13.927367177284    16.327501718150
Au     0.108153447474   -12.441572922385    15.213215618964
Au     1.478462647045   -10.581675032747    13.828840183240
Au     3.352433949876    -9.046359920794    12.636541460383
Au     7.765181040000    -6.359003007928    13.152030724672
Au    -2.923519838011    -8.658675620552    21.278255685520
Au    -0.612893244888    -6.732312803939    20.331366878098
Au     1.246042665769    -4.892556352238    19.168967238286
Au     3.324884302998    -3.337297003605    17.915341921106
Au     5.448672848108    -1.159222760981    17.227528687646
Au     0.895385857124    -9.675300227024    27.149056470341
Au     2.961381625458    -7.766607888001    25.900663064076
Au     5.131854476377    -6.301916733976    24.902060355144
Au     7.200504865966    -4.017509581503    24.200424506275
Au     8.995478572530    -2.493718578189    22.994132685978
Au     3.657428193090   -13.411664754688    25.934469833361
Au     5.813762529114   -11.889978095510    24.886201826064
Au     7.815526113053   -10.457629771672    23.353103186825
Au     9.773000886629    -8.701753687567    22.663600162520
Au    11.661238528402    -7.106732959199    21.684043805928
Au    -2.894871561462   -10.037053896019    18.908590875397
Au    -0.689884979760    -8.220834113094    17.769103637106
Au     1.327175112863    -6.464629232615    16.735337474559
Au     3.236573621818    -4.523974352755    15.508969272452
Au     5.511924125189    -2.821819126086    14.497288942817
Au    -0.842999778741    -8.164786408321    25.282657119907
Au     1.135466999551    -6.691432549989    24.248399086344
Au     3.157567650804    -4.845462542458    23.331962982363
Au     5.304076330665    -3.025898043440    22.472963295934
Au     7.330442640096    -1.515177051709    21.231491662335
Au     3.212389292498   -14.862144797155    23.678679435718
Au     4.832146546291   -13.194680188364    22.509556008197
Au     6.713256987844   -11.954641083997    21.322704670157
Au     8.314315130709   -10.092448423263    20.654529705261
Au    10.217932338157    -8.097490813145    19.611715942851
Au    12.560244516797    -6.485693056041    19.237507333228
Au    -1.540992373563   -15.499304045328    18.507017038968
Au     0.635368582255   -14.443001328869    17.166547866938
Au     2.418994632217   -12.237440506837    16.212985126314
Au     3.982971214196   -10.330951379106    15.152555983212
Au     5.827123375871    -8.250312057936    13.787113338701
Au    10.319231723986    -7.771381152021    16.637703568788
Au    -2.276379836556   -11.855161131037    21.292727282206
Au    -0.439761463869    -9.721737718310    20.066084005351
Au     1.705665665471    -8.064471467125    19.244209531622
Au     3.603100668016    -6.074978724635    18.117468898452
Au     5.665859915656    -3.970960922773    16.832640415497
Au     7.748026431948    -2.203168350011    16.327949200261
Au    -0.571623628704   -11.485594716011    25.140832852993
Au     1.281313821956    -9.692445543683    24.413673542007
Au     3.547418939112    -7.755828464478    23.235091545265
Au     5.685969484778    -5.918234486279    22.304383951055
Au     7.784235372817    -4.170413493570    21.402588130659
Au     9.736670000882    -2.671485943093    20.182709614824
Au    10.736108942062    -6.664399402012    27.628684369978
Au     8.941268504131    -8.451012551473    28.438571047285
Au     6.907834493177   -10.425723176325    29.324180834658
Au     8.094179719538    -2.987768524837    28.444683281290
Au     6.158292559530    -4.864076300422    29.632486328048
Au     4.666322669543    -6.463525231436    31.004373196103
Au     6.209353720897    -1.748868500889    27.047717482894
Au     4.100859468223    -3.546250091203    27.947636459907
Au     2.331821140745    -5.620381173050    28.997839082141
Au     4.330137269070    -0.249438161848    25.663106075839
Au     2.403094774870    -2.072264874231    26.561406915168
Au     0.232476497472    -4.082266353682    27.433922528826
Au     2.613020292021     0.790646061473    23.798296380701
Au     0.470347348024    -0.797832462665    25.021893203609
Au    -1.530602360055    -2.654554494820    25.939977213677
Au     5.457529615531    -2.019826104978    29.833874237605
Au     3.864854251130    -3.901338537622    30.689283055130
Au     3.963592657066    -0.755321586068    28.331432583464
Au     1.745775830075    -2.897906506336    29.169364404493
Au     2.103427108652     0.524191279004    26.944699215750
Au     0.049764798277    -1.269360116085    27.711053804840
Au     0.690226194008     0.656363497564    19.674474870459
Au    -1.657327026186    -1.245916505092    20.268167211849
Au    -3.663972481482    -3.070591675760    21.442381941799
Au     0.525688833053    -0.667982326452    16.796861986166
Au    -1.571880298752    -2.942123553814    18.200861833265
Au    -3.731991936734    -4.456998492684    18.973044973553
Au     0.162868984767    -2.241008556001    14.621536277958
Au    -1.722541489683    -4.077846617514    15.601777261188
Au    -3.816722516064    -5.794227217065    16.391875749129
Au     0.032771975999    -3.546726958599    11.991939888380
Au    -2.646184627694    -2.335304092403    13.010335518907
Au    -3.812911052904    -6.976882945355    13.936661573152
Au    -1.953076519193    -0.017922501417    17.924701005161
Au    -4.274031930851    -2.749586766532    16.750584954838
Au    -4.200263211958     0.188890492341    16.844886435069
Au    -3.968405408485    -1.374727902219    19.069554337553
Au    -2.253664248315    -1.395346109346    15.702539120212
Au    -4.566783237511    -1.481723219408    14.424845441131
Au     3.179724088697    -7.217925798133    10.550122688012
Au     0.862475969755    -6.194317820943    11.695522909742
Au    -1.366579959525    -7.761246524117    12.744814279717
