         216
 AuNiAgCu    E (eV) =  -774.090027       T (K) =   550.000000       time (ns) =   1.00000000    
Au    -9.271348242997     0.117061570098    17.552331199917
Au    -8.787726368350    -1.908621602579    15.621374493566
Au    -8.276616486840    -4.326160100654    14.160115548792
Au    -7.936391234673    -6.374724783964    12.089720855695
Au    -6.811944873003    -8.542555714620    10.625614261386
Au    -6.124848118930   -10.198532796505     8.449306742648
Au    -5.364547363689   -12.439538641883     6.416297152763
Au    -4.692665600407   -14.548913298183     4.787870567750
Au    -1.326730343201    -6.937371308174    20.304831932537
Au     1.099875832247    -9.290951149562    17.058203141797
Au     1.529705073527   -11.608722692833    15.831022578451
Au     0.932620729137   -13.525632925046    13.973562230634
Au    -0.044403541252     0.715126862038    11.448022822711
Au     1.133262733968    -0.825871052337     9.720569420902
Au     1.777828818113    -3.032798981138     8.206129479172
Au     2.110781438325    -5.288235604848     6.233356038075
Au   -10.379975375162     1.712947616547     6.884605667634
Au    -9.487577271087    -0.331011069043     4.713661212967
Au    -8.978300041790    -2.095111082083     2.746756600776
Au    -8.282891090302    -4.384727073522     0.916815862629
Au   -10.051147917214    -2.692204030220    17.889614542199
Au    -9.622395477515    -4.777094777470    16.514964440528
Au    -9.075333129729    -6.972720396468    14.474066982044
Au    -8.274757347181    -8.875153730954    12.928195473944
Au    -7.628500093018   -11.313394673992    10.766335972328
Au    -6.793189062900   -13.067957160162     8.847659590344
Au    -5.955657993643   -14.888513346712     7.019230735162
Au   -11.368166112392    -0.998160299133    16.362759736411
Au   -11.091467911103    -3.333406480215    14.453919930433
Au   -10.260537236825    -5.383406511302    12.879729683201
Au    -9.747925643059    -7.918768795223    10.697813424240
Au    -8.978762455136    -9.723122411989     8.626852010044
Au    -8.205156532240   -11.445002096117     6.912135661750
Au    -7.387960182486   -13.508799259784     5.122031647368
Au    -9.732428705673     0.474020822090    14.894317238496
Au    -9.133962768225    -1.886768690796    12.841056220293
Au    -8.554171104592    -3.876917505922    11.048411224929
Au    -7.782673333950    -5.823363825772     9.296276089160
Au    -7.311859268062    -7.959209867840     7.494744582357
Au    -6.539854365830   -10.012544831245     5.181458916885
Au    -5.729870157974   -12.020733067258     3.613456614434
Au    -7.129922973915     0.577483817419    15.898902577953
Au    -6.509539533679    -2.218076167737    14.168118365123
Au    -5.821171547665    -4.191151415637    12.451891399623
Au    -5.290436182416    -6.271937605011    10.487556708088
Au    -4.163579398483    -8.337911122869     8.748971030115
Au    -3.743298924635   -10.251156035659     6.659341861898
Au    -3.250008465957   -12.249546449477     4.586513638520
Au    -7.201671972294    -1.491744957537    17.922649775671
Au    -6.578626558788    -3.861444260061    16.504581325298
Au    -6.175000257982    -5.933165880982    14.658421263170
Au    -5.509972741629    -8.064410882169    12.789665651123
Au    -4.608478849044    -9.885327334065    10.787024698794
Au    -3.992422901662   -12.125614106614     8.853179893071
Au    -3.359368926312   -14.285845729027     6.999355994698
Au    -9.787780128820     0.878754111754    11.965936433137
Au    -9.287192716892    -1.392652859468    10.233210236315
Au    -8.694214641963    -3.351489857975     8.294798028884
Au    -8.226928839789    -5.586246803194     6.351137829457
Au    -7.353325063941    -7.320953626155     4.331444387635
Au    -6.499705523822    -9.366655429521     2.396881354203
Au    -4.933863102548     0.229825510925    14.409556815932
Au    -4.080359983708    -1.647683402975    12.721986665802
Au    -3.323785314285    -3.746366478377    10.965567671108
Au    -2.933438004976    -5.845707705997     9.151233665659
Au    -2.013197181478    -8.037043520532     6.973180673528
Au    -1.149038368957   -10.137126896949     5.542732471073
Au    -5.288471681863    -3.024504644066    18.689454957463
Au    -4.339561863158    -5.476353322551    17.015901707904
Au    -3.899826303282    -7.570756317436    15.075376220971
Au    -3.167537768366    -9.829278293128    13.010194410854
Au    -2.292421593657   -11.836181638154    11.377298346375
Au    -2.006158908259   -14.320816325596     9.419702705007
Au    -9.806807765512     1.266160493419     9.375953023529
Au    -9.486554396219    -0.817272976767     7.503888727335
Au    -8.921132883016    -2.809887924831     5.617929119300
Au    -7.881915086614    -4.632967415752     3.497734713124
Au    -7.053664425709    -6.981692463387     1.514189340620
Au    -2.488202896509     0.794868109764    13.157530147779
Au    -1.647827335205    -1.290039885591    11.220228405272
Au    -0.867598575841    -3.494607420069     9.401774052366
Au    -0.325682545192    -5.499387484758     7.816457009836
Au     0.294813848415    -7.448468546705     6.031956822364
Au    -3.378967430456    -5.001172915433    19.475081742148
Au    -2.393769275699    -7.041090976286    17.915626734214
Au    -1.781647966204    -9.692634313483    15.816604158564
Au    -0.951038690822   -11.755252871182    14.105630494755
Au    -0.444750751321   -13.882132569000    11.717793395332
Au   -11.994523012310    -0.246266878280     7.786207740022
Au   -11.499908846272    -1.894714672750     5.708410555711
Au   -10.903124801117    -4.306211871046     4.050335657995
Au    -9.556251553435    -6.494366808735     2.614515992140
Au    -2.650569157107     1.078154326510    10.294775531878
Au    -2.092947200775    -1.091503767123     8.309872799063
Au    -1.359267558296    -3.140871944760     6.617231694842
Au    -0.415302064058    -5.271958948474     5.002510383524
Au    -1.027519894082    -4.793369384997    18.021562137381
Au    -0.502710532202    -7.208462851016    16.089644397700
Au     0.726134916611    -9.563710436461    13.802451002800
Au     0.969426385294   -11.605546361266    11.788182650956
Au    -5.121628711854     1.269044249125     8.939369628535
Au    -4.548186271263    -0.780039706923     6.945723711194
Au    -3.810659821836    -2.805099835755     5.108835527426
Au    -2.875156450114    -4.864342180072     3.192284124352
Au    -0.615842837255    -2.954408254419    15.815621730568
Au     0.179937439764    -5.239531676842    13.817645674217
Au     1.005853297589    -7.292475630444    11.906854189305
Au     1.941511450103    -9.407950445854    10.424631244885
Au    -3.683052569001    -8.302034984025    19.674897162328
Au    -3.037725473591   -10.545186801277    18.316260846848
Au    -2.645873489295   -12.623503058102    16.239066735625
Au    -1.593906154005   -14.465870273448    14.053810214110
Au    -7.551249856773     1.587093373203     7.642969726795
Au    -6.946953191472    -0.192417803593     5.786247106440
Au    -6.379494145969    -2.380527708213     3.995928298132
Au    -5.511513420280    -4.536809833963     2.291663493740
Au    -0.203144797393    -0.817676853255    13.675468305990
Au     0.648911537201    -3.231499824997    11.713527926121
Au     1.312914429548    -5.204851149336     9.836586461763
Au     2.164958716133    -7.287924827014     8.000517924238
Au   -11.914915980187    -0.541349668828    10.623821504423
Au   -11.292453611085    -2.771675649268     8.818585313277
Au   -10.961337767221    -4.666599670701     6.912672059044
Au   -10.453188998575    -6.827775661178     4.983104316444
Au    -9.175253002960    -9.047927345073     2.942525092230
Au    -4.963171142066     0.829897559699    11.731924680333
Au    -4.391625470163    -1.227347992592     9.896345403258
Au    -3.778193333518    -3.317200891384     7.903907031720
Au    -2.836850105197    -5.370092023253     6.318590565810
Au    -2.244249681344    -7.249119983714     4.458721048687
Au    -2.737981417175    -2.870950836312    17.429495935782
Au    -2.145022040809    -5.225234330778    15.522359052555
Au    -1.349304324844    -7.778615799280    13.539380188587
Au    -0.662947289350    -9.529989330343    11.533446327564
Au    -0.291150638752   -12.245588982241     9.543912399872
Au    -5.887130604106    -5.999494615485    19.155912080264
Au    -5.046577994981    -8.498232125467    17.570575673313
Au    -4.453611836186   -10.684616775751    15.673087983166
Au    -3.797058366977   -12.368977561295    13.725238815069
Au    -3.249208006917   -14.218807835321    11.960783167177
Au    -7.345084966662     0.952225861924    10.396909915232
Au    -6.810984852256    -0.987765903080     8.669800212340
Au    -6.351970320142    -3.109632593374     6.777773673011
Au    -5.661410174494    -5.098319030338     4.862982967664
Au    -4.739881177208    -7.241593926969     3.052107382027
Au    -2.512041497714    -1.159986973060    14.819839143056
Au    -1.727625937543    -3.342275290280    13.208410218570
Au    -1.035082653177    -5.560609452630    11.410835155761
Au    -0.457697361518    -7.812415214858     9.613972603407
Au     0.403545990216    -9.979795996358     8.034513239391
Au    -7.862785360724    -4.054894572033    18.838710776849
Au    -7.575052991729    -6.478788804632    17.060877712305
Au    -6.824182134781    -8.527775885792    15.315368597157
Au    -5.996582198510   -10.651234364269    13.350858559989
Au    -5.274563286845   -12.568041672623    11.279378491597
Au    -4.661653823838   -14.740312058438     9.351536246407
Au   -11.684952386929    -0.885851649178    13.489819786455
Au   -11.372854775587    -2.930096366300    11.578806413097
Au   -10.476023341704    -5.276014236489     9.928113447799
Au    -9.899474445401    -7.195409579487     7.922812689803
Au    -9.124870851148    -9.092418854772     5.694118766105
Au    -8.298439873900   -11.394922391168     4.105304678939
Au    -7.264500658525     0.354395455654    13.162657391067
Au    -6.679119227575    -1.856520503762    11.354235614621
Au    -5.928339009619    -3.710856588203     9.375190787330
Au    -5.336041524534    -5.904069706847     7.631292644478
Au    -4.919859614821    -7.705387134556     5.612707167276
Au    -4.042194598747    -9.674812600581     3.836834286599
Au    -4.699454789239    -1.486826191272    16.593092462836
Au    -4.057134062115    -3.634101895185    14.745260423169
Au    -3.523937862295    -5.698989852234    13.096622898725
Au    -2.876400658643    -7.655540412185    11.208783517695
Au    -2.185289332421   -10.131749286630     9.216758074426
Au    -1.625725368094   -12.157353503250     7.327363004000
Au    -0.055049505033   -13.781491941628    16.526434134417
Au    -0.692702542224   -11.558438723792    17.730456762096
Au    -0.738845977994    -9.277685581870    18.949120097948
Au     3.121125771793   -11.741202479637    13.751961268543
Au     3.520575491318    -9.505058871955    15.491342154207
Au     0.857849654570    -6.804941792880    18.490310272609
Au     3.578927405295    -9.278671002794    12.675172847593
Au     2.620495096349    -7.112400545484    14.374526878892
Au     1.367630929684    -5.190554215248    16.322892380703
Au     3.486568388344    -7.255455741648    10.556935965410
Au     2.795155066559    -5.051586017794    12.401993188936
Au     1.804492828394    -2.951029744120    14.584748684785
Au     3.711395183258    -4.985756611225     8.873908100984
Au     3.156798985726    -2.959718309695    10.560309859629
Au     2.264353597789    -1.181982066680    12.202039977611
Au     5.153436255134    -7.468907215478    15.471300717950
Au     2.951404305542    -7.364332777558    17.057072164841
Au     5.068725563285    -6.808865347473    12.728774745104
Au     3.956448382049    -5.034789469301    14.678846448849
Au     5.149714205789    -4.956487473086    11.005994622869
Au     4.236172658058    -2.981639241043    13.197076295952
Au     1.232126951293    -3.008066778046     5.450520786836
Au     0.243731167204    -0.824365084726     6.837602914533
Au    -0.563349252641     1.268615719051     8.617948281689
Au    -1.486675731037    -2.634665586578     3.826129656775
Au    -2.003128642111    -0.501558373694     5.527568680894
Au    -2.803999443635     1.448303153910     7.202564381161
Au    -3.978254430759    -2.016733479648     2.513707295487
Au    -4.661461408224    -0.089516313979     4.391551413968
Au    -5.196159477390     2.078594197386     5.980146919057
Au    -6.752348930697    -2.046114194148     1.241365589614
Au    -7.200388355357     0.151393810973     2.867615869822
Au    -8.298776464900     2.262548664773     5.237733791333
Au     0.354361563097    -0.684885371798     4.109996919287
Au    -0.146826568039     1.641379264838     6.007219666404
Au    -1.954671900995    -0.116194498268     2.830672704578
Au    -2.434199610109     2.054694519130     4.530359081378
Au    -4.856794249923     0.265888669182     1.812609504844
Au    -6.117986294746     2.425469712412     3.414796035262
Au   -10.665747659014    -3.641706336751     1.534193594462
Au   -11.636066825446    -1.632127552812     3.001075556606
Au   -12.117191017814     0.683553200734     5.031445658239
