         216
 AuNiAgCu    E (eV) =  -772.536011       T (K) =   550.000000       time (ns) =   1.10000002    
Au   -13.259871471211    -3.575087120817    18.928259450884
Au   -11.561125053729    -5.121064053724    17.499976084858
Au    -9.423511275242    -6.507290268104    15.986635268881
Au    -7.946469457963    -8.434179752607    14.179652480746
Au    -5.932202551101    -9.697579099533    12.577435911131
Au    -3.845902390938   -11.324402031093    11.129528349472
Au    -1.950614048375   -12.833487919597     9.769608973521
Au    -0.154997703525   -14.912165050503     8.824521636683
Au    -4.735230378297    -8.849811789158    24.042714380652
Au    -2.943729192630   -10.278790131065    22.746739649831
Au    -1.145405829516   -11.770028815578    21.313818520899
Au     0.773183212570   -13.072303916268    19.834920775505
Au    -2.903252779296     0.174309942454    17.397362883255
Au    -0.775823779868    -1.331985572368    15.833128000251
Au     1.361070569316    -2.842574175502    14.735501179700
Au     3.029553054596    -4.535477146380    13.026679475062
Au    -9.983418064618     0.336436817215     8.532958266541
Au    -5.443181176840    -0.316893896867     6.620313626374
Au    -4.449353722177    -2.451005718004     4.833012675421
Au    -3.773446584790    -4.920723654082     3.661193880492
Au   -13.612998330730    -6.385024591951    18.709997892595
Au   -11.592242097659    -7.788593442883    17.244154494355
Au    -9.414704495043    -9.580780599674    16.137777227926
Au    -7.771266717078   -11.208821771073    14.295834460695
Au    -5.777010551291   -12.504672128739    12.649448758952
Au    -3.906059432606   -13.968524430405    11.556901967544
Au    -1.741981585553   -15.511843665799    10.619998806566
Au   -14.230720365441    -4.752826776998    16.784781818863
Au   -12.280583892362    -6.466650455572    15.083188636085
Au   -10.617955451228    -8.098189671057    13.604195265295
Au    -8.762271125258    -9.546561305524    11.968021698407
Au    -6.513260665312   -11.193951498723    10.015403729566
Au    -4.364947194283   -13.034366593509     8.764553466704
Au    -2.531758612057   -14.540902200480     7.831768635133
Au   -12.307912497687    -2.533287758492    16.475335201780
Au   -10.730201646375    -4.103991636446    14.840388641048
Au    -8.631512172457    -5.536320593824    13.162896995399
Au    -7.051427088873    -7.201796912064    11.747397235748
Au    -4.830100306551    -8.818434339729    10.044604244343
Au    -3.098018570524   -10.382639722704     8.677065248587
Au    -1.257184200023   -12.351361912166     7.209932446432
Au   -10.613656725772    -2.669742430378    18.670858482893
Au    -8.779772866567    -3.985815913846    16.730870521821
Au    -6.920539536447    -5.700956380707    15.172505499498
Au    -5.043403042600    -7.385717874875    13.763043561622
Au    -3.164543180082    -8.801724581135    12.271882493162
Au    -1.288513424686   -10.091828928753    10.990482168123
Au     0.802255045375   -11.654065136343     9.647942028419
Au   -11.217811095707    -4.923752862949    20.250086545959
Au    -9.404003600339    -6.250102536973    18.757497842021
Au    -7.679928035200    -7.805083013761    17.148447045533
Au    -5.795653732782    -9.331454538267    15.677025450032
Au    -3.879550498996   -11.006491216285    13.972552855813
Au    -1.690132160037   -12.372578325665    12.637632580845
Au     0.250702239024   -13.960224459237    11.381068004365
Au   -11.413235028002    -1.682618367728    14.027271076646
Au    -9.718524884643    -3.217583583760    12.382518666869
Au    -8.322346236292    -5.200795416169    10.653540216568
Au    -5.996885061460    -6.490185844736     9.012833449276
Au    -4.125784792782    -7.947622907585     7.310035811550
Au    -2.292148901517    -9.678425647141     6.146621968848
Au    -8.008327725615    -1.463637071537    18.182278733810
Au    -6.089960303296    -3.281746771337    16.478539093662
Au    -4.284143798966    -4.701665284932    15.026807144368
Au    -2.086383393052    -6.342595064662    13.446882769139
Au    -0.174383362911    -7.952788118164    12.184816855154
Au     1.743924591723    -9.670426653342    10.954059461228
Au    -9.121707089976    -6.282697612803    21.619396378435
Au    -7.361712820871    -7.660182965285    20.125957646203
Au    -5.381948793383    -9.312742747316    18.254484838957
Au    -3.442590634615   -10.910184927681    16.836776921346
Au    -1.470311890351   -12.360968161379    15.574386422025
Au     0.712952664816   -13.614558522564    14.305145562307
Au   -10.471019969961    -0.578256534070    11.174502479714
Au    -8.732648406864    -2.341622993618     9.809008644648
Au    -7.076360838376    -4.121798370187     8.603449482128
Au    -4.964240312600    -5.210496187499     5.969405367873
Au    -2.974926194460    -7.232573866124     4.927473584896
Au    -5.445806945335    -0.700562773938    17.888186986320
Au    -3.424031037732    -2.246870197330    16.358424492663
Au    -1.325201688048    -3.811944474248    14.814840418223
Au     0.370691129226    -5.262935493497    13.374438842575
Au     2.486743073196    -6.868502217467    11.604037890777
Au    -6.958183479901    -7.584837014027    22.918828656791
Au    -5.117784312334    -9.169191492399    21.296508374469
Au    -3.430033888346   -10.772056719260    20.137460334739
Au    -1.454522570678   -11.861019652481    18.480699678982
Au     0.541558011270   -13.179336046657    17.225516587068
Au   -11.243581752627    -2.071435957725     9.073181263034
Au    -9.558750183557    -4.076300720020     7.646082461807
Au    -7.833091057030    -5.785486127694     6.226868198438
Au    -5.745199269656    -7.107427603675     4.123282976264
Au    -4.429624576098     0.137384709206    15.264816406900
Au    -2.634986708721    -1.179086470464    13.785315163459
Au    -0.214600124996    -3.182478509856    12.078953832062
Au     1.832053032029    -4.524305238258    10.676625876012
Au    -4.265160828118    -6.671567254637    22.353066406321
Au    -2.526315437409    -8.176107432051    21.050694712653
Au    -0.410632749065    -9.802930805929    19.754868704213
Au     1.652835162823   -10.831092202572    18.149021411567
Au    -6.286246893117     0.246240371290    13.222067778120
Au    -4.409848088993    -1.432036780628    11.519223588020
Au    -2.085295679218    -3.203641891113     9.957053174993
Au    -0.830033024598    -4.772899017909     8.416823685244
Au    -4.034945870973    -3.978073888661    21.062476784592
Au    -2.095689385740    -5.787134070763    19.221592851538
Au    -0.076362797735    -7.526303300981    17.861089856370
Au     2.168297346066    -8.489660730569    16.583583270808
Au    -7.427449875536   -10.248793997706    22.955891911478
Au    -5.660959721618   -12.138815585068    21.516989405488
Au    -3.606253129768   -13.425143948303    20.088683047358
Au    -1.745198388420   -14.754404766009    18.841364905489
Au    -7.910378135669     0.276494513701    10.840733338502
Au    -6.211336894895    -1.664802178410     9.148450097304
Au    -4.271862709988    -3.145892358269     7.517380991063
Au    -2.112511134957    -4.748520340528     5.974245870250
Au    -3.405160621767    -2.069755837494    19.128488584066
Au    -1.236036973746    -3.293843317593    17.628989499773
Au     0.675038655422    -5.388007248384    16.190652548248
Au     2.450287018464    -6.650416831119    14.444364939951
Au   -12.254492201169    -2.802073177085    11.487822344786
Au   -10.746433047244    -4.599261561162     9.915858118878
Au    -8.836156113053    -6.715165151375     8.413424909954
Au    -6.701983363760    -8.248809079392     6.919818570624
Au    -4.813101859517    -9.513590215291     5.222937920751
Au    -7.203640594379    -0.609354480762    15.728358682738
Au    -5.203185660166    -2.318749797365    13.918103464358
Au    -3.274494318791    -3.963704372080    12.491243506462
Au    -1.258832345722    -5.597365341563    10.910357044892
Au     0.578371364011    -7.001039305227     9.668632241114
Au    -6.330916195662    -5.508286435341    21.175701836307
Au    -4.656192924347    -6.918686662793    19.444339304460
Au    -2.688451726959    -8.515860360911    18.133502030426
Au    -0.920222425461    -9.887984559007    16.743567340154
Au     1.260530839872   -11.065165978021    15.307032938910
Au    -9.327610450807    -8.891148799743    21.617046075277
Au    -7.422946428263   -10.524371851065    20.364176977519
Au    -5.543356922939   -12.076913324819    18.662147430404
Au    -3.663328600397   -13.562720119396    17.281858531817
Au    -1.249886816030   -14.914999592836    16.068553287460
Au    -8.973200352052    -0.608694962951    13.551448718247
Au    -6.985232100560    -2.146278602608    11.937812719447
Au    -4.898672730684    -4.103755011231    10.107424528890
Au    -3.466414252268    -5.590445015939     8.488170030087
Au    -1.515927738465    -7.218706843216     7.372593892219
Au    -6.178354910235    -2.682932551387    19.607355739667
Au    -4.066685232520    -4.633470737064    17.965582214402
Au    -2.386849381501    -6.026713615803    16.294775264517
Au    -0.058580901125    -7.932521976600    14.989983808466
Au     1.866884929486    -9.194592194783    13.498060718648
Au   -11.625609293899    -7.609178808868    20.169804596429
Au    -9.371253851181    -8.978262592569    18.810313711913
Au    -7.406240272144   -11.006995919333    17.248879693048
Au    -5.483207769317   -12.306714580907    15.679838854771
Au    -3.544293840494   -13.750191281612    14.257068285331
Au    -1.534389147797   -15.120043668807    13.250144830948
Au   -13.350571932172    -4.320122792561    14.118816826485
Au   -11.647955701960    -5.382500404323    12.433271752023
Au    -9.880814496905    -7.326225964323    11.100194699763
Au    -7.836165016228    -8.858835311877     9.363422381295
Au    -5.450758691166   -10.558817545248     7.704769630092
Au    -3.707875264014   -11.963705237923     6.286729423184
Au    -9.742621013660    -1.677628662337    15.994972076553
Au    -7.958199162495    -3.138970870977    14.397173349651
Au    -6.007418215146    -4.997295342760    12.729505433025
Au    -4.401858778238    -6.439621377246    11.175342328757
Au    -2.358096372816    -7.746587705597     9.805061750685
Au    -0.510575187319    -9.687104625212     8.584423109150
Au    -8.633198317250    -3.981092692031    20.077342343216
Au    -6.797129197844    -5.044746690887    18.352463570032
Au    -4.881485481822    -6.947848575627    16.857593917204
Au    -2.883407110362    -8.471705368378    15.199623902348
Au    -0.873097893785   -10.047725286326    13.794313634892
Au     1.055765652215   -11.666501990344    12.586965342746
Au    -1.238695629331   -14.311412956157    21.570777482514
Au    -3.338838165722   -12.936944306811    22.661735660990
Au    -5.354051457713   -11.319248223591    24.096941480728
Au     1.579858249861   -10.844720772752    21.218199098765
Au    -0.236053096547    -9.267004491972    22.606601215613
Au    -2.100144381700    -7.539386366425    23.605413149264
Au     2.238999584171    -8.518873929388    19.398094321291
Au     0.222180933941    -7.237581002093    20.582440336971
Au    -1.650630913361    -5.495321121673    21.697916209625
Au     3.045189801076    -6.393942819673    18.024635615670
Au     0.820492715020    -5.056047215460    18.983277473720
Au    -1.277152413619    -3.316866541046    20.311213893343
Au     3.272020613761    -4.301331822283    15.892326324076
Au     1.222348231031    -3.015779166957    17.216278589137
Au    -0.816158777750    -0.976611260988    18.675816427961
Au     2.558600989338    -8.208770046297    22.208114098181
Au     0.439435154079    -6.884892452387    23.438682589868
Au     3.012968633474    -5.980370367277    20.740595677918
Au     0.841306228978    -4.542316987290    21.573138390332
Au     3.203366060865    -3.783850781556    19.254561203338
Au     1.015795299282    -2.246856582442    20.036250940379
Au     2.107547353569    -1.854539518947    11.606999981231
Au     0.439743431242    -0.462202424507    13.338049160221
Au    -1.731384960625     1.106238297393    14.869160239745
Au     0.514665011377    -2.398859444938     9.450687028262
Au    -1.487437868426    -1.022539916894    11.394887785855
Au    -3.818324849159     1.006391563803    12.706276018504
Au    -1.262768729166    -2.442813113793     7.231476370860
Au    -3.394258953586    -0.934492730573     8.887317404617
Au    -5.296746713424     0.852390698757    10.370351567931
Au    -1.842227550865    -2.379046416734     4.393360061412
Au    -2.953972634030    -0.694926178982     6.211771079993
Au    -7.245105020109     0.859984585371     8.363889844919
Au     0.876180327726     0.373871095765    10.883243765814
Au    -0.992781763438     1.621313174359    12.432558399884
Au    -0.104742273817     2.750160215400    10.330882480428
Au    -2.539786883815     1.513613575894    10.276536118462
Au    -0.966889609077     0.002729168805     8.409897605963
Au    -4.329198390924     1.688241015871     7.872728438361
Au    -6.292971568927    -4.556695677699     3.943878217773
Au    -6.607436985487    -2.882852242750     6.187897930558
Au    -8.284899714740    -1.297315536910     7.389606111914
