         216
 AuNiAgCu    E (eV) =  -775.688293       T (K) =   550.000000       time (ns) =  0.259999990    
Au    -6.095377759981     1.269042943117    19.087691833935
Au    -4.318414801133     0.946173331434    16.791757495491
Au    -3.595144231343    -0.954413106056    14.912128396765
Au    -3.189532670983    -2.693270959388    12.738939695151
Au    -2.142932736431    -4.568202908086    10.795863723547
Au    -1.948279907521    -6.372947097862     8.735131251532
Au    -0.905870259204    -7.934550294422     6.321563033070
Au    -0.192620207995    -9.479287295993     4.243706761648
Au     5.589126818756     3.155003499997    14.351862305042
Au     6.539482545734     0.964369890139    12.577647822611
Au     7.337692680467    -1.000714708678    10.269378341642
Au     7.659185548589    -3.168719394102     8.595310469478
Au    -2.438471157613     6.853121475681     8.195219582870
Au    -1.956594803574     5.262593963862     5.940818500086
Au    -1.057653092108     3.239890620163     3.917387129505
Au    -0.584106088523     1.320416886849     2.104123966846
Au   -11.837043986759     1.749775543717    10.223951517176
Au   -11.479782678172    -0.131485026841     8.490411148685
Au   -11.021611821783    -2.265013328700     6.092018722395
Au   -10.180744211712    -4.492599252700     4.237432042660
Au    -3.238720811389     1.185525506752    19.386778028027
Au    -2.275060582494    -0.806339374054    17.682494979592
Au    -1.854348394891    -3.096966294119    15.934556985655
Au    -1.090071967375    -4.581219852723    13.581694590695
Au    -0.534163321964    -6.516449582417    11.512732422299
Au     0.050926658173    -8.395088263131     8.753176742159
Au     0.782031800987    -9.918152920081     6.779366542924
Au    -4.712514868502    -0.944868262633    18.878745621347
Au    -4.118165593898    -2.902615479322    17.180425833052
Au    -3.893312114928    -4.260816387750    14.898843640257
Au    -3.029853154981    -6.244634833333    12.933064071337
Au    -2.935710657100    -7.857800635392    10.660398082557
Au    -2.576844607508    -9.101028271629     8.187764496668
Au    -2.230196959546   -10.293377475988     5.886605954974
Au    -6.701583380350     2.412349152241    16.645127119648
Au    -6.034900785434     0.746773502919    14.533582492821
Au    -5.255282820659    -1.065539315408    12.482473051217
Au    -4.852350410781    -3.147459964515    10.479209624836
Au    -4.338949828922    -5.033325268483     8.571952846957
Au    -3.493741231342    -6.407516584447     6.350330114274
Au    -2.752673851258    -8.027004808796     4.285034118435
Au    -4.266596687180     3.757041264265    16.050683473247
Au    -3.563309456846     2.002056513644    14.099857608984
Au    -2.588352329589     0.013433042696    12.261054904543
Au    -2.255873525968    -1.824716869636    10.164860925538
Au    -1.573017815913    -3.624872091971     8.008851018342
Au    -0.905554600390    -5.174543722323     5.573080177573
Au    -0.112551027494    -6.839580169378     3.489227074028
Au    -2.128836096184     2.697346666998    17.616746255449
Au    -1.443563009275     1.042619227732    15.508818232962
Au    -0.785323713597    -1.147242603177    14.075503906910
Au    -0.221725439593    -2.642407812414    11.642782457387
Au     0.383826640546    -4.789818959241     9.602286988137
Au     1.024315434528    -6.183765091275     7.249782332962
Au     1.891480863562    -7.977146095387     5.100836629144
Au    -8.438150195676     2.272958492648    14.361406710265
Au    -8.042258454964     0.380294718274    12.387534688089
Au    -7.209801885917    -1.512135157955    10.491810312600
Au    -6.532637786780    -3.287777319220     8.352241852957
Au    -5.988332364558    -5.235702673423     6.265121658877
Au    -5.414175426011    -7.051425009194     4.105113328278
Au    -3.972841260884     4.864571270039    13.538977193228
Au    -2.949597803930     3.119620351127    11.553841320397
Au    -2.361704390368     1.431827020341     9.452245816736
Au    -1.767419486929    -0.549490655103     7.297136505311
Au    -1.142174247590    -2.358861385648     5.257424060793
Au    -0.270721066759    -4.095465025745     3.160242453779
Au     0.476918261056     3.133515581425    16.693686141346
Au     1.326903289873     1.362831931973    14.733385004487
Au     1.979779839751    -0.880611754364    12.847236825978
Au     2.453747275305    -2.556834515119    10.736579916386
Au     3.062286614044    -4.447700490552     8.728819942026
Au     3.782900417073    -6.103937225375     6.448749833516
Au   -10.380631272485     1.808961308601    12.713036094589
Au    -9.611324809562    -0.113818980073    10.353484033477
Au    -9.124289662848    -1.796890427200     8.202041354423
Au    -8.450414272505    -3.605343650666     6.214173450251
Au    -7.655584028722    -5.419863250477     4.282846339663
Au    -3.039862133982     5.891717046006    10.935363662847
Au    -2.446458749069     4.282776625536     8.762270146102
Au    -1.917044272474     2.413494517259     6.759857351796
Au    -1.033163460896     0.410778605712     4.639060356178
Au    -0.570197199796    -1.499780112118     2.401019424625
Au     3.172665677796     2.992057700832    15.606765479172
Au     3.995923713033     0.991069475574    13.490580215862
Au     4.446551912388    -0.922803518398    11.443395078267
Au     5.148720358237    -2.747899272804     9.554847849467
Au     6.099821420514    -4.708529228321     7.470668865147
Au   -10.596936844955    -0.694886181207    12.874847928639
Au    -9.629691399186    -2.872433583925    10.909920846204
Au    -9.382316978479    -4.723393210181     8.713951117661
Au    -8.768234671944    -6.294341592379     6.510256875773
Au    -4.916608754341     5.647788935578     8.693886618338
Au    -4.373024168538     3.705554756529     6.641593490656
Au    -3.442371358862     1.875503447509     4.558191810151
Au    -2.873286991623    -0.266042543588     2.294429317695
Au     3.599725910396     4.355469305271    13.086607801876
Au     4.492815537176     2.216424358932    11.250118708514
Au     5.077475906942     0.157780150601     9.087366613579
Au     5.299940474364    -1.691180221011     7.065441205328
Au    -7.207792953396     4.289413948714     9.286031735239
Au    -6.618566614246     2.256832602263     7.259255398436
Au    -6.051131269151     0.139189105361     5.058494903058
Au    -5.655033157646    -1.581504213578     2.952772762846
Au     1.518443056760     5.393485032079    11.646837681460
Au     2.362726226359     3.265400950407     9.434522427330
Au     3.055021755646     1.209099100499     7.380565280720
Au     3.281243616754    -0.665593793859     5.379433384279
Au     5.053666691845     0.822117348490    16.013189901292
Au     5.561467672628    -1.220255477372    14.053085800621
Au     5.996246330263    -3.156262683588    12.035302955404
Au     6.772523095496    -5.039613117583    10.209906637403
Au    -9.482091943795     2.930722386665     9.708190394980
Au    -9.016913972909     1.034748468173     7.861035619455
Au    -8.670836334746    -0.999371840101     5.683012071735
Au    -8.155050161770    -2.616234421055     3.300286184800
Au    -0.553799521870     5.900715365695    10.014065193719
Au     0.055235184025     4.207691895757     7.449750839303
Au     0.857881070213     1.993552261977     5.834945060728
Au     1.380330622292     0.291787236487     3.504032837739
Au    -8.656909355687    -0.271010249367    15.193728635049
Au    -7.959712188128    -2.164205567493    13.258346134105
Au    -7.423309535938    -4.437073913878    10.724087028976
Au    -7.037990802044    -6.064772650594     8.760040950887
Au    -6.666591120888    -8.025938444005     6.378967426508
Au    -5.588132083429     4.808447102711    11.330783470779
Au    -4.755652071290     2.836570435917     9.485866356347
Au    -4.261548239675     0.930106870190     6.933599171723
Au    -3.655972963358    -0.894308077740     4.903302903274
Au    -2.983722744869    -2.916269277887     3.051350645696
Au     1.138412722979     4.419241894802    14.056634942103
Au     1.925381225948     2.573551292871    12.048445081130
Au     2.556564234774     0.450913961339     9.890154416246
Au     2.731042717205    -1.695494455614     8.052798362369
Au     3.689767686653    -3.440353128071     5.954277478808
Au     2.527042675521     0.677885641197    17.205793451603
Au     2.958408208590    -1.150075218592    15.335423956168
Au     3.642485991982    -3.027425591194    13.157343402380
Au     4.210514451556    -4.838319575737    11.221078894736
Au     4.692867937180    -6.585798991073     9.141980993318
Au    -7.902825611968     3.434196911401    12.025429768733
Au    -7.243699551360     1.499542773311     9.897708485997
Au    -6.545204181866    -0.481542027133     7.751496622678
Au    -6.007333799251    -2.551077239027     5.700015249059
Au    -5.490161384879    -4.352156382860     3.619484028991
Au    -0.921942291239     5.272083601389    12.557869227135
Au    -0.379393646625     3.337688828520    10.424902620852
Au     0.386773981905     1.284178149027     8.402822301739
Au     0.855227522343    -0.660775267815     6.394259842934
Au     1.607777178098    -2.513188729237     4.311733910524
Au    -0.181254104182     0.993536815289    18.175538793263
Au     0.534710923993    -0.791564997008    16.275984875837
Au     1.130792960147    -3.029843459721    14.525703478561
Au     1.427526044008    -4.657828582533    12.208064281417
Au     2.070375541874    -6.849952009909    10.173493847994
Au     2.635563665547    -8.106350968004     7.917261535583
Au    -6.652848378084    -0.472274175280    16.868254248609
Au    -6.067295345236    -2.169461485944    14.972313925743
Au    -5.587471314426    -3.936174841323    12.853782916723
Au    -4.847206363700    -6.080077901604    10.971384869785
Au    -4.789556723446    -7.833975773208     8.434047004466
Au    -4.488699069781    -9.169176754164     5.904470976139
Au    -6.337351999222     4.051274463545    14.341788515268
Au    -5.474261465633     2.164751676527    12.205479346282
Au    -4.708035484678     0.168433997747    10.286714498051
Au    -4.122218053665    -2.044367286840     7.903817536030
Au    -3.349594866501    -3.612744273790     5.778251981300
Au    -2.904519666186    -5.418656226838     3.567720500341
Au    -1.706033607388     3.932102056935    15.059618073206
Au    -0.748444777658     2.475520071169    13.054267756880
Au     0.002721215888     0.481689702072    11.230406412243
Au     0.161138546376    -1.415468036994     9.218026743663
Au     0.924014845047    -3.407376033697     6.902762164025
Au     1.905595405188    -5.366631254786     4.474668544797
Au     8.639474651064    -3.382981668526    11.033420773890
Au     7.904120219173    -1.528352487171    13.061151329037
Au     7.380785940839     0.316122586937    14.998876120112
Au     7.563136075753    -0.448258749197     7.606637622741
Au     6.855326312019     1.784694637508    10.081919496086
Au     6.148216060192     4.052844013947    11.914300652373
Au     5.692580960242     1.475438966944     6.439373088681
Au     4.967449671615     3.054710442132     8.589102364779
Au     4.184586718541     5.259651827721    10.423071755558
Au     3.468799135718     2.244045806748     4.685335213204
Au     2.929704366547     3.939524931950     6.959446404416
Au     1.946680550699     5.874065736366     8.896149351971
Au     1.654800864445     3.069819306752     3.118701732287
Au     0.765145586132     4.881024087261     4.814223462731
Au    -0.015121108184     6.736948779910     7.155931897007
Au     7.535554772986     3.078922213943     7.475113557083
Au     6.765445468568     4.884153945547     9.323606147190
Au     5.534668874983     4.259293094773     6.014590985954
Au     4.577306627858     5.912981386209     7.996231562917
Au     3.474236199395     4.782967550279     4.447176034564
Au     2.275331643281     6.660846555723     6.189318204969
Au    -3.111439672415     2.211893443526     1.955015186501
Au    -3.533332449749     4.377761751622     3.403098797659
Au    -4.377727306498     6.512092181679     6.180520659529
Au    -5.407447722769     1.024997485759     2.388920541015
Au    -5.784715566156     3.213303501225     4.421608167353
Au    -6.943221492625     4.979674453730     6.461831441266
Au    -7.917870694060     0.048126085922     2.923623571756
Au    -8.336152361937     1.799268475414     5.016083603558
Au    -8.952500780451     3.594024926653     7.121212567215
Au   -10.539465263596    -1.273796234732     3.629252439003
Au   -11.093454121012     0.796456244390     5.929496552399
Au   -11.522496407644     2.903271254734     7.679245846902
Au    -5.603577550648     3.759657191845     1.800558418810
Au    -5.719330895919     5.831791287486     3.794443341808
Au    -8.064456762117     2.742119555461     2.451786188334
Au    -8.533462997054     4.477599372613     4.339121563767
Au   -10.490899970009     1.322569347604     3.474820990894
Au   -10.746775889568     3.353861367871     5.119111033974
Au   -11.098413514588    -4.904495182656     6.485315996863
Au   -11.480408505278    -3.219973006634     8.632017211057
Au   -12.087492888597    -1.368088156042    10.581167990282
