         216
 AuNiAgCu    E (eV) =  -773.564636       T (K) =   550.000000       time (ns) =   1.63000000    
Au    -0.537298055122   -18.100638791060    20.417244453795
Au     0.617202944397   -15.490182183230    21.368423335732
Au     2.602808866786   -13.220535583345    20.414982043510
Au     4.641746785991   -11.537312626369    19.249191343657
Au     6.223963716178    -9.544245457409    18.330621885030
Au     8.397997866539    -7.444383000669    16.960841207424
Au    10.128921474189    -5.514032320716    15.797150615923
Au     9.419816807746    -4.249149766145    13.352471366500
Au     5.011211098764   -10.279050130065    29.526459941978
Au     6.543788925673    -8.314428333916    28.582309774623
Au     8.448115530093    -6.638138818661    27.485149466027
Au    10.173798560947    -4.476550809615    26.203561761691
Au    -3.500799384777    -5.509284768516    22.950619535807
Au    -1.623078781109    -3.925833265658    21.809599758476
Au     0.377139028607    -1.953424845732    20.405125052870
Au     2.706337892013     0.074431832310    19.603953413494
Au    -3.431499040320   -11.929540225434    13.095686403052
Au    -4.742728394401    -6.456845845777    13.161102297410
Au    -2.560937697557    -7.006209839907    11.581658130563
Au     2.065742999204    -6.389783393240     9.704274094329
Au    -1.225124110807   -16.873471903590    22.798249707997
Au     3.277882639123   -15.804042173259    20.736604858890
Au     5.317343639129   -14.121155347535    19.249240545404
Au     7.089260833713   -12.359949049274    18.211983899257
Au     8.842399953566   -10.598998912902    17.034477426142
Au    12.135360064834    -7.084481950587    17.395439887824
Au    13.236210701002    -4.937848131274    16.406667125048
Au     1.788608985663   -18.049179181791    21.534218384318
Au     1.433207586655   -16.794269931753    19.103119699444
Au     2.615516624830   -14.683227601072    17.809520798803
Au     4.771019860747   -12.963344155085    16.864072982986
Au     6.365949396449   -11.043246085272    15.899739777407
Au     8.194143906966    -9.425402249048    14.355794592575
Au    11.894922854932    -6.759020815736    14.138748012318
Au    -2.014247885645   -15.696926716347    20.403487756770
Au     0.384945855052   -14.194892960824    18.986481864270
Au     2.113002176811   -11.810116736258    18.262205372066
Au     4.064366210569   -10.032395761098    17.081268284536
Au     6.028648604059    -8.253675430408    15.632223272023
Au     7.533138087182    -6.245628306929    14.532100704877
Au     9.583987170895    -7.050104095921    13.147900920971
Au    -1.478420578177   -14.277233165426    22.714625833350
Au     0.073097204321   -12.485928298255    21.479320865551
Au     2.082637661346   -10.571520712320    20.679438612496
Au     3.963964536164    -8.446406303140    19.430475726862
Au     5.905550941357    -6.597905241537    18.012729842148
Au     7.746191773868    -4.736653997593    16.657151398781
Au     9.100566855935    -2.610864002709    15.775299479923
Au     0.444604918085   -15.494486843640    24.203250970994
Au     2.252175955997   -13.657975698955    23.187148772368
Au     4.102466441663   -11.690303902173    22.277715550910
Au     5.971276619851    -9.672050324699    21.206795149489
Au     7.535905358512    -7.537680175836    19.687467783435
Au     9.880369527296    -5.991730869128    18.670221855261
Au    11.255243998551    -3.440047188716    17.130156122629
Au    -2.181845181974   -14.521250410681    17.813848047495
Au    -0.287449891135   -12.567672594352    16.896552526866
Au     1.497018840532   -10.612151899062    15.662841586138
Au     3.238310893367    -8.831417316495    14.619364932795
Au     4.983060180046    -6.980255437090    13.254521487728
Au     6.791065887800    -5.210342035690    12.044742117081
Au    -1.949348497091   -11.334588938557    22.922705296921
Au    -0.326978547545    -9.487422219102    21.588530669713
Au     1.597256656411    -7.593316820675    20.603594817361
Au     3.304268257901    -5.778389402178    19.305925684771
Au     5.412803206357    -3.851088152294    17.926571134436
Au     6.800416450886    -1.914077056288    16.869040474640
Au     1.942074602467   -13.252988623684    26.289230605276
Au     3.773914665533   -11.641197565299    25.028194102531
Au     5.827162719028    -9.765495250042    23.922694253219
Au     7.369342099458    -7.859708836256    22.747226215344
Au     9.408699002391    -6.519869770487    21.540825330970
Au    10.668099595784    -4.163478127695    20.466090756730
Au    -2.973763939374   -13.203467856052    15.368834826632
Au    -1.084262252391   -11.362765286625    14.538702112085
Au     0.749197961283    -9.229448348079    13.298800309234
Au     2.392470649406    -7.480224404448    12.175527842223
Au     4.401999212283    -5.852635018370    10.838926308887
Au    -2.525975975586    -8.591494547135    23.228287765382
Au    -1.024320672935    -6.565304606043    21.922057409346
Au     0.971207070550    -5.081566783672    20.591277343158
Au     2.644644874045    -3.054112243890    19.440902934066
Au     4.611104306326    -1.220085864970    18.455173646847
Au     3.531371872573   -12.347731213897    28.059463054737
Au     5.262432843310   -10.230435356403    26.678169886047
Au     6.923623263260    -8.154356979475    25.802435803038
Au     8.765294964437    -6.250328036001    24.728386304017
Au    10.253596882940    -4.534591493656    23.328850425801
Au    -2.420038536607   -14.320502922248    13.029110815227
Au    -1.125038744446   -12.345892187615    12.096284659016
Au     0.589758292381   -10.728766754696    10.983751843743
Au     4.692682234548    -8.521026212423    10.775525354054
Au    -3.609642313391    -7.421568211559    20.587069019472
Au    -1.917393809290    -5.405795992786    19.582058783033
Au     0.270264914426    -3.571935642924    18.096214226826
Au     2.219538920480    -1.511780110299    16.929447202262
Au     3.080864409820    -9.598172937444    28.000876317634
Au     4.509579149078    -7.477153947026    27.035819335521
Au     6.386785265079    -5.243307940293    25.818682707172
Au     8.089637210314    -3.533777662564    24.476879329006
Au    -3.640297081006    -8.943596573254    18.297325066170
Au    -1.706947942824    -7.155322969195    16.876115685903
Au     0.066323354023    -5.163919170815    15.462125695919
Au     1.998315236250    -3.103685688235    14.660159870910
Au     0.799243503417    -7.665348300704    26.252801837807
Au     2.623548908072    -6.121055899784    25.309147823286
Au     4.421326276023    -4.098338996548    23.967181634896
Au     6.316328739652    -2.166473049245    22.925782539441
Au     5.751295902786   -12.743790857226    26.766611950171
Au     7.730795750037   -10.898657950254    25.458307558502
Au     9.294870734014    -8.832820357891    24.667562138339
Au    11.270240784303    -7.026480272683    23.455624945235
Au    -4.142304170399   -10.387825183676    15.284024137948
Au    -1.986481620315    -8.499056182650    14.562337056478
Au    -0.003895479011    -6.455534215988    13.033136809213
Au     1.876347691737    -4.607157981994    11.737316382077
Au    -1.727622764090    -6.422630251525    24.675591351959
Au     0.417181063726    -5.209281462630    23.507646146747
Au     2.583072645980    -3.076562170324    22.269861714218
Au     4.472980584932    -0.995420699330    21.320624222661
Au    -2.112400810351   -15.814088587949    15.222922352861
Au    -0.148337251592   -14.050654658042    14.336118913102
Au     1.465798542215   -12.078516542922    13.382982196512
Au     3.242466757001   -10.378361776841    12.410556779597
Au     7.369903111926    -7.899778950326    12.068737884482
Au    -2.820637160925   -10.061851697778    20.556618870516
Au    -0.907588163518    -8.051195217858    19.369150932649
Au     0.764281661507    -6.264996391276    18.240886216552
Au     2.891619964748    -4.159124032296    17.155518330120
Au     4.472978488853    -2.607283127500    15.518308863810
Au     1.508343917022   -10.647682004886    26.185835410502
Au     3.312736532056    -8.814236671898    25.082218431246
Au     5.068985482705    -7.024275596201    24.019972817891
Au     6.810429018430    -5.109303377232    22.654617762782
Au     8.425490062131    -3.145773517393    21.556140794451
Au     4.056112375953   -14.277882258244    24.914556726378
Au     6.193514956240   -12.658301483557    23.947852837808
Au     8.155880151812   -10.660996463706    22.673758080681
Au    10.087134577159    -9.015320550649    21.822339136137
Au    11.785503712872    -7.040846454587    20.482627971431
Au    -3.077902409054   -11.457754510531    17.821877315786
Au    -0.956171337401    -9.933473569516    16.839373286567
Au     0.703923817604    -7.932868177849    15.554435265093
Au     2.512647638640    -5.965911882755    14.485993229756
Au     4.406300073174    -4.261483175471    13.136190296007
Au    -0.685106580798    -9.951370626108    24.583487809251
Au     0.920249965707    -7.767865611452    23.693391938294
Au     3.164913715251    -5.927030274207    22.448898482347
Au     4.871713929616    -4.082079023907    20.945225932961
Au     6.727463465919    -2.205427098737    19.707544115773
Au     2.947084767164   -16.138942339886    23.319334293423
Au     4.730075995734   -14.365951898442    22.207116759195
Au     6.684492816894   -12.322165508127    21.148589714743
Au     8.432168587259   -10.403061257190    19.884041034436
Au    10.444529217670    -8.930416989341    18.232096231190
Au    12.591962395726    -4.722819589970    18.954095832021
Au    -1.002947662539   -16.926111624674    18.092074087235
Au     0.363696410588   -15.400059752618    16.502449606003
Au     2.259207536421   -13.129329942952    15.602541753064
Au     4.118736918550   -11.818748005471    14.324750270433
Au     5.595876160794    -9.679658686657    13.355468929511
Au    10.479459968508    -8.447296713899    15.569377882587
Au    -2.202300937495   -12.914273260870    20.042456319127
Au    -0.406852852837   -11.053699716613    19.100682216689
Au     1.477258534101    -9.051648153382    18.248249728236
Au     3.145268816115    -7.353713967547    16.847706010573
Au     5.165247832578    -5.356018061295    15.506936326641
Au     7.037874806900    -3.328485639759    14.222581215153
Au     0.045995681906   -12.516905148208    24.382070600134
Au     1.667473871919   -10.819584150600    23.402329252051
Au     3.421173532687    -8.719528404381    22.295386380260
Au     5.258147730856    -6.745081244955    21.077626107933
Au     7.399701636429    -4.889679100809    19.806864192087
Au     8.993842846254    -3.182343840730    18.318262215077
Au    10.887748114234    -7.301340799608    26.109893950214
Au     8.936534909339    -9.193968809241    27.194946513045
Au     7.271249408834   -11.068385476283    28.259129397954
Au     7.794657807455    -3.873103277647    27.467901107920
Au     5.918557302757    -5.349653036318    28.692534757150
Au     4.222191529388    -7.344570486079    29.760995247654
Au     5.879872440399    -2.245708396224    25.556167306617
Au     4.226883315893    -4.204980533178    26.943905548741
Au     2.537990229375    -6.231611204050    28.039802995382
Au     3.948800948949    -1.220104337572    23.995445842634
Au     2.192753031071    -3.197076398348    25.234711789208
Au    -0.071626872324    -4.888064567514    26.090368683816
Au     1.792545738893    -0.275784899171    22.152474602614
Au    -0.254408296497    -1.785787288715    23.126625198641
Au    -2.108794099004    -3.753580274620    24.334057275814
Au     5.761063791496    -2.496652044747    28.311474980080
Au     3.595783676982    -3.994832148686    29.581168352165
Au     3.579990884433    -1.540081334784    26.950518842483
Au     1.682615395121    -3.423523973041    27.825650856247
Au     1.470949858643    -0.496806692637    24.832991758755
Au    -0.425610915371    -2.193240809455    25.687700719369
Au    -0.106354123004    -0.659557395156    18.207169978316
Au    -2.302498027489    -2.695244732405    19.527685871169
Au    -4.065406326949    -4.162165788631    20.519834955787
Au    -0.141562417842    -1.899299808004    15.684997019346
Au    -2.026699652275    -4.246881420847    16.840056118660
Au    -4.102292519967    -6.279584189775    17.989764320088
Au    -0.278933742773    -3.789620453750    13.226939676993
Au    -2.584255830037    -5.690525372301    14.284707727001
Au    -4.374865438547    -7.784948825941    15.613424490561
Au    -0.481294550522    -5.016982660041    10.684684466929
Au    -2.807783350782    -4.224363394317    11.923503192340
Au    -4.202367758866    -9.028058718091    12.922914922388
Au    -2.650170001947    -1.508009175222    16.964166314412
Au    -4.953287237115    -4.997733166605    15.714040716404
Au    -4.831214047571    -1.987061617964    15.574988619556
Au    -4.622558865997    -3.472828357991    17.922505566199
Au    -2.742587659713    -3.009070124593    14.566889374008
Au    -5.038876591924    -3.589979248623    13.445945985508
Au     2.117316138485    -8.921040655046     9.778944244007
Au    -0.070463361947    -7.956186650407    10.739853341161
Au    -1.711804487495    -9.750370116260    12.081099114277
