         216
 AuNiAgCu    E (eV) =  -773.073792       T (K) =   550.000000       time (ns) =   1.51999998    
Au    -1.526553674635   -17.621937063325    24.410767038730
Au     0.407133204712   -15.147019385977    23.988588912821
Au     1.271607932648   -13.685713801927    21.796508728025
Au     2.561199608997   -12.107544867477    19.538606468132
Au     3.614464988164   -10.566055681173    17.281509039512
Au     4.758747048628    -8.926455608041    15.515730877042
Au     5.670905543253    -7.418901762021    13.172948778881
Au     4.490849827984    -5.541985331814    11.223802665801
Au     8.671050891065   -10.541537764651    27.556979452137
Au     9.807607585931    -8.712509090294    25.692032160614
Au    10.920200995407    -7.173540283769    23.732972604948
Au    11.642744435741    -5.634400380118    20.984475567758
Au    -1.246515112753    -4.830550914405    26.020145973407
Au    -0.465263509736    -3.205748735482    23.992230225052
Au     0.855472730499    -2.152180445933    21.862307448066
Au     1.629473809034    -0.861328778658    19.450942819314
Au    -7.606876170416   -11.360116974688    18.705848961445
Au    -7.750897357696    -5.966989756405    18.761421769714
Au    -6.547805242412    -6.953093769944    16.611208638349
Au    -3.588000495394    -7.102408208690    12.009750954213
Au    -0.878469963466   -16.347514246820    26.542707977330
Au     1.661709074290   -16.484419901489    21.919496556557
Au     2.689733046977   -14.905300307860    19.118806849873
Au     3.899344878394   -13.556055450026    17.124484130438
Au     5.355169795017   -12.031318459342    15.434507091454
Au     5.803686780450   -10.183814034048    13.028760118466
Au     6.952068043858    -6.243021836722    11.235595358810
Au     0.947930023274   -17.575266538785    25.238286208255
Au    -0.846450019781   -17.195825097414    21.819359459945
Au     0.102910670038   -15.135378522127    19.800539867321
Au     0.868109138114   -13.831977897329    17.575060238249
Au     2.114107267943   -12.240580908000    15.707997105218
Au     3.241672081277   -10.598508222731    13.809364334945
Au     6.208690789255    -8.788666196588    10.849319069573
Au    -2.792045254090   -15.382100204024    24.448322797215
Au    -1.531764682736   -14.279645211343    22.101920523336
Au    -0.278024607714   -12.385526318479    19.946134817133
Au     0.806517798418   -10.983801071368    17.843672747504
Au     1.932078963235    -9.214097972330    15.761560056680
Au     3.093696146539    -7.683871511255    13.556690886132
Au     3.596149638747    -8.120604684525    10.883494374878
Au    -1.248960489299   -13.677065397463    25.987294515554
Au     0.347448046736   -12.220343908145    23.984107833084
Au     1.122334163190   -10.733462932191    21.794076943380
Au     2.353811280187    -9.140337618151    19.607801335025
Au     3.452920463080    -7.662014646440    17.626851322591
Au     4.621761302697    -6.152990698836    15.500322359510
Au     5.880384844419    -4.478060923894    12.991414850553
Au     1.390591741937   -15.105451116610    26.545118477789
Au     2.819055019524   -13.725343106730    24.599166126099
Au     3.629562837016   -11.914746454157    21.974120814017
Au     4.956812332130   -10.532541458637    19.881474775672
Au     5.868909804825    -8.927847028617    17.930286487191
Au     7.017868196136    -7.314009716339    15.616320271461
Au     8.320753876414    -5.584672812228    13.593173075901
Au    -4.263770361866   -14.315814545568    22.234615915655
Au    -3.001948725076   -12.526260465771    20.539603240832
Au    -2.230503812216   -11.251610135267    17.992934184775
Au    -0.879341294935    -9.661686110530    15.982835240714
Au     0.474207320617    -7.979334985782    13.822117598686
Au     1.647264043863    -6.480358013090    11.565592290010
Au    -1.294991197413   -11.018187778603    26.016222029237
Au    -0.113134893906    -9.453345303925    24.290465508097
Au     0.991067665984    -7.901819663254    21.885710992329
Au     2.162665614818    -6.363737419084    19.676490332912
Au     3.441971437783    -4.991725678844    17.588965820607
Au     4.335830427193    -3.303645023523    15.717940232507
Au     3.597857568688   -13.454598686531    27.029968251295
Au     5.016553928285   -12.069713662670    24.794211836485
Au     5.919208530972   -10.408017328758    22.357929621611
Au     7.328706684790    -9.039500280976    20.477226035340
Au     8.278593536945    -7.473536864110    18.118729508864
Au     9.346066330577    -5.936340557430    16.006652736048
Au    -5.865195856187   -12.366420178030    20.586378709789
Au    -4.900233022558   -10.776332267440    18.343595113770
Au    -3.788143421500    -9.813130596997    16.240607331059
Au    -2.547651496037    -8.555895739102    14.159602609556
Au    -1.021606592377    -7.600339956950    11.622450457496
Au    -1.374524139593    -7.705729785058    26.084172889687
Au    -0.142386587217    -6.676174598982    23.884762693824
Au     0.944294786228    -4.888900541745    21.902991222924
Au     2.009687710812    -3.680227699626    19.743911484848
Au     3.399763776039    -2.188442974317    17.919250125905
Au     6.482799748771   -12.004661720805    26.922362917198
Au     7.506813048849   -10.466239619386    24.993573139910
Au     8.679275358539    -8.640437885959    22.869302555486
Au     9.607684438440    -7.335498407798    20.572393709728
Au    10.673514328412    -5.921536844267    18.400937148443
Au    -7.534459587535   -13.899984674638    19.107055597737
Au    -6.736079537674   -12.627832136734    16.671294274752
Au    -5.104018714344   -11.357070009141    14.374615027748
Au    -1.436898143593    -9.990758077763    12.153416224350
Au    -2.981558175514    -6.387371564703    24.294820553713
Au    -1.904332369823    -4.938562784752    22.167582337934
Au    -0.857372657573    -3.886340026576    19.677882916704
Au     0.418242290040    -2.220816708787    17.535327189288
Au     6.169612682712    -9.362709049804    27.424039815483
Au     7.161225559968    -7.571832632486    25.130985274045
Au     8.274837022349    -6.017782661744    23.029560528700
Au     9.457124774917    -4.255676501474    21.226140125865
Au    -4.409087984366    -7.935773841065    22.584574521129
Au    -3.342579073786    -6.631879966164    20.309864592029
Au    -2.478716773161    -5.249979862636    17.939885071099
Au    -0.846213129189    -3.612588043075    15.652373306023
Au     3.790980947352    -8.048139771820    26.995527001189
Au     4.688352818886    -6.257378291329    24.949085000020
Au     5.848231149596    -4.571258626992    22.624281981446
Au     7.288470274937    -2.828593320262    20.507198376518
Au     8.003827722725   -13.139729438178    24.918970434878
Au     8.490541113672   -11.553972604641    22.849107977239
Au     9.804401365552   -10.152410156307    20.565276633709
Au    10.732556702930    -8.650410883878    18.455075073468
Au    -6.407270592075    -9.604189618969    20.585241064727
Au    -5.202020900263    -8.007344321703    18.489883522931
Au    -3.619663110688    -7.105834793511    16.241617906293
Au    -2.256379189770    -5.641936413290    13.916600586537
Au     0.888136179626    -6.367273502385    26.755425547255
Au     1.944250361313    -4.880513576126    24.390008291444
Au     3.287136307358    -3.390513181274    22.353673023193
Au     4.468873941580    -1.908527619831    20.400148590996
Au    -5.907688165826   -15.416901783234    20.390818047156
Au    -4.805137579754   -13.745373082469    18.477624331154
Au    -3.841286702840   -12.529671337277    16.079807567914
Au    -2.432511045338   -11.551466272263    14.096401908012
Au     1.419256284825    -9.557042413826    11.792613871351
Au    -2.938908895137    -9.450955557322    24.313935163511
Au    -1.785240116087    -8.014990435141    22.155879701022
Au    -0.690114131808    -6.836490905289    19.999603365707
Au     0.626735303578    -4.988127809669    17.640627927973
Au     1.782668387751    -3.404272968190    15.118985270289
Au     3.886431017788   -10.898455523294    26.954155564384
Au     4.794137710376    -9.372701049957    24.893663629196
Au     6.111606207064    -7.543312799705    22.525751377336
Au     7.053491764724    -5.904774606657    20.446453230007
Au     8.437823333196    -4.547661585601    18.048786305470
Au     5.669582664985   -14.576165276228    24.929498072607
Au     6.354129891768   -13.130863382269    22.603239721877
Au     7.471899195279   -11.663768908274    20.392635934615
Au     8.730967333129   -10.125036340406    18.115703375537
Au     9.418383581301    -8.733174002479    16.026463574657
Au    -4.665062914541   -10.677081062880    22.364734629183
Au    -3.586289365279    -9.329666934569    20.328223724816
Au    -2.059732393060    -8.278921500147    18.125754144187
Au    -0.771144032239    -6.748335650154    16.122385435317
Au     0.358806377218    -5.052900815141    13.595497032615
Au     1.251201673638    -9.043318496477    26.816358172327
Au     2.353574407094    -7.924511865321    24.782115129652
Au     3.528827805996    -6.251335655005    22.308152521081
Au     4.623035361439    -4.452430928661    20.124309758851
Au     6.135014765668    -3.054368605908    18.095256060794
Au     3.073936632471   -16.357113777503    24.236982822638
Au     3.873526769334   -14.578159539225    22.228331724492
Au     4.942383751052   -13.273327477858    20.028387031405
Au     6.372301956711   -11.520019973965    17.721927474265
Au     7.199723445128   -10.130526056355    15.597956743998
Au     8.167602387184    -8.159918382016    13.385512749521
Au    -3.328683185944   -17.054691571620    22.405560303075
Au    -2.575917708772   -15.599539823030    20.213658881625
Au    -2.245707086813   -13.824002949553    18.308784564280
Au    -0.816559301642   -12.718502536898    15.977397030221
Au     0.434647187616   -10.820247258638    13.992629217499
Au     4.211141505218   -10.847268971750    11.125283103291
Au    -2.622966845121   -12.667723088141    24.112463596860
Au    -1.655514245955   -10.819640961880    22.326453031644
Au    -0.754533481068    -9.774061439283    19.793674520413
Au     0.616007307687    -8.053835748916    17.894553587731
Au     1.873136508112    -6.460527890878    15.662649519005
Au     3.123141905094    -4.924829388487    13.410024645670
Au     1.213240938404   -12.238624272573    26.472354217691
Au     2.525247018639   -10.619066434023    24.501217462232
Au     3.410633698099    -9.172450684192    22.275593298578
Au     4.882617066749    -7.562344875227    20.022563289194
Au     6.049098076925    -5.778236963332    17.927154462875
Au     6.881010292262    -4.389314176102    15.612715321414
Au    11.958128143237    -8.188775377933    21.500225395917
Au    10.913071345552   -10.015797127140    23.269287271344
Au    10.142429745817   -11.299192933958    25.294980629475
Au    10.826777113942    -4.410459168660    23.382196457846
Au     9.587468564427    -5.924828435352    26.073921620145
Au     8.415583336440    -7.615586562979    27.811875332016
Au     8.418135481057    -2.715368447485    22.992106363489
Au     7.096904383225    -4.758028410572    25.253793686838
Au     5.990602989415    -6.618766271041    27.732581624733
Au     5.930352360957    -1.722195410595    22.540399385673
Au     4.319303976535    -3.361863325489    24.908014055239
Au     3.347363604214    -5.007851138106    27.008611883387
Au     3.481739680967    -0.341939529576    22.576930093443
Au     1.992037825685    -1.653443538710    24.258926973645
Au     1.144433597892    -3.446442608794    26.372671684998
Au     9.077133978497    -3.079663913614    25.562238795536
Au     8.047484918394    -4.982892371639    27.953075015769
Au     6.767576780427    -1.904215214940    25.118226635130
Au     5.798361757388    -3.564384264513    27.455531508187
Au     4.393095346105    -0.812803676292    24.998955369874
Au     3.554402651186    -2.307276779723    27.150015654308
Au    -0.950914087764    -1.060955937429    19.601830501074
Au    -1.959460432827    -2.262127209232    21.828844988877
Au    -2.976227000135    -3.527242236584    24.387915568841
Au    -2.293379100309    -2.137889561788    17.716408483014
Au    -3.614925183341    -3.567280019077    20.230232762207
Au    -4.452758087690    -5.098149949046    22.524309371923
Au    -3.555112905137    -3.918347816099    15.860419523533
Au    -5.163347054792    -5.018340593185    18.443284807097
Au    -6.017051928879    -6.612877175394    20.719184008299
Au    -4.809794967573    -5.837402981703    14.151985669773
Au    -6.369820340770    -4.051678770759    16.333205565141
Au    -7.962388069407    -8.759113177181    18.137572090326
Au    -3.727007208906    -0.898734701613    20.409715933909
Au    -4.412960355999    -2.176337318780    22.617321369784
Au    -6.142452074253    -1.532809293756    20.060970257395
Au    -6.527568028855    -4.093387309271    20.684544142173
Au    -4.990790290659    -2.240984779624    17.653634659377
Au    -7.592170207115    -3.310601230741    18.519944429782
Au    -4.155498818941   -10.174879516367    12.230854334516
Au    -5.490059218267    -8.368434922584    14.184120976700
Au    -6.614095798421    -9.928220727981    16.260492795708
