         216
 AuNiAgCu    E (eV) =  -775.564514       T (K) =   550.000000       time (ns) =  0.779999971    
Au    -7.475007978520     3.817653378302    11.154034990189
Au    -7.683846311780     1.133957382469    10.769742367806
Au    -8.062572436957    -1.458861239862    10.152561648983
Au    -8.848279145768    -4.536695858379     9.461335710469
Au    -8.786995384440    -7.220038978753     8.835823886195
Au    -9.399991981691    -9.998446442162     8.083288755829
Au    -9.382885919253   -12.752737097676     7.368205721153
Au   -10.002778428776   -15.175443524132     6.892569361343
Au    -0.361038922368    -3.843076108259    15.462485900795
Au    -0.767852811641    -6.605728359794    15.081585911221
Au    -1.155087364693    -9.376372854048    14.389888034415
Au    -1.549885827083   -12.184371330735    13.680796374039
Au    -0.096176417147    -1.505887050058     4.751225891707
Au    -0.443763847710    -4.125733996792     4.039977844082
Au    -0.772947977389    -6.815684709657     3.031519535557
Au    -0.790603011832    -9.393286403527     2.922148384540
Au   -11.353543191130     0.751433253296     1.322785150569
Au   -11.181510314649    -1.773020856519     0.286387536318
Au   -11.468503753808    -4.458164729826    -0.466827957271
Au   -11.651133338618    -7.366784436010    -0.884487801594
Au    -7.755981112062     2.342565760198    13.575963804697
Au    -8.708865315814    -0.809633064163    12.866218935174
Au    -9.025604988621    -3.503733626918    11.838230055958
Au    -9.578615619043    -6.411358185086    11.244947871387
Au    -9.999310399550    -9.070218301226    10.688759338663
Au   -10.091240748269   -11.687219901949    10.113849086576
Au   -10.475667197684   -14.166769351674     9.435156017521
Au   -10.043583663512     2.689957196331    10.832609031983
Au   -10.440736966368     0.124069800283    10.412384137411
Au   -10.704582692171    -2.523312352846     9.913151961354
Au   -11.332492619563    -5.261814521167     9.437952811132
Au   -11.412405044046    -8.161490312683     8.521226117670
Au   -11.596392657217   -11.275916385027     7.816599418688
Au   -12.194947930824   -13.794122387363     7.046254441944
Au    -8.532019624986     3.066913307310     8.743208683051
Au    -8.552579919780     0.206861208007     8.182137264809
Au    -9.344963625893    -2.442865439584     7.502757454723
Au    -9.775518214500    -5.398887581729     6.914235213117
Au    -9.759132105475    -8.089404896010     6.029443116072
Au    -9.809098569954   -10.587682650136     5.258321697966
Au   -10.348970703011   -13.292829978474     4.718882715029
Au    -5.564529964843     2.612839210961     9.708896399169
Au    -5.876678083976    -0.025686225683     8.914624198651
Au    -6.305769667667    -2.891822995132     8.303761557581
Au    -6.994768240755    -5.511092400314     7.665073270106
Au    -7.097459598957    -8.660180812709     6.970012333008
Au    -7.104941209646   -11.387293144398     6.184519263597
Au    -7.603833248944   -14.058879636470     5.660470129811
Au    -5.465212138778     2.230022675836    12.407660007648
Au    -5.747236872520    -0.659483271117    11.580177374966
Au    -6.352183511381    -3.679025461811    11.001149771477
Au    -6.888535875759    -6.448067092904    10.447896355117
Au    -7.274401420435    -9.465941773931     9.658367181824
Au    -7.428669293996   -12.098673341936     8.972598229577
Au    -7.838748815660   -14.788604857748     8.464248346308
Au    -9.470543793503     2.334859915411     6.337098477150
Au    -9.967697632919    -0.537756323048     5.555447374313
Au   -10.289956737514    -3.201941003613     4.980338342974
Au   -10.729550027805    -5.869960073095     4.170762275760
Au   -10.614211993111    -8.735790253767     3.398119301126
Au   -10.606456840471   -11.352314538016     2.789962600788
Au    -3.975731574770     1.572462192798     7.602148209597
Au    -4.264828703157    -1.241605169281     7.095841286287
Au    -4.729322655130    -4.119983359830     6.396545566534
Au    -5.113984954445    -6.790319454566     5.850107726395
Au    -5.081656044755    -9.687645166521     5.068692724846
Au    -5.427273234684   -12.605451465025     4.237854759216
Au    -3.815341273039     0.060568917460    13.233516181443
Au    -4.160723164824    -2.626118411323    12.562188304933
Au    -4.662638905031    -5.593110215556    12.242559021217
Au    -5.214180683278    -8.461364787508    11.744112854372
Au    -5.458044869466   -11.133657808420    11.108241409802
Au    -5.828763035336   -13.851398751171    10.279394346487
Au   -10.331387060474     1.621708603678     3.792717296842
Au   -10.649780761118    -1.166458250700     2.989689734539
Au   -10.936669691539    -3.869450170286     2.157992173132
Au   -10.659978199403    -6.724411446638     1.556854458614
Au   -11.377069755810    -9.598986182889     0.870952801008
Au    -2.112278818996    -0.008274657467     5.995181517040
Au    -2.456384299559    -2.649561745264     5.451939243156
Au    -2.898503162715    -5.422758257041     4.636598402628
Au    -3.122584151991    -8.247438686515     4.130096194509
Au    -3.096899336363   -11.025229320327     3.712645517663
Au    -2.198193485108    -1.644393451780    14.573406346397
Au    -2.591090958044    -4.642951085188    14.068739823790
Au    -2.755895853765    -7.319629891388    13.259338147492
Au    -3.267083137067   -10.123248277892    12.723812828075
Au    -3.746067230916   -13.095622933031    11.975940244296
Au   -12.868963203490     0.530284909990     3.625326180440
Au   -12.961585272359    -2.575363299706     3.532020962747
Au   -13.293137044662    -5.241561333023     2.681418398803
Au   -13.355477974389    -7.787166029084     1.635123699137
Au    -2.854863056725    -0.612723590680     3.602488610131
Au    -3.298465726836    -3.403296199292     2.669671641561
Au    -3.487449683818    -6.260031231649     2.097462579511
Au    -3.692550511598    -9.282222184243     1.525342412395
Au    -0.544268555949    -3.318300253106    12.750585454723
Au    -0.507250545054    -5.976132909078    12.437511311807
Au    -1.030518110491    -8.721133140482    11.770308017933
Au    -1.574812436274   -11.587994656956    10.919234684952
Au    -6.190699043441    -0.047942730886     2.416177425519
Au    -6.061228296873    -2.641033009416     1.889381624213
Au    -6.451396230150    -5.868248331851     0.996418942418
Au    -6.508674049420    -8.583274731762     0.518719986162
Au    -0.483097430335    -2.863395210199     9.910637599195
Au    -0.975263669123    -5.523885574159     9.373058440353
Au    -1.267662635726    -8.127635708128     8.718808608129
Au    -1.533319769210   -11.136595865334     8.231876713855
Au    -3.034586088879    -3.313976246842    16.438133655416
Au    -3.887159378684    -6.537124417062    16.113627102909
Au    -3.690708846207    -9.170590550237    15.348255093000
Au    -3.995391610235   -11.931660104493    14.409679376742
Au    -8.726255829959     0.354809069768     1.688779177839
Au    -8.618737637684    -2.124814806131     1.059962852064
Au    -9.027646240829    -5.124045580106     0.088307693725
Au    -9.099777292384    -8.266298050896    -0.381511576554
Au    -0.390428939902    -1.744032034799     7.426156181119
Au    -0.653112235418    -4.605208124838     6.572535114280
Au    -1.298276087693    -7.600245818514     6.003285942342
Au    -1.473934121999   -10.457828518933     5.582465958642
Au   -11.929825409218     1.284092506634     6.020988209537
Au   -12.566224631154    -1.201153942360     5.732275483920
Au   -13.173850503598    -4.426263976750     5.389875168664
Au   -12.829689568069    -7.517760344049     4.160985990307
Au   -12.982833711134    -9.979420021058     3.335000291555
Au    -4.936457893597     0.620399854968     4.841669859117
Au    -5.225359566775    -2.283310403555     4.375642156223
Au    -5.656754646824    -4.964057225868     3.894244399474
Au    -5.681228950241    -7.970246167906     2.994055797800
Au    -6.006066615252   -10.559071957935     2.387038486631
Au    -2.109485257232    -1.187713053125    11.442917484132
Au    -2.598775710284    -4.226477682055    10.941456215998
Au    -3.009006526626    -7.043609744624    10.582824872960
Au    -3.165562416631    -9.810797034318    10.015981010219
Au    -3.597964911734   -12.343559561008     9.077706241928
Au    -4.802911231243    -1.614685466817    15.057228245636
Au    -5.121501916770    -4.659378968203    14.748262330293
Au    -5.911750806505    -7.279885779577    14.057252737652
Au    -5.835254229211   -10.255123166317    13.740255846563
Au    -6.410613441389   -12.940697302075    12.888561384032
Au    -7.743391817907     1.242817313357     4.565438662786
Au    -8.084257355562    -1.544597398525     4.040515681497
Au    -8.363057454217    -4.304294597028     2.988650409282
Au    -8.246568976238    -7.290609799303     2.300903958323
Au    -8.615080579678   -10.060646911983     1.468063050680
Au    -2.306805433830    -0.392874828778     8.816143842598
Au    -2.697637572479    -3.440527109667     8.149153905203
Au    -2.880641109919    -6.026602357206     7.573991751539
Au    -3.317846170951    -8.863856457052     7.065120185800
Au    -3.474022684866   -12.098649990334     6.341766033262
Au    -6.434118015536     0.303212685710    14.032802936801
Au    -6.708834314155    -2.678921337314    13.539150229304
Au    -7.432236362670    -5.267917076316    12.915171416909
Au    -7.970496028964    -8.398902193408    12.193025807198
Au    -8.132537785860   -11.061222480596    11.909468779991
Au    -8.487552619256   -13.583237393943    11.113924875313
Au   -10.954471809733     2.045524042011     8.354839588916
Au   -11.744795234599    -0.722934923326     8.250345663910
Au   -11.944405148682    -3.372017103717     7.395857123640
Au   -12.226042392669    -6.362217426172     6.763088519820
Au   -12.121687895437    -9.369333061250     6.110362205587
Au   -12.325907560429   -11.760440056481     5.182958237481
Au    -6.705214516962     1.969116240457     6.915806325551
Au    -6.711265053075    -0.791728326002     6.165882398631
Au    -7.610129718242    -3.723536360048     5.732302491820
Au    -7.986442071654    -6.304921479935     4.985636931351
Au    -7.695676871331    -9.196768044384     4.112163695229
Au    -7.906932449333   -12.301380228371     3.581367415307
Au    -3.672721486515     0.972033927904    10.527424069476
Au    -4.268598731856    -2.203032964933     9.910700401860
Au    -4.653976390142    -5.028813023215     9.344219407703
Au    -5.176099158396    -7.590385551300     8.851152812757
Au    -5.227679330584   -10.479731560784     7.924921737200
Au    -5.626672554859   -13.321136817942     7.197936097233
Au    -2.360415942758   -10.990338067626    16.351198678259
Au    -1.757023082776    -8.236569338932    16.874086159589
Au    -1.638105228427    -5.455559283803    17.154994125193
Au     0.654235283047   -10.782283250285    12.391605315993
Au     1.138392490797    -8.153810825518    13.121362156095
Au     1.475045216498    -5.228843068514    14.149018772399
Au     0.663537025403   -10.172960811681     9.729794168796
Au     0.828836061222    -7.465465478268    10.259867679124
Au     1.563311708268    -4.530804935007    10.977096050171
Au     0.715424527915    -9.364783833580     7.140175084385
Au     1.047861306553    -6.715193700591     7.491004120033
Au     1.316868024976    -4.119703547840     8.447789687433
Au     0.923058450118    -8.673868410058     4.685598950761
Au     1.323742207795    -5.997652631496     4.885058903581
Au     1.659984757480    -3.366486358256     5.532137058271
Au     2.619699923689    -9.294085603743    11.141017282172
Au     3.087453363809    -6.815617538988    11.998466710784
Au     3.121439851324    -8.654805782989     8.576903266668
Au     3.126462978036    -6.125630427695     9.455050157904
Au     3.186424043991    -7.916125969509     6.039174062732
Au     3.208726231675    -5.275322621857     6.625162481381
Au    -1.614976863210    -7.602622135509     0.422926106771
Au    -1.193212584934    -4.716463629754     1.221843100187
Au    -1.096070247748    -2.145303049006     1.880150362731
Au    -4.203582836834    -7.252314891774    -0.381022210814
Au    -3.962086463907    -4.500087883002     0.167504074973
Au    -3.554933852378    -1.647195282712     0.713594155762
Au    -7.012543318652    -6.579173854686    -1.582463181955
Au    -6.671714851835    -3.868233793222    -0.857296792513
Au    -6.328417317065    -0.960433506087    -0.312009157733
Au   -10.067410128955    -5.744624440438    -2.287992724588
Au    -9.423627749140    -3.280212294053    -1.997892304848
Au    -8.690797738451    -0.796004105229    -1.243444896135
Au    -1.870712377459    -5.651152346692    -1.112574803392
Au    -1.735567607887    -2.967633001306    -0.742854891186
Au    -4.531206118354    -5.167352306501    -2.367055839285
Au    -4.303572834771    -2.528705321784    -1.714229021880
Au    -6.740782221320    -4.476638880492    -3.273828046556
Au    -6.890976117804    -1.953869201379    -2.714418123737
Au   -13.672555753141    -6.007494536564    -0.094067936597
Au   -13.647558557317    -3.250001955569     0.792599970236
Au   -13.580636410733    -0.860164734932     1.543868484530
