         216
 AuNiAgCu    E (eV) =  -775.757568       T (K) =   550.000000       time (ns) =   1.25999999    
Au    -6.227562242949    -7.653160064259    26.269345117571
Au    -5.118970812866    -8.063695568496    23.989381522516
Au    -3.984482009880    -9.024896088098    21.506941093538
Au    -2.725907328605    -9.852721134885    19.233019906334
Au    -1.384484960483   -10.476245491891    16.811576152206
Au     0.045943244705   -10.983648332301    14.272352077560
Au     1.078365775379   -11.862720429652    11.932715316598
Au     2.059612283948   -12.869326433929     9.692933653304
Au     4.485672354024    -7.968047000117    26.101897747495
Au     6.092895978195    -8.470868358474    23.975228848179
Au     7.472819268463    -9.094849343836    21.510890075639
Au     8.417476427762    -9.398687492587    18.991007145125
Au    -0.980268718606     0.321615174553    20.692616126402
Au     0.508961028371     0.097620745050    18.302897168952
Au     1.876362790242    -0.785623365204    15.570992369914
Au     3.028428152567    -1.335292548376    13.286290063001
Au   -10.573398079041    -4.638486205426    16.504474900651
Au    -8.102324106356    -0.181908164150    13.941545448306
Au    -8.449928313983    -2.655372705252    12.973360835848
Au    -6.737695728318    -5.617515745037     9.292359080371
Au    -5.172350467354   -10.250785566132    25.915714163396
Au    -3.924496210053   -10.748752729965    23.681300078251
Au    -3.220817338890   -11.659397712351    21.197224523584
Au    -1.295220690647   -12.313227387622    19.218724640220
Au     0.015048624211   -12.774932219265    16.919946178302
Au     1.229178442397   -13.436073613257    14.305336598935
Au     3.093358720583   -14.283392146685    11.650329577357
Au    -7.337832627072    -9.654359281009    24.287230255133
Au    -6.333642102825   -10.418888832341    22.068110604174
Au    -5.330303716924   -11.026228150956    19.699896180388
Au    -3.833645738084   -11.685150386463    17.518489422834
Au    -2.618625670358   -12.130747833631    14.846220430351
Au    -1.430229487984   -12.694229386370    12.546041205368
Au     0.616021100113   -14.671290023315    11.997534496907
Au    -7.543067523960    -6.729070999783    23.922302363181
Au    -6.332792102891    -7.624906611533    21.329124854188
Au    -5.174179756250    -7.974552311384    19.045564595443
Au    -3.578888443565    -8.880891048920    16.789911326334
Au    -2.280544594744    -9.455974280615    14.122647986678
Au    -1.050995001244   -10.118421725210    11.508178477094
Au     0.386923832573   -10.845447967625     9.358745411024
Au    -5.296817419851    -5.557989292392    24.880141543366
Au    -3.964061080850    -6.389240421531    22.296897171302
Au    -2.524983094971    -6.849815108662    20.128978969236
Au    -1.343388775942    -7.791324066755    17.754569908371
Au    -0.004418550651    -8.170233774972    15.280190506509
Au     1.223089859471    -8.978207203664    12.618655311677
Au     2.669242555345    -9.969202391729    10.250930136856
Au    -3.617725201773    -7.882023110274    26.155450697846
Au    -2.394220136837    -8.258962580798    23.896902247797
Au    -1.083681045707    -9.002542081823    21.344922499486
Au     0.217835522179    -9.753533619615    19.085516223734
Au     1.456655717026   -10.496049034152    16.626867013584
Au     3.027488281355   -11.070491536974    14.356164154534
Au     3.899101360809   -11.729485846955    11.875112853876
Au    -8.939484652377    -6.005535927916    21.674129480798
Au    -7.438705317398    -6.321928005550    19.170545332446
Au    -5.999459204831    -7.611659735416    16.481761042780
Au    -4.486397051909    -7.967411008108    14.026049892794
Au    -3.576917196382    -8.681613077410    11.687451567659
Au    -2.150394774211    -9.039565928445     9.310537569225
Au    -4.117411236875    -3.823760217104    23.380635329811
Au    -2.518553575276    -4.308285868687    21.132411193252
Au    -0.984673953410    -4.684742401583    18.704715527971
Au     0.176654196669    -5.559708980953    16.437370639701
Au     1.830129022478    -6.444593931285    13.797329806032
Au     2.587708565413    -7.176800217148    11.330954750704
Au    -0.965329307863    -7.791084424322    26.074227374469
Au     0.428548803485    -8.206589933498    23.907184707634
Au     1.481053988458    -9.012310205554    21.489006281135
Au     2.916962189169    -9.890555198155    19.236848183359
Au     4.228979375819   -10.319535763242    16.812008774376
Au     5.597576243509   -10.906182210988    14.107472418513
Au    -9.747466684166    -5.113562228821    19.093391945364
Au    -8.219315491752    -5.952822315401    16.603250314864
Au    -6.830694426229    -6.503537840524    14.171244887706
Au    -5.587067108194    -6.774088761414    11.714641757137
Au    -4.474122014002    -7.560359408532     8.993431628186
Au    -2.498922529519    -1.651850640193    22.309197465143
Au    -0.913446824392    -2.116051340535    19.694368053863
Au     0.572755290166    -2.532748664346    17.308271056774
Au     1.526589063436    -3.660873981206    14.977632029868
Au     3.148900755143    -4.179333922706    12.890510037548
Au     1.752459459179    -7.874019546006    26.250716787511
Au     3.256481587371    -8.588926333227    23.734606995096
Au     4.652990335978    -9.217523573978    21.410046449140
Au     5.721721853949    -9.937621849786    18.977987310367
Au     7.087870532819   -10.090585983470    16.685961921035
Au   -10.759635890452    -7.162814046366    17.595213290701
Au    -9.473954752262    -7.436904028617    14.735395580311
Au    -8.296268946951    -7.701339362553    12.021350672549
Au    -4.844813671834   -10.089313901690     9.815213325785
Au    -3.443901162646    -0.925300822702    19.647624430022
Au    -2.007242672038    -1.248882909209    17.388232645953
Au    -0.864477676748    -1.793270390675    14.979033708092
Au     0.699844103981    -2.774376782693    12.393250831120
Au     3.115078296418    -6.010104938193    24.990779775459
Au     4.583641753213    -6.380039430883    22.680822873919
Au     6.172180310885    -7.294613449884    19.996755964623
Au     7.492885943044    -7.375865582641    17.384595190627
Au    -5.864164594337    -1.861310002772    18.413821696223
Au    -4.755126824594    -2.427640678613    15.966946070641
Au    -3.315290826523    -3.184956292748    13.779950893169
Au    -1.984881157279    -3.758876830718    11.293080923544
Au     1.732231855271    -3.643108638193    23.693837587072
Au     3.179261098366    -4.481797975980    20.975475454914
Au     4.864911440466    -5.181333296551    18.492763902793
Au     6.305154119418    -5.657245961564    15.888818719570
Au     3.265354373320   -10.423909561928    25.649928920331
Au     4.676584030402   -11.108574866475    23.429109008891
Au     6.004325677649   -11.648568104597    21.170827406201
Au     7.370938620686   -11.925129863896    18.636773120741
Au    -8.633972030719    -3.158949593511    17.614270224832
Au    -7.196919851377    -3.896742877707    15.284169383151
Au    -5.794050597788    -4.137371272530    12.703600949110
Au    -4.304067662229    -5.044099244686    10.073473746687
Au     0.414052053212    -1.640795824490    22.348001456789
Au     1.773508978687    -2.198920316432    19.760387381564
Au     3.253788995199    -2.791424452405    17.017540668804
Au     4.776610491834    -3.662905205329    14.626830589799
Au    -9.741978105756    -7.763868309999    19.955932741117
Au    -8.586381836631    -8.416482871317    17.108461453459
Au    -7.308842171398    -9.031108375076    14.484649759261
Au    -6.225104839419    -9.612515807441    12.141150711563
Au    -2.406341763270   -11.670340628670     9.710448293790
Au    -5.207768379272    -2.577734259313    21.220179476619
Au    -3.494000982918    -3.446206331186    18.652421870928
Au    -2.133877318792    -4.030446724387    16.129556765804
Au    -0.614529117190    -4.688963820381    13.871471908085
Au     0.580161998526    -5.233769038025    11.528081880636
Au     0.313154129611    -5.687612923969    24.926808523004
Au     1.858751549372    -6.252850561772    22.493262113285
Au     3.284324090290    -7.224441032057    20.397647993103
Au     4.509657534103    -7.802969480958    17.546964705285
Au     5.879021393480    -8.434411684492    15.072023207505
Au     0.522478446746   -10.233846582319    25.971075125182
Au     1.699081513225   -10.907787488809    23.687891132610
Au     3.098042515305   -11.828996286061    21.133776910382
Au     4.398603148735   -12.427761348466    18.661435331319
Au     5.851315639884   -12.504763174042    16.415876336617
Au    -7.511214173310    -3.773750721621    20.077547654207
Au    -5.974616249452    -4.586429398814    17.620179849469
Au    -4.554034369969    -5.284450424102    15.087738093476
Au    -3.210755116364    -5.792684799570    12.680471594064
Au    -2.099111089977    -6.512394572424    10.413470145642
Au    -0.870388283859    -3.661217998030    23.604718235888
Au     0.371152027178    -4.180090315595    20.954671246838
Au     1.957409156731    -4.854821673798    18.527426893704
Au     3.229582128616    -5.649168000658    16.136647533504
Au     4.426710335832    -6.245617085817    13.800406192119
Au    -2.244972018094   -10.192794191347    26.054660396675
Au    -1.344175638088   -10.789967411792    23.291035560992
Au     0.334691969515   -11.476849889630    21.224965375215
Au     1.486673728962   -12.187788909301    18.978153529840
Au     2.904525818112   -12.948628008514    16.520370513981
Au     4.058024763337   -13.576978589999    13.973542957349
Au    -8.522597627678    -8.680274359496    22.155427789083
Au    -7.563576874345    -9.297015774103    19.553012566629
Au    -6.021810657888   -10.176436292750    17.030717188689
Au    -4.857231104297   -10.641047749573    14.599693275069
Au    -3.954808837881   -11.554301529354    12.071180903666
Au    -0.510020684397   -13.604843220493    10.039809428719
Au    -6.461955316045    -4.835738989657    22.398537875773
Au    -4.977790350564    -5.227125422005    20.091125014412
Au    -3.624959650373    -6.134254759144    17.583133958798
Au    -2.089335673582    -6.789631506609    15.173831267461
Au    -0.796308228311    -7.184365603313    12.492635562136
Au     0.181118618191    -8.134204284321    10.013462750610
Au    -2.359259625938    -5.603476782722    24.810128021176
Au    -1.049510582121    -6.372809513649    22.571963792840
Au     0.466911179148    -6.916644611961    19.848414118105
Au     1.656876038056    -7.708722870636    17.537495541024
Au     3.104937368922    -8.429674965335    14.992326470979
Au     4.178980123560    -9.018741554410    12.382001348612
Au     8.684544581001   -11.153497840727    20.889623408071
Au     7.375687493071   -11.016766286423    23.566231619611
Au     6.166558808533   -10.477491409935    25.859263743895
Au     8.816321308432    -6.898578546954    19.947180823252
Au     7.558388609519    -6.527448613839    22.386622642684
Au     5.879800307467    -5.953619123624    25.066969521890
Au     7.646779614364    -4.980874734284    18.618566972445
Au     6.092545943633    -4.500020298384    20.792964595586
Au     4.322117452371    -3.700385863671    23.512242076050
Au     6.059563420999    -3.405152465582    17.123212220236
Au     4.594785534843    -2.599270979716    19.419572126180
Au     3.034028622482    -1.550274209627    22.229398036988
Au     4.795646098447    -0.810192331231    15.242382644687
Au     3.148181368654    -0.177084772836    18.095398809679
Au     1.771356015657     0.443674062756    20.916730362195
Au     8.706380801751    -4.433052836542    21.431317390855
Au     7.051270046832    -4.009799774751    23.591730429539
Au     7.242413154554    -2.464358830636    19.506176152508
Au     5.688443451146    -2.079578707829    22.067775899025
Au     5.709186805764    -0.719038079268    17.688141146997
Au     4.479487093705    -0.195081203110    20.375800956456
Au     0.535265036815    -0.196854727859    13.367111937263
Au    -0.452454644607     0.741584300184    15.871580897358
Au    -2.017010236283     1.188246144055    18.327404347670
Au    -1.746930887977    -0.861770863764    12.484924251073
Au    -3.342231869827    -0.336092733923    14.685178861257
Au    -4.424347008489     0.242567704577    17.338685240137
Au    -4.365415871120    -2.349286469528    11.218140200554
Au    -5.699587412621    -1.598119332131    13.794096681997
Au    -7.241177882083    -1.297499207692    16.193628960125
Au    -6.567243723968    -3.387764581220    10.294829006842
Au    -6.843980830026    -0.661756785529    11.544235132349
Au    -9.631606399592    -2.261583675578    15.232452405521
Au    -1.605577858541     1.580350258191    13.492886119025
Au    -2.834466441923     1.950325405875    15.919422266063
Au    -4.156919808703     2.548958252716    13.799620586869
Au    -5.875971243940     1.101851818348    14.788789197787
Au    -4.122926768338     0.083412242101    12.238612654374
Au    -6.364063104416     1.813711193882    12.457363335975
Au    -6.986539313471    -8.217906715138     9.684789780846
Au    -8.158403054358    -5.046654633804    11.619301472944
Au    -9.443693300475    -4.957625440607    14.051591503716
