         216
 AuNiAgCu    E (eV) =  -775.618469       T (K) =   550.000000       time (ns) =   9.99999978E-03
Au     1.094421659777    -3.608943138362     9.970333509517
Au     1.334821868091    -3.794064763844     7.246672422940
Au     1.866777029234    -4.310951084530     4.392046328990
Au     2.023702366782    -4.139528065266     1.667612339683
Au     2.481177744028    -4.208774344384    -1.281763718671
Au     2.758384100825    -4.072234936466    -4.048711463621
Au     2.876002982841    -4.530663317634    -7.000530068226
Au     3.435668734475    -4.433412215847    -9.805849877364
Au     9.058322806297     2.558806504993     5.154706537582
Au     9.582168659261     2.582514591438     2.187645660881
Au     9.721669540456     2.761691042471    -0.815865840536
Au     9.351102364572     2.765731129769    -3.527708712341
Au    -1.451362790771     5.359672984280     3.868322332309
Au    -1.785377070675     5.309934892167     0.943755875713
Au    -1.269724248709     4.849318927567    -1.864531498360
Au    -0.999711311115     4.666074197324    -4.769347997853
Au    -7.966804757357    -4.589964127891     3.761947236391
Au    -7.969187326167    -4.388398419972     1.009612514422
Au    -7.876214132057    -4.330963865136    -2.198930899989
Au    -7.422103754934    -3.994582211935    -4.933432648081
Au     3.020280173011    -5.087066492581     9.022140230432
Au     3.561088515233    -5.248769112379     6.451353572458
Au     3.975335672274    -5.407296124165     3.128795988029
Au     4.205757098568    -5.676397569971     0.129660441957
Au     4.415839404176    -5.563587706986    -2.473641680145
Au     4.887140827605    -5.667459644094    -5.389475216967
Au     5.317671841723    -5.633077728760    -8.001667751498
Au     0.349105921513    -5.776662440925     8.779164876920
Au     0.986637044549    -6.145754738219     5.993426224725
Au     0.892979807315    -6.383372192907     3.016107861130
Au     1.923956508359    -6.653359876813     0.184430648893
Au     1.984405329636    -6.644095448935    -2.818301288475
Au     2.049608321915    -6.690491106021    -5.612192431031
Au     2.542203182895    -6.563159747686    -8.619204512442
Au    -1.044591623831    -3.414607506195     8.254580990824
Au    -0.873072566906    -3.883993867499     5.521923693586
Au    -0.588369929978    -4.075780118466     2.828326185012
Au    -0.140762441554    -4.091210715621    -0.108037704030
Au     0.150868463395    -4.417563899024    -2.855909806992
Au     0.109425817267    -4.457962133904    -5.728715750320
Au     0.766703415992    -4.356120423765    -8.982931984503
Au     0.469589959319    -1.383560473432     8.683677230028
Au     0.831280909974    -1.414071272002     5.839247443331
Au     0.850779191926    -1.873590735399     2.963662569499
Au     1.474543546695    -1.840853404483    -0.132680042311
Au     1.527967986434    -1.908555402093    -2.793552379051
Au     2.032592227095    -2.013041833270    -5.743212931384
Au     2.256192732372    -2.305654664736    -8.506536506195
Au     2.977794679783    -2.032784560007     8.949360238790
Au     3.612488424679    -2.572886596252     6.015197016021
Au     4.058979402648    -2.628283920436     3.176808360148
Au     4.271840757606    -2.672575485018     0.439888647932
Au     4.587148257909    -2.788779999876    -2.569810632592
Au     4.911530916420    -2.907134066943    -5.512400391718
Au     4.947634396567    -2.793272926270    -8.164819413904
Au    -3.553777676239    -3.676566094660     7.034274493047
Au    -3.276134926226    -3.927350376191     4.242611405557
Au    -2.873736999933    -4.242017670024     1.290520104761
Au    -2.798935894502    -4.391042859102    -1.712870598856
Au    -2.258603592378    -4.353318621427    -4.346045797736
Au    -1.840608993445    -4.284750655041    -7.582923776010
Au    -0.382834045873     0.821203793269     6.706074501564
Au     0.007058133055     0.566673117407     4.010645358054
Au     0.248910471966     0.410225007439     1.307460010647
Au     0.396536727455     0.366908111947    -1.330745400070
Au     0.831701710857     0.283381894033    -4.490219260866
Au     1.004035206093     0.235366863728    -7.063264354629
Au     5.177441296846    -0.661755430729     7.577164308734
Au     5.281988713824    -0.895647420140     4.752364783007
Au     5.843178068813    -0.563074676254     1.815227239714
Au     6.458171697399    -1.049855208590    -1.064478414650
Au     6.498846299476    -1.341435831030    -3.848898518701
Au     6.824128386346    -1.127082296286    -6.848583739981
Au    -5.770160811606    -4.147881347695     5.301254926316
Au    -5.660287223540    -4.519319178825     2.246829619599
Au    -5.310701350911    -4.621200421543    -0.445074159670
Au    -5.118266995542    -4.624897505634    -3.140518512285
Au    -4.783227363315    -4.297460919578    -5.888180021848
Au    -1.075100520290     3.189354634650     5.274000659788
Au    -0.731510878799     2.858625869229     2.489949779936
Au    -0.455943554626     2.645239143741    -0.247844542606
Au    -0.135587236591     2.463548258629    -3.087580535052
Au     0.402931724781     2.503234031440    -5.897506563226
Au     7.267399812449     0.790211579024     6.316828940300
Au     7.486751151215     0.952485162999     3.563724168846
Au     8.159623773267     0.713132304914     0.588876635938
Au     8.259049656622     0.700269980581    -2.063464731982
Au     8.134524112196     0.495408200892    -4.907927535227
Au    -5.852678890555    -6.729755814043     3.718598128600
Au    -5.580702977646    -7.112709002311     1.028458697352
Au    -5.424034407676    -6.979430388944    -2.001159842721
Au    -5.310468230073    -6.626918602966    -4.907514212787
Au    -3.481745789151     3.096191048017     3.933841602801
Au    -3.178605943630     3.120191375067     0.902032279792
Au    -2.919184589635     2.739193306028    -1.970281372100
Au    -2.663402450232     2.571181206045    -4.598603255244
Au     6.365152983114     3.189394111750     4.683735037473
Au     7.006383054511     3.235089285066     1.786264159132
Au     6.862531664556     2.937544203092    -0.983192632822
Au     6.806835899876     3.104498859872    -3.951554951371
Au    -5.029367947375     0.669064285690     3.949471276019
Au    -4.740593313090     0.586334024135     0.782528734047
Au    -4.373419090551     0.325330737490    -2.247198209620
Au    -4.178850900526     0.255970654171    -5.065235570938
Au     3.720774324925     3.854736186670     4.426833230106
Au     4.262988983944     3.529579986288     1.643717682625
Au     4.212817155478     3.393675319078    -1.472281957157
Au     4.350837684544     3.849805614683    -4.475262549715
Au     9.224586651111    -0.571517825360     5.023498671678
Au     9.494007088093    -1.074726439338     2.190862696636
Au     9.803241191827    -1.133216916923    -0.726264575382
Au     9.819166230954    -0.953617691126    -3.601067624987
Au    -6.521574498537    -2.150823850189     3.572500090077
Au    -6.265814124578    -1.932298102228     0.890544314715
Au    -5.962992167325    -2.152723113741    -1.858843993328
Au    -5.707134209441    -1.915748312632    -4.942028472800
Au     1.068498505152     4.597627454352     4.262400791606
Au     1.034211987844     4.694434486826     1.173205588261
Au     1.522215119364     4.306602193337    -1.563026918505
Au     1.630619187520     4.395149168869    -4.274834646225
Au    -3.787502375200    -6.221619634355     5.359502054842
Au    -3.344405716006    -6.611949170675     2.415217320534
Au    -3.220438955343    -6.837081633725    -0.362451145887
Au    -2.946640422502    -6.812578891470    -3.429577120733
Au    -2.833905544946    -6.286638094703    -6.112072820164
Au    -2.742826833649     0.858066438427     5.385370349619
Au    -2.624463336462     0.762488992363     2.556923913662
Au    -2.343845228573     0.597870059767    -0.610614832524
Au    -1.666284815836     0.156858691570    -3.433525035269
Au    -1.608181931763     0.392854837594    -6.185582487927
Au     4.713029878057     1.534322667347     6.076957401646
Au     4.580066304960     1.424909523050     3.184461982246
Au     4.940110683591     1.387514073934     0.167022862279
Au     5.409813219314     1.137763058869    -2.553065021814
Au     5.761445938289     0.979701555542    -5.816586173267
Au     7.190873369552    -2.087668699218     6.407343575709
Au     7.269413664982    -2.116670814813     3.679857413135
Au     8.165819429989    -2.725156313722     0.516844592778
Au     8.224085632974    -2.544996774632    -2.195470471806
Au     8.562229581627    -2.462706383720    -5.193502076384
Au    -4.262441644594    -1.662227395830     5.198976872749
Au    -4.012385853052    -1.614305461796     2.407808121843
Au    -3.769893369456    -2.228448573609    -0.353933035426
Au    -3.464268977727    -2.101006770294    -3.486402754253
Au    -2.861217349374    -2.023699545643    -6.293832804816
Au     1.706098927239     2.429585086476     5.744202215681
Au     2.124335639062     2.228860934887     2.725342376829
Au     2.205433615808     1.810482588982    -0.131280441881
Au     2.678342015150     1.809314380908    -2.830135686816
Au     3.034162835903     1.735399374149    -5.540373195199
Au     5.197233081074    -3.512167349282     7.902519694679
Au     5.766049249345    -4.280353675477     5.015316311205
Au     6.026893262557    -4.217722468486     1.809777493112
Au     6.293008887633    -4.074083979304    -0.894922005713
Au     6.733091232256    -4.184158625519    -3.845654473817
Au     6.949046574879    -4.121375744013    -6.641795048575
Au    -1.838647814528    -5.829470653491     7.044371677144
Au    -1.334500702440    -6.783625875719     4.240101068280
Au    -1.058219955173    -6.585400418766     1.090035500374
Au    -0.299966381343    -6.564814313814    -1.443144491543
Au    -0.425755758180    -6.816645431942    -4.308064257870
Au     0.221727480337    -6.494020938033    -7.374233709820
Au    -2.185720458758    -1.383806682142     7.031714028418
Au    -1.667675788383    -1.498407706200     4.020959776513
Au    -1.541421034220    -1.406936232530     1.231006032181
Au    -1.197474004934    -2.139592910842    -1.635706476830
Au    -0.663422087163    -2.100243348204    -4.479641945683
Au    -0.415684664874    -2.176575042412    -7.453348027536
Au     2.282839585499     0.324630029202     7.323133883555
Au     2.664654811841    -0.176553514161     4.411909170560
Au     2.967233019207    -0.400556326056     1.404327573330
Au     3.584008358127    -0.495356182929    -1.400400389356
Au     3.519039000905    -0.530340592528    -4.098299296886
Au     3.843627099330    -0.572110494309    -7.057769045750
Au    10.991955801558     0.957812055277    -2.307902986995
Au    10.957851517961     0.863845863655     0.747791113104
Au    10.805355092345     0.868249342466     3.785956215718
Au     8.833783395102     5.058075035959    -2.488271921978
Au     8.800464434147     4.952352759060     0.395397681431
Au     8.642116446014     4.944982944588     3.355984495519
Au     6.233079393322     5.208931858342    -2.526395737210
Au     5.995662579282     5.340557346427     0.471155903752
Au     5.759937360393     5.364339663892     3.228421965215
Au     3.643830106247     5.771729831019    -2.859677923847
Au     3.223007569731     6.168602546458    -0.168684371167
Au     3.061676107376     5.827067735313     2.576447549563
Au     0.577662144883     6.414836012211    -3.098981226537
Au     0.428837302985     6.810533726559    -0.404674774171
Au     0.101236465120     6.732887222376     2.429221526686
Au     7.728260736875     7.088989251009    -0.959555956110
Au     7.773897946527     7.003244236061     1.646291753927
Au     5.132672105133     7.628927983013    -1.246838107965
Au     5.275615154384     7.897911932144     1.391243772103
Au     2.336877264541     8.043901066128    -2.062370424630
Au     2.527263402952     8.049086359567     1.314653358605
Au    -3.632081166821     5.039500911967    -3.457704547561
Au    -3.892465509337     5.265831661845    -0.857567472311
Au    -4.269805369571     5.390783831581     2.042192752742
Au    -5.130830474020     2.550018773847    -3.633399408079
Au    -5.402087514459     2.768547383720    -0.961382656574
Au    -5.477476479906     2.905614397242     2.036542016602
Au    -6.819559578683     0.377023312879    -3.926569885945
Au    -6.945060118154     0.382572694308    -1.010539733257
Au    -7.071038048424     0.343251456927     2.139590074791
Au    -8.648173939916    -2.103473818142    -3.621289006480
Au    -8.563233109820    -2.030260227900    -0.692666743538
Au    -8.794538972453    -1.835838292329     1.941768867866
Au    -6.167131349914     4.877140487732    -2.381837631425
Au    -6.330761115604     4.991136189107     0.506902606216
Au    -7.622680613680     2.716966656584    -2.218591149743
Au    -7.673469248864     2.454307522131     0.502551587298
Au    -9.262784502935     0.404680318545    -2.287015205976
Au    -9.345634374466     0.339467468585     0.317836916611
Au    -7.665579768826    -6.483597206264    -3.536374864131
Au    -7.548696581337    -6.453387335653    -0.685144104586
Au    -8.018183078202    -6.799556892927     2.266039212220
