         216
 AuNiAgCu    E (eV) =  -772.225281       T (K) =   550.000000       time (ns) =   1.53999996    
Au    -0.190756669325   -17.153110029194    24.612835851400
Au     1.397402228492   -14.238169042152    24.864941586497
Au     2.801246591036   -12.766015947815    22.516529852159
Au     4.100383933581   -11.079856797754    20.660503863653
Au     5.754506298752    -9.134996893549    18.721378393640
Au     7.098992862790    -7.352181310245    16.876702726381
Au     8.604955609092    -6.274714294420    15.116286501757
Au     6.998053435159    -4.244525811218    13.525857797628
Au     8.971712424387    -9.581219901915    29.497354815263
Au    10.481041013198    -7.817676657374    27.992672672603
Au    12.100073015358    -6.044799845767    26.160418207592
Au    13.063352805407    -4.082731084283    24.488045028956
Au    -0.992651911780    -4.277851613946    26.697445020412
Au     0.063996809067    -2.588105123212    24.949623019521
Au     1.990371349104    -1.004213102633    22.973423479334
Au     3.451965874102     0.764378025534    21.445920094731
Au    -5.814264241293   -10.523069422039    18.820461274241
Au    -6.246782733348    -5.052036119342    18.747434390486
Au    -4.902049860592    -6.079248898188    16.859516682199
Au    -1.338706731076    -5.247408587480    12.892110313817
Au     0.381950316955   -15.711730620041    27.079641524240
Au     3.571290724911   -15.313533611482    22.568986308706
Au     4.685510914296   -13.636748430232    20.558198307452
Au     6.150245995037   -11.760979031785    18.951285455987
Au     7.512915584323   -10.227868891015    17.101215034950
Au     8.761667155569    -8.852603579629    15.092605380433
Au     9.649978388382    -4.287408456971    13.550912630053
Au     2.175776593651   -16.939959540130    25.620737671775
Au     0.718059249762   -15.498923025054    22.674272596489
Au     2.023704506733   -14.028327681619    20.480061163318
Au     3.154100241842   -12.524704034015    18.511338929442
Au     4.356098469838   -10.893648173506    16.714959757913
Au     5.845571720344    -9.670449679361    14.992471333871
Au     8.274883741838    -6.286708418896    12.351034781134
Au    -1.484368801701   -14.471507170779    24.922421844713
Au     0.008246671130   -12.682683090673    22.742231613096
Au     1.402326257373   -11.318037011397    20.601220666112
Au     2.863255510678    -9.619592384165    18.551589861693
Au     4.188388777040    -8.083604392429    16.470016853723
Au     5.918106907989    -6.296476472655    14.486439855615
Au     5.832602539694    -6.082906720115    11.818403806458
Au    -0.097947254060   -13.138364799616    26.834632066609
Au     1.175534971939   -11.389944398798    24.869413780833
Au     2.710052118299    -9.727518693278    22.755157763318
Au     3.922537854373    -7.956656699873    20.706670016604
Au     5.561284091610    -6.536517350539    18.953401265538
Au     6.927934408428    -4.718994187643    16.832551763978
Au     8.483691011927    -2.602550191104    15.367348059783
Au     2.690429132757   -14.490086547920    27.412707574214
Au     3.674052456296   -12.632144282006    25.330352459030
Au     4.923304911708   -10.916930296660    23.694004706139
Au     6.371615194269    -9.653609389582    21.462625353893
Au     8.044077241936    -7.914679498641    19.972278585162
Au     9.062799065005    -6.285938924309    18.221213761497
Au    10.548880201420    -4.451167826473    16.070280354515
Au    -2.675373715640   -13.193327342612    22.743865067648
Au    -1.396468788265   -11.542368600364    20.668802265931
Au     0.145411844367    -9.907635118082    18.483123705719
Au     1.550494705415    -8.311735904175    16.611400309179
Au     2.874772470283    -6.632935862984    14.827299711989
Au     4.000479353057    -4.646264382691    13.282211744540
Au    -0.870538582661    -9.964915690771    26.800335511658
Au     0.960222437735    -8.636821130224    24.771981085988
Au     2.342116489050    -6.962054492455    22.860728365061
Au     4.111460069101    -5.072536483263    20.990170174668
Au     5.011650214606    -3.337875386452    18.742206685553
Au     6.550510670268    -1.987887648402    17.210705314254
Au     4.698859991083   -12.751595995523    28.099734465477
Au     5.631995636414   -10.931403482033    26.592301881817
Au     7.252423240476    -9.416641985600    24.542719911460
Au     8.845216523634    -7.440543065736    22.765659330516
Au     9.897025134937    -5.955800902995    20.883498427555
Au    11.508273639306    -4.466784567483    19.084396039289
Au    -4.111732664034   -11.691394676190    20.661450495553
Au    -2.855182830697   -10.259355813882    18.617691665439
Au    -1.414062979404    -8.356496374135    16.893371497428
Au     0.045749247181    -7.004158573539    14.555887381348
Au     1.385672871852    -5.035964526829    12.963076788546
Au    -0.783030392639    -7.159678206201    26.632537739093
Au     0.472456714615    -5.508952175669    24.853833525342
Au     1.874582710087    -3.737061746259    22.870451963655
Au     3.609155811717    -2.102512032078    20.833352394177
Au     4.837006078881    -0.548340102064    19.117983936179
Au     6.601740836511   -10.924576271046    28.987726694778
Au     8.050811191031    -9.321469483189    27.164865359764
Au     9.802976160377    -7.962255345524    25.261509517020
Au    11.007345961451    -5.806944409977    23.714706305983
Au    11.727805479536    -4.177087442422    21.954636205405
Au    -5.044903383832   -13.080750902358    18.404817313763
Au    -4.206054609551   -11.353712531421    16.578353451869
Au    -2.744109122810    -9.831108138628    14.685862848753
Au     1.725734823090    -7.573273552483    12.516856378331
Au    -2.086421390258    -5.744127130038    24.456775857735
Au    -0.839850102937    -4.072545985583    22.450895947893
Au     0.685337678768    -2.550726111952    20.565575846378
Au     2.162418046631    -0.930158446176    19.012024988841
Au     6.465212610970    -8.206563366572    29.210802821227
Au     7.621258957781    -6.690931464672    27.339296224044
Au     9.147107480834    -4.642351718242    25.482145756574
Au    10.434414902425    -2.804481327844    23.905730961845
Au    -3.456449092410    -7.398635357138    22.707217645213
Au    -2.261023604065    -6.039765618428    20.675898855734
Au    -0.708921890650    -4.001010706511    18.817430375372
Au     0.603339619556    -2.419227809813    17.150824847672
Au     3.869287079951    -7.104483696355    28.247730274956
Au     5.048188212421    -5.422945509332    26.552433091167
Au     6.899778236017    -3.537616681095    24.678896543553
Au     7.994893800297    -1.911241265671    22.979425219247
Au     8.426848429882   -12.031693318202    26.533214568973
Au     9.741170925274   -10.701426015477    24.760287262228
Au    11.376498167491    -8.718573409633    23.464651304449
Au    12.433399449879    -6.705818178260    21.320574394271
Au    -4.577796230478    -9.009117792385    20.711293128293
Au    -3.277111355381    -7.416157391093    18.683780314272
Au    -1.539705538778    -5.718878471375    16.685378615358
Au    -0.429763607808    -4.023533866730    14.990205149042
Au     1.311843024854    -5.327688474166    27.986885074293
Au     2.655507964135    -3.898347340347    25.494951330719
Au     4.232831361524    -2.409608439284    23.754878429666
Au     5.600926587237    -0.663139162696    22.031812112073
Au    -3.626333501475   -14.503599478726    20.526345150269
Au    -2.405851363170   -12.939114879466    18.674883542268
Au    -1.365551767576   -11.233773113456    16.536046934042
Au     0.027606439390    -9.658722176598    14.539429864563
Au     4.503786223425    -8.145025135932    12.934969273997
Au    -1.901041337850    -8.729427907945    24.768000702551
Au    -0.649257194057    -7.299191204516    22.746573986183
Au     1.024683233570    -5.452747792164    20.872023197511
Au     2.288166563078    -3.999051377927    18.938489672753
Au     3.479913368756    -2.059266645593    17.078921919601
Au     4.117104194838    -9.753318785667    28.492221776589
Au     5.588194062107    -8.073005798880    26.376008753672
Au     6.855606044535    -6.345164570077    24.653286691989
Au     8.099794143366    -4.727771064923    22.500915268444
Au     9.665802464741    -3.151786087744    20.771935514468
Au     6.280966554332   -13.575367330163    26.041583176727
Au     7.520576475866   -12.184567653037    23.986397957602
Au     8.959410214863   -10.535083246151    22.175925966917
Au    10.735053797384    -8.577814351957    20.745156979633
Au    11.741409705060    -6.864736614641    18.687793710633
Au    -2.883070991282   -10.111709073120    22.672449151304
Au    -1.586936835209    -8.787328551063    20.790096984651
Au    -0.287508461092    -6.848720643925    18.990244150600
Au     1.101098649416    -5.551157561345    16.970135253711
Au     2.152369182798    -3.560750199173    15.059393717229
Au     1.532724482327    -8.818621447610    27.300591907056
Au     2.739628574144    -6.707723272144    25.452482666949
Au     4.539898347375    -5.137478220381    23.876354295637
Au     5.935863443949    -3.371803555686    21.686044380031
Au     7.371506942914    -1.906006107940    19.912485415688
Au     4.086504675296   -15.314059787145    25.328860339041
Au     5.437828735437   -13.707309191643    23.213958790538
Au     6.879611261099   -12.186890755954    21.411162843921
Au     8.645589678315   -10.686027846325    19.542966446302
Au    10.134020904248    -9.121301810216    18.101810717414
Au    10.809097423432    -7.308737184483    16.134841197626
Au    -1.906967655529   -16.002550853204    22.588694355758
Au    -0.825088938775   -14.463685609852    20.725549205029
Au     0.341381966383   -12.930918122096    18.572367884546
Au     1.355772028541   -11.083795132276    16.381410895165
Au     2.896797562307    -9.673816669736    14.470194809566
Au     7.011832647314    -8.355860880136    13.063826958111
Au    -1.513501379189   -11.703806367836    24.833608307183
Au    -0.057217195113   -10.002643366609    22.792743440655
Au     1.259397568518    -8.313479645304    20.686389992993
Au     2.678401791453    -6.738116872844    18.719901753798
Au     4.050778692774    -5.053969414157    16.765560299999
Au     4.989874608328    -3.227822368784    15.203168021955
Au     2.124428571716   -11.624947923716    27.585844053172
Au     3.295916107874    -9.680544587381    25.573806305971
Au     5.007768039911    -8.011108287458    23.704179313261
Au     6.213362125654    -6.357404737241    21.879483577275
Au     7.439436514808    -4.596041402318    19.738195867328
Au     9.118391288368    -2.950996055937    17.962823585370
Au    13.523446200583    -6.930529167021    23.852907520674
Au    12.399465869264    -8.793072204565    26.180935848744
Au    10.792351126907   -10.439931970768    27.317872445297
Au    11.550223605281    -3.429543814328    26.370037566855
Au    10.104894371546    -5.241928901111    27.829846357680
Au     8.818032647127    -6.959089317512    29.910372787497
Au     8.761596506793    -1.823238248761    25.724995949499
Au     7.438796740117    -3.713480938289    27.542393021637
Au     5.976358000853    -5.432067449096    29.064964821826
Au     6.232177032981    -0.747352489528    24.658968005526
Au     5.048757699359    -2.526790542573    26.288158007839
Au     3.492992487585    -3.983407237189    28.386610732496
Au     3.869282450963     0.472860363679    23.981055872228
Au     2.330699025688    -0.976794079948    25.784120464206
Au     1.150079971483    -2.750178466200    27.495381064151
Au     9.584199053924    -2.309577266267    28.083528008854
Au     8.551759904306    -4.394026191772    30.019347136831
Au     6.764881053737    -0.847179052919    27.524518810367
Au     6.255795419016    -2.614677833323    29.403112063803
Au     4.477565468525     0.548335620173    26.697710837519
Au     3.562032591044    -1.462123202417    28.061070603938
Au     0.525706965444     0.171075347896    21.109629599480
Au    -1.290985620098    -1.328839607467    22.545635263868
Au    -2.738465057840    -2.954091572091    24.567479358561
Au    -1.150859524189    -1.088931920391    19.276307446002
Au    -2.624878091823    -3.024408904999    20.604350136647
Au    -3.906609556310    -4.582114897191    22.554230640378
Au    -2.222352552935    -2.609208248213    17.006854047587
Au    -3.529202576365    -4.516784821587    18.632513111876
Au    -5.013884174711    -6.246018179293    20.786025324723
Au    -3.644913289651    -4.230092403227    15.555851831219
Au    -5.355120891253    -3.032599067667    17.586647367098
Au    -6.004569247326    -7.846436524084    18.639962530270
Au    -2.925283361726     0.044479559147    20.829956129995
Au    -5.382557495938    -3.469440321571    24.324708756107
Au    -4.212930008596    -1.778963194876    22.518052948319
Au    -4.835897373462    -5.774066266770    24.843179576513
Au    -3.964408575510    -1.109619456871    18.806175297981
Au    -5.261366642165    -3.293895955180    20.533661425209
Au    -1.280097326622    -8.421839174249    12.633553378365
Au    -2.955042385164    -6.734461112276    14.522796598508
Au    -4.321361266731    -8.734639392422    16.508477014983
