         216
 AuNiAgCu    E (eV) =  -773.797058       T (K) =   550.000000       time (ns) =   1.17999995    
Au    -8.307613616806    -9.188090653772    26.619159742628
Au    -6.722376803385    -9.525802934966    24.493209586676
Au    -4.618709168481    -9.897070007366    22.305900331793
Au    -2.690829031761   -10.337249606770    20.320746918137
Au    -0.599138989995   -10.948628986392    18.621771036466
Au     1.319504290468   -11.538052439327    16.482937571467
Au     3.351666560087   -11.829278294403    14.573182648946
Au     5.448404833731   -12.471292245633    12.873889316931
Au     2.038194771701    -7.922907801626    29.396066340463
Au     4.192227611847    -8.336971710433    27.864762874735
Au     6.243751198880    -8.808010264915    25.550183430048
Au     7.799995654932    -9.345186813914    23.254649264468
Au    -2.171071338025    -0.148643824124    22.165753002770
Au    -0.251966005776    -0.597280104223    20.113582040824
Au     1.463884064364    -1.588502808852    18.125985600258
Au     3.170188214607    -1.680497249478    16.126719203237
Au    -9.769477922730    -5.520918483318    15.727626383765
Au    -7.485932789498    -1.182049381573    13.873524441917
Au    -7.025269272500    -3.766420108160    12.585422224070
Au    -4.532610595740    -7.642833563505     9.952066118395
Au    -7.548022061910   -11.878498766236    25.807589888446
Au    -5.397840158891   -11.888001015017    24.210589553735
Au    -3.258488065289   -12.361472963109    22.271324742287
Au    -1.121754862880   -13.055629462662    20.543119010343
Au     0.962337171179   -13.374424934192    18.792517340047
Au     2.696299853127   -13.818295156551    16.663432169076
Au     5.045429581128   -14.070668427213    14.861320888411
Au    -9.694151595617   -10.248554629219    24.522196706461
Au    -7.633358505665   -11.563962821121    22.807007609386
Au    -5.505384621676   -11.926675450422    20.787534436348
Au    -2.946897640317   -12.547211612007    18.736423881533
Au    -0.906008104154   -13.150103639110    16.857560157036
Au     0.908277289088   -13.366286551768    14.620258613910
Au     2.969331004236   -14.042385459278    12.995298914171
Au    -8.846758612798    -7.780897861044    24.015229759185
Au    -7.258107671991    -8.883265048488    21.859636751247
Au    -4.983095670321    -9.169947469101    19.657569427397
Au    -2.824275462441    -9.750996634027    17.778558501020
Au    -1.076438668131   -10.055088437314    15.693433200562
Au     1.168492529469   -10.644158804580    13.645205306818
Au     3.090008428645   -11.099542284808    11.763187626719
Au    -6.937229027254    -6.985586774247    25.553307284466
Au    -5.362075037360    -7.225217114545    23.338164106978
Au    -3.099508844503    -7.752869748963    21.267932442759
Au    -1.240241556512    -8.204129793542    19.391205276852
Au     0.941505013216    -8.886859371262    17.456059373426
Au     2.856731936425    -9.165425586052    15.248136318084
Au     4.867764249204    -9.695985015332    13.273665411420
Au    -6.051867829269    -8.455714198571    27.744964203246
Au    -3.938668470431    -9.208629714441    24.948075011801
Au    -1.840579618495    -9.759416711912    23.236818717700
Au    -0.078596316566   -10.375684095048    21.086937729687
Au     2.172592858225   -10.846304275232    19.154787873230
Au     4.036574671347   -11.439638965122    17.168278917405
Au     6.047830903122   -11.626443959564    15.389487608726
Au    -9.468312973952    -7.169370043052    21.252755622637
Au    -7.304547104188    -7.910346506504    19.358138375287
Au    -5.461937225683    -8.553610404925    17.050685162374
Au    -3.751977047120    -8.784573784081    15.091238750348
Au    -1.472371430392    -9.075863259992    13.185172066347
Au     0.487467028395   -10.100314547837    10.990108565202
Au    -5.479168777647    -4.749697077802    24.241565501858
Au    -3.486365418756    -4.869958858121    22.294747099543
Au    -1.381731501755    -5.737896259603    20.415353806593
Au     0.532662632012    -6.209529097353    18.231548057935
Au     2.617979103080    -6.649271221355    16.033255543599
Au     4.255333282909    -7.178493981242    13.789737124418
Au    -3.482306989533    -8.499293203227    27.486173787058
Au    -1.025053916804    -9.232745458710    25.685511913745
Au     0.933692936207    -9.439863329173    23.818107164833
Au     2.859678299522   -10.091900636742    21.909324427411
Au     4.728312320146   -10.625599719665    19.902590951847
Au     6.887754508474   -11.119375629552    18.038315600709
Au    -9.733222847674    -6.327046054632    18.717480047064
Au    -7.920672438872    -7.406039075780    16.591737177528
Au    -6.494271907490    -7.985382126695    14.251130254906
Au    -3.973114124414    -8.057812925728    12.398042115006
Au    -2.091539016263    -8.495736696903    10.313878812312
Au    -3.774182470532    -2.370071839982    23.284127930061
Au    -1.822985344877    -2.707068236302    21.470249640081
Au    -0.106325948279    -3.664517378016    18.978610360255
Au     2.000701613478    -3.936072301359    17.071830146229
Au     4.223781346995    -4.493187754961    15.443406746055
Au    -0.867664690873    -7.988203417105    28.182224961594
Au     1.538244626219    -8.670850200660    26.816571412548
Au     3.495532799811    -9.385278350380    24.774185891709
Au     5.265753498832    -9.847577927493    22.765249609122
Au     7.237003874197   -10.049799528483    20.577544989544
Au   -10.582534579251    -8.022620415497    16.896097596002
Au    -8.779421061327    -9.550230637622    14.925808232134
Au    -6.117485182233    -9.830927829198    12.419758813090
Au    -3.952924140229   -10.275988389033    10.558472865294
Au    -4.339148799790    -1.378340004333    20.468301219841
Au    -2.474965897354    -2.277216998902    18.613637675803
Au    -0.451267283393    -2.588448003315    16.483860063851
Au     1.657848651115    -3.021802051470    14.464977590601
Au     0.963005704536    -6.039589975274    27.525734546201
Au     3.226799911745    -6.627816212160    25.653594908531
Au     5.477839437710    -7.062656941782    23.594274612500
Au     7.056118761942    -7.698054575053    21.302608865590
Au    -6.108750514177    -2.927181242283    19.131869296996
Au    -4.311532971715    -3.505178086948    17.066606200838
Au    -2.360436521754    -4.001935184794    15.086592980135
Au    -0.385385952969    -4.778859790807    12.812842568505
Au     0.157759963969    -4.065982863819    25.730780259466
Au     2.217334108430    -4.669785982514    23.961008365841
Au     4.168309831821    -5.331146598509    21.737114926471
Au     6.027006417195    -5.646032491303    19.753821270053
Au     0.135294942396   -10.812244282235    28.266331963490
Au     2.301413663988   -11.251448207539    26.636301676728
Au     4.654560770739   -12.203492998407    24.615604494446
Au     6.889081185040   -11.920820110848    22.657909365872
Au    -8.677676187488    -3.789102896232    17.543250934531
Au    -6.920141062586    -4.863405119175    15.404567398365
Au    -4.816127615213    -5.765321806423    13.643624034514
Au    -2.543536631884    -6.146500489141    11.408424519236
Au    -0.963455511599    -2.397221831183    24.063233659941
Au     0.888904720689    -2.747080157476    21.702704073734
Au     2.749533555046    -3.522948149828    19.754745043483
Au     5.005354685287    -3.983377502569    18.078561908133
Au    -9.856384320657    -9.235831679150    19.318886725975
Au    -8.167086911296   -10.086763765690    17.251740481505
Au    -6.143983407680   -10.565088905325    15.251707280870
Au    -3.754648686368   -10.995506963697    13.310278005150
Au    -1.718343001937   -11.264908595795    11.510098636878
Au    -5.676543803332    -3.592452852317    21.688015680951
Au    -3.769355532209    -4.317043777068    19.816772609399
Au    -2.093112739259    -5.014102584942    17.472871611986
Au     0.191487308575    -5.204927784718    15.381342304250
Au     2.392790141596    -5.376334915835    13.566494513308
Au    -1.595835862614    -6.055457579786    26.730495402144
Au     0.486705478596    -6.846634374345    24.980279302056
Au     2.452236530585    -7.257047838997    23.084676963342
Au     4.427408019074    -7.982844073045    20.739755440880
Au     6.290161969985    -8.356198782000    18.655557216670
Au    -2.698443308988   -10.897502388175    27.726923855843
Au    -0.159474464173   -11.631175078018    25.685967934156
Au     1.979518345141   -11.830683217806    23.983363208795
Au     4.321879196453   -12.379745573495    21.943560986619
Au     6.555957008787   -12.742783552039    20.254630993487
Au    -7.760325848376    -4.922286812809    20.162942140440
Au    -6.236086953291    -5.493900334532    18.096088608632
Au    -4.396031834302    -5.995327991630    16.207240281709
Au    -2.256146020102    -6.640258440452    14.165807756381
Au    -0.092772588327    -7.300691639666    11.730222955635
Au    -2.912559130177    -4.234480859028    25.033728929547
Au    -0.596453410632    -5.063200255915    23.163903623735
Au     1.080216927000    -5.578663821285    21.092312462260
Au     3.281228736437    -6.059138970519    18.683612520217
Au     5.300230002813    -6.510095455252    16.806379707993
Au    -5.415305220466   -10.746152584588    26.614735115264
Au    -2.774393224193   -11.638450718386    24.810523782145
Au    -0.663096246162   -12.451074787491    23.169758500930
Au     1.641433755301   -12.727222742527    21.310458362710
Au     4.030332646487   -13.217352989499    19.471782515754
Au     5.491456007370   -13.585283640898    17.558673214323
Au    -9.671428719758    -9.927794049060    22.024317051695
Au    -7.710933076288   -10.749086854739    20.141997522618
Au    -5.756660106273   -11.164822955732    17.991156522858
Au    -3.766833943188   -11.566962641136    16.064466844702
Au    -1.636332621691   -12.241606690651    14.410181985632
Au     0.711726805600   -12.663969609807    11.904760596712
Au    -7.598548027636    -5.914150724755    22.922126215576
Au    -5.489300636747    -6.362174922258    20.774104017402
Au    -3.625199214023    -6.854395434862    18.664395991024
Au    -1.266386168832    -7.538685458606    16.537124254521
Au     0.531011792750    -7.808852589093    14.482888127350
Au     2.324954777144    -8.485165019469    12.325539311359
Au    -4.356415395589    -6.395202686280    26.209314008564
Au    -2.536403103995    -6.851511395530    23.948464226660
Au    -0.495519509016    -7.623877267089    22.219492034642
Au     1.789616825071    -8.057285859251    20.061029050842
Au     3.564964703601    -8.780450577383    17.884291436181
Au     5.563088404105    -8.789430750090    15.756591920206
Au     7.044208110881   -11.393859139599    25.153933079461
Au     4.879229481198   -10.927456879891    26.885560221672
Au     2.641270432046   -10.502242608042    29.120135248750
Au     7.797552292075    -6.825132739090    24.649042223620
Au     5.935751891051    -6.509578728418    26.866466300310
Au     3.757632630636    -5.871137796496    28.454559131259
Au     6.780404256893    -5.034453517396    22.468726589710
Au     4.968486478151    -4.631559745654    24.774492817983
Au     2.668933974211    -3.936754218564    26.607142149442
Au     5.311946113996    -3.003345959836    20.558865429986
Au     3.442274478294    -2.575035299129    22.508725879471
Au     1.767133677505    -2.112282900604    24.788494586957
Au     3.877348347419    -1.246267533403    19.079766458840
Au     2.160942297432    -0.282235877824    20.895964098824
Au     0.322754463941    -0.192908997402    22.847970268633
Au     7.317790322885    -3.907981489576    25.495162951776
Au     5.281486813797    -3.975483811140    27.540781489057
Au     6.234086917015    -2.633816720925    23.368459462956
Au     4.575572970478    -2.202763175174    25.525859668376
Au     5.197364958211    -0.572609435119    21.936949514130
Au     3.413794097709    -0.237036488169    23.808528034591
Au     0.824307078396    -0.510656231346    15.345710395681
Au    -1.027381081337    -0.079977491968    17.593486415489
Au    -2.816477770071     0.693624817808    19.580216159396
Au    -0.687981466356    -2.154591041947    13.602783067166
Au    -2.857203008991    -1.272178103222    15.864413529385
Au    -4.552539400949    -0.698018537380    17.815968197671
Au    -3.110780555288    -3.456031339645    12.673390159890
Au    -4.982366525709    -2.388381158472    14.285129260804
Au    -6.880375111316    -2.171465960448    16.493172097684
Au    -5.107096991346    -4.746273042638    11.010284842862
Au    -5.305616995214    -2.084948893906    11.479857849358
Au    -8.783226736582    -3.250839598870    14.760045266727
Au    -1.545142632968     0.715274082293    14.743387448923
Au    -3.235359205462     1.365201334548    16.696419305615
Au    -3.904354175908     1.702554924914    14.156099664085
Au    -5.719416417089     0.125374228584    15.490717373810
Au    -3.243011465190    -0.862650448863    12.965342205012
Au    -5.694929112273     0.391719853425    12.741068957855
Au    -6.641057814155    -6.808736751267    11.589174813979
Au    -8.381060187517    -8.454262829953    12.442145229704
Au    -8.154940031851    -6.087588144755    13.402453411488
