         216
 AuNiAgCu    E (eV) =  -771.514587       T (K) =   550.000000       time (ns) =  0.970000029    
Au    -9.155647878384     0.426784052044    15.441014867204
Au    -8.320758449688    -1.749195294290    13.930280833946
Au    -7.175555532226    -3.999781698234    12.333343931885
Au    -5.992144353109    -5.884481491744    10.863927699306
Au    -4.890783721995    -8.389068846633     9.912347201279
Au    -4.147237259055   -10.933359007460     8.593558868690
Au    -3.160121910440   -13.041922467286     7.238916348637
Au    -2.473299080397   -15.280067802501     5.886383577219
Au    -0.276368448186    -5.084684125337    19.072633620408
Au     1.184792268842    -7.192243889254    18.249483815436
Au     2.188089173178    -9.348882875215    16.410378194321
Au     3.393541481227   -11.384325427926    15.021343493880
Au     1.247488001654     1.148587324510    10.029409290437
Au     2.273266023536    -0.802371101919     8.511710660685
Au     3.172981336051    -3.139033437456     7.307403119917
Au     3.968978722341    -5.188954105694     5.834055331074
Au    -8.945543909197     0.982464032429     3.982618454688
Au    -7.604187697043    -1.049108319520     2.041028300448
Au    -6.607476788851    -3.636999847071     1.127300319566
Au    -5.795211843403    -5.631587715494    -0.374297630968
Au    -9.128016091437    -2.228009584913    16.492305151244
Au    -8.464109414827    -4.304824131432    14.905142297772
Au    -7.070429084994    -6.753475328677    13.214716881401
Au    -6.221535918417    -9.026154147171    12.183975573241
Au    -5.211249655046   -11.368456673753    11.135525822344
Au    -4.029975046450   -13.410135557275     9.962815284651
Au    -2.935699287944   -15.351184944804     8.472441816815
Au   -10.967740328875    -1.178141664668    14.387509980517
Au   -10.438733173936    -3.387982599993    13.018128666448
Au    -9.010975399044    -5.771395845993    11.660932987147
Au    -7.684514330683    -7.917371960570    10.089770543159
Au    -6.813659618791   -10.293045726360     9.212910646744
Au    -5.896209277444   -12.923022748045     8.042827452844
Au    -4.972159920164   -14.942828873147     6.767883048964
Au    -9.114268535161     0.709596773173    12.841786529778
Au    -8.310506107224    -1.300695120004    10.984334818782
Au    -8.078928850425    -4.111977588815     9.334616286053
Au    -6.199041420211    -5.836744433667     8.128829662380
Au    -5.399470315337    -8.540760562136     7.306647432699
Au    -3.954207752408   -10.847234380745     5.694829860600
Au    -3.096575984639   -12.828542739132     4.266898149029
Au    -6.790464794385     0.561823979011    13.957860488528
Au    -5.903130488327    -1.579980723400    12.511697554134
Au    -4.628068580571    -3.511343391810    10.896173289825
Au    -3.487722759807    -6.028357716841     9.573152633424
Au    -2.591122857173    -8.367209758941     8.349443822512
Au    -1.320465952290   -10.378989320890     6.880185613577
Au    -0.862150135176   -12.952693227024     5.767757278580
Au    -6.932810602939    -0.768402434768    16.262105455668
Au    -6.111396713964    -3.220964651583    14.960586502641
Au    -4.800443195164    -5.281729725125    13.070013964105
Au    -3.656533511001    -7.751287336029    12.358945326435
Au    -2.690273922819    -9.981115628475    10.828205202647
Au    -1.678199096155   -12.180525027994     9.327747040124
Au    -0.672098382089   -14.291777328899     7.982705255207
Au    -8.864166366187     0.773168864792     9.347909931904
Au    -8.134745830572    -1.567492664208     8.075144263015
Au    -7.273019060841    -3.857022190837     6.449694751445
Au    -6.205186301435    -6.261601067648     5.219383673185
Au    -4.879448142503    -8.483834939077     4.097793278848
Au    -4.082299542747   -10.601345000166     2.777499785505
Au    -4.155907470313     1.157864435442    12.247883103918
Au    -3.418585270194    -1.117786759466    11.216168017226
Au    -2.011321235531    -3.445406536416     9.586532536759
Au    -1.185500368274    -5.795093460288     8.230352553805
Au     0.274185771820    -8.037767124252     6.974009187412
Au     1.157779004293   -10.225483140684     5.741483537328
Au    -4.587234764371    -2.005134588565    16.690995790972
Au    -3.553089055034    -4.374022109030    15.702557634605
Au    -2.531342215171    -6.548554387513    14.492694856708
Au    -1.187591095094    -8.906315943474    13.414841076617
Au    -0.059836206235   -11.595108199992    11.534423703467
Au     0.924158219663   -13.694571288374    10.486191385312
Au    -8.404841352628     0.936776147826     6.834910353058
Au    -7.796065833179    -1.284742806011     5.003101183826
Au    -7.087495593581    -3.551125086532     3.839057549210
Au    -5.850662764047    -6.254187199242     2.482676109476
Au    -5.045907576840    -8.522104082938     1.382355517715
Au    -1.401294629141     1.190481858208    11.747184795720
Au    -0.365472361647    -0.914339569348     9.983891566859
Au     0.566221095442    -3.171378843708     8.543528018115
Au     1.587460323300    -5.609860996367     7.047895481485
Au     2.710653268990    -7.857085299275     5.722686279210
Au    -2.741587057817    -3.688026944893    18.344092855361
Au    -1.553960069942    -5.816738700364    17.034413917450
Au    -0.122989750018    -8.042993029550    15.979537058397
Au     0.919799792090   -10.377170622885    13.929749075797
Au     2.415227751253   -12.270311352757    12.643165326696
Au   -10.152856092621    -1.160339274921     6.251984122935
Au    -9.757655957004    -3.859192625077     4.948733246374
Au    -8.617631687936    -6.358056690379     3.548408218315
Au    -7.453136365160    -8.373477243806     2.295617371468
Au    -1.198633390179     1.247684587040     8.369611893666
Au    -0.350967752166    -1.069577123162     7.118503698168
Au     0.680716852013    -3.378119828125     5.809634885378
Au     1.151228987552    -5.590524465508     4.244802896448
Au     0.332969039388    -3.400627425127    17.145478588663
Au     1.227863098388    -5.514768620706    15.635549650655
Au     2.384142141357    -8.139644109265    14.168280949425
Au     3.732395888712   -10.033991538637    12.651497113786
Au    -3.403701325358     1.620467288591     6.717755775137
Au    -2.693155908442    -1.214310501432     5.233863514302
Au    -1.639528708406    -3.398690709112     3.986093895571
Au    -0.950886731762    -6.076429036685     2.652642419628
Au     0.601137059795    -1.561740038687    14.635731727068
Au     1.320329680771    -4.041742942366    13.261896733481
Au     2.664576985767    -6.345744011584    11.867546790123
Au     3.836741193679    -8.686887433425    10.266292564716
Au    -2.498483845130    -6.287676480899    19.538170985788
Au    -1.474174136223    -8.784617110762    18.108032970300
Au    -0.375946821973   -10.750062033641    16.699287126544
Au     0.955982388075   -12.841729294898    15.261278596530
Au    -6.043281215634     1.325613325963     5.544953059487
Au    -5.079686268556    -1.127797428762     3.771308827404
Au    -4.257142796299    -3.628114736067     2.738045891596
Au    -3.338067812608    -6.259791924853     1.353470667586
Au     1.055985541027     0.189019067782    12.525904838942
Au     1.860449609923    -2.132069214230    11.042849572463
Au     2.681223080431    -4.712187050917     9.568821645482
Au     4.041233621782    -7.245066307531     7.901281809919
Au   -10.557374704309    -1.394567537582     8.899041426273
Au   -10.134857307399    -3.611855817719     7.536014311824
Au    -8.641561320259    -6.008689140495     6.424785529525
Au    -7.586937441257    -8.428061906161     5.191906727392
Au    -6.575200536359   -10.661541894757     3.940745016115
Au    -3.949112144715     1.382221774277     9.710585887821
Au    -3.153035566408    -0.794546340322     8.393325431841
Au    -2.168289727419    -3.660834211142     6.649936035979
Au    -1.198306720144    -5.807007359505     5.426956423347
Au     0.039545701488    -8.344663499297     4.239794813192
Au    -2.016117180949    -2.242606899133    16.089033091308
Au    -0.941613813780    -4.169025055446    14.658800778524
Au     0.228471972637    -6.537944029973    13.170009945576
Au     1.241452522776    -8.686571213831    11.635333984850
Au     2.509287841388   -11.060804857790    10.164449815029
Au    -4.934283169449    -4.932592378090    18.377771664124
Au    -3.871887450047    -7.019841379005    17.024780537470
Au    -2.676627027844    -9.298230861176    15.638032259908
Au    -1.607575616628   -12.130878513663    14.470691581101
Au    -0.198411900055   -13.821150470893    12.999368840124
Au    -5.956286430927     1.161679471791     8.242150495087
Au    -5.661323888855    -1.131844899189     6.610174344029
Au    -4.586530261084    -3.709230387580     5.370515604695
Au    -3.491441669782    -6.016417632657     3.840445593118
Au    -2.388876119109    -8.594919461616     2.469775804963
Au    -1.422231500540    -0.337533413648    13.630421488841
Au    -1.254676152129    -2.536600716171    12.181784706924
Au     0.040971963931    -4.941648182097    10.792698228254
Au     1.257677615240    -7.080582479886     9.464923571715
Au     2.446794061640    -9.483511577649     8.039596156838
Au    -6.873412690600    -3.334078449715    17.533816260007
Au    -6.129279125657    -5.808029110599    15.831778447438
Au    -5.045658406874    -7.949777394940    14.581645912659
Au    -3.824344741197   -10.358374166815    13.501953820971
Au    -2.607441225190   -12.364359162894    12.269461313085
Au    -1.486365337885   -14.442726923368    10.638939751810
Au   -10.913558380290    -1.146405247472    11.548158325413
Au   -10.505769967728    -3.588500832053    10.354344997824
Au    -9.616563436347    -6.321378011851     9.153110750831
Au    -8.266958160385    -8.395053018831     7.638467294653
Au    -6.692273591662   -10.763999435009     6.701298270232
Au    -5.644916430142   -12.985552140583     5.195804293951
Au    -6.630501724646     0.817264794530    11.073405028063
Au    -5.800605581029    -1.355597631857     9.605658081365
Au    -4.487171259362    -3.340205252179     8.077039809141
Au    -3.683568536623    -6.046402466563     6.613636728699
Au    -2.421627054382    -8.218583328619     5.445560828733
Au    -1.487131095273   -10.770082132195     4.146702512349
Au    -4.046198337033    -0.040598886141    14.721222567715
Au    -3.605427775814    -2.852593728051    13.471017016686
Au    -2.283658996015    -5.032614718986    12.078600035130
Au    -1.360221608343    -7.492770464009    10.791915258864
Au    -0.380814047866    -9.545857707190     9.295617959466
Au     0.822229691742   -11.872090432743     7.912999275205
Au     1.776638363869   -11.858481216530    17.658174348022
Au     0.771361680049    -9.982490119572    19.013007751782
Au    -0.530923434158    -7.956058679995    20.420366147308
Au     4.708594543236    -9.037187320017    15.174479898634
Au     3.557354416243    -7.178648558136    16.824861230817
Au     2.442560223224    -4.804757592338    18.022822858198
Au     4.988422149768    -7.363752123471    12.839104435258
Au     3.836792145574    -5.322326499764    14.313304856145
Au     2.620012122065    -3.148314543138    15.635481459673
Au     5.108156718394    -5.958920862437    10.443241216206
Au     3.706379199427    -3.932609614684    11.929921063585
Au     3.042222714626    -1.715178191346    13.547372288467
Au     5.462946332889    -4.448659771009     8.343314787965
Au     4.247647144489    -2.353490578057     9.601533049096
Au     3.202225648796     0.384608493053    11.201319232985
Au     5.867286249364    -6.650499580218    15.589061620595
Au     4.732620479245    -4.282296936471    16.720252387986
Au     6.451939434996    -5.203367014282    12.799065263184
Au     5.595081938951    -3.151273889670    13.994864790146
Au     6.472661328468    -3.624262177895    10.709248518849
Au     5.178810765580    -1.522095554127    11.946604061041
Au     2.858254500467    -3.832190589388     3.925547560938
Au     2.168197850151    -1.232772324789     5.701174717146
Au     1.391541512617     1.198416011625     6.886346760205
Au     0.573354048090    -3.368413287826     2.527616915860
Au    -0.137083999136    -1.098643234334     3.876416264301
Au    -0.974176908910     0.990887655507     5.511220696453
Au    -1.849379861733    -4.029490992891     1.175627831681
Au    -2.565134409630    -1.439858909766     2.188597840386
Au    -3.596016717762     1.112335866436     4.105780517406
Au    -3.910925963044    -3.410637675511    -0.026998887337
Au    -5.064054231457    -1.211750996367     1.268849058641
Au    -6.252163263960     1.227077314388     2.913026939327
Au     2.596524037111    -1.430723976769     3.004580969365
Au     1.749948555395     1.024627585657     4.204726547954
Au     0.050362236444    -1.065386268988     1.302763799806
Au    -1.210889242969     1.083483781068     2.815472495836
Au    -2.920517214253    -0.916950114445    -0.336046423995
Au    -3.412172978847     1.027803094097     1.506231337351
Au    -8.166223734757    -6.007354366163     0.982329627441
Au    -9.508714364796    -4.067703318144     2.254789419821
Au    -9.857303038501    -1.499450220580     3.358914799357
