         216
 AuNiAgCu    E (eV) =  -773.774719       T (K) =   550.000000       time (ns) =  0.319999993    
Au   -10.867293537685     1.530382467759    19.545397027350
Au    -9.397576379651     0.201650487056    17.894432068444
Au    -7.848629093309    -1.566552763386    16.201446841107
Au    -6.248845104063    -3.039479723067    14.554534297271
Au    -4.383882031444    -4.609457446654    12.784458011232
Au    -2.714566486731    -6.291859323274    11.208211374791
Au    -1.033885692386    -7.893539403865     9.425016288940
Au     0.488440285626    -9.364797127442     7.686504448555
Au     0.717174146226     0.773793328837    20.961439964317
Au     2.006074292995    -0.608019256772    19.324153793104
Au     3.548002576583    -2.223370990623    17.843071610047
Au     4.990955002269    -3.954336263308    16.200551526608
Au    -3.692154775407     6.835106215810    12.377300892450
Au    -1.873634708517     5.268615845336    10.495326653815
Au    -0.524362104259     3.784711428304     8.496013009596
Au     1.074623300878     2.079070073655     6.744386267891
Au   -13.210335503023     1.725610888757     8.559315705471
Au   -11.593742904750     0.300301056656     6.311734028457
Au    -9.800556298144    -1.569086677094     4.470128755610
Au    -7.829390775627    -3.777769858086     3.386067890705
Au    -9.840017800550    -0.764920186231    20.686431112250
Au    -8.284706514492    -2.117389842685    19.113693594320
Au    -6.687624566292    -3.616586351377    17.358873079187
Au    -4.988572508796    -5.339468168388    15.419158144951
Au    -3.465090505721    -7.029105225076    13.834409688152
Au    -1.778101903604    -8.981322762290    12.335478980394
Au     0.103998078788   -10.089009577411    10.178676004861
Au   -12.128171264013    -0.939873694611    18.793959899271
Au   -10.292670928979    -2.371560290261    17.209877082775
Au    -8.829027748591    -3.945531099436    15.662170723306
Au    -6.880137034777    -5.702791100667    13.569821081477
Au    -5.293124019827    -7.178309080265    11.637540893715
Au    -3.660997670812    -9.172652512123     9.754118755318
Au    -2.101185369076   -10.024929727668     7.862585956602
Au   -11.282572094355     1.688244679503    16.970927492029
Au    -9.962420437080     0.179437046670    15.029859211469
Au    -8.418909887094    -1.588284902459    13.337226386933
Au    -6.813328352443    -3.174188645604    11.813689788016
Au    -5.047051535750    -4.566036168350     9.931825210527
Au    -3.382718463460    -6.507870914813     8.378631117419
Au    -1.703609444700    -7.559981017707     6.561361614471
Au    -8.932668538390     2.827842272597    17.847005255172
Au    -7.539580194523     1.215792444782    15.839659054696
Au    -6.044398261223    -0.281290886515    14.365265344879
Au    -4.471279207095    -1.813149454668    12.560743274946
Au    -2.666884045394    -3.248389573904    10.739335004245
Au    -1.163829888579    -5.102135489719     8.947830151484
Au     0.690592777125    -6.475870338861     7.148960346158
Au    -7.931359223897     1.460057900814    20.233258429322
Au    -6.564545225687     0.020586919707    18.367621385471
Au    -4.948243663226    -1.540179147188    16.775048014616
Au    -3.389008689053    -3.051011105965    14.813907579149
Au    -1.726505329676    -4.886268784929    13.287011612329
Au     0.056057122397    -6.259000687409    11.398861973419
Au     1.857507692567    -7.675437863418     9.364175576082
Au   -12.047888748612     1.794821202672    14.180614571849
Au   -10.818593111392     0.245909186926    12.326025774480
Au    -8.762772159333    -1.818758408327    10.617749513796
Au    -7.249447316560    -3.089455887817     8.779342847216
Au    -5.360093670213    -4.671279595394     7.273309550745
Au    -3.783576848232    -6.378935653095     5.496664654497
Au    -6.962033397607     4.008229354513    15.943143475069
Au    -5.725664322240     2.735886273491    14.087487302733
Au    -4.120861941128     1.163486502531    12.484514046625
Au    -2.314796582204    -0.624376415648    10.480934276796
Au    -0.775945884235    -1.932750493610     8.593284288505
Au     0.574055553814    -3.799975875465     7.217542843266
Au    -5.277512435501     1.257199275419    20.395444134239
Au    -3.628893630234    -0.194805122557    18.883128354020
Au    -2.300830314676    -1.711482486678    17.107068275856
Au    -0.552924495101    -3.409920184003    15.359735127220
Au     1.000390714614    -4.852435465517    13.302540240835
Au     2.802272312468    -6.351596231190    11.830210970650
Au   -12.554241693392     1.952274202050    11.269362140829
Au   -11.176161326977     0.251709250870     9.099758199096
Au    -9.619995863648    -1.671546293593     7.452540226027
Au    -7.791364796844    -2.962264217309     5.946013345691
Au    -5.811693484379    -5.095532747862     4.726207255908
Au    -5.578148497121     5.498493733303    14.005183806434
Au    -3.904134570266     3.899293646012    12.324217830601
Au    -2.368386415160     2.435371923609    10.308588677580
Au    -0.682415053967     0.952462005849     8.561540976543
Au     0.871171317947    -0.769989230805     6.877306773462
Au    -2.196810828163     1.180202516521    21.072166039343
Au    -0.781202071769    -0.433110793926    19.231207397402
Au     0.585034041737    -2.285707883188    17.511253652036
Au     2.349716000008    -3.566795049932    15.722662946005
Au     3.857171061587    -5.136850192610    14.150617502754
Au   -13.004590279601    -0.712841591460    10.736691554234
Au   -11.744915379314    -2.871198625724     9.147338780531
Au   -10.161002517504    -4.231621676759     7.291277820148
Au    -8.502520486878    -5.737310181402     5.471773533300
Au    -6.008769374978     5.440333453829    11.373991658107
Au    -4.634442176441     3.715368855530     9.415711890247
Au    -2.847791577084     2.405701501622     7.414804173132
Au    -1.277169183815     0.891034418942     5.927011963080
Au    -0.595306306124     2.586526187324    18.931694776620
Au     0.984260546606     0.691764526960    17.125479012075
Au     2.631774471698    -0.799297133681    15.406414114843
Au     4.204331717939    -2.527114328395    13.695569349695
Au    -8.295365595240     4.090288218136    10.408076440526
Au    -6.955746691090     2.366177298664     8.561158280392
Au    -5.191269967265     0.987051892394     6.452648839802
Au    -3.728246637164    -0.644207339357     4.789593376556
Au    -1.549023674273     4.439461347872    17.093977764527
Au    -0.241544927035     2.502879749447    15.287522940946
Au     1.581431541498     0.683059356978    13.170696910292
Au     3.208608194888    -1.013648633808    11.571079468300
Au    -1.141082801867    -1.351644527334    21.798123398552
Au     0.149178062175    -2.952938832835    20.083768448566
Au     1.596131016511    -4.530587768321    18.254470846214
Au     3.222410852891    -6.085592784769    16.704498690266
Au   -11.017101931884     3.194503230615     9.060114279948
Au    -9.254926315436     1.199183368718     7.475731643719
Au    -7.596182992046    -0.284950480601     5.830156960003
Au    -6.231364826090    -1.666069944598     4.105775248192
Au    -2.606661273468     5.417811930843    14.461134125052
Au    -1.085236818509     4.044732847379    12.633059569863
Au     0.349111341361     1.907561081887    10.954018737752
Au     2.079867763042     0.402711905225     8.995493704988
Au   -12.907267096944    -0.863204562269    13.497562950201
Au   -11.231630412619    -2.649023309000    11.748787811838
Au    -9.726271545094    -4.382147133631     9.869627657192
Au    -7.914532140500    -5.589464023719     8.108678734457
Au    -6.462137548788    -7.243575296768     6.224990923162
Au    -7.921148808823     4.158443608869    13.421127324876
Au    -6.361329095617     2.495765154141    11.254514749789
Au    -4.856982002655     0.681491801336     9.397029546880
Au    -2.903282456077    -0.609262521050     7.532024385499
Au    -1.335441837595    -2.079546983008     5.967718510420
Au    -3.372738312440     2.854728068744    18.870231652369
Au    -2.067629268687     1.211570705958    17.029315037174
Au    -0.486553186507    -0.708357922256    15.399505211801
Au     1.194596179668    -2.001903544051    13.374380894346
Au     2.746576555510    -3.592261720369    11.665258999719
Au    -4.018291963030    -0.619669296312    21.500422997749
Au    -2.893538164995    -2.665097293880    19.786019170249
Au    -1.430370004184    -4.504941366276    18.473592364228
Au     0.462829668753    -6.174015778181    16.558735029146
Au     2.049439891666    -7.216745306004    14.347846695168
Au   -10.227834257850     3.141080084542    12.016096437562
Au    -8.802660869251     1.266583929214    10.327906355740
Au    -7.084571103526    -0.466207915668     8.614142305531
Au    -5.275555502865    -1.621716499222     6.872942142464
Au    -3.587206706916    -3.411198445255     5.379630758165
Au    -4.455941165747     4.300127303463    16.644447707052
Au    -3.133733537767     2.789853774399    14.666725017819
Au    -1.397044564296     1.077931236809    13.037778616843
Au     0.648299398731    -0.808634246006    10.829578250960
Au     2.026389854804    -2.406866400254     9.155402368644
Au    -7.128635038979    -0.873772675244    21.190917631430
Au    -5.470259503473    -2.549422281287    19.468882716576
Au    -4.101186845505    -4.017308472363    17.544810798443
Au    -2.160417597408    -5.737299816994    15.869981170986
Au    -0.596211968271    -7.252930588209    13.756973350815
Au     1.387918396407    -8.746069432892    12.060913053798
Au   -12.085182736658    -0.733672404847    16.242821397530
Au   -10.797922898037    -2.500389159881    14.249828944733
Au    -9.212985117377    -4.463681283544    12.517562341501
Au    -7.605709637481    -5.908100282280    10.826977927050
Au    -5.946694341248    -7.036244963280     9.085895444684
Au    -4.162596738414    -8.651795626656     6.905792646485
Au    -9.448368408479     2.680291652411    14.951928531888
Au    -8.347384577693     1.298564927024    13.006141299339
Au    -6.613368490729    -0.125507149021    11.503180459868
Au    -4.899117651538    -1.930547634743     9.903051492660
Au    -3.112435989981    -3.311845530375     8.069585991496
Au    -1.507397302156    -4.991534545316     6.070038718021
Au    -6.221386485066     2.659242421046    18.284840881667
Au    -4.856006437704     1.389547769198    16.526047887769
Au    -3.249345573720    -0.272670632523    14.600843379060
Au    -1.704830885196    -2.129882217847    13.026434723562
Au     0.215020024044    -3.543522998149    11.057400819129
Au     1.732836493360    -5.063002172839     9.399795339847
Au     4.206599933964    -4.845057998671    18.748828303231
Au     3.043574382844    -3.230952935833    20.484602713605
Au     1.563408605535    -1.536556885014    21.914754845013
Au     5.433982042283    -0.948285356530    15.977927929354
Au     4.025399298819     0.515420943563    18.023816999951
Au     2.159940965135     2.118998336243    19.161557529211
Au     4.598777903016     0.306237313260    13.667527525102
Au     2.798069373668     2.037022428076    15.237876381663
Au     1.100238656042     3.936923838826    17.022663425019
Au     3.291377375112     1.769452019288    11.069888147567
Au     1.449185625919     3.448994951114    13.098800170018
Au     0.161539206163     5.323427821580    14.899542770751
Au     2.190998902103     3.111424972816     9.020072877982
Au     0.922641025959     4.940671970226    10.723235130538
Au    -0.772960029434     6.631647803847    12.596657871826
Au     5.345981453551     2.032259749452    15.670344385596
Au     3.763764973163     3.253352794176    17.296115394602
Au     4.802930686860     2.793899045174    13.280846874606
Au     3.073649834902     4.771746971531    15.039022907985
Au     3.481475613056     4.601307254476    11.637811309875
Au     1.912478998238     6.119437357341    13.119659640124
Au    -1.217329257984     3.712210517863     5.815497923564
Au    -2.598228919443     5.435601779177     7.516537729752
Au    -4.400524339154     6.421437811438     9.481603892783
Au    -3.314087315539     2.590976830770     4.553499534167
Au    -5.235783469222     3.900766760162     6.784323989699
Au    -6.582807589529     5.448072121689     8.465920689327
Au    -5.479091282317     1.100108319349     3.713779488364
Au    -7.240021376304     2.466124984250     5.561818407363
Au    -8.790292979913     3.850805254865     7.372016479567
Au    -7.881279501025     0.063642096695     3.155239694695
Au    -9.667129050729     1.447600531431     4.632728277761
Au   -11.461507816079     3.016838109292     6.566487378254
Au    -3.500547779816     5.086191362341     5.165796019611
Au    -4.868792877429     6.680535331909     6.913577188053
Au    -5.435330697951     3.808208759169     3.890105487484
Au    -7.219185707841     5.036843890268     5.246119976093
Au    -8.006548843216     2.812005962275     2.900864253226
Au    -9.704986272187     4.131144789799     4.474540750754
Au   -10.375322159470    -3.924678793185     4.613128947527
Au   -11.902218820585    -2.272142024673     6.182349309546
Au   -13.275203162016    -1.058141842858     8.072332623029
