         216
 AuNiAgCu    E (eV) =  -773.788086       T (K) =   550.000000       time (ns) =   1.14999998    
Au   -11.325189015301    -6.909158219285    22.207263782045
Au    -9.547579768907    -8.172365832231    20.636814833425
Au    -7.235866101306    -9.269726176875    19.020114186705
Au    -5.208621002401   -10.457142347673    17.691194437659
Au    -3.110032910648   -11.420315346311    16.074752708518
Au    -0.532510691358   -12.950395211611    14.520654553825
Au     1.551999055062   -13.592445278727    12.911342028741
Au     3.344904740851   -14.146097041522    10.887422955022
Au    -1.110980375182    -8.137922137254    26.386383334524
Au     0.903168239646    -9.593517617502    25.298217595840
Au     3.418630238516   -10.452209146774    23.772710818039
Au     5.419829620251   -11.576183501709    22.076684583775
Au    -3.071285177660    -0.465544231964    18.551756521743
Au    -0.724838690506    -1.041762538538    17.215728506093
Au     1.436427639896    -2.433903339141    15.635176390161
Au     3.357457296981    -3.443949116962    14.055081834030
Au   -10.455853925392    -4.230414280859    11.002993155418
Au    -6.408782392046    -1.122526683924     9.225420414001
Au    -6.590639616458    -3.678254748151     8.542606282939
Au    -4.228640466040    -7.999360871553     6.470561508516
Au   -10.695252287768    -9.363148014327    22.759753147558
Au    -8.709940396032   -10.714002547608    21.003382468293
Au    -6.432579135871   -11.901939417808    19.549197428475
Au    -4.592912887931   -13.135669955887    18.079570363180
Au    -2.564402033339   -14.175287561815    15.872464180469
Au     0.043711173565   -15.638602117013    14.025205514237
Au     2.898684536855   -16.135294424586    12.628808885031
Au   -12.263319963227    -8.460715224498    20.501936921022
Au    -9.862391675803   -10.062820115518    18.686159218245
Au    -7.908115350331   -11.086126553440    17.067718789807
Au    -5.918900777984   -12.372745370847    15.630196097723
Au    -3.990317977165   -13.386323605843    13.798935933047
Au    -1.923779028682   -14.489360963609    12.432151639031
Au     0.330497021624   -15.138783916612    11.141995654134
Au   -11.506163660349    -6.091950260508    19.407144118753
Au    -9.046419057674    -7.506339242470    17.932753191183
Au    -7.119962216849    -8.434060065856    16.268216971264
Au    -4.806621684609    -9.817522692854    14.869658351225
Au    -2.553075174504   -11.001169786911    13.403692397996
Au    -0.428554655009   -11.852160980486    11.871242787931
Au     1.280666231282   -12.910242783240    10.063061342188
Au    -9.262575865887    -5.401669649657    21.132645159540
Au    -7.379805753673    -6.367846983482    19.698537477875
Au    -5.248729387906    -7.521951096636    18.202769426100
Au    -2.947148801041    -8.628410335624    16.925809358872
Au    -1.076612304788    -9.546330269677    15.316877829003
Au     1.208721562762   -10.633605691392    13.549311552163
Au     3.557876731609   -11.408939475974    11.775734390886
Au    -8.729191954947    -6.870550385576    23.225993591397
Au    -6.839290840047    -8.128459294071    21.709647897444
Au    -4.667855283842    -9.383503118901    20.230725382755
Au    -2.287717379860   -10.814286778994    18.648541584930
Au    -0.258453532791   -11.684005085531    17.087747477012
Au     2.095438593570   -12.472216724349    15.405410990354
Au     4.187177805486   -14.013324751697    13.677377813309
Au   -11.072674720485    -5.573763375579    16.861905458811
Au    -8.957942232596    -6.693282313129    15.128618365139
Au    -7.084359091894    -8.209482761698    13.736113266041
Au    -4.594272891995    -9.273690029954    12.199106870629
Au    -2.447246805196   -10.234711187396    10.576429888698
Au    -0.569432543334   -11.040730535038     8.919923078782
Au    -6.864062216104    -3.342843984690    20.916055516993
Au    -5.219757706084    -4.631921164792    19.237136014199
Au    -3.261915964834    -5.725977865926    17.518141035559
Au    -1.065149480865    -6.837291216767    15.703385395975
Au     1.159201128598    -7.815321931401    14.299906148632
Au     3.711938361491    -8.890415467683    12.844849554234
Au    -6.429672382536    -7.358538636528    24.578594102223
Au    -4.134492297381    -8.570102873543    22.799044892255
Au    -1.949428540832    -9.936404325587    21.348647154770
Au     0.108674086137   -11.219762796854    19.912861726164
Au     2.473699723825   -11.945283779026    17.998091978080
Au     4.820810687511   -12.805277136479    16.083139090734
Au   -10.922246841977    -4.810993616924    14.031578216488
Au    -8.791466543373    -6.306140001138    12.445365561236
Au    -6.582988768126    -7.534531742337    10.759965192110
Au    -4.434873711863    -8.468912283549     9.413796288182
Au    -2.491771140984    -9.461127699337     7.828648940918
Au    -4.899219199435    -1.994956075703    19.672805969951
Au    -2.881938575270    -3.043218032951    17.895956186170
Au    -0.946191704704    -4.095271516159    16.425703788917
Au     1.220625376549    -4.984767667180    14.786865607567
Au     3.686133160321    -6.078428457740    13.449101638678
Au    -3.809112252355    -7.850043756041    25.576314741472
Au    -1.454078157408    -9.374102126838    23.891653143255
Au     0.698783490067   -10.361032797650    22.372045167328
Au     3.068641298159   -11.309700194874    20.743985582598
Au     5.197629562962   -12.299810289171    18.888150274308
Au   -11.495787380452    -6.521206244425    12.247188228573
Au    -9.718947969728    -8.187002357995    10.598996611865
Au    -7.812004988438    -9.306144964638     9.006633476156
Au    -5.472578043312   -10.193141713266     7.528493378133
Au    -5.029504411143    -1.381904980326    16.983583089032
Au    -2.636803647627    -2.057499921757    15.367664139489
Au    -1.022310298469    -3.490834644406    13.434899741287
Au     1.645204099127    -4.848867273988    12.199106868125
Au    -1.387490278457    -5.894022084576    24.639653502556
Au     0.652334381771    -7.697265229928    23.422342357824
Au     2.791492393046    -8.813528833959    21.834215348506
Au     4.809311640327    -9.474979306478    20.199529689321
Au    -6.964016687087    -2.189497440190    14.901590434130
Au    -4.954026445375    -3.628457298308    13.644942609970
Au    -2.929047931081    -4.614079441822    11.931478864831
Au    -0.270938711483    -5.491481218927    10.283083345284
Au    -1.808365113621    -4.101093503516    22.736142034822
Au     0.180032855494    -5.355437682158    20.951093621795
Au     2.203574108872    -6.792807022263    19.657330008839
Au     4.587394411898    -7.723755302078    18.004038309713
Au    -2.820505866744   -10.085288369303    25.958456110650
Au    -1.020620514665   -12.194366863291    23.405786859626
Au     1.120348392138   -13.148004855646    21.985168462204
Au     3.403911756461   -13.843136261582    20.128121688055
Au    -8.819725869175    -3.245892596145    13.235737086805
Au    -6.806481944073    -4.411338181860    11.379655297664
Au    -4.823178238608    -5.609459272302    10.018209098224
Au    -2.460610694498    -6.769255182676     8.543589776179
Au    -2.396873721164    -2.194681574546    20.657923105287
Au    -0.388242629877    -3.015455533084    19.115227614783
Au     1.795370107100    -4.515554503455    17.664068055232
Au     4.161664545593    -5.395028905637    16.301732213585
Au   -11.505535750933    -7.323663675796    15.012590726466
Au   -10.065374858459    -8.685903683737    13.224894124538
Au    -7.763394766151    -9.809515793266    11.706475413933
Au    -5.697538310928   -10.920838757142    10.346253611744
Au    -3.482204878033   -11.990922464911     8.623706985054
Au    -7.079529828486    -3.013967275245    17.826961582502
Au    -4.950731345152    -3.966168748099    16.241969460423
Au    -2.867812547217    -5.095732996582    14.716149845119
Au    -0.727756194972    -6.213741652472    13.049048899494
Au     1.648589542214    -7.542950043070    11.479500876250
Au    -4.082860256588    -5.808745320394    23.674759760914
Au    -1.912161968388    -7.044592056935    22.212918342780
Au     0.173114537247    -8.102919532243    20.520587529350
Au     2.440309817665    -9.340097658115    19.014113719437
Au     4.619325481683   -10.311244928256    17.502700412150
Au    -5.580779016342    -9.763020795305    24.887589742329
Au    -3.521382511038   -11.461967301204    23.138113475423
Au    -1.191462237051   -13.361509857383    20.978350571858
Au     0.897555552665   -13.909273072600    19.021183150735
Au     2.873739016738   -14.842536850971    17.462069302690
Au    -8.873760479206    -3.991087702407    15.933947114886
Au    -7.047510345706    -5.046788252435    14.276316735230
Au    -5.057250904555    -6.384342310207    12.757543073366
Au    -2.699563210286    -7.410978505773    11.341271797173
Au    -0.588678884272    -8.168491093168     9.582319037167
Au    -4.445908517270    -3.835354348688    21.884633404769
Au    -2.522361277560    -4.972338170031    20.187745846073
Au    -0.448656448935    -6.087788085527    18.342724710833
Au     2.106394554175    -7.033398807221    16.694497092298
Au     4.225716476826    -8.088706900926    15.355257605908
Au    -8.204293353233    -9.642291140345    23.533088041192
Au    -6.288297453844   -10.716370592698    22.090649253364
Au    -3.874364019552   -11.931511044597    20.454638007033
Au    -1.783099193102   -13.607089043913    18.486998792497
Au     0.213420448674   -14.526153698989    16.426835141767
Au     2.505277037849   -15.672514588473    15.046267305845
Au   -11.700147575404    -8.406987027632    17.931546596145
Au    -9.651585038095    -9.320657186576    15.968623306591
Au    -8.074663553757   -10.782844706612    14.168950978049
Au    -5.769441196709   -11.656838917781    12.944559601510
Au    -3.643227775123   -12.679408211565    11.241549334387
Au    -1.492799015959   -13.438020836700     9.869311247109
Au    -9.221635119640    -4.688714735486    18.658090284672
Au    -6.914048658417    -5.586077636057    17.076624489910
Au    -5.238222141306    -6.804219948249    15.297723481979
Au    -2.900525190367    -7.855389370125    14.049471399424
Au    -0.642573393350    -9.113709323133    12.508157075090
Au     1.549253574122   -10.014569360817    10.768870611529
Au    -6.650946997535    -5.264736668898    22.585156397719
Au    -4.676600307277    -6.732376251347    20.985544363601
Au    -2.304139599694    -7.749659188991    19.473758172565
Au    -0.202130008357    -9.082853345762    17.961433348447
Au     1.799995238922    -9.809918943254    16.210766532837
Au     4.353020223406   -11.169289941438    14.329922948984
Au     3.691685517558   -13.084674679768    22.842965451557
Au     1.363964698134   -12.406442617722    24.587754111735
Au    -0.448187716603   -11.364663369415    26.274151152798
Au     5.348693405846    -8.856061659989    23.028786728942
Au     3.211724716132    -7.940618832348    24.678297674038
Au     1.090280300843    -6.382517389137    25.738441610433
Au     4.611963102943    -6.999656994648    21.015425605251
Au     2.623892180428    -5.841354741758    22.286228249555
Au     0.680903174894    -4.584890127557    23.794670812484
Au     4.354504514607    -4.985630801480    18.793425815495
Au     2.418811448677    -3.842391947398    20.223235634948
Au     0.435801415089    -2.617262876945    21.772169825328
Au     3.990327484729    -2.827710757657    16.965375514034
Au     2.024241466653    -1.898744499986    18.460552775333
Au     0.300425978696    -0.557606663715    19.822912082039
Au     5.127013976876    -6.200014396642    23.472447601220
Au     3.395341484308    -4.872119037950    24.812107635464
Au     5.221447937108    -4.370146038582    21.414378457440
Au     2.883705873732    -3.202230744789    22.790723559950
Au     5.007999133925    -2.599456352989    19.453800550299
Au     2.783390427152    -1.169435431423    21.041316265482
Au     1.165700326935    -2.131302706147    12.781186788713
Au    -0.779319248184    -0.519787179590    14.339103883165
Au    -3.234233635658     0.455889638432    15.925822215053
Au    -0.493499295291    -2.778116138996    10.742752453729
Au    -3.120396638144    -1.757245606330    12.377367453878
Au    -4.957087697978    -0.605342357068    14.179358631337
Au    -2.526822064385    -4.037610325809     9.262155190704
Au    -4.756820443044    -2.793571045530    10.423846363705
Au    -6.565727599468    -1.668643373046    12.180506789152
Au    -4.263563555696    -5.342452405948     7.169968391713
Au    -4.233171063798    -2.638493091338     7.766917962602
Au    -8.431220616044    -2.421442713231    10.525276522638
Au    -0.633703006791    -0.271231413057    11.751528412398
Au    -2.694406819576     0.714900681503    13.107184702647
Au    -2.347511448092     0.942294716899    10.340940546538
Au    -4.757411609851    -0.019543300949    11.056794348207
Au    -2.445692221316    -1.515270190377     9.527045276805
Au    -4.070838074089     0.173044945931     8.276335075107
Au    -6.198659815388    -7.050131954121     8.036887987000
Au    -9.416308665039    -7.332067554995     8.185674417900
Au    -8.548274089173    -5.372970523208     9.620530984209
