         216
 AuNiAgCu    E (eV) =  -776.245361       T (K) =   550.000000       time (ns) =   1.94000006    
Au    -1.009041991888   -17.060145345675    22.409920099750
Au    -0.057957010533   -14.184428951248    21.613945276850
Au     0.366027400778   -12.640525935594    19.382947819191
Au     0.565163080434   -11.087683437501    17.089397305238
Au     1.338061359303    -9.696157800044    14.701630695082
Au     1.904658435961    -8.355787701919    12.310502040103
Au     2.391669968602    -6.709588871618     9.881121954154
Au     2.235477835572    -9.191289008735     8.729920705102
Au     4.755512455674    -5.856864862906    24.640026310834
Au     5.365308227732    -3.997770227013    22.433303855563
Au     5.728696751142    -2.364751542147    19.829104019043
Au     5.938118284162    -0.871881559223    17.571005670534
Au    -6.283526268737    -5.724060640213    22.109416645516
Au    -6.016836398603    -4.284035601489    20.009770982488
Au    -5.515030479419    -2.905017206628    17.451301295613
Au    -4.872367177352    -1.525284477588    15.124496057294
Au    -8.437296952020   -16.118161111354    13.873262343220
Au   -11.409866812512   -10.443468566555    14.968566159234
Au    -9.560291878403   -11.451662589368    13.131262167538
Au    -6.878610865445   -10.946764164255     8.968804912098
Au    -0.271241805290   -15.271962273078    24.049009244291
Au     2.259003585541   -14.776606836712    19.899465376832
Au     2.651029136376   -13.717771852375    17.519621034641
Au     2.933482346903   -11.932375124401    15.453074902687
Au     3.434330384699   -10.416680045024    13.276887914301
Au     3.774330931805    -4.475511268616     9.995078840006
Au     2.426299952643    -8.019172381516     6.466552375129
Au     1.470158494250   -16.438168315119    22.010381818237
Au     0.018916295726   -16.508796646621    19.883808766817
Au     0.265007014102   -14.873011282832    17.735678299470
Au     0.470787534966   -13.195684861500    15.483667538384
Au     0.937552592115   -11.874078097074    13.019807078707
Au     1.271196014760   -10.833460539301    10.701470247008
Au     2.912539124662    -5.645407626458     7.602470331565
Au    -2.741179041101   -14.973915468687    22.470495789751
Au    -2.213910526128   -14.167111924495    19.603695727826
Au    -1.662712877950   -12.426736129386    17.375464525908
Au    -1.215803681702   -11.131773470664    14.910342173919
Au    -0.660808399636    -9.719144172304    12.580578402988
Au     0.043730189179    -8.359481974740    10.159175936226
Au     3.993068048235    -9.118780921837    10.799113162134
Au    -2.275621645266   -12.837063983379    24.008744714889
Au    -1.605478985081   -11.794947233645    21.486849381272
Au    -1.082416180443   -10.180910806722    19.208314638644
Au    -0.440113977194    -8.705482847210    16.679236308829
Au     0.010982916648    -7.338548401758    14.334026463110
Au     0.487901841833    -5.935492821688    11.813088451875
Au     4.454080447827    -7.767488690716     8.215602647641
Au     0.601583703818   -12.831612328289    24.120236410593
Au     1.010783193834   -11.498526133368    21.860316289536
Au     1.801966447149    -9.691737310486    19.497723020181
Au     2.186298580620    -8.597738301704    17.226464081505
Au     2.824975749773    -7.008173426316    14.913588353206
Au     3.312792984552    -5.755884645612    12.377926259542
Au     0.130226044090    -7.071052354941     7.697609939302
Au    -4.687560838328   -15.061331217085    20.189836285646
Au    -4.351389871276   -14.090173729533    17.324903862339
Au    -3.763437790290   -12.536549629310    15.213053483364
Au    -2.930600726288   -11.001453825631    12.794281493323
Au    -2.357471318117    -9.520619606458    10.266818549014
Au    -2.262756081083    -8.057176707499     7.954029803225
Au    -3.889238976393   -10.315399618444    23.165644847396
Au    -3.000599214178    -9.249337669305    21.040856017760
Au    -2.760358002743    -7.632352408226    18.550944056896
Au    -1.833768967716    -6.288007500308    16.019973264344
Au    -1.533059330356    -4.922970692573    13.475160182624
Au    -1.064587371700    -3.581085816287    11.075749461429
Au     1.678413066274   -10.389402081738    24.569261986133
Au     2.457924388576    -8.853372272837    22.223325633438
Au     2.966974167625    -7.377255455753    19.610782133226
Au     3.840524118053    -6.161906082404    17.349440834013
Au     3.952774144487    -4.672955585594    14.780784388322
Au     4.413935907655    -3.324253829274    12.398474756335
Au    -6.931367623978   -14.941474277777    18.176102832322
Au    -6.036132872955   -13.963632329596    15.331141971521
Au    -5.784075145049   -12.523120524469    12.924844813743
Au    -4.975040224771   -10.934549635090    10.807705109917
Au    -4.731076726328    -9.485865838324     8.449238954698
Au    -5.002313092809    -7.965571285887    22.735679910905
Au    -4.547114092214    -6.803010692385    20.429036621885
Au    -4.193779917410    -5.246570448743    18.064951141282
Au    -3.612493544665    -3.825587718808    15.618316939660
Au    -2.857607918332    -2.587403414601    13.321387658617
Au     3.287192189156    -8.065260577438    24.818119924116
Au     4.183524931623    -6.583119587682    22.154671171118
Au     4.387449254704    -4.753361561876    19.776600396776
Au     4.824772402646    -3.363538514655    17.345441212875
Au     5.156512843651    -2.226901629440    14.984975438283
Au    -6.636760695936   -16.523857095665    15.949893844274
Au    -5.780998960922   -16.239715334456    13.617163997089
Au    -6.091735452173   -14.599211053866    11.529710744145
Au    -3.233481510568   -11.727253110612     8.896801590615
Au    -6.983232724171    -8.108046023351    20.650531024485
Au    -6.308854446941    -6.866014791264    18.330296303295
Au    -6.037386802683    -5.284300164509    15.840077352359
Au    -5.395255888142    -3.876890633654    13.408410377297
Au     2.076420106374    -5.600304651431    24.147251881763
Au     2.485209702439    -3.945561690512    21.785600327483
Au     2.936467063498    -2.553930720787    19.240430600106
Au     3.275267450755    -1.080167702222    16.921649603604
Au    -7.357551360058   -10.359113171050    19.036710933265
Au    -6.960178855870    -9.161403785092    16.755601312967
Au    -6.748848752273    -7.625092414084    14.198115547986
Au    -5.839300947698    -6.150330560882    11.657351261259
Au    -0.822865672297    -5.682176305891    23.877694682848
Au    -0.303206485391    -4.392813375513    21.126611445215
Au     0.052015593811    -2.797708654017    18.514557014247
Au     0.686786729439    -1.516766350374    16.088077956659
Au     5.443885659806    -8.561914131175    23.378764864635
Au     6.053028257781    -7.382820703628    20.226519177811
Au     6.392605409474    -5.800720547484    18.099829162849
Au     6.609866798779    -4.273917775715    15.398096440583
Au    -8.201758336046   -12.653433238453    17.938961966940
Au    -7.527985672914   -11.683946976326    15.013370060436
Au    -7.039232869647    -9.894734012488    12.888122542737
Au    -6.671912965854    -8.666778670476    10.486353875547
Au    -3.585080984502    -5.567398967876    23.014956944988
Au    -2.975640891515    -4.233035652273    20.659761975764
Au    -2.709651858394    -2.582418081800    17.784179036390
Au    -2.104733382121    -1.250981708707    15.495740051284
Au    -4.840456668623   -16.853650956198    18.057759039384
Au    -4.049327600001   -16.265913464356    15.599889455206
Au    -3.807505631818   -14.509886677546    13.668148161832
Au    -3.538604041550   -13.337850355053    11.289279460255
Au    -0.778939517384   -10.449491267646     8.483410235301
Au    -5.606672888500   -10.450293813673    21.200822485175
Au    -4.925910867081    -9.295686887353    18.821760493377
Au    -4.451297959593    -7.855298526319    16.282733487766
Au    -4.250567808527    -6.302038969173    14.069932986349
Au    -3.572604912243    -4.785114370632    11.510132860366
Au     0.604938817477    -7.984363301369    24.315930453100
Au     0.964626918633    -6.556437568181    21.496090077123
Au     1.608786234728    -5.279977574494    19.100281056487
Au     2.034694991440    -3.567691541898    16.698731916811
Au     2.713935502830    -2.114463819227    14.299288584898
Au     3.883723731651   -10.958067328746    23.063791190259
Au     4.302560705935    -9.627775060273    20.641575156754
Au     5.053127535021    -8.556944070961    18.115315198792
Au     5.574284060819    -6.878849882176    15.592942750965
Au     6.066226852177    -5.465324494012    12.788775832629
Au    -6.304299913988   -13.022204588332    19.987843970807
Au    -5.668881877339   -11.637928052201    17.156276734950
Au    -5.015824720258    -9.941194734746    14.812188629474
Au    -4.542822098045    -8.533741869902    12.360683164564
Au    -4.072071948965    -7.164999574587    10.013340482005
Au    -2.301372373624    -8.203166808603    23.634808949499
Au    -1.782105870799    -6.643933031178    21.189606280449
Au    -1.279300601647    -5.265964469821    18.406001945000
Au    -0.848560693754    -3.788029894515    15.844651473960
Au    -0.164573269469    -2.208069093333    13.435390633373
Au     2.546568922682   -13.570666538565    22.303371697044
Au     3.387302073761   -12.095637958001    20.262510358009
Au     3.815310645699   -10.893966533043    17.772161160189
Au     4.324732850767    -9.356042282507    15.624544822442
Au     4.704065181522    -8.078865914787    13.121289663472
Au     0.896479235148    -4.632532543026     9.480227867129
Au    -2.791258580430   -16.884723514174    20.481067972117
Au    -2.033775441499   -16.211134362609    17.925405602115
Au    -1.862523655478   -14.579909730003    15.698140656772
Au    -1.409400466287   -13.484181158779    13.185981886910
Au    -1.061149717131   -12.162739847922    10.694522542744
Au     5.170432429741    -6.892442040405    10.786138138091
Au    -4.108970880532   -12.714095238204    21.936532803491
Au    -3.726607264645   -11.828034761723    19.185578602940
Au    -2.826195618046    -9.917797702550    16.910559275236
Au    -2.370927169554    -8.774887054441    14.531935916273
Au    -2.144685548571    -7.202745752071    11.929845941776
Au    -1.514428662684    -6.046567878800     9.558379146103
Au    -0.881096591520   -10.579973981472    23.879926075859
Au    -0.431240217082    -8.995521428974    21.831969791639
Au     0.003012944506    -7.475448841576    18.984931290610
Au     0.897785755574    -5.996820814122    16.522284895662
Au     1.292935810053    -4.495908242949    14.050233228147
Au     1.719032271234    -3.262673508572    11.588547349541
Au     7.381947901954    -3.289386237244    17.906215824786
Au     7.007997252281    -4.930463641628    20.619614352654
Au     6.920403136301    -6.496087120635    22.797093614930
Au     4.029006056210    -0.101248714092    19.699860118523
Au     3.832078939662    -1.418934932904    22.063765730731
Au     3.306231342251    -3.184814576205    24.222333485800
Au     1.468448528208    -0.107202463009    19.018050300268
Au     1.141111822641    -1.636587494826    21.239276499390
Au     0.585159372378    -3.228159108373    23.812390058407
Au    -1.095001187539    -0.338118969613    18.067428998129
Au    -1.614799293236    -1.865484243306    20.453597430990
Au    -2.140037116372    -3.336408488631    23.053402913507
Au    -4.311284672063    -0.482440771744    17.531112660629
Au    -4.544630020821    -2.070665917147    19.862518934005
Au    -4.991721371712    -3.146745449406    22.548634518217
Au     2.001578594043     0.911448353496    21.528625196495
Au     1.862195544670    -0.624556426676    23.754388116155
Au    -0.465115127010     0.765997310662    20.860631533853
Au    -0.932272148056    -1.105362599977    22.895107839174
Au    -3.062703228984     0.397965570586    19.764155930346
Au    -3.516626927888    -0.852370895159    22.139315422946
Au    -7.268610286567    -3.155387169953    15.372695114638
Au    -7.898521763128    -4.557517972291    17.824467076685
Au    -8.367479797073    -5.847993213361    20.004566943318
Au    -8.153873077296    -5.081474911264    13.693909692745
Au    -8.569521132668    -6.582947681537    16.081826802595
Au    -8.753648847271    -7.906378523832    18.565914808303
Au    -8.445690023792    -7.409906777654    11.949816753238
Au    -8.987101353508    -9.029326021056    14.630928653093
Au   -10.866486701639    -7.936327750014    16.424108271005
Au    -8.890981471912   -10.128957787927    10.663816083168
Au   -10.535208546538    -9.071556063200    12.481775734105
Au   -10.047168359228   -12.515397369976    15.848246583395
Au    -9.831585114831    -3.796215271494    15.829733910718
Au    -9.444546436983   -10.164068667418    17.023457797646
Au   -10.529040602119    -5.670829427415    17.845580804891
Au    -8.681241664951   -14.559976313923    15.916226072203
Au   -10.373336221825    -6.630070776713    14.069846543156
Au   -11.911689465298    -5.263590342655    15.506276982813
Au    -5.357934234471   -13.238317359541     9.423230956121
Au    -7.432985774595   -12.325106938469    11.072969135302
Au    -8.233208691780   -13.637335445939    13.353722885135
