         216
 AuNiAgCu    E (eV) =  -774.147095       T (K) =   550.000000       time (ns) =  0.400000006    
Au    -7.673026929107     3.034026571316    21.179115170557
Au    -6.543506085724     1.036853166476    19.729393723469
Au    -5.681705000176    -0.898815609444    17.884539217591
Au    -4.849203211137    -2.892565964296    16.303977546360
Au    -3.970611049372    -5.473262104595    14.566634265571
Au    -2.885322672129    -7.676231963311    13.392556641510
Au    -2.688859378039    -9.985067042196    11.569848275288
Au    -1.819357642302   -12.302881283487    10.440842984536
Au     3.948962307788     1.684239160719    19.658255705045
Au     5.084721875848    -0.320903795364    18.011151407837
Au     5.910423302039    -2.606552351750    16.519910903017
Au     6.764892061172    -4.727109169633    14.577420353329
Au    -2.121596484497     5.010461810268    11.052149697470
Au    -1.557703825209     2.903848066678     9.318216598241
Au    -0.528720305235     1.070331430177     7.656439909232
Au     0.018298573260    -1.265098947132     6.278456183799
Au   -13.069005649453     0.986924730092    11.564380176751
Au   -12.142080229888    -1.128596533997     9.882552715601
Au   -11.261557019524    -3.296047169114     8.244471709238
Au   -10.271778414240    -5.498573288443     7.104983699094
Au    -6.542480092259     1.181997586432    22.488985812069
Au    -5.608679230685    -1.178924106117    20.874955840065
Au    -4.961787146940    -3.338171337713    19.126036368344
Au    -3.865772735469    -5.492001599577    17.607491668037
Au    -3.646051126730    -7.677513959568    16.082567371111
Au    -2.918410932885   -10.092070639659    14.801229728905
Au    -2.362460502754   -12.163117230726    12.982708489617
Au    -8.883035960526     0.660580570442    20.715367769269
Au    -7.954935576610    -1.363864923795    19.113143839872
Au    -7.204605797900    -3.480263546073    17.578317075323
Au    -6.221694940296    -5.398022989403    16.140260476086
Au    -5.902050840718    -7.697502192387    14.610780532523
Au    -4.982689401318    -9.874803897246    13.149759505549
Au    -4.511063005846   -12.130157110627    11.409685741718
Au    -8.835669437100     2.606329152565    18.792791531248
Au    -7.987224569252     0.634193311382    17.202709373172
Au    -7.375262167217    -1.664413428898    15.679766450678
Au    -6.216163463898    -3.605727613068    14.058906791664
Au    -5.441808059759    -6.258697111921    12.487787771018
Au    -4.686690548517    -8.271064952374    10.719117695743
Au    -3.995978923396   -10.632840664316     9.275841226790
Au    -6.354602164941     3.962813318517    18.743526331283
Au    -5.563120006939     1.892719459162    17.095363084814
Au    -4.175966580097    -0.315001479910    15.577210636050
Au    -3.545182556583    -2.553771552729    13.890061093744
Au    -2.452564151495    -4.884489509762    12.364941731913
Au    -1.706578164452    -7.089441623536    10.822180124861
Au    -1.215424459317    -9.453677284776     9.443340538347
Au    -4.745427288027     2.667220188198    20.964160952172
Au    -3.827713497576     0.643846072266    19.335703148527
Au    -2.893084403385    -1.460855409339    17.850543852613
Au    -1.992456650601    -3.601882846614    15.926924197678
Au    -1.014739155937    -5.775480063430    14.553905956369
Au    -0.286808697743    -8.364037874596    12.823171216167
Au     0.093259484736   -10.596473799863    11.419464995819
Au   -10.004914664475     2.281600677184    16.433468455279
Au    -9.405101761302     0.128952531952    14.628290411338
Au    -8.637248391314    -2.252166407258    13.129605146854
Au    -7.505864376181    -4.353267368113    11.739183337297
Au    -6.862152192189    -6.531931576201    10.059266606467
Au    -5.889218259025    -8.827885546135     8.271151608077
Au    -4.931287083419     4.475850773364    16.377130341115
Au    -3.999264174613     2.335849562771    14.856470734010
Au    -3.144676072840     0.087529898268    13.132926909070
Au    -2.357274477918    -2.060748804418    11.548369325681
Au    -1.605744402991    -4.262250526714     9.862276698150
Au    -0.918876687304    -6.439842967466     8.485752757783
Au    -1.801124223243     1.935373361347    20.671822672857
Au    -0.639443807917    -0.037251523448    18.960074455722
Au     0.016456654989    -2.074155770427    17.400001523967
Au     0.752680123251    -4.282303445967    15.928290018505
Au     1.907428503775    -6.160176973573    14.237505376245
Au     2.372921590316    -7.791977917736    12.208334416160
Au   -11.431964824544     1.719658812937    14.085044739072
Au   -10.988042498365    -0.452703616734    12.497421649078
Au   -10.193879080574    -2.678178691986    10.857499681972
Au    -9.114417003431    -4.958382712181     9.525024297865
Au    -8.460986329819    -7.199831686388     7.607904252990
Au    -3.386611034746     4.796583323448    13.754213319918
Au    -2.926347138498     2.517473591762    11.875919096218
Au    -1.965732832662     0.256085887221    10.451511119521
Au    -0.958813379932    -1.675483819867     8.903178693941
Au    -0.191840468388    -3.665415928956     6.937263560172
Au     1.007836952787     1.857775702433    19.914289097363
Au     2.345315832321    -0.126101610239    18.277811227718
Au     3.109262998289    -2.591889948480    16.752812186171
Au     4.139421148830    -4.661319395327    15.087577229614
Au     4.635800037153    -6.628793194060    13.370595177465
Au   -13.449595752293    -0.296197544699    13.847463357625
Au   -12.739487474336    -2.927730976342    12.474382004264
Au   -11.594137812573    -5.084954051148    10.886690722348
Au   -10.819949396414    -7.270333657712     9.131610934934
Au    -5.023412745581     4.354109980680    11.479563514270
Au    -4.355072663361     2.389074160315     9.587932649475
Au    -3.278631686382    -0.045339629567     8.104427777414
Au    -2.635684020453    -2.285761345580     6.548980184576
Au     2.371463371381     2.814291044331    17.578859635564
Au     3.436005092909     0.223100538608    15.978996779494
Au     4.555591511165    -1.867009677362    14.251213363335
Au     5.043010216418    -3.982124547785    12.732733743001
Au    -7.691176634419     3.330685347798    11.468378857906
Au    -6.636744751792     1.058613598819    10.002257649462
Au    -5.924355436639    -1.310162004919     8.385553410371
Au    -5.004326239075    -3.659092052009     6.612652243493
Au     0.795853264136     3.696361143035    15.466745979640
Au     1.620078689588     1.496290997808    14.072734014095
Au     2.439818397863    -0.868635618052    12.354943500661
Au     3.244931674495    -2.868482265037    10.712941453227
Au     1.340789269114    -0.228200864299    21.257032810693
Au     2.169544382807    -2.879463428700    19.203915745790
Au     3.364050358789    -5.274433249739    17.406660947503
Au     3.918411479899    -7.399798073065    15.716210773067
Au   -11.033839847030     2.697077410125    11.581474909563
Au    -9.589598041316    -0.176990177177     9.826026067401
Au    -8.663979608335    -2.347158553337     8.213881584698
Au    -7.616029759568    -4.641074525558     6.892282084154
Au    -0.673396999403     4.527013170035    13.197513120285
Au    -0.084178307889     2.095614233179    11.665987597477
Au     0.828757273997     0.149028106728    10.016999989152
Au     1.589751253124    -2.188652798614     8.508613339055
Au   -11.872692356960    -0.227070763905    16.150891243694
Au   -11.069956563227    -2.568374584028    14.960499681792
Au   -10.146834711201    -4.653265430207    13.025659697831
Au    -9.489246091301    -6.744673713969    11.452889674902
Au    -8.574779145838    -8.834675433995     9.552964652905
Au    -6.188619583651     4.218985102003    13.954484528774
Au    -5.540061959471     1.880526117428    12.538773393640
Au    -4.679429374049    -0.864551206526    10.646840454248
Au    -3.733295773605    -2.909814898754     8.961481857725
Au    -2.705918332254    -4.852777922826     7.500397770390
Au    -0.627502632877     2.894754142080    18.122778145483
Au     0.639967084189     0.902597464926    16.642679763198
Au     1.541026558220    -1.489636598433    14.979803525202
Au     2.262649998482    -3.484209625244    13.013303510007
Au     3.415886903238    -5.446387412778    11.172496145344
Au    -1.294906935728    -0.394502574331    21.851878038682
Au    -0.375718593068    -2.333657850374    20.076513078176
Au     0.853883437358    -4.948500712027    18.460208761600
Au     1.133939580813    -7.198574259429    16.612965420639
Au     1.624248969083    -9.083677516572    14.511133170232
Au    -8.923471428301     2.778133063900    14.160402663209
Au    -8.413960607650     0.772299008690    12.299863996061
Au    -7.400436353868    -1.611677542006    10.780203829818
Au    -6.371581216588    -4.005793917150     9.234682326029
Au    -5.245473325564    -6.230745647175     7.447880572313
Au    -2.229055975931     3.843634781188    16.044786283792
Au    -1.059553895708     1.978160892552    14.133149558796
Au    -0.199232688312    -0.464131306270    12.878202513715
Au     0.314348608940    -2.559785773192    11.158781319620
Au     1.177812142806    -4.711142221151     9.212296269346
Au    -3.897566609824     0.322598952297    22.116012690692
Au    -3.093848927319    -1.738582210468    20.496232614205
Au    -2.080290486369    -3.891161779970    19.019784316651
Au    -1.218673795584    -5.990226784591    17.482463190006
Au    -0.844133086108    -8.346137797710    15.506746530925
Au    -0.511320383451   -10.812736332370    13.999188770707
Au   -10.389432547477     0.193431604897    18.554425519547
Au    -9.913782003245    -1.952858739566    17.001964548183
Au    -8.848593255895    -4.235320342007    15.476537511629
Au    -8.125975016700    -6.498319296681    13.903616558795
Au    -6.947369526062    -8.459804016753    12.196419558960
Au    -6.360263876556   -10.528564470933    10.587610204914
Au    -7.451821704967     3.465986294068    16.259067873136
Au    -6.659555464767     0.945947996750    14.780738245420
Au    -5.787050422284    -1.067961499779    13.310617976078
Au    -4.808629080344    -3.533004222776    11.450170027824
Au    -4.012823463491    -5.650946296415     9.758022635766
Au    -3.260555949073    -8.035862961881     8.281449759471
Au    -3.318253032252     3.305250474642    18.735108280702
Au    -2.430232561305     1.305582832894    17.044438317837
Au    -1.255938513510    -0.782104523460    15.453487817389
Au    -0.669992673314    -3.024822801231    13.736686180166
Au     0.495062083333    -5.507058515399    11.744287404983
Au     0.748394605519    -7.645702914289    10.200670493174
Au     5.914194621455    -5.165941280366    17.155958733094
Au     4.860153497979    -3.008236778277    18.925286519157
Au     3.688584186132    -0.809809692845    20.510590555317
Au     7.181593379054    -2.119572444789    14.064593361900
Au     6.485239202314    -0.010358989142    15.571222085567
Au     5.001405468102     2.416814008383    17.206853778518
Au     5.487699455766    -1.098686497195    11.791853998946
Au     4.124649704544     1.001324073648    13.472485160278
Au     3.465179439820     3.278906248833    15.157274420376
Au     3.577643908797    -0.281366290062     9.638932229795
Au     2.818030657740     1.846501635258    11.345519920819
Au     1.830092219919     4.078135212427    13.157304049706
Au     2.048137828875     0.300306181463     7.407279415753
Au     1.061134591675     3.068582868547     8.545125971572
Au     0.496526798568     4.484867208900    10.679362858843
Au     7.128280625594     0.851893931838    13.003264186911
Au     6.056520722024     2.464831525375    14.853602482534
Au     5.426389434319     1.520331219373    10.530755378867
Au     5.293052108871     3.304268340911    12.353258472285
Au     3.641705445125     2.306368952134     8.731683617423
Au     3.336796159154     4.284973089616    10.763441451620
Au    -2.236283885980     0.298833296771     5.586496741441
Au    -2.920821789542     2.652168991091     6.795089667350
Au    -3.253620713234     4.751284242332     8.443096840478
Au    -4.952313366248    -0.975501270282     6.004020476695
Au    -5.595348639081     1.535438323095     7.381019005634
Au    -6.494594412386     3.879437570766     8.948027231947
Au    -7.288059420603    -2.110827659988     5.751955560875
Au    -8.072957049261     0.339071770076     7.613676581265
Au    -9.036471195908     2.457828605276     9.096503161770
Au    -9.797302236604    -2.910257626597     5.861649793895
Au   -11.016907984067    -0.565672616144     7.438592705402
Au   -11.623132478474     1.475273707769     9.273260348111
Au    -4.689572344155     1.644296870634     4.715806385475
Au    -5.021349898512     4.111511545325     6.538183785014
Au    -7.062707823404     0.474496967645     5.194803854179
Au    -7.759447591453     3.087163751068     6.338562089846
Au    -9.421924208373    -0.480738050676     5.156163965005
Au   -10.053962794273     1.930860803978     6.655191290362
Au   -12.800123345977    -5.460750087673     8.370386273689
Au   -13.497748382431    -3.585291483055    10.037317530246
Au   -14.444850666478    -1.245255024875    11.358386567390
