         216
 AuNiAgCu    E (eV) =  -776.061218       T (K) =   550.000000       time (ns) =   1.26999998    
Au    -6.537505596450   -10.637861633245    25.883899624312
Au    -5.001635455382   -11.022631812005    23.602348375597
Au    -3.170594841469   -11.409224256398    21.195993971399
Au    -2.027585512785   -11.790299971805    18.799478284005
Au    -0.035238235999   -12.945273992518    16.408321420881
Au     1.194860405298   -12.884308526664    14.071499501853
Au     2.600527653382   -13.386254616117    11.599723847422
Au     4.839021584797   -12.808076429164     9.326163967481
Au     4.637900436566    -9.425704898401    26.184578333231
Au     6.664407657074    -9.618301454224    23.896339200280
Au     8.134846187531    -9.822140698508    21.383636556425
Au     9.273615066471   -10.663005764586    18.717149719562
Au    -1.683251130302    -2.106450960118    20.833580086521
Au    -0.284009034545    -2.116314389575    18.229592693414
Au     1.360956813032    -2.307042620535    15.880942979924
Au     2.606414561100    -2.967462134712    13.564638021071
Au   -10.433316164914    -7.701730624938    15.687891604721
Au    -8.362504176542    -3.049319508150    13.234013751459
Au    -7.793491033416    -5.755567816357    12.228572709904
Au    -5.934375054223    -8.337951856696     8.810438806953
Au    -5.069315099085   -12.803172051274    25.763025057886
Au    -3.746271357838   -13.440794462589    23.502808598806
Au    -2.260346042905   -13.993611711299    20.835201801923
Au    -0.870909344889   -14.243745367510    18.691099391840
Au     1.874571695339   -14.935013568318    15.507500998284
Au     3.440179318680   -15.271823405263    13.434633859470
Au     4.771120983297   -15.236596641194    11.052256555764
Au    -7.294536589903   -12.624558147314    23.884102436483
Au    -5.860311111551   -12.944981161217    21.727908169148
Au    -4.417501232775   -13.497233105533    19.352156475857
Au    -2.749801037858   -13.724355789263    16.817622548570
Au    -1.101629270415   -14.763926700034    14.795097322857
Au     0.281260816724   -14.761215348615    12.158831023790
Au     2.260556514276   -16.355184796730    11.224386976869
Au    -7.434121051087   -10.032246662282    23.437085325109
Au    -5.637438103899   -10.417488122287    20.889696999238
Au    -4.436198112110   -10.658718542629    18.579638787245
Au    -2.988802216852   -11.084292462016    16.031751063137
Au    -1.424828881910   -11.906800054211    13.882651422715
Au     0.230629530771   -11.949334601509    11.611609030641
Au     1.771481478401   -12.475778035048     9.066192801119
Au    -5.196100086133    -8.444217816658    24.562131411338
Au    -3.836727814130    -8.798642018521    22.236588408053
Au    -2.219040668449    -9.053438920373    19.822692414899
Au    -0.654145920825    -9.872849036160    17.627039217947
Au     0.901169760940   -10.364287381519    15.258940629494
Au     2.465701881354   -10.830313551110    12.865581120118
Au     3.428259686508   -10.842658835816    10.359916093729
Au    -3.654285519107   -10.362795898147    26.058378896172
Au    -2.142341739951   -10.940324719969    23.587843592060
Au    -0.372916144526   -11.208732405149    21.106728961000
Au     1.166472159782   -11.848605088119    18.815745815331
Au     2.856577250002   -12.090707154011    16.718447630275
Au     4.153945644364   -12.332057308209    14.333044536261
Au     5.198906376094   -12.527244767834    11.753317503046
Au    -8.406670635176    -9.007378296448    20.831295524309
Au    -7.016550359159    -9.525703879708    18.254368680170
Au    -5.434327032673    -9.683588574077    15.803232757500
Au    -3.627257613866   -10.363560988666    13.517771536939
Au    -2.299796247919   -10.768777235212    11.337049689323
Au    -0.711306802410   -11.204547352965     9.171387525534
Au    -4.319593881049    -6.213697749022    23.106187727198
Au    -2.824478121862    -6.546049560067    20.951143258145
Au    -0.977024859679    -6.919098221844    18.435544512968
Au     0.681390921400    -7.566505634777    16.036512054321
Au     2.105891674436    -7.887729292113    13.719153564280
Au     3.163753454235    -8.349198683937    11.258366573978
Au    -1.071547223016   -10.316676163444    26.190070980269
Au     0.540324748419   -10.501703294739    23.644881580804
Au     2.294536242842   -10.983191190349    21.413781323344
Au     4.105908371072   -11.559682006522    19.146249672336
Au     5.571436468730   -11.721745549362    16.594862362607
Au     7.010846878385   -11.661618390722    13.953425994827
Au    -9.541934067737    -8.335236336066    18.301094955962
Au    -7.875505120962    -8.744963027547    15.635234662695
Au    -6.383746355720    -9.082083374640    13.394638747362
Au    -4.737334749779    -9.331948888348    11.031447539539
Au    -3.057221306211    -9.627544872517     8.745337175962
Au    -2.759230516786    -4.211206063385    22.007331097544
Au    -1.458132511859    -4.444309150079    19.543428882731
Au     0.069130128790    -4.834670555197    16.957175056046
Au     1.607132666753    -5.291942157486    14.578533814201
Au     2.992821118740    -5.397231149514    12.289977925513
Au     1.840552779981    -9.571487611420    26.123320468399
Au     3.499946234078   -10.112815631633    23.745572785523
Au     5.059642505134   -10.424034943941    21.418845686649
Au     6.660973715252   -10.942904810846    19.186109285633
Au     8.158466871110   -11.170503734671    16.470481474143
Au   -10.106462499670   -10.226092768908    16.267959422088
Au    -8.546059113269   -10.792608300501    13.847283940637
Au    -6.984346026060   -10.758977487123    11.230896054616
Au    -2.895012932121   -12.700955922558     9.333838087494
Au    -4.044513550218    -3.286299612782    19.494114651606
Au    -2.416440605864    -3.569075076519    17.158109282511
Au    -0.905677018872    -3.767192888226    14.769995539745
Au     0.628384857081    -4.148687464548    11.982198615415
Au     3.248263464937    -7.466253342798    24.989654222486
Au     4.695022498215    -7.901050036031    22.442346274022
Au     6.395316564777    -8.058567753345    19.854297821449
Au     7.655116531783    -8.653764729298    17.591218823580
Au    -6.274676344388    -4.351654498852    18.409516848057
Au    -4.860863012290    -4.617088525910    16.315374605387
Au    -3.027623021383    -4.958851699685    13.523174023120
Au    -1.893116001661    -5.750752050674    11.481704010127
Au     1.619599979815    -5.749832641037    23.513888498501
Au     2.981856518335    -6.100661830937    21.123320302999
Au     4.557457476665    -6.346281114157    18.618987557627
Au     6.120079801833    -6.663482524790    15.974197557646
Au     2.875479383837   -11.935581456652    25.374127827053
Au     4.406151487120   -12.484415998270    22.901949447596
Au     6.058453546606   -13.365584639382    20.846765445314
Au     7.230622753986   -13.360842950202    18.094031669580
Au    -8.492201471554    -5.885226069422    17.287957536467
Au    -6.906421464943    -6.503040441471    14.665595648687
Au    -5.456724582525    -6.824463180871    12.087403290140
Au    -3.677012167716    -7.255526143105     9.661856390394
Au     0.081367554193    -3.718030243282    22.112910812970
Au     1.475876484293    -3.932116742635    19.742251666128
Au     2.828308372585    -4.362183287065    17.017830194323
Au     4.356721007608    -4.667981603414    14.703129463894
Au    -9.283226640524   -11.109303648679    18.709099595175
Au    -7.709765544874   -11.308746972425    16.409705561424
Au    -5.937418244259   -11.803229339398    14.103664705396
Au    -4.627936992834   -12.229046178955    11.547728539624
Au    -0.478500564079   -13.827202645387     9.723776595841
Au    -5.293428124083    -5.305584390308    20.742880104941
Au    -3.607517612144    -5.795233043898    18.440731398398
Au    -2.140652858454    -6.206636650904    16.105484585502
Au    -0.584948343656    -6.703805394350    13.785518318027
Au     0.825238908338    -6.853274066203    11.379166728001
Au     0.149552332192    -7.930926904233    24.598250669466
Au     1.702681609913    -8.314786102861    22.411201953104
Au     3.579873389703    -8.673464730267    20.032405365258
Au     5.058858060053    -9.137495617958    17.554467039078
Au     6.408431919096    -9.216905863149    15.009050082511
Au     0.415231975009   -12.641979754285    25.459919867799
Au     1.861154358210   -13.389308284163    23.081387298336
Au     3.131696812605   -13.453177666643    20.701451269037
Au     4.689584425141   -14.082588291828    18.666420105101
Au     7.192973054032   -13.677954901469    15.486145087557
Au    -7.546753988629    -6.865598664603    19.465811586309
Au    -5.749718647635    -7.113309305415    17.147206615915
Au    -4.138414078742    -7.464893817925    14.841994859217
Au    -2.675739829440    -8.113233972456    12.530485842380
Au    -1.212932178875    -8.362046442601    10.056930222978
Au    -1.251596092125    -5.887891136698    23.305860954908
Au     0.389879033518    -6.255878744389    20.780852816772
Au     1.850160165223    -6.715576890158    18.428722310067
Au     3.405518245386    -6.862289638744    16.099090082721
Au     4.577574095071    -7.443245742270    13.589840161828
Au    -2.370039878085   -12.661876458921    25.591673587975
Au    -0.739288148303   -13.086783770570    23.159605739646
Au     0.531066218180   -13.762225361714    20.788665201593
Au     2.163519807498   -14.467820938108    18.345262885101
Au     4.498277643249   -14.348348387565    16.015262083976
Au     5.881133583188   -14.715028495651    13.550285625676
Au    -8.130840962475   -11.751874155879    21.250953034057
Au    -6.724076427765   -12.191668897631    18.949495433547
Au    -5.256854323301   -12.596044566126    16.629084107284
Au    -3.634451565940   -13.366033635251    14.255764354839
Au    -2.327294351706   -13.616187919744    11.788946095451
Au     3.062486714691   -14.777516093817     9.200429965252
Au    -6.364682039216    -7.731130693160    22.084597682418
Au    -5.160449816285    -8.029616334392    19.657537005934
Au    -3.155560593747    -8.631033110459    17.356603697815
Au    -1.664041170335    -8.843591853899    15.126532482668
Au     0.036771269422    -9.331152861414    12.706696574751
Au     1.098772247344    -9.388179179901     9.925082630255
Au    -2.362819898811    -8.405219970552    24.541665508584
Au    -0.977863368108    -8.414032667680    22.138613802277
Au     0.605955161713    -9.085435736973    19.871653596611
Au     2.264490540035    -9.474984262086    17.631653187429
Au     3.759208217286    -9.691527120230    15.278953151752
Au     5.190615887809   -10.043089618311    12.584303827694
Au     8.591994492734   -12.342151017625    20.544889085194
Au     7.320869110410   -12.184111048159    23.042878189204
Au     5.592295732719   -11.702448794876    25.146703412330
Au     9.141235028047    -8.176956774714    19.695839220192
Au     7.332858022354    -7.484254559399    22.390234493278
Au     5.878783181968    -7.176314907115    24.752750118670
Au     7.404893122633    -5.979971037881    18.448368233395
Au     5.709792400987    -5.690024749582    20.823376850666
Au     4.411483843048    -5.208234813205    23.519829730420
Au     5.647807426257    -4.324399610868    17.201415224499
Au     4.243498913704    -3.794075773037    19.794526627992
Au     2.838769559254    -3.436407817215    22.040521170930
Au     3.913414727454    -2.198419530224    15.914478104814
Au     2.625733361804    -1.898717927136    18.483548014447
Au     1.044063353905    -1.429083599586    20.901351479379
Au     8.461088356575    -5.602195431191    20.819858786757
Au     7.259068249618    -4.916244277464    23.088670359116
Au     6.905147925067    -3.343969691623    19.620830822785
Au     5.601887983113    -3.025617475142    22.157151269151
Au     5.222509309922    -1.569711112657    18.170996341788
Au     3.851746911576    -1.274637406510    20.677931355074
Au     0.018843526234    -1.660691242870    13.464042933199
Au    -1.285386434512    -1.392735908290    15.728961867837
Au    -2.839397191990    -0.983412818103    17.973959776179
Au    -2.052783216595    -2.927873463884    12.162114973742
Au    -3.625504190496    -2.421645323353    14.586377327367
Au    -5.243377007858    -2.183295332297    17.315590366556
Au    -4.382573203586    -4.667385443881    10.912352759507
Au    -5.718337073257    -3.919968551991    13.449415749290
Au    -7.623360112957    -3.574253420427    15.751488254535
Au    -6.266475035992    -5.762706980447     9.508547619407
Au    -6.945951803012    -3.499124489610    10.874693337221
Au    -9.419331439768    -5.523613037928    14.792145433309
Au    -2.841376168633    -0.551757115169    12.891170888726
Au    -4.165414020683    -0.157169066205    15.709781303216
Au    -5.312228516940     0.517827773474    13.350577424343
Au    -6.201180406104    -1.499450863518    14.589243438617
Au    -4.773438613480    -2.124765028112    11.822052739138
Au    -7.070653122464    -1.125406827920    11.976724493676
Au    -5.526057909660   -11.459982596704     9.199585028682
Au    -7.628576565203    -8.301871839371    10.892866264874
Au    -8.889447501857    -7.965323746119    13.230313177106
