         216
 AuNiAgCu    E (eV) =  -774.054565       T (K) =   550.000000       time (ns) =   5.99999987E-02
Au     6.638070355883    -5.322103442041    12.327967050874
Au     5.470569061979    -5.110968592031     9.754712079272
Au     4.247705678814    -5.286750090023     7.140610450712
Au     3.223911194053    -5.445434137170     4.502762874258
Au     2.467842643969    -5.500090787985     1.624394796560
Au     1.376629685405    -5.349356916373    -1.367405842660
Au     0.148675544951    -4.866840473389    -3.991452002330
Au    -0.423539634465    -4.861979783566    -6.960080866062
Au    10.995914051662     1.592077791760     4.468157545706
Au    10.086674325381     1.870924371699     1.841916659969
Au     8.956648872982     1.833186669099    -1.002902740464
Au     7.805467619177     1.398282318095    -3.482667713765
Au     0.156380914884     3.554975325330     8.385479319376
Au    -0.867755088384     3.470278550523     5.910745507388
Au    -1.733206630815     3.656513950744     3.154263946407
Au    -2.580280997871     3.720274523813     0.635236403182
Au    -4.522022511211    -6.054106466010    10.839344126481
Au    -6.201676466947    -6.286604700623     8.005460689421
Au    -7.223625818007    -5.963380988284     5.106957608579
Au    -7.609566357960    -5.536151915962     2.299172618807
Au     7.770596630666    -6.381255593738    10.188809700545
Au     6.755751507176    -6.195339156210     7.519204782295
Au     5.733760512034    -6.378398489467     4.780919219798
Au     5.335475915496    -6.512526312396     1.699790940063
Au     4.067774477931    -6.654165834885    -1.026531699024
Au     3.038267418497    -6.451399995295    -3.345111063343
Au     1.781461721828    -6.085619464607    -5.772159716086
Au     5.312817614320    -7.385963545138    11.052936474560
Au     4.253405097505    -7.603117175398     8.467272189524
Au     3.746314211905    -7.715466747598     5.796693582246
Au     2.950432598406    -7.585443797404     3.065863150176
Au     1.714190752332    -7.655749012244     0.031577184514
Au     0.593168088824    -7.492588416311    -3.284381495810
Au    -0.818789247646    -7.116350649074    -5.708227455132
Au     3.776800733286    -5.223315119962    11.854546768754
Au     2.558258572035    -5.551006342442     9.270899950242
Au     1.519396249519    -5.370956364909     6.758014262907
Au     0.574937756549    -5.396738527682     3.791772946522
Au    -0.629123249987    -5.874593452155     1.127985546971
Au    -1.342859774905    -5.652053728858    -1.752491114152
Au    -2.424362557568    -5.154426585306    -4.669094106086
Au     5.194392488862    -2.746364006219    11.360514107353
Au     3.931720545495    -2.804509493239     8.832454937919
Au     2.822599862425    -2.984702345932     5.978590319357
Au     2.039505698630    -3.248885338524     3.265679143604
Au     0.990180517260    -3.492493898184     0.669933909016
Au     0.135061010475    -2.964146497223    -2.040855060016
Au    -1.119373772870    -2.808220732327    -5.205436286121
Au     7.740083501129    -3.643726922933    10.599466786909
Au     6.442436099470    -3.466335439715     7.754355068440
Au     5.281460378418    -3.702229095187     4.918804229258
Au     4.701756391955    -3.866777979128     2.194648714155
Au     3.568636288050    -3.965744363877    -0.538621294880
Au     2.656815462698    -3.404825798694    -3.348563686022
Au     1.669644635267    -3.227331700615    -6.018855376261
Au     1.192000890584    -5.338147131324    11.531314706533
Au    -0.479905717897    -5.829006917866     8.751545412325
Au    -1.113448073372    -6.392108787880     6.136331021390
Au    -2.310201393269    -6.266257095689     3.486777369965
Au    -3.168775141398    -6.033564680521     0.334195682073
Au    -4.014916709316    -5.712160844988    -2.341985117245
Au     3.442464801703    -0.605922971515    10.457498193602
Au     2.282107371580    -0.683488270113     7.585824980261
Au     1.526785290457    -0.766981089994     4.701045996031
Au     0.354182746146    -0.872281464038     2.062372889670
Au    -0.297124495371    -0.779421484746    -0.778751213048
Au    -1.539266785863    -0.729220389438    -3.108431958519
Au     8.681697387810    -2.081741634079     7.908110825689
Au     7.668998269672    -2.203511513268     5.378484354997
Au     6.811130650045    -2.110256092036     2.710858360355
Au     5.687341072726    -1.718721263694     0.225360095653
Au     4.633362141523    -1.679258130699    -2.416569058053
Au     3.599072710630    -1.295111291520    -5.037856575616
Au    -1.933870706971    -5.768581451199    11.264401238836
Au    -3.385594401918    -6.071436609238     8.306813129904
Au    -3.803566741527    -7.109264968984     5.837076258531
Au    -5.056232548867    -6.047022750147     2.853726091438
Au    -5.800667514409    -5.735067631756    -0.024181116252
Au     1.942271006778     1.721598233137     9.121055753192
Au     0.974242430040     1.443294311989     6.625340624068
Au    -0.245157440447     1.161833690213     4.087481751594
Au    -0.905725326904     1.401173710322     1.358354722527
Au    -2.078040774111     1.281696656140    -1.235448003197
Au     9.518126904989    -0.164055101056     6.142442238149
Au     8.823285850784    -0.256344758221     3.552948779631
Au     8.207455041947     0.158917178177     0.920949531173
Au     6.870842824122    -0.126366537449    -1.566034672251
Au     5.776908925372     0.105993179115    -4.249442053191
Au    -2.880375974160    -8.174325728213    10.405641378869
Au    -3.459659914827    -9.713532453311     6.076932015708
Au    -4.370676119122    -8.673262554508     3.526355063167
Au    -5.583354513355    -8.175985801078     1.220558270986
Au    -0.794367596709     1.051784967328     8.720407531392
Au    -1.971579261418     1.088546568750     6.244555200068
Au    -3.021257735771     1.301750500958     3.597831207123
Au    -3.839970718145     1.295553185125     0.995717061413
Au     8.455882772610     2.375700363989     5.683387781548
Au     7.268257257237     1.924359626762     2.907286888802
Au     6.396080293370     2.339106789188     0.167629671930
Au     5.548305414257     2.510098997367    -2.772550866633
Au    -2.037802479001    -1.529772587989     9.404616943239
Au    -3.109007397852    -1.617747003928     6.572819649562
Au    -4.271440105108    -1.248130674855     3.684960464815
Au    -5.235333087111    -1.130621146311     1.263397203772
Au     5.685470517357     2.595619927991     6.537004789266
Au     4.822697498071     2.620822968119     3.789848289450
Au     3.813678239057     2.713850411125     1.200893203739
Au     2.541194757237     2.864092209379    -1.406474206780
Au    11.003796642873    -1.572804616637     4.365146880391
Au    10.460810518709    -1.326800633921     1.643689900312
Au     9.211326195650    -1.357482282844    -1.177442976989
Au     8.158341314181    -1.087022457141    -3.997534773788
Au    -3.406930596117    -3.759735498792     9.931894981610
Au    -4.602185694639    -4.052776387365     6.983596009044
Au    -5.580699940727    -3.876821613112     4.299813990602
Au    -6.491156990236    -3.435300435932     1.736739539709
Au     3.039603646929     3.280953920250     7.310017094604
Au     2.299663373818     3.235132685771     4.955434771362
Au     1.197922848901     3.161572871315     2.167962376577
Au    -0.336950102872     3.334148362676    -0.551408543995
Au    -0.127093577471    -7.738148099908    10.641414163963
Au    -1.974422102887    -8.396157202142     7.928674225178
Au    -1.543247164382    -8.659260120151     4.562829822490
Au    -2.370652934813    -8.363709665560     1.558987109475
Au    -3.821430828381    -8.094954709658    -1.141383149656
Au     0.876199878856    -0.687353214682     9.987109815809
Au    -0.543346597047    -1.229663540549     7.094163981121
Au    -1.533912483314    -1.026580198503     4.176061584615
Au    -2.355114864158    -0.949625404816     1.451226497898
Au    -3.473264670529    -0.943838241913    -1.035791667512
Au     6.982694372257     0.285839147973     7.480891542337
Au     6.355826580662     0.314810482989     4.859396923035
Au     5.261605617160     0.583861205625     1.949025907602
Au     4.387944794880     0.554041101368    -0.752859126699
Au     3.278030865319     0.742512534782    -3.066948331322
Au    10.225132320901    -3.434788453871     6.216666600015
Au     9.268688254825    -3.352679199675     3.523923741909
Au     8.251693312756    -3.067229752368     0.536652639499
Au     7.071585685239    -2.933567881629    -2.409682236500
Au     6.030253749363    -2.610342765932    -4.709263652820
Au    -0.598951971518    -3.534099909824    10.458554136229
Au    -1.883847797033    -3.808615821047     7.522191713554
Au    -2.700790425099    -3.582099124241     4.678676613241
Au    -3.855006111543    -3.867666358422     2.107480816228
Au    -4.903517289443    -3.256303820347    -0.532891327919
Au     4.450430662772     0.942857253703     8.236336978552
Au     3.582989057738     0.906388977588     5.690736478629
Au     2.565053118032     0.979111393334     2.915283639024
Au     1.579268810059     1.145446663686     0.313521595237
Au     0.358365287815     1.118198407112    -2.577461992086
Au     8.898708554922    -4.785333440002     8.161878219405
Au     8.040370185189    -4.919330761572     5.582804042512
Au     7.354391343919    -4.786045711626     2.604588872104
Au     6.124902366040    -4.352758655707     0.043284690410
Au     4.915696395447    -4.522029746142    -2.721654219092
Au     4.071067293275    -4.328390490337    -5.465517736154
Au     2.559210357506    -7.732996284879    10.640299184696
Au     1.710359230886    -7.674726552858     8.131647579000
Au     1.196703489955    -7.762469375204     5.142681025965
Au     0.216448401663    -8.123183307246     2.328309094541
Au    -0.896540728686    -8.356423152289    -1.080261875730
Au    -2.402547857349    -7.656374085462    -3.212457336233
Au     2.090480714160    -2.933400421644    10.875802039236
Au     1.185726889423    -3.068151979535     8.198964084509
Au     0.102562537425    -3.246891556391     5.449095649458
Au    -0.997156673005    -3.546618484727     2.703139006585
Au    -1.989777554637    -3.461118541231    -0.092351663589
Au    -2.809133445246    -3.244010099093    -2.778651854462
Au     6.196272017057    -1.166566013097     9.503351497048
Au     4.921878871501    -1.355367095636     6.605674459517
Au     4.264254564530    -1.172658701624     3.921032792961
Au     3.137510749925    -1.319167292140     1.269458216596
Au     2.324482084356    -1.241719370603    -1.283825673713
Au     1.226021461962    -1.223315833517    -3.846535391582
Au    10.164528487581     0.430565520618    -3.027298101278
Au    11.141809135859     0.449089680309    -0.256003081637
Au    12.115357499955     0.438735083645     2.425497939523
Au     7.489683072268     4.152863226507    -1.442806122292
Au     8.558763114429     3.936540909461     1.003453305737
Au     9.391579175468     3.666664289270     3.625346690316
Au     4.766975218622     4.433960533756    -0.863323469146
Au     5.929509099266     4.603129584158     1.658861881051
Au     7.057864057009     4.353773800355     4.669327033657
Au     2.105030790813     4.852262754079     0.293788266703
Au     3.235857236568     4.813484426089     3.012106387456
Au     4.531647623462     4.869850382348     5.576326789525
Au    -0.372153887928     5.263867491970     1.472767564155
Au     0.365833087696     5.369746351457     3.991516166042
Au     1.218231410114     5.430690951120     6.596840289346
Au     6.936551717887     6.248526083676     0.004593282692
Au     7.852904087117     6.128835700861     2.437891441717
Au     4.180702516481     6.463271600093     0.686691956509
Au     5.579869470538     6.484107997354     3.500608160176
Au     1.657637411272     6.774798105046     2.133152997729
Au     2.586040170180     6.777004305443     4.579189340128
Au    -4.828221396950     3.600473833171     3.161746525828
Au    -3.379031825630     3.376768760062     5.337635955796
Au    -2.526953643079     3.268840807385     7.946035071274
Au    -5.954053569485     1.301490843596     2.901185139844
Au    -4.725866312578     0.742730305081     5.907843816817
Au    -3.515528046695     0.759761715655     8.512799008078
Au    -7.123436410610    -1.576594764900     3.673200850171
Au    -5.923155224289    -1.767667833626     6.176649756213
Au    -4.751551369748    -1.466550421631     8.636233560339
Au    -8.322659253020    -3.633380892198     4.378910737642
Au    -7.199694008285    -4.077297015838     6.871893197190
Au    -6.104045292717    -4.205042375327     9.510824563527
Au    -6.207140886930     2.822144569385     5.273507010600
Au    -5.075542425634     2.845021071632     7.732528797195
Au    -7.596767622045     0.576311868760     4.958189245962
Au    -6.627712127914     0.552991224479     7.570800093290
Au    -8.700418030478    -1.480146866690     6.295228431556
Au    -7.412897228911    -1.953346356436     8.562093358800
Au    -6.954330628089    -7.899243499947     3.354743309268
Au    -6.026449535258    -8.594302694954     5.828228434575
Au    -4.610218064033    -8.529684889457     8.115015027304
