         216
 AuNiAgCu    E (eV) =  -774.979065       T (K) =   550.000000       time (ns) =   1.41999996    
Au    -3.521037782568   -17.586599860926    28.829510941835
Au    -2.316451354781   -16.566730052210    26.683198082856
Au    -1.237253706298   -15.350652249410    24.258536781386
Au    -0.098916660883   -14.172549980935    21.950965468890
Au     1.337042920111   -12.727061165701    19.605196960484
Au     2.769556893313   -11.671510060080    17.394262526970
Au     3.707788586109   -10.279511737119    15.296200001739
Au     3.859236497815    -8.927603912502    12.744952432513
Au     6.536135543523   -12.113562758657    29.465661624205
Au     7.988108554661   -11.058565993979    27.297385840098
Au     9.292571902536   -10.156842587027    25.084213399785
Au    10.227380850669    -9.170761366421    22.492229165240
Au    -2.494545578249    -6.311336266249    28.172648509388
Au    -1.380971103710    -4.730737067026    25.575681734710
Au    -0.250090074210    -3.460671825262    23.087815661401
Au     0.869753558273    -2.274595319321    20.766747921764
Au   -10.253951178545   -11.236736316599    21.507133336620
Au    -9.472402100599    -5.864533369014    20.935790735718
Au    -8.596425835077    -7.604107704052    19.016785300649
Au    -6.480603377958    -8.203492755196    14.656864135329
Au    -2.869308198584   -19.250240882440    26.870876292433
Au    -1.282382422100   -18.162306276945    24.413509675773
Au    -0.093255828512   -16.828436788959    22.168866404987
Au     1.074202186236   -15.561042261708    19.871540208296
Au     2.093968517114   -14.311529429793    17.461684537841
Au     3.346159133040   -13.077670748837    15.386648489669
Au     6.146480598071   -10.236056659319    13.297459567716
Au    -5.294971553281   -18.200865481960    27.027049548563
Au    -3.984421750817   -17.762595714443    24.791432694312
Au    -3.119846735232   -16.585996734242    22.298430522383
Au    -1.841629722113   -15.250134187171    20.069523520617
Au    -0.720714600567   -14.039187095636    18.006215312253
Au     0.777902793127   -12.776790795957    15.580987372479
Au     4.390102444378   -11.818578340687    13.064521389673
Au    -5.016704039849   -15.699224490946    27.147455983742
Au    -4.025227471271   -14.963361860107    24.534406359527
Au    -3.005046065650   -13.841393434658    22.290576655022
Au    -1.616253223919   -12.441031975512    20.195800496511
Au    -0.114722497648   -11.249382965863    17.735490521211
Au     0.644762319501    -9.843079137202    15.390395500598
Au     1.250855749519    -8.871241307361    12.891601072011
Au    -3.084981622037   -14.721680792871    28.543825660681
Au    -2.085872379198   -13.573813177984    26.326482139223
Au    -1.094330056883   -12.559890962721    23.919081518103
Au     0.388869835275   -11.225186573583    21.898651818211
Au     1.676449015751    -9.927431744368    19.613485742328
Au     2.901756339195    -8.456580971479    17.153845756630
Au     3.610966402196    -7.323716096633    14.781925292645
Au    -0.913265264913   -16.226279085202    29.119944472956
Au     0.238242741441   -15.220726903734    26.732831274500
Au     1.379464668184   -13.997092352154    24.371304881019
Au     2.718217925216   -12.878353089940    22.283625830176
Au     4.005485937901   -11.633504429407    20.033875464179
Au     5.219607622325    -9.976994306422    17.757563000612
Au     6.026254141601    -8.758950925019    15.416007055729
Au    -6.616355743471   -13.875541642790    24.905431891868
Au    -5.746204196643   -13.384971129183    22.546190596439
Au    -4.391330038299   -12.534070351989    20.497832337294
Au    -2.898248366527   -11.117584121756    18.300896041038
Au    -2.093348890155    -9.870557975069    15.881156023991
Au    -1.208727278341    -8.369863089990    13.685056607663
Au    -3.062226688140   -11.761484401318    28.416177895734
Au    -1.825225456366   -10.735461927704    25.991012698134
Au    -0.791295547213    -9.406389375108    23.784265341936
Au     0.569513319691    -8.306443405301    21.565716835421
Au     1.546530588501    -6.887604180833    19.350618626130
Au     2.516984281981    -5.940282277275    16.682145866464
Au     1.556275546378   -15.215151617016    29.021910701315
Au     2.798271397782   -14.025145515532    26.727809201417
Au     4.073877797891   -12.498770514407    24.639601426563
Au     5.324130567761   -11.610939499345    22.508969356692
Au     6.290689032947   -10.248932603253    20.380779967119
Au     7.581606384659    -8.827220825466    17.777501041867
Au    -8.748223166641   -12.678193681571    23.357028058684
Au    -7.515350372680   -12.075213067972    20.965232558415
Au    -6.059415524105   -11.055903032196    18.689076228670
Au    -4.771370048860    -9.701122646405    16.619530840284
Au    -3.845578535676    -8.336710839099    14.332263313140
Au    -2.555246926056    -8.822714984949    27.875572742169
Au    -1.484653892585    -7.649179657148    25.684802217711
Au    -0.427485731317    -6.513463225492    23.566080398348
Au     0.743778612843    -5.301217503947    21.291936906991
Au     1.936828694860    -4.109427665587    18.919784804154
Au     3.895818485346   -13.172601920328    29.147656401825
Au     5.257103433175   -12.329402524669    27.119054728235
Au     6.523924216214   -11.342335955844    24.987191356704
Au     7.743635921220   -10.044567608749    22.718227881201
Au     8.908072520475    -9.103937154116    20.151964343955
Au   -10.125589302872   -14.138783120185    21.728484485722
Au    -9.423962789318   -13.055223036794    19.400577118884
Au    -7.771907389675   -11.898020893315    16.807131744639
Au    -3.569554653865   -11.494728825135    14.277071944332
Au    -4.104946489156    -7.271130573881    26.337228746166
Au    -3.308543986534    -6.221438389013    24.041239077108
Au    -2.138424532726    -5.262138443821    21.657328875443
Au    -0.744192457186    -3.595369866008    18.976555796448
Au     4.224143082251   -10.462719178304    29.328023041357
Au     5.715549260304    -9.652380917979    27.117764537636
Au     6.766298066152    -8.430332329325    24.975498759208
Au     7.939613623493    -7.329675355414    22.256497474286
Au    -6.114209772508    -8.832212876781    24.420109203113
Au    -4.964985753420    -7.530616288349    22.249779016868
Au    -4.012116082749    -6.204879172277    19.979043060321
Au    -2.862568776390    -5.023012391793    17.712561598077
Au     1.940139163958    -8.886198539358    28.842751911956
Au     3.243217321212    -8.076141916077    26.602769179641
Au     4.574004935183    -6.714741278757    24.294606140773
Au     5.731606273897    -5.592821924565    22.037890214221
Au     4.897037666086   -15.416032190535    26.964708502256
Au     6.385993227346   -14.160222394790    25.143205670264
Au     7.723834492165   -12.907516472120    23.033977506293
Au     8.542463043872   -11.762527340781    20.636611209071
Au    -8.305674802858   -10.069091904918    22.930318764007
Au    -6.997396191352    -9.215320269159    20.459364435319
Au    -5.805011505889    -7.806237359728    18.483769582150
Au    -4.867359052822    -6.704592037841    16.329342443551
Au    -0.296862010244    -7.704788177033    28.681801893494
Au     0.845967219506    -6.137291276435    26.349022253756
Au     2.071918869604    -5.149014111721    23.939150441992
Au     3.084346218517    -4.159194865565    21.485820964078
Au    -8.359158521485   -15.166742256195    23.305756641492
Au    -7.876984488621   -15.028047006866    20.473760029691
Au    -6.512948264106   -13.627450587508    18.813757428709
Au    -5.044633909009   -12.643695748610    16.476508538087
Au    -0.926443476506   -11.468860664450    13.976576041865
Au    -4.577717797117   -10.213074600722    26.723510544675
Au    -3.532779617236    -9.080629998072    24.345327336948
Au    -2.358534113846    -7.999310300796    21.688155973457
Au    -1.159058619851    -6.197057284183    19.428082981625
Au     0.062644917541    -5.350364287946    17.173401774570
Au     1.747282092031   -11.841005786626    29.061863698040
Au     3.005643236774   -10.756708543372    26.905206797626
Au     4.198663839735    -9.634089360621    24.635846942807
Au     5.486327921371    -8.219297464510    22.420905806641
Au     6.730356260893    -7.580373612826    19.942831493083
Au     2.550822723891   -16.749740328724    27.090604843901
Au     3.609396232935   -15.502986003907    24.607298662668
Au     5.028209319959   -14.274476727182    22.706388502219
Au     6.239758905031   -13.309187494818    20.484793245073
Au     7.513538090733   -11.399391501238    18.302224237882
Au    -6.788394109148   -11.283123405261    24.779786992008
Au    -5.554712664368   -10.666025155147    22.456975609480
Au    -4.108566152316    -9.360879941995    20.311409537030
Au    -2.924592838898    -8.237726830839    17.932084979189
Au    -2.068929390385    -6.616647391629    15.682247510589
Au    -0.516277015214   -10.580886188177    28.657672828351
Au     0.491624209240    -9.456648318152    26.496147846507
Au     1.821707213790    -7.895115752822    24.325822273564
Au     3.159067897029    -6.769816619641    21.978942116631
Au     4.132480995237    -5.893591639173    19.432823535755
Au    -0.086905790312   -18.040610936778    26.812067882580
Au     1.255812999400   -16.853768817038    24.613196221678
Au     2.415746305248   -15.608308625000    22.124731725508
Au     3.454901292442   -14.291772868665    19.853036239329
Au     5.197286511135   -12.968361096175    18.078075246658
Au     5.815539765552   -11.780193999065    15.499111565728
Au    -6.436716807140   -16.593030283051    25.228746433628
Au    -5.672134225723   -15.964530928109    22.614900370520
Au    -4.619800081537   -15.431074906437    20.143120752601
Au    -3.554842357556   -13.994427188593    18.291227874655
Au    -2.027447188730   -12.760583415542    16.148147028167
Au     1.896812795201   -11.532299315458    13.536920340866
Au    -4.767848366083   -13.002420606474    26.700423205835
Au    -3.895382133581   -11.845305717415    24.439498251712
Au    -2.590090444453   -10.851591557597    22.009831360430
Au    -1.307711836562    -9.457187062319    19.968721563530
Au    -0.128702414189    -8.115809546957    17.530662482333
Au     0.870262720251    -7.265713862635    15.097581422522
Au    -0.763530046772   -13.359782101906    28.934446112605
Au     0.343555331823   -12.327809230948    26.384943930070
Au     1.701611191769   -10.834732096284    24.278676398557
Au     2.906545019177    -9.550839296653    22.075487366440
Au     4.133415124960    -8.434844457887    19.673197237140
Au     5.199291331721    -6.814759171152    17.310823764262
Au    10.169440586095   -11.596725343503    23.170014049958
Au     9.086460566077   -12.710603652958    25.416746961829
Au     7.378542834337   -13.966610545029    27.480293015634
Au     9.301448319459    -7.505490137354    25.121763696324
Au     8.180389033982    -8.120058808578    27.627445558389
Au     6.871970369794    -9.649132259068    29.405030462889
Au     7.265949205932    -5.829093057046    24.374004932446
Au     5.866293619281    -6.837975823552    26.961391535616
Au     4.547249009626    -7.794854940406    29.130230851795
Au     4.617246643413    -3.856549387852    23.915250206932
Au     3.417094503999    -5.212629819044    26.137142606202
Au     2.319741191878    -6.309545222850    28.642012378243
Au     2.087927773063    -2.429581789090    23.437642888826
Au     0.867293044283    -3.360903706513    25.921582500021
Au    -0.239820791302    -4.768565155581    28.372761553846
Au     8.326425277302    -5.640066899897    26.680654164017
Au     6.853571168299    -6.476593719991    29.445185258379
Au     5.910929283374    -4.033716491796    26.227583613693
Au     4.679491243139    -4.925312133163    28.693811212747
Au     3.559325349143    -2.283527233583    25.849167331979
Au     2.594083967483    -3.604954170576    27.907880533774
Au    -1.670776101235    -2.419402597831    21.144845168562
Au    -2.740466845017    -3.252974606328    23.827093087000
Au    -4.144460942039    -4.631016266494    26.327002886392
Au    -3.698696301203    -3.513907816169    19.706999046851
Au    -4.625788779858    -4.759963470356    22.403378411035
Au    -6.094593367385    -5.969440932964    24.444672900131
Au    -5.595630291967    -4.775215639449    18.278625892799
Au    -6.819195248671    -6.397197733366    20.511795973542
Au    -7.915524649804    -7.474778712631    22.896111799262
Au    -7.376498818839    -6.271384135175    16.782787590185
Au    -8.454281848018    -4.897002601706    18.802801988198
Au    -9.773135911049    -8.588758464061    21.174830260149
Au    -4.237687066835    -1.905809199388    21.849254134134
Au    -5.265615810381    -3.197287827834    24.465679116549
Au    -6.804588056814    -1.755845942082    22.460651246192
Au    -7.421326873054    -4.510382153325    22.601266030818
Au    -6.405225875870    -3.519553119626    20.476248860348
Au    -8.873715946131    -2.937002546319    21.105754425014
Au    -6.118035819056   -10.984690708602    14.773133761945
Au    -7.512156388693    -9.234481020872    16.867991570407
Au    -9.029585451711   -10.474378558933    19.061170930047
