         216
 AuNiAgCu    E (eV) =  -774.093689       T (K) =   550.000000       time (ns) =  0.560000002    
Au    -3.111296530919     4.326717081674    13.418865604508
Au    -3.299536057464     1.736716834823    13.234691941403
Au    -3.188956100774    -1.190258332219    12.887938611908
Au    -2.999003598204    -3.983710661664    12.539286793454
Au    -3.011424720562    -6.815488041455    12.644996115805
Au    -2.954022486022    -9.761138409787    12.549050197453
Au    -3.334952036238   -12.684824460869    11.982714404534
Au    -2.682400550785   -15.280398558523    11.597765583471
Au     6.362880006348    -0.805789848959    11.361441816678
Au     7.046333377134    -3.405706212264    10.862537708961
Au     7.058342697129    -6.528049180529    10.632068961411
Au     6.651020849244    -9.380446603429    10.949841965191
Au    -1.306259106239    -0.252584963578     3.348375866907
Au    -1.113159523367    -2.746868356161     2.561575276900
Au    -0.970027780141    -5.782013567930     2.134309351181
Au    -1.205627278158    -8.480233745256     2.493002714105
Au   -11.275221071264    -0.961288727607     7.864484549999
Au   -11.322505609319    -3.766062705737     7.532505523378
Au   -11.400292410862    -6.568598224449     7.197258982880
Au   -11.203883762745    -9.569667135052     6.775963478408
Au    -2.171963420523     2.947125666047    15.557015988210
Au    -2.402232877331     0.124106559827    15.190840547439
Au    -1.854834176815    -2.513729319280    15.071132158804
Au    -2.203682480264    -5.240491853342    14.885560478242
Au    -1.759485636446    -8.346117696402    14.535484610723
Au    -2.200441559360   -11.441994995456    14.398805011902
Au    -1.518723521703   -14.076649323172    13.853743523628
Au    -4.879204746003     2.733334044508    15.018141627690
Au    -4.903566593145    -0.080836748149    14.679971039679
Au    -4.688962112883    -2.989796654609    14.350071012996
Au    -4.903090716665    -5.682924011869    14.138262987695
Au    -4.745836714300    -8.305430432088    14.103981640073
Au    -4.954804549923   -11.331305539359    13.620495310166
Au    -3.960181572356   -13.591779398403    14.383933389651
Au    -5.393157496515     3.117561411592    12.016029599243
Au    -5.323108387738     0.319752228911    11.693199423239
Au    -5.123799671498    -2.614088362775    11.563463344961
Au    -5.137882894706    -5.296270749177    11.261279858096
Au    -5.012251393937    -8.105473738315    11.336597088278
Au    -4.856495564516   -11.036752758722    10.718049098819
Au    -4.914849093622   -13.913690144087    10.245014474661
Au    -2.878520596614     3.564716667226    10.883952562341
Au    -2.657991658204     0.843176002176    10.647631595660
Au    -2.326102567747    -2.463814230583    10.408541478524
Au    -2.358477320173    -5.305211839908    10.035188957337
Au    -2.422621790924    -8.145975861135    10.010229214893
Au    -2.593633245332   -10.979235708945     9.506768656003
Au    -2.409106962300   -13.668272901601     9.324488030281
Au    -0.774447003564     2.883227478489    12.877889037673
Au    -0.899087026475     0.033453773739    12.631468869143
Au    -0.546391308058    -2.489072632646    12.535470199884
Au    -0.330172132481    -5.452509950691    12.093875119405
Au    -0.515707952979    -8.249990245767    12.009128923692
Au    -0.862458139476   -11.593743789665    11.554393525310
Au    -0.403716933489   -14.280278721479    11.141917602785
Au    -7.359835805730     2.046428954358    10.550239371621
Au    -7.172975032642    -0.922790612940    10.476857232669
Au    -7.331779600463    -3.756326547022    10.045063851726
Au    -7.342185478090    -6.529858143951    10.007260235598
Au    -6.975182343356    -9.240625642843     9.747582110041
Au    -6.844984300569   -12.046919775636     9.351009900986
Au    -2.133710995188     2.482739007869     8.635685614082
Au    -1.916597742060    -0.578566732600     7.901104302925
Au    -1.977873773994    -3.812606053262     7.492460230483
Au    -2.168085443818    -6.476495420203     7.428090574654
Au    -1.949530259998    -9.390642266309     7.229285709854
Au    -1.706147028114   -11.980707592772     6.876025413355
Au     1.557555938985     1.635098361766    12.603706918938
Au     2.073146546176    -1.196506251341    12.430150964777
Au     2.166458185050    -3.905703512669    11.609707240109
Au     2.195781517423    -6.757382981138    11.648825800779
Au     1.839990713109    -9.559445027511    11.415702558669
Au     1.914181584342   -12.494536271505    11.284418019763
Au    -9.400370133002     0.379034228318     9.183207866943
Au    -9.467583153980    -2.284019468601     9.246551014589
Au    -9.324392983010    -5.302039239962     8.633392666928
Au    -9.430003473775    -8.277148879298     8.767330058741
Au    -8.809161191069   -10.829934764552     7.968742249373
Au    -1.607394362718     1.002284101549     5.787247414546
Au    -1.522957646315    -1.950361432095     5.293079401607
Au    -1.666402769943    -4.884226942664     5.073521603526
Au    -1.593863229152    -7.530821851995     4.915740609126
Au    -1.354284011535   -10.202570788055     4.678386831153
Au     4.259443000138     0.536155677354    12.100517813317
Au     4.464609555113    -2.504720357741    11.686444248927
Au     4.786663320649    -5.358718935180    11.716845889802
Au     4.423364794672    -8.187182274861    11.321762234494
Au     4.356613257489   -11.056803186179    10.907941926138
Au   -11.110044575279    -0.952276674695    10.851772270507
Au   -11.137291177459    -4.126796932670    10.877367924867
Au   -11.132662731448    -6.799196463049    10.471534802962
Au   -10.877291554499   -10.229513358302     9.979814350862
Au    -3.803228030036    -0.298917658224     4.659390567359
Au    -3.578248506510    -3.066136718612     3.948686849453
Au    -3.643323933792    -6.083016137072     3.662220431324
Au    -3.601124315522    -9.061965525483     3.416165209038
Au     4.687715596133    -0.852556619180     9.138003499206
Au     5.004154228055    -3.815076699177     8.999861517249
Au     5.047900026641    -6.561572958136     8.889684436690
Au     4.962032291984    -9.536439463702     8.776774432405
Au    -6.332252232625    -0.525519210142     5.651913471178
Au    -6.102341056436    -3.197901194108     5.271893952965
Au    -6.108240794129    -6.589188272621     4.830910107246
Au    -6.074048582980    -9.283192547636     4.297349546167
Au     2.882833411581    -0.266964596336     7.162041637050
Au     2.936930522113    -3.155449304038     7.216087561106
Au     3.028617204622    -6.364486794796     6.806237341432
Au     2.899717937304    -9.328699425040     6.617534470628
Au     4.801577589790    -1.363914987905    14.179845446453
Au     5.064069609172    -4.004201934720    14.233617688975
Au     5.081073683435    -6.901921027480    14.069204281732
Au     5.151803244156    -9.626150384838    13.463752663260
Au    -8.992204645698    -0.613742656637     6.644491893053
Au    -8.990420192030    -3.437394343303     6.485555814717
Au    -8.540762041365    -6.322147039769     6.119136723073
Au    -8.751111471757    -9.107918049202     5.663889755722
Au     0.601546521709    -0.315637848187     5.181443534657
Au     0.995134812290    -3.402926093688     5.094443331250
Au     0.975710280968    -5.990942409520     4.440994992547
Au     0.922446735046    -8.820075680251     4.181152044149
Au    -8.993946554103     0.106632466920    12.085283615866
Au    -8.982225306868    -2.679224305256    12.083835690934
Au    -8.950305425057    -5.517348934142    11.897102439718
Au    -9.117588647275    -8.286177009109    11.548121509585
Au    -8.939587228387   -11.087092559760    11.276594104950
Au    -4.056480515106     1.095648647650     6.972690227968
Au    -3.977924331926    -2.057999445656     6.749337153277
Au    -4.158573677116    -5.055618061995     6.259412952607
Au    -4.294058877557    -7.967717954530     6.126125076827
Au    -3.842999551544   -10.764049951039     5.823201811221
Au     2.427960255927     0.618019042829     9.986398493251
Au     2.482900098911    -1.994688338874     9.553828277043
Au     2.703586996486    -5.224492293143     9.340189904033
Au     2.602649023081    -7.918699797082     9.183194031936
Au     2.578478351893   -10.922122320878     8.946152841389
Au     2.732346859051     0.393659957805    14.607074280294
Au     2.643289740765    -2.934427219400    14.329466841367
Au     2.750193855893    -5.509082453471    14.043729542609
Au     2.757504532355    -8.114146880392    13.768603336269
Au     2.886152390635   -11.124114489747    13.569951312866
Au    -6.793442879056     0.435049618647     8.232199785857
Au    -6.531313650292    -2.191392695006     7.700305878139
Au    -6.574852139147    -5.096615031216     7.643095502792
Au    -6.692843361770    -7.985937627649     7.219918997754
Au    -6.337850221597   -10.669133099797     6.814714736470
Au     0.650183413892     1.276685123675     7.979849369858
Au     0.467515871723    -1.945983705824     7.459863174877
Au     0.584025278481    -4.940798941517     7.237778856143
Au     0.568248796600    -7.816264348838     6.976547063154
Au     0.729632793918   -10.668072048038     6.865079149226
Au    -0.052037887207     1.535098666159    14.937368415076
Au     0.585289195378    -1.221657638254    15.067167050157
Au     0.218156968894    -4.021850496452    14.589433414934
Au     0.252562131003    -6.776110090010    14.217754500830
Au     0.421489832221   -10.022390304085    14.034984115709
Au     0.662560757865   -12.577639497652    13.890103264455
Au    -7.010454319421     1.460733329655    13.568346766377
Au    -7.154359058137    -1.355821051127    13.684704195712
Au    -6.832128440729    -3.887962685476    13.145905388793
Au    -6.927638507353    -6.829362976143    12.706880563243
Au    -6.757650607065    -9.841929216112    12.373296554289
Au    -6.695898693881   -12.520634155845    11.915936148285
Au    -4.802472506416     2.104183826965     9.248020649580
Au    -4.395201077118    -0.781517658102     9.148574053737
Au    -4.531089034205    -3.685592778060     9.128984069688
Au    -4.596271724920    -6.688268590147     8.638772720024
Au    -4.551526033147    -9.457122821577     8.375686680422
Au    -4.361061369549   -12.207834812955     8.082291339990
Au    -0.070243551187     2.018651272979    10.447853948092
Au     0.013806748811    -0.963392180224    10.023979041326
Au     0.086774365516    -3.884748863974    10.038497433274
Au    -0.081063007593    -6.766788805293     9.571167469462
Au     0.152496886555    -9.510248497145     9.275167302897
Au     0.100784343710   -12.372004297617     9.173342698125
Au     7.577165193955    -7.972479279372    12.914712278040
Au     7.071081456504    -5.356332818296    13.093346410271
Au     7.129593420369    -2.478698213957    13.395812995377
Au     7.217380343684    -7.943977973817     8.436735891392
Au     7.256560430348    -4.948473016699     8.380603087395
Au     7.325368484856    -2.145020755714     8.684757731445
Au     5.208078855433    -8.046788294012     6.337930063055
Au     5.112558461415    -4.920432585013     6.614468209911
Au     5.481765889137    -1.929129238776     6.789071461575
Au     3.374862584604    -7.462785882417     4.137999277729
Au     3.367972139837    -4.651525295023     4.384769776463
Au     3.450835539131    -1.587059140106     4.906060965099
Au     1.563316872832    -7.031252445398     1.950690674483
Au     1.462833323326    -4.558779789200     2.150750673271
Au     1.228499413653    -1.253165074286     3.063697634369
Au     7.219593930236    -6.180434029029     5.741919489046
Au     7.424118261763    -3.566147215557     6.056436354840
Au     5.794286534752    -6.025017194820     3.350766843806
Au     5.638712199238    -3.126798154689     4.321386910599
Au     3.826550000117    -5.459284309515     1.854740031947
Au     3.517655476596    -2.702649108206     2.590192232174
Au    -3.534648266673    -7.115852578873     1.287476969775
Au    -3.370179659387    -4.268109539097     1.430785262382
Au    -3.775460610299    -1.456759500195     1.941036969634
Au    -5.945391860318    -7.508748816024     1.962347521868
Au    -5.890344582801    -4.382564076478     2.730935358935
Au    -6.219348616357    -1.226088840426     3.097581708337
Au    -8.288632639293    -7.594971428434     3.105830273250
Au    -8.408438027573    -5.066017389923     3.925938837300
Au    -8.760756432189    -1.673758151428     4.145787675076
Au   -10.670694083763    -7.546671407469     4.639156605111
Au   -11.316668286081    -4.894640822491     4.799401095267
Au   -11.066110295548    -1.964665305586     5.216143603049
Au    -5.578923167997    -5.481060703767     0.099548521962
Au    -5.822651029103    -2.924930286943     0.455394389397
Au    -7.909756851570    -5.618205716839     1.221496551517
Au    -7.959019835782    -2.888934429380     1.633729279787
Au   -10.492554608383    -5.998283376165     2.482903511493
Au   -10.420342946219    -3.370735950840     2.822361711224
Au   -12.411131962978    -8.439201299975     8.950955873626
Au   -12.853985517430    -5.332729995264     9.077716811429
Au   -12.849059514112    -2.404586717292     9.505909079045
