         216
 AuNiAgCu    E (eV) =  -775.752686       T (K) =   550.000000       time (ns) =   1.60000002    
Au     0.244284083151   -17.430597459077    22.579480719686
Au     1.841108925093   -14.949576163075    22.989623673765
Au     3.391538387062   -13.137457814090    21.546767450729
Au     4.733056229870   -11.185253466982    20.099381201113
Au     6.290066230987    -9.125742944367    18.707941063124
Au     7.918040238264    -7.367935144736    16.906818969728
Au     9.815135396008    -5.393251053784    15.332282740451
Au     8.147739122610    -4.303240561702    13.094043970818
Au     7.782173698885    -9.217314774831    29.641911263449
Au     9.463252788485    -7.800673542787    28.261244368245
Au    11.191957958881    -5.927326287352    26.584164471802
Au    12.350348956181    -4.243511451525    24.914399666008
Au    -1.667014318235    -5.456570232126    25.483281076345
Au    -0.289115334430    -3.415900164644    23.965295994181
Au     1.300834608661    -1.780972095378    22.161558948527
Au     2.893627803434     0.034764751197    20.944542201586
Au    -4.074347870260   -11.139965664342    16.311893015308
Au    -5.265351223427    -5.594760353625    16.356146239715
Au    -3.553663184886    -6.860912363062    14.417580642469
Au     0.537018462276    -5.850161371463    11.001220322209
Au     0.883048309064   -16.431010198469    24.997570321154
Au     4.412306224093   -15.679359666760    21.524818559779
Au     5.616387886922   -13.655867154548    19.876793473795
Au     7.011548184913   -11.678612793773    18.618294506798
Au     8.417617525949    -9.887162443361    16.446180815068
Au    11.944608574059    -6.555967228325    16.483370872196
Au    10.751901519474    -4.689291415682    13.162490151931
Au     2.584351404699   -17.514139548923    23.305395173919
Au     1.846713968097   -16.332635845905    20.608963124542
Au     3.214988825506   -14.621268922176    19.155856351899
Au     4.197605174032   -12.460935380115    17.592568088336
Au     5.843832304773   -10.533330419743    16.423594175275
Au     7.250283113203    -8.709564887134    14.268421600112
Au    12.933234177087    -4.710271019995    14.749102762476
Au    -1.116946582872   -15.292223466610    23.143913303447
Au     0.304025969466   -13.904657775968    20.932903133332
Au     2.156782923625   -12.018419255126    19.486412166213
Au     3.709930669498    -9.989972862557    17.972882226573
Au     5.174452942215    -7.969916275900    16.169957101893
Au     6.837537210254    -6.074323164267    14.633669500785
Au     9.245679515897    -6.784815171193    12.959324061982
Au     0.115945556418   -13.675454802857    25.143274324084
Au     1.644095855094   -12.159525038971    23.506944351547
Au     2.993346424510   -10.225446440155    21.969089452002
Au     4.235727616544    -8.283923545887    20.388787761415
Au     5.707385027714    -6.286528852822    18.573856016967
Au     7.364045843519    -4.633602734178    17.130382953075
Au     8.765883298414    -2.699021008096    15.222923770593
Au     2.329107937386   -14.607634482396    26.155069638850
Au     3.983452375233   -12.898696439184    24.509932753495
Au     5.529335076869   -11.099088451350    22.892118897545
Au     6.879316285384    -9.208921682462    21.495958291027
Au     8.364427828250    -7.222133012697    19.794652107175
Au     9.649870861672    -5.345716461741    18.226624867321
Au    11.198543036013    -3.413732387581    16.457216911660
Au    -2.402769286985   -13.970233090046    20.690081092818
Au    -0.490810918957   -12.034413835650    19.020733337236
Au     0.929327250857   -10.576076542491    17.225562470950
Au     2.504210256262    -8.692870903412    15.802936251450
Au     4.005860240563    -6.507020467744    14.033870998343
Au     5.245513947431    -4.748747544502    12.496799324173
Au    -0.738972717735   -11.160119391814    25.071465448192
Au     0.751276334419    -9.533875564815    23.583272970266
Au     2.129659241780    -7.288814834008    21.990359510103
Au     3.756499246807    -5.546610108537    20.437774366699
Au     5.296148420685    -3.510782053575    18.763632512859
Au     6.635428336363    -1.611399734290    17.099146111840
Au     3.905763752593   -12.865903538273    27.515552245446
Au     5.552210086152   -11.390021961631    25.993202604727
Au     7.217665025339    -9.630802692443    24.525746172150
Au     8.731960243451    -7.448852677072    22.485499545200
Au    10.439877597027    -5.530257520132    21.191805897330
Au    11.767280276504    -3.457977377488    19.276603711539
Au    -3.182484430707   -12.390384533649    18.515600023939
Au    -1.485876175178   -10.813796212622    16.848257380369
Au    -0.039243106110    -9.141818887474    14.910762099681
Au     1.424772025661    -7.095946391505    13.209454335728
Au     2.727504322118    -5.163985384823    11.856176717480
Au    -1.424966354553    -8.270518785888    24.905486627670
Au     0.266962535463    -6.281257469269    23.899011397636
Au     1.861519807316    -4.473117247270    22.048436343486
Au     3.354979056683    -2.544578177503    20.403662640765
Au     4.742760892675    -0.851004983022    18.805008659273
Au     6.039975981439   -11.134932550873    28.738154595191
Au     7.406976148735    -9.396056053004    27.147319396126
Au     9.255784390121    -8.002876318398    25.330325944837
Au    10.363448610024    -5.873088101178    23.974827519061
Au    12.009414246621    -3.561316750602    21.920644758856
Au    -3.673470334125   -13.901778424694    16.216111709646
Au    -2.289949601337   -12.375482903882    14.453234419025
Au    -0.872784131097   -10.545575134516    12.760791872262
Au     3.319591468614    -8.313224834601    11.784809600362
Au    -2.714153417788    -6.757949519715    23.340499256543
Au    -1.036138708189    -5.028589190444    21.366496379850
Au     0.731888383485    -3.409627346469    19.723964712787
Au     2.265897019580    -1.478654947176    18.113859203774
Au     5.534205377184    -8.218236496286    28.750412113858
Au     7.105279269992    -6.480792908559    27.370923385312
Au     8.676462646458    -4.817880095862    25.552240397458
Au    10.176044216015    -3.062134396883    23.821624302009
Au    -3.341906367535    -8.322543365197    20.807122752835
Au    -1.676741888148    -6.311525930179    19.159713915537
Au     0.107489014893    -4.725275324007    17.394680080874
Au     1.452657901057    -2.991013778503    15.718954633914
Au     2.925406464994    -7.426438576179    27.811946975219
Au     4.449930885752    -5.779942008895    26.325727901698
Au     6.071990257253    -3.914651801292    24.534062503697
Au     7.703772354483    -1.849651335682    22.831680526775
Au     7.942891298700   -12.178476015324    26.888486847718
Au     9.735099191646   -10.553538438356    25.397302034975
Au    11.389220160082    -8.603627867638    23.528681570253
Au    12.732218362270    -6.888784615827    22.061403884131
Au    -3.806730622837    -9.914257578114    18.550111799972
Au    -2.245000334886    -8.177405859980    16.739159283857
Au    -0.818767023216    -6.280175059814    14.985394459848
Au     0.669337971026    -4.413308481623    13.474926905410
Au     0.513758787090    -6.371294077274    26.735240429396
Au     1.997676670106    -4.677967060030    25.173367900439
Au     3.780405235649    -2.874499502315    23.226064563857
Au     5.271793369427    -0.650328996685    21.900005832360
Au    -2.462807525588   -15.134660354029    18.199281367832
Au    -1.004279407168   -13.737260201944    16.430565535122
Au     0.405834415690   -11.968190307517    14.575436890929
Au     2.017131326672   -10.272988463532    13.359639141553
Au     5.914932577099    -7.377728978271    12.324695646568
Au    -2.151231172294    -9.898247308349    22.996542585011
Au    -0.538645375571    -7.742573438159    21.555402404518
Au     0.974619699895    -6.163357122364    19.822229651757
Au     2.804053591416    -4.177657985422    18.012830355860
Au     4.161850050515    -2.149068064096    16.418230184591
Au     3.758575060486   -10.132651806181    27.626308080569
Au     5.176477717036    -8.447823629208    25.853327563271
Au     6.678320360842    -6.507100992344    24.480855326643
Au     8.049075012187    -4.521429622730    22.700157827743
Au     9.483629125341    -2.635704381044    20.858493056714
Au     5.999809067664   -14.049307163474    26.132845209191
Au     7.898714468166   -12.201447871777    24.258061087024
Au     9.378303641339   -10.197736255630    22.626263225549
Au    10.645335079251    -8.341969565357    20.873069942394
Au    12.289567477911    -6.255720491290    19.160196585990
Au    -2.731538499938   -10.969690549971    20.713532548939
Au    -1.184451782114    -9.275397621284    19.254745866995
Au     0.159291244746    -7.529457787857    17.389119091401
Au     2.068121986314    -5.673088531005    15.751197421483
Au     3.370174801688    -3.612099104697    14.208096843417
Au     0.820037444756    -9.180607543902    26.530326844322
Au     2.713518903748    -7.443361818921    24.914141768041
Au     4.105558821673    -5.563670713915    23.421997475829
Au     5.825891788581    -3.608850105908    21.656717675222
Au     7.170633505101    -1.653613646361    20.077578305667
Au     4.160342675533   -15.579215805953    24.115087567842
Au     6.026571266000   -13.739025062448    22.802669149796
Au     7.518883213692   -11.912272256316    21.246524479650
Au     8.797408144244    -9.953082439286    19.381924031240
Au    10.316440913298    -8.081157837965    17.915190250919
Au    13.419108038726    -4.614290358384    17.382726705208
Au    -0.864552825781   -16.245067960052    20.589261615974
Au     0.449696701420   -15.212124201043    18.491198169034
Au     1.622042216890   -13.179957336897    17.107316199542
Au     3.156488269444   -11.510263886413    15.469282811785
Au     4.627536007819    -9.221883062760    14.040538845665
Au     9.878278579226    -8.058981129234    15.216420324532
Au    -1.294880194759   -12.579380337029    22.820946821946
Au    -0.027170960816   -10.752294068244    21.377762181637
Au     1.632370914945    -9.156739929342    19.431145559575
Au     2.992592574133    -7.015905931810    17.882425627801
Au     4.582721587654    -4.815306341344    16.263711092834
Au     6.208692992213    -3.303417513742    14.730293093093
Au     1.804343156265   -11.909590379711    26.488953283398
Au     3.241071395334    -9.927364578581    24.859969687427
Au     4.826425087094    -8.188070009781    23.063855327112
Au     6.211280613353    -6.482582976955    21.508186735002
Au     7.718821378231    -4.365893986195    19.773614822557
Au     9.172682967901    -2.651529323455    18.054252329352
Au    13.053809879713    -6.702884145093    24.728535120584
Au    11.547177060130    -8.525662739871    26.144552341172
Au     9.697702825875   -10.567848420871    28.037814535915
Au    10.452990209967    -3.180226089907    26.535357496419
Au     9.106910306909    -4.883756337882    28.469516922223
Au     7.451886291540    -6.573601570810    29.887671577470
Au     8.076577939746    -2.072937664440    25.499350392377
Au     6.655905395341    -3.673268207539    27.379668569360
Au     4.844577394183    -5.311539695563    28.861432053173
Au     5.693683309697    -0.996799108837    24.580714793641
Au     3.933248996880    -3.105236332375    26.096664426554
Au     2.375330753301    -4.520550631119    27.844589205300
Au     3.316315929212    -0.044296817023    23.521345334268
Au     1.671748626151    -2.029818158391    25.094224961850
Au    -0.002014441452    -3.404388060557    26.900137873572
Au     8.666797560403    -2.274161086094    28.536824397088
Au     6.881864649003    -3.888559456913    29.888760943821
Au     6.363058717526    -0.950665968524    27.737299742961
Au     4.409616215626    -2.438985229815    28.742389562591
Au     4.047096294919    -0.368895331447    26.489669744272
Au     2.097106334412    -1.827887116028    27.706679765998
Au     0.351202962895    -0.787908229023    19.885818346635
Au    -1.632408944548    -2.115828622077    21.859861977858
Au    -2.971898940800    -4.013657754245    23.288647574420
Au    -0.545693526447    -2.109816413151    17.567514066990
Au    -2.214256495163    -3.783679762480    19.295134648101
Au    -3.675188118666    -5.625459020274    20.990321336097
Au    -1.305313216367    -3.234642036876    15.225601559628
Au    -2.784213695348    -5.257934233090    16.877814732927
Au    -4.309392587240    -7.188338413329    18.477191794761
Au    -1.955365864658    -4.671153110721    12.905214834331
Au    -4.001094793020    -4.112846781688    14.452100788034
Au    -4.731798136230    -8.530643076179    16.252965405645
Au    -2.301922217472    -1.064678915330    19.435784651358
Au    -4.889929620059    -4.226713204100    18.665603694504
Au    -4.923519187590    -1.567994821055    18.838888655168
Au    -4.067942618186    -2.955244599038    21.008595068263
Au    -3.286681993645    -2.666088598441    16.975623776784
Au    -5.759108505027    -3.136785259954    16.245262999563
Au     0.675672294188    -8.959542790393    11.402988208469
Au    -1.450676580726    -7.318638900103    12.559828482270
Au    -2.754530688853    -9.474117324980    14.353198896427
