         216
 AuNiAgCu    E (eV) =  -774.568848       T (K) =   550.000000       time (ns) =   1.76999998    
Au    -1.137916358021   -13.087710435696    24.403530949746
Au    -0.012589827513   -10.233234256093    23.680536629852
Au     1.438767667556    -8.838730692213    22.083599236702
Au     3.231086679154    -7.584334080086    20.370547098018
Au     5.264741171433    -6.021156868253    18.506779531618
Au     7.037365079245    -4.818622576665    17.079230438132
Au     8.928646944498    -3.633231886255    15.156406950852
Au     8.874271518365    -4.070122101034    11.986258598611
Au     0.523934284030    -0.398837118055    27.403537267581
Au     2.575558199683     0.989163314747    25.311639743749
Au     4.711029207556     2.263894707943    23.448594484226
Au     6.547796190387     2.877222275491    21.388957206887
Au    -5.538013870509    -2.993323239087    18.253924502500
Au    -4.250620293180    -2.106959087080    16.288835632126
Au    -2.242258369647    -0.790644472924    14.477789747568
Au    -0.386385906608     0.430657670175    12.700324354900
Au    -1.999304365156   -13.588183805423    14.268795399703
Au    -4.074787308249   -10.192315948478    10.464456285582
Au    -1.332399827269   -10.642388573622    10.789741693676
Au     3.205442404099    -9.776100031802     9.213097349827
Au    -1.359784656660   -10.679525563591    25.769816732151
Au     2.783481686159   -10.576216804462    23.760280224065
Au     4.308681167472    -9.144921312149    22.124501764962
Au     6.015600806702    -8.129306221114    20.343940138515
Au     8.261133208553    -6.539429249618    18.783294574535
Au    10.601181746980    -2.685956064135    17.109335815006
Au    10.523935875574    -2.280101840256    13.167770752069
Au     1.142627973069   -12.007149887568    25.339874039362
Au     1.269817341128   -12.783302450591    22.672513101916
Au     2.561186766424   -11.055166894232    21.043249595080
Au     4.433606288882   -10.007255959246    19.390338114466
Au     6.174283499631    -8.504121430985    17.556381824701
Au     7.874020372877    -7.157455851620    15.666772437375
Au    12.062310348119    -1.603603900326    15.185062305611
Au    -2.390550531657   -11.417279801667    22.939748110416
Au    -0.354954219306   -11.104537905662    21.179648625269
Au     1.208176007449    -9.420621358500    19.237699186950
Au     3.377296375705    -8.144602650780    17.779739832835
Au     5.239191680338    -6.712825701174    15.766239977172
Au     7.160966481251    -5.407944436250    13.710513788757
Au     9.747141628369    -5.966314163400    13.783162935478
Au    -3.007307759323    -9.151853934240    24.126173937325
Au    -1.313280718450    -8.321693737213    22.172083754402
Au     0.561787104116    -6.801193910180    20.279794746879
Au     2.271729587724    -5.423273595380    18.459956314331
Au     3.986739283784    -4.374086122347    16.476744774885
Au     6.054617125774    -2.947739670027    15.157970835268
Au    11.581208564147    -4.221666060472    15.021070986915
Au    -1.105891735791    -8.197266949623    26.149187785057
Au     0.136894341662    -7.196175785628    24.141754364070
Au     2.161760749072    -5.915835873340    22.565729250617
Au     4.240334952939    -4.745209747572    20.891190867046
Au     5.854025967905    -3.158815745310    18.932542651292
Au     7.890203147415    -2.170870112959    17.203759617417
Au     7.916941869277    -1.890228904846    13.330610769749
Au    -2.505865194778   -12.173936421282    20.038728643481
Au    -0.552196982519   -11.261764796854    18.273532808476
Au     1.555503401428    -9.773787354210    16.482223197296
Au     3.180441059656    -8.591805794489    14.790738938450
Au     5.163057821459    -7.445013769042    12.934307137567
Au     6.563925360922    -5.940526123736    10.991910097022
Au    -3.998273733016    -7.370613972573    22.167418365026
Au    -2.371056249039    -6.174429840135    20.087781711285
Au    -0.319210381367    -4.927574122514    18.375437482441
Au     1.506743826168    -3.580170234161    16.397830241274
Au     3.283286322930    -2.132257228779    14.420907121925
Au     5.200760311104    -1.048433372555    12.775057861887
Au    -1.266490464861    -5.533458246760    26.673567712468
Au     0.938775678276    -4.600553089309    24.976890169183
Au     2.858435370250    -3.508533718512    23.082054210097
Au     4.583128836580    -2.036886174681    21.065727699781
Au     6.838042683739    -0.642555431164    19.253701842364
Au     8.742536323401     0.469854371610    17.383859104468
Au    -2.267549247344   -12.955164802246    17.002250783400
Au    -0.314699507806   -11.886133510430    15.356640929589
Au     1.256002285796   -10.503525704604    13.625095334206
Au     2.980657417560    -9.288138436855    12.119443138437
Au     5.033790533855    -8.083035590613    10.047945340154
Au    -4.909754602003    -5.372485818643    20.205864774407
Au    -3.319085577880    -4.509223203110    18.155382577620
Au    -1.425641787598    -2.908007821167    16.354678005599
Au     0.397453827376    -1.561286514903    14.511360594329
Au     2.338608329284    -0.314632130652    12.744478477735
Au    -0.118336635015    -2.886823307903    27.006425162922
Au     1.578181212632    -1.668140952275    25.116757738331
Au     3.465120399035    -0.646652531942    23.384139331153
Au     5.304530772476     0.721899321905    21.444414990259
Au     7.579616900893     1.860191451299    19.286917787740
Au    -1.277382319011   -15.322298691776    16.074900197242
Au     0.568094464606   -14.372539167258    14.636740965358
Au     2.680294708840   -12.667845589194    12.710890514189
Au     5.870399754909    -9.873768003774    11.583054803566
Au    -5.382332237590    -6.120384398407    17.221744230746
Au    -3.168173029797    -4.996908504493    15.543695993427
Au    -1.377624040208    -3.696432298345    13.554762404431
Au     0.528496239424    -2.071280137456    11.863955205505
Au    -1.356721386964    -1.241389685389    25.175442549147
Au     0.719134399383     0.181201602106    23.338061523131
Au     2.624106895215     1.592483081578    21.385329532653
Au     4.715835885755     2.897610718199    19.526239174808
Au    -4.201037508679    -8.517923173978    16.403932623962
Au    -2.359684968525    -7.475490790292    14.672336615372
Au    -0.576840472149    -6.222159038535    12.554194344024
Au     1.320545534635    -4.856473595817    10.687694314984
Au    -2.615126441971    -1.997929633919    22.692163504457
Au    -0.740844078502    -0.865598360589    20.842507400533
Au     1.246131533558     0.490801430175    18.958399130443
Au     3.118375281458     1.803495210300    17.354561827931
Au     2.567052162662    -3.334030676228    26.849649194795
Au     4.338634990676    -2.471092372086    25.221505762283
Au     6.110314329072    -1.111947545767    23.146747251249
Au     8.491963135525     0.340024617648    21.259615283126
Au    -3.435439659692   -11.138887706753    15.602751573366
Au    -1.459274039422   -10.274994286335    13.696155372650
Au     0.366551942140    -8.509596154155    11.712611912213
Au     2.324906067143    -7.368884790061    10.034764618152
Au    -4.299305004983    -2.544349578610    20.623966000734
Au    -2.667214482632    -1.691905123251    18.516180252321
Au    -0.549576478031    -0.358299008437    16.943519433146
Au     1.367865186758     1.078315244086    14.855669638936
Au    -1.333121516842   -14.308577514294    19.235300205026
Au     0.499338393423   -13.782508165605    17.272389864556
Au     2.459609368903   -12.333592581771    15.729543524277
Au     4.313165089727   -10.953318583548    13.919889366703
Au     7.912964631476    -8.028048231011    12.573142826804
Au    -4.253368142619    -7.793705149722    19.041017376016
Au    -2.248082505447    -6.830842136384    17.595209832920
Au    -0.249830367922    -5.312905747944    15.297135537693
Au     1.333914923396    -4.216895806135    13.351940512988
Au     3.321390896002    -2.701446772278    11.735544675790
Au    -1.824715148572    -3.854012895243    24.508712808650
Au     0.092388171161    -2.590691914590    22.871297580016
Au     1.967684773040    -1.361298870930    20.899944928151
Au     3.875020670423     0.030158011290    19.261859345040
Au     5.989631624780     1.352968057493    17.350118967196
Au     1.563335601185    -6.734736773506    26.485804591448
Au     3.690380301475    -5.028158122622    25.100984461224
Au     5.560839395871    -4.167492860307    23.191871710119
Au     7.435168364183    -2.339783055079    21.081110493625
Au     9.514171043958    -1.538181118729    19.518112788937
Au    -3.178410528636   -10.365991931501    18.115233693672
Au    -1.520564483645    -9.281510546757    16.216018547816
Au     0.468836203370    -7.982070950737    14.528379151970
Au     2.365116405077    -6.628724522812    12.759664565288
Au     4.026027450928    -5.205638857527    10.842339347635
Au    -3.395584667213    -4.543762930508    22.297489520978
Au    -1.651819629106    -3.471520778694    20.512805241444
Au     0.289178143529    -2.199040004555    18.534635137838
Au     2.152206948813    -0.832579756686    16.699576617148
Au     4.110835840078     0.427478482288    15.127469922402
Au     1.313492216737    -9.402738524097    25.957265271754
Au     2.980968883235    -7.779928446796    24.462534095925
Au     4.754449851578    -6.523005712052    22.919324222053
Au     6.825293223146    -5.119712440774    20.509141962169
Au     8.789062723154    -4.006726442949    19.158391335014
Au     9.553593719149    -0.780847464097    15.165173880287
Au    -1.208242125597   -13.604030161902    21.829930553911
Au     0.874832343823   -13.080868359352    20.172521330461
Au     2.118258631029   -11.756410117606    18.400455107039
Au     4.200499736763   -10.521892002416    16.812013515064
Au     6.175155924365    -9.241057644975    14.711416950160
Au     9.838606918835    -5.324073076788    16.979366541488
Au    -3.464441614408    -9.741662082595    21.235786626856
Au    -1.501905716068    -8.781152429292    19.466882318081
Au     0.384696167922    -7.406856916477    17.319934662270
Au     2.269467216801    -6.194903773719    15.602698105772
Au     4.025922406871    -4.657271783922    13.592896091705
Au     6.033816989957    -3.618147716226    12.112656431890
Au    -2.504568587606    -6.525592468746    24.192196560123
Au    -0.403245710821    -5.375581474305    22.200567211564
Au     1.592541713351    -4.001264709804    20.690359818126
Au     3.260831825118    -2.990155514337    18.883918230007
Au     4.728788044040    -1.423823517598    17.038252596635
Au     6.589674423739    -0.189391487005    15.158676406321
Au     7.147403517789     1.282715425775    23.495156614734
Au     5.140893182734     0.234164371641    25.522445553579
Au     3.317106334877    -0.748751748946    27.126322124863
Au     3.675422287437     4.095580126879    21.659460977822
Au     1.590657248266     3.050229037839    23.476842977829
Au    -0.065307579852     1.235271906744    25.598848029007
Au     2.127274901799     3.377149240254    19.341394104114
Au     0.015539292155     1.833490199748    21.146332487823
Au    -1.805186289945     0.789393785276    22.894295402614
Au     0.271660066396     2.472860237825    17.402267462536
Au    -1.555321472740     0.999257697175    19.175150110768
Au    -3.422635537143     0.164450032758    20.793458822365
Au    -1.255530057205     1.688868006556    15.179822073627
Au    -3.505611161229     0.688155059622    16.852039346087
Au    -5.056399174317    -0.667510643283    18.840206963195
Au     0.813966420390     4.488713024482    21.484001774698
Au    -1.075442986565     3.614379573462    23.227240112567
Au    -0.935754534825     3.702682318548    19.442249579549
Au    -2.808026904091     2.827124822665    20.950784155499
Au    -2.469562798369     3.044545511553    17.307460372299
Au    -4.535851091323     1.920233037819    19.191331745913
Au    -2.097525171280    -1.544809305507    11.818209916269
Au    -4.008396999105    -2.962931372717    13.586661747644
Au    -5.775977819816    -4.255725234276    15.349720851561
Au    -1.479699834921    -3.920319464432    10.793403586649
Au    -3.242378049948    -5.645738436686    12.561515972108
Au    -5.082850955647    -6.757265147397    14.429036088395
Au    -0.781499549985    -6.571754252394     9.690064472877
Au    -2.236803000567    -8.028140337247    11.594186793863
Au    -4.046518725677    -9.506815485402    13.323331368000
Au     0.243275464617    -9.038931693499     8.940809402498
Au    -2.226753739724    -8.624888359414     8.946510658368
Au    -3.120239837675   -11.849770568954    12.202267771298
Au    -4.049302611491    -3.324156600632    10.665469264661
Au    -4.988323819893    -7.694594578436    11.779800599853
Au    -6.020269832016    -5.873441345854    10.053212579850
Au    -5.858119052585    -4.599880659157    12.420546323212
Au    -3.276097752958    -5.707337728573     9.791095165705
Au    -4.736084897614    -7.924201681951     9.127270381386
Au     4.099573057396   -11.554972355997    10.723468167494
Au     1.323981608742   -11.062633742231    10.842728863595
Au    -0.126795049536   -12.481554589374    12.546750575345
