         216
 AuNiAgCu    E (eV) =  -775.216431       T (K) =   550.000000       time (ns) =   1.88000000    
Au    -2.173825136231   -13.063024206839    26.829107759869
Au    -1.149385167850    -9.815680966596    25.874106441009
Au    -0.295104041150    -8.767113463824    23.406385899721
Au     0.492257908401    -7.461013291095    21.094910042323
Au     1.460148863352    -6.090145575619    18.728652478178
Au     2.668185823220    -4.812811481234    16.558142006174
Au     3.115789334729    -3.218872585784    13.994485163584
Au     3.190693698004    -5.955661282179    12.572851443741
Au     2.818853566953    -0.741476033344    28.755844662200
Au     3.608904019601     0.518874791990    26.748047000686
Au     4.318839318742     1.498882172106    24.193691848161
Au     5.078556883776     2.762414082530    21.921106240434
Au    -7.578943762485    -1.886856345546    24.375274891574
Au    -6.721440468063    -0.749477611379    21.969609677383
Au    -6.080101133886     0.590766191703    19.495896332113
Au    -5.101001702705     1.245348576972    17.140417053102
Au    -8.247448559928   -13.826086573609    17.152986010004
Au   -10.891345178403    -7.487746169544    16.723595172948
Au    -8.748796881789    -8.652046307896    15.306830752889
Au    -5.336434430118    -8.059063734236    11.836406413907
Au    -1.927668595457   -11.079985901817    28.344875894274
Au     1.274867790393   -10.803878328660    24.547126516890
Au     2.066854663637    -9.341519523276    22.344729311551
Au     3.065159444168    -8.292602078845    19.912035362565
Au     3.741147260940    -7.327556590903    17.479284638876
Au     4.673580214566    -0.803414310460    14.029775667715
Au     4.179093315685    -2.018358356398    11.586929769551
Au     0.258593708839   -11.877842753576    26.706089684992
Au    -0.993609497631   -12.040677907629    24.255256832186
Au     0.150217237266   -11.264448998484    21.939403682255
Au     1.107068565356    -9.899486555049    19.851759142276
Au     1.392988247016    -8.528516380706    17.459397067586
Au     2.298411765547    -7.261053624503    15.035972986807
Au     5.464063316819    -4.463699045813    12.866145393894
Au    -3.757461334777   -10.597686738377    26.006807848285
Au    -2.686274191400   -10.187916099735    23.538149691642
Au    -1.780163286892    -9.059312249008    21.151431153495
Au    -0.853095195487    -7.624482303572    18.740639809807
Au     0.117307947234    -6.312053246769    16.315283972089
Au     1.037233905490    -4.852094444305    13.999153935488
Au     4.631932789739    -5.955610544090    15.044450248713
Au    -3.337446283134    -8.666211586050    27.773176424325
Au    -2.872327889803    -7.788103347911    24.877194949643
Au    -1.981195002420    -6.553200010667    22.811313267959
Au    -0.857048127090    -4.957572602508    20.183939752171
Au     0.333742879022    -3.610670100533    17.740418156677
Au     1.051925590865    -2.307900577809    15.334932918458
Au     3.810651768691    -4.378269561522    10.689799751213
Au    -0.630944130711    -8.936371988500    28.519864339528
Au     0.205845745656    -7.508484754730    26.341018876607
Au     1.082705154070    -6.187162324226    23.708385514949
Au     1.970388763883    -4.702092921355    21.383289726828
Au     3.104164264011    -3.710103935351    18.920617294989
Au     3.597157480923    -2.057611253241    16.338720421846
Au     1.573738009915    -3.768248396384    11.632435834209
Au    -5.446349913900   -10.848705497268    23.687840761118
Au    -4.130292676124   -10.411768248666    21.286042712637
Au    -3.390545494415    -9.390027918223    18.908197845975
Au    -2.200475115675    -8.343028984086    16.403850822836
Au    -1.546301870068    -6.655696037578    14.181259735651
Au    -0.890806726593    -5.318569438271    11.800879893498
Au    -4.712416136785    -6.630998305806    26.589367372419
Au    -4.159744649467    -5.353962499800    24.165104088740
Au    -3.078442391403    -4.268677595570    21.759032797475
Au    -2.427373786572    -3.160684510288    18.976025927963
Au    -1.429988092226    -1.383202586346    16.898535674678
Au    -0.378977236170    -0.047473802665    14.460159977281
Au     0.793020732794    -6.165240047098    28.500003214662
Au     1.415448498819    -4.951961224954    26.205251873168
Au     2.192843198366    -3.621034123058    23.831751683885
Au     3.340796377876    -2.266735880089    21.330976543351
Au     3.755512625887    -0.991238185280    19.076333794101
Au     4.789586639883     0.241909032805    16.652048657647
Au    -6.841524463434   -11.342829749387    21.293868860588
Au    -5.801235026275   -10.667040743132    19.003861238902
Au    -4.816739098588    -9.431952994942    16.555656756298
Au    -4.030172935646    -8.158077307771    14.223974771454
Au    -3.046864549621    -6.707034050960    11.975871431713
Au    -6.478390900955    -4.232959952550    25.498038711783
Au    -5.364503316274    -3.169169222712    23.073208097261
Au    -4.568268609224    -1.916561031158    20.608464989427
Au    -3.814093161851    -0.829944551587    18.093608896046
Au    -2.606895464403     0.579496839660    16.014812578891
Au     1.857452158397    -3.377401651434    29.064150176800
Au     2.401095408413    -2.302974200101    26.295764236599
Au     3.400529009867    -1.161297520555    23.963040092304
Au     4.127254922845     0.335660809811    21.399603417677
Au     5.129628594652     1.705110864217    19.059694161353
Au    -6.419193290367   -13.647590641621    19.741649843295
Au    -5.796912998574   -12.831205250658    17.410159937873
Au    -5.067106778683   -11.624863173574    15.145762077587
Au    -1.647304595393    -8.981716050647    12.777679830087
Au    -7.870286979716    -4.438253451906    23.157154117048
Au    -6.831500180973    -3.463980665353    20.798084375902
Au    -6.346000203651    -2.136479354025    18.258530858937
Au    -5.481901789814    -1.057187093858    15.813505856642
Au     0.215617898733    -1.334225517060    27.951327806138
Au     1.070463501607     0.058073759638    25.471261001649
Au     1.918770060984     1.249834511685    22.949148752427
Au     2.672402123273     2.323080183704    20.556034664449
Au    -8.075370950828    -6.685024505030    21.734721443226
Au    -7.153697118569    -5.967915424389    19.298852163906
Au    -6.378370291158    -4.693182346537    16.700965813519
Au    -5.240143174136    -3.413812183119    14.216122812841
Au    -2.284289357205    -1.730156368037    26.522512666730
Au    -1.711982841761    -0.200704359475    24.399018625903
Au    -0.760728590793     0.663040254358    21.747654639261
Au     0.025440851435     2.295696024496    19.491346882292
Au     3.815209259635    -4.523505676523    27.397912531381
Au     4.726411354440    -3.427789571153    24.858526306013
Au     5.771784522999    -1.997569971131    22.520381193100
Au     6.388845245934    -0.733524015053    20.120906362504
Au    -8.568572145037    -9.416368469075    20.395124525554
Au    -7.448472165704    -8.363946172829    17.962616398430
Au    -6.427057072309    -7.356311790939    15.098249754547
Au    -5.606649505281    -5.778290639367    12.941979613049
Au    -5.107853295398    -1.700668987611    25.431402332168
Au    -4.200032750130    -0.725740539341    23.107709644463
Au    -3.287930363392     0.401774578647    20.507387059387
Au    -2.470580999841     1.795795203231    18.354582582924
Au    -5.083704414073   -13.068058761481    22.095129191536
Au    -3.953985817098   -12.885244768936    19.511190365516
Au    -3.091937395581   -11.459916911459    17.104477280577
Au    -2.397790073329   -10.443642122392    14.881599868585
Au     0.544603732681    -7.446598019867    12.732268381079
Au    -6.607958111699    -6.638301131024    24.085787256056
Au    -5.543771692131    -5.649339843996    21.468421743555
Au    -4.761464386312    -4.526386422722    19.003413866504
Au    -3.752759708975    -3.223583557030    16.586814482922
Au    -2.782974317452    -1.768992699794    14.458257816644
Au    -0.448894056711    -4.035833407983    27.822228894441
Au    -0.093052888226    -2.337933300755    25.253768086749
Au     0.822238921280    -1.335808300775    22.787061107352
Au     1.568669644730    -0.044634362184    20.300115007996
Au     2.795581467764     1.398301162097    17.813934591189
Au     3.203722036637    -7.317483020330    27.209777351137
Au     3.715580903565    -5.955747536968    24.918625064925
Au     4.844589563633    -4.541216175003    22.471565075316
Au     5.556853762235    -3.721845076035    19.873106031729
Au     5.917012609161    -2.009767032412    17.758832229221
Au    -7.118475879732    -8.975978164956    22.684875731038
Au    -5.833996161885    -8.158222445385    20.219966018354
Au    -4.766736708562    -6.817918456225    17.616083662594
Au    -4.166263930463    -5.651437420263    15.263174329015
Au    -2.869925980002    -4.328772078920    13.169140778906
Au    -3.364877172241    -4.292625526935    26.649998787671
Au    -2.710175206806    -2.933626206924    24.171302460544
Au    -1.808429753272    -1.874596145330    21.730936260460
Au    -0.930762103884    -0.378091942005    19.245077032576
Au    -0.156102581121     1.166285181668    16.903174716717
Au     1.534677854788    -9.629752024318    27.124415516038
Au     2.793778185939    -8.483346675336    24.907070961376
Au     3.587928153257    -7.027207994931    22.424620265025
Au     4.662482140684    -6.173013943888    19.879984470346
Au     5.240916498674    -4.644112781669    17.323745734295
Au     2.056626764642    -1.163718025925    12.851908035085
Au    -3.854143791318   -12.761015719306    24.753046788662
Au    -2.393391685843   -12.824963450371    22.109231865356
Au    -1.623869033264   -11.475183833291    19.749563919637
Au    -0.681907438000   -10.307006510911    17.678457790170
Au     0.220773130300    -8.856715024990    15.050840802308
Au     5.907466216967    -3.103865020467    14.931098919783
Au    -5.544750569277    -8.749193608261    25.264719713836
Au    -4.410239898259    -7.915545029990    22.521502195960
Au    -3.222134953456    -6.706092707199    20.204866898421
Au    -2.461116453587    -5.569126349902    17.764809692653
Au    -1.147606639832    -4.151516354879    15.607177571051
Au    -0.714865605180    -2.613419032391    13.094048692930
Au    -1.979462959534    -6.509176103172    27.654614329940
Au    -1.001616224796    -5.016830692851    25.093699389192
Au    -0.298957898147    -4.049930434865    22.720462253736
Au     0.570030509138    -2.595653299949    20.208338526366
Au     1.215062541277    -0.781079438003    17.696618061928
Au     2.289925370035     0.306707256287    15.373006309977
Au     6.438946133018     0.699931375562    22.789656760982
Au     5.902090278784    -0.705516863426    25.050871837891
Au     4.772704899191    -1.957663733703    27.270701274678
Au     2.991440990840     3.734737869510    23.264072388781
Au     1.956375039314     2.560952372607    25.712341423135
Au     1.511657031647     1.762576295211    28.166805859027
Au     0.559854014346     3.357276201817    21.954544887098
Au    -0.548117244271     2.166884274622    24.238275202482
Au    -1.220785182943     0.940549983354    26.839013652027
Au    -2.170581615099     3.168733472863    20.809331804993
Au    -3.142441341001     1.942068430681    23.187601025671
Au    -4.036292682815     0.711186337809    25.666979897866
Au    -4.568644718737     2.876759763591    19.651924025388
Au    -5.469736411577     1.889724739577    22.060333568493
Au    -6.607824954034     0.700277433527    24.406810444328
Au     0.605340192037     4.668991568937    24.525481124844
Au    -0.328975761748     3.379706966643    27.012757745452
Au    -1.899931300590     4.381273117189    23.438872106121
Au    -2.612575678956     3.211753400102    25.802959920866
Au    -4.163598641967     4.219587557174    22.146893505803
Au    -5.062001628173     3.056406691141    24.482578477260
Au    -7.742257256992    -0.035593127934    17.139306036271
Au    -8.331339071792    -1.203336312820    19.583161043851
Au    -8.949462951016    -2.303769038949    21.979588149835
Au    -7.640497980785    -2.490144540096    15.899566359449
Au    -8.668824352916    -3.802761028738    18.364844389107
Au    -9.383463339280    -4.750777030678    20.696541591820
Au    -8.012928321438    -4.532406323033    14.158791952021
Au    -8.782809765300    -6.007316454392    16.605413264673
Au    -9.699584764510    -6.896776217080    19.167253360108
Au    -8.163360099684    -7.223616815584    13.077063463404
Au   -10.254697003613    -6.306425912593    14.313342042951
Au    -9.996453313136   -11.828953076494    16.590952499543
Au   -10.090616179642    -1.596212104509    17.445103503806
Au    -9.941541898146    -9.714939697631    18.134014187838
Au   -10.614719621276    -2.492660793319    19.711891946268
Au    -8.566976531990   -11.965139606162    18.925471153176
Au   -10.243380783475    -3.869536790415    15.686942044237
Au   -11.008501541661    -4.961015578442    18.231001942674
Au    -4.168904700708   -10.471787114308    12.879768732286
Au    -6.732206265884    -9.595878462595    13.610655472141
Au    -7.431089460047   -10.983949928087    16.387453440202
