         216
 AuNiAgCu    E (eV) =  -770.725891       T (K) =   550.000000       time (ns) =   1.44000006    
Au    -2.025298986938   -18.827460935747    25.670531171691
Au    -0.009885976396   -16.360312095335    25.436715199119
Au     1.509422159378   -15.311673655131    22.989055448502
Au     2.771294954385   -14.335455914784    20.988912850484
Au     3.606912140007   -12.779834719117    18.743782595854
Au     5.058366532658   -11.578168246546    16.170006613870
Au     6.871046976030   -10.230766424815    14.005569140168
Au     7.925727989637    -9.186217245363    11.849098416766
Au     8.727436800381   -11.838048835621    28.359317300577
Au    10.274406368196   -10.559689707803    26.121842879191
Au    11.885076017947    -9.461221871386    24.177909914390
Au    12.486862232260    -8.296921589758    21.678308244188
Au    -1.206960050744    -6.577235540618    26.248202952634
Au    -0.151004171779    -4.857172905893    23.917195715855
Au     1.047272019877    -3.962180557156    21.820626578869
Au     2.263491480803    -2.675210249768    19.680646438183
Au    -7.599573320326   -12.989125710065    19.640657690777
Au    -7.766143618362    -7.376726226421    19.065834530791
Au    -6.358088984582    -9.100070590192    16.706876153992
Au    -3.692598901730    -9.963015804216    12.144592836079
Au    -0.203960153054   -17.774040608800    27.583407194781
Au     1.793059912821   -17.860168649443    23.380662372176
Au     2.702042759812   -17.008682516239    20.960457774995
Au     3.958560723090   -15.481497911283    18.470508402334
Au     5.262470363322   -14.326033611139    16.322828253070
Au     5.691613443668   -12.994406197258    13.995374751507
Au     8.598764637029   -11.606118646172    12.143932791662
Au     0.353671428125   -19.286886085786    25.186949219257
Au    -0.858916263168   -18.680378917794    23.066766277972
Au    -0.263240759736   -17.037448450720    21.080865538107
Au     1.357906505095   -15.481303363206    18.986799530777
Au     1.875619157921   -14.418393976769    16.551956184685
Au     3.019625350629   -13.262082062203    14.512691893686
Au     6.177265190450   -11.526643400167    11.780439999209
Au    -2.675678507397   -16.136215351351    25.724789380568
Au    -1.660859233288   -15.928527410355    23.233213240048
Au    -0.396322979093   -14.367743334794    21.130916444185
Au     0.870267274433   -12.897063856242    18.973308058959
Au     2.388369206234   -11.557235082395    16.561716831490
Au     3.642520838421   -10.437750707830    14.256907045219
Au     4.895426240469    -9.077197706018    12.203520941996
Au    -1.077203538128   -14.824075775078    27.418082804429
Au    -0.011192896710   -13.541979599520    25.136456594736
Au     1.313376335168   -12.711481111130    22.634581522375
Au     2.406784092121   -11.072121722664    20.477499206085
Au     3.891029893025    -9.843760249783    18.092737547679
Au     5.122850627392    -8.596389141905    16.077360507836
Au     6.182627214985    -7.374622978375    14.109611588087
Au     1.543518478053   -15.940937913420    27.712131464283
Au     2.473527392116   -15.088885846898    25.400398211987
Au     3.961795037365   -13.720243653058    23.361655603679
Au     4.896660658129   -12.225029225753    21.115573068535
Au     6.345982564749   -11.242584615866    18.762362913484
Au     7.575106329870    -9.316511795901    16.351530067429
Au     8.895504517156    -8.327890344436    14.192139959847
Au    -4.301527127652   -15.399070282170    23.590453255599
Au    -3.256705728676   -14.361956048178    21.296778106146
Au    -1.900664695071   -13.031832522389    19.082518150525
Au    -1.037644315860   -11.886259119589    16.579966225757
Au     0.633356365441   -10.699852014426    14.529782741887
Au     2.205110078610    -9.658895213023    12.294202012161
Au    -1.236375213400   -11.932251831520    27.055237833191
Au    -0.194546965283   -10.761265709417    24.494671922854
Au     0.868022590837    -9.702008632318    22.466224066256
Au     2.158756122979    -8.333758562526    19.938478993995
Au     3.571018440044    -6.962839401821    17.827452793474
Au     4.921101845970    -5.581734397442    15.877298117526
Au     3.814056657964   -14.353899142589    28.187013718097
Au     5.219007781438   -13.502850314383    25.987680775846
Au     6.379775266900   -11.881993517737    23.684339386307
Au     7.502768052804   -10.848833537765    21.148178625105
Au     8.716176954519    -9.440988714568    19.378102350156
Au     9.841515117027    -8.465575329072    16.975713920383
Au    -6.023472143096   -14.307481594741    21.517553001530
Au    -4.806446295810   -13.114174561062    19.249369570598
Au    -3.807905377624   -11.556478767912    16.905811489654
Au    -2.654724814676   -10.532172449972    14.739471017963
Au    -0.769502169614    -9.852334223528    12.325634097554
Au    -1.394216791957    -9.163567974495    26.538010028588
Au    -0.127434857939    -7.943811771357    24.424635278150
Au     1.253138394243    -6.674295827097    22.351392508373
Au     2.155037716145    -5.460373385251    19.735368404991
Au     3.361622265006    -4.005849522432    17.596443410371
Au     6.341238229234   -13.034236388868    28.428525222510
Au     7.616375086004   -11.956700195963    26.043716896782
Au     8.711471136510   -10.645746336573    23.658863696887
Au     9.882297509768    -9.016228233141    21.634399112636
Au    11.143854085043    -8.174420227305    19.250667558763
Au    -7.709853965134   -15.825835774060    20.209512662788
Au    -6.238697510869   -14.535080508055    17.436009782141
Au    -5.107488511967   -13.270268688405    15.264807113257
Au    -1.370884590147   -12.348853849201    12.954795330569
Au    -3.005492971464    -8.036818783647    24.536848890014
Au    -1.562798745647    -6.902651732949    22.352223195552
Au    -0.441405592449    -5.638249894470    20.076962041000
Au     0.847333757164    -4.119629182724    17.912940439360
Au     6.195635836227   -10.447010178570    28.104593140679
Au     7.693336526507    -8.815401612926    25.763797634870
Au     8.623525195050    -7.648548287561    23.376020760931
Au     9.979461694242    -6.284501336717    21.259056081990
Au    -4.571333455582    -9.896249307921    23.002721333803
Au    -3.439298119804    -8.271118542139    20.565622553050
Au    -2.014466031416    -7.084647024292    18.350086272001
Au    -0.465306508746    -5.955725930652    15.565150909886
Au     3.677183521287    -9.100473960341    27.887596130653
Au     4.767859196432    -7.789486725421    25.661503701931
Au     5.793173942546    -6.316858735132    22.952605319740
Au     7.422306435152    -4.958198090273    20.843437222949
Au     7.678492014046   -14.740649772006    26.294635148031
Au     8.718858718993   -13.464342974954    23.704363250258
Au     9.851920967441   -12.167578368529    21.629785413215
Au    11.184713603133   -10.991317898562    19.632065025748
Au    -6.147490475656   -11.366531325976    21.558898829272
Au    -5.124948853334   -10.223787175770    18.884810992249
Au    -3.550973847613    -8.803261535920    16.639851948683
Au    -2.239245714293    -8.021830609327    14.018246736158
Au     1.217826500662    -8.065276634914    27.180273727405
Au     2.339841747465    -6.586075212338    24.954564689594
Au     3.378149445914    -5.065804844479    22.278733568715
Au     4.903561156005    -3.714688616472    20.189050012478
Au    -5.650976650105   -17.035632995717    21.629227706451
Au    -4.968442138204   -15.865597237279    19.395009997553
Au    -3.562547740476   -14.856788288550    17.008176885772
Au    -2.524943078751   -13.392165743205    15.028967750227
Au     1.103710594569   -11.982501838687    12.185348243683
Au    -2.883278148736   -10.760256154573    25.100338723719
Au    -1.919307077605    -9.787556878446    22.683144671999
Au    -0.454602562077    -8.424006931386    20.438715850097
Au     0.605017950779    -7.085286906669    17.753071438581
Au     2.156957084524    -5.620942555436    15.890599084139
Au     3.794764211679   -11.766703938373    27.817608570516
Au     5.010166699511   -10.336915583165    25.570788703021
Au     5.991955935332    -9.112462781200    23.352638739733
Au     7.187556530641    -7.751121014448    20.983140026662
Au     8.872262546987    -6.630098958404    18.758833625414
Au     5.001495376492   -16.089051057139    26.114692097119
Au     6.428632178252   -14.730105563947    23.671362379411
Au     7.215028072443   -13.403400673864    21.357788889503
Au     8.614651136351   -12.590146077230    19.148900854109
Au     9.986748378432   -11.004726245553    17.385349220264
Au    -4.282358102910   -12.630449051947    23.443099402204
Au    -3.563030186535   -11.584596337075    20.978474774436
Au    -2.071806884661   -10.109044597038    18.800276473968
Au    -0.908273004463    -8.873239319993    16.266183077147
Au     0.494622066892    -7.953696602626    14.079265844222
Au     1.196257057546   -10.657438328079    27.351917142118
Au     2.334812456659    -9.391266830448    25.182771228073
Au     3.560340123027    -7.991067031028    22.880103054919
Au     4.673067724152    -6.236469624848    20.399134390284
Au     5.997548416038    -5.174450104979    18.106246972412
Au     2.361278786246   -17.758786310475    25.976301785414
Au     4.098985418230   -16.598699228731    23.301488599676
Au     5.198938184416   -15.230674923449    21.144196018533
Au     5.982940525780   -13.843459000385    18.693858917090
Au     7.561453480075   -11.978406863653    16.505427783985
Au     9.500433820276   -11.010195608166    14.660331439081
Au    -3.456683233102   -18.083681887407    23.672554408089
Au    -2.974724955748   -17.047230989084    21.203026049427
Au    -1.508826432631   -15.835771459143    18.993281821447
Au    -0.830426618117   -14.488021948778    16.909879100828
Au     0.397513882968   -13.674369439973    14.452123966006
Au     3.597647162987   -12.115810033180    11.925651576480
Au    -2.663057094205   -13.499255228350    25.689744523562
Au    -1.582462471797   -12.794009354716    23.002646556174
Au    -0.586344805375   -11.202640972787    20.642162465818
Au     0.774243120454   -10.161716999813    18.265460725094
Au     2.112433524965    -8.702654884725    16.237202465253
Au     3.269831763478    -7.447395257757    13.944833163483
Au     1.368705824181   -13.350339798683    27.246304601214
Au     2.778584898784   -12.203736983054    25.272980825142
Au     3.694114848092   -10.700068763101    22.849134619855
Au     4.818105610332    -9.667512399888    20.567084314359
Au     6.368543753255    -7.773105527669    18.564814143557
Au     7.528396002683    -6.589788592104    16.230531474809
Au    12.093029477514   -10.900658748796    21.958320103377
Au    11.150844201321   -12.220954060755    24.186205030784
Au     9.954158537204   -13.277661649226    26.301129891596
Au    11.257891462617    -7.064166626176    23.717203568010
Au    10.268743810481    -8.046035062415    26.030756651565
Au     8.339627877171    -9.136268334538    28.411249372771
Au     8.200671381656    -4.941283283541    23.274732142938
Au     7.264864563601    -6.270973374639    25.382125232321
Au     5.909430752944    -7.683051851082    28.004204924812
Au     5.798329420560    -3.625522650572    23.017403644344
Au     4.859788586795    -4.702279512158    25.227126690455
Au     3.447022455663    -5.930156944818    27.360526162947
Au     3.413277042625    -2.397598727211    22.425379095441
Au     2.301296788123    -3.825325522200    24.420468930568
Au     1.023213769966    -4.922588014326    26.826488526622
Au     9.693379746989    -5.478573465891    25.546072351603
Au     8.435473831687    -6.590266174281    27.798476529305
Au     7.397387754383    -3.609172734507    25.729163538819
Au     6.099001287575    -5.025884550883    27.583900595163
Au     4.385832970170    -2.076768674762    25.263831378887
Au     2.843786034704    -3.188447231137    26.909284262982
Au    -0.803685416904    -2.784180529142    19.671797766642
Au    -1.840807847919    -4.084799434361    21.939380914561
Au    -2.842317297447    -5.359742740331    24.417106759862
Au    -2.071861787268    -4.336352737893    17.831210735424
Au    -3.424836350489    -5.653371423066    20.298871248280
Au    -4.432489023414    -6.889639225809    22.634178876522
Au    -3.214086325854    -6.174944963142    15.895763984643
Au    -4.850664942813    -7.399479777987    18.516237558680
Au    -6.213083183363    -8.801288490729    21.217159337100
Au    -4.914934037993    -8.369475796699    14.288746175953
Au    -6.222630163463    -6.632992909848    16.335442632779
Au    -7.682341729101   -10.152291262337    19.106779723297
Au    -3.434649575898    -2.637861759760    20.217467662363
Au    -4.813438972712    -3.970343032928    22.563717463647
Au    -6.246640498331    -3.608358188827    20.190964800398
Au    -6.205068390424    -6.105008356689    20.615334025775
Au    -4.724991022935    -4.735801455540    18.359003673439
Au    -7.288674750641    -4.841314417524    18.211953482954
Au    -4.108966910616   -12.360588911063    12.905401475313
Au    -5.367896089592   -10.933644142061    14.786825983909
Au    -6.580902583722   -11.919673109062    17.265396319663
