         216
 AuNiAgCu    E (eV) =  -775.506409       T (K) =   550.000000       time (ns) =  0.740000010    
Au    -4.012179627399     3.785779291319     9.423009296059
Au    -4.770961376367     1.213914791943     9.516245312385
Au    -5.392728644209    -1.610764612224     9.678669705125
Au    -6.038944453810    -4.500049834419     9.489616893210
Au    -6.718463086672    -7.399815126328     9.487353644594
Au    -7.397988233756   -10.199331916508     9.602796162667
Au    -8.111563948200   -13.118604237318     9.103485645677
Au    -8.776272965324   -15.663013988603     8.745271086565
Au     2.785659549705    -3.470457690931    15.038747099615
Au     2.254541105911    -6.040134576942    15.265555065363
Au     1.355869484491    -8.904451797728    15.368696001954
Au     0.159256978453   -11.501826998368    15.542532003299
Au     2.392296377285    -3.139575668756     3.951274337854
Au     1.775484309626    -5.957850983793     3.867076052127
Au     1.382447523048    -8.767757804049     3.787506207015
Au     0.513045714966   -11.739564676340     3.690073828362
Au    -7.841202552262    -0.922187365005     0.424258799872
Au    -8.781682021744    -3.678645949542     0.192117783587
Au    -9.290706691976    -6.498677933531    -0.101710407406
Au    -9.733144259197    -9.254115110629    -0.267186410486
Au    -4.897011550866     2.727441421000    11.871805797371
Au    -6.227665444784     0.243226216592    11.921571267343
Au    -6.830993186525    -2.921635251318    11.839945963522
Au    -7.247039454859    -5.939553660803    11.664714416330
Au    -7.805240262184    -8.507042143360    11.718202329706
Au    -8.741191826912   -11.745730135796    11.397227831233
Au    -8.942704133341   -14.517946188604    11.344018541786
Au    -7.061937643483     2.749459618892     9.715086356019
Au    -7.498422206533     0.184307918531     9.473282514114
Au    -7.902340968606    -2.470520175123     9.708594560186
Au    -8.710141792107    -5.122351122436     9.343732036694
Au    -9.255690908467    -8.051575120995     9.421847403222
Au   -10.057388952454   -10.900231295963     9.121562023403
Au   -10.627856098099   -13.506994764940     9.507660302276
Au    -5.087780414650     2.667969341315     7.291142680251
Au    -5.880304961733    -0.113530025829     7.311784705008
Au    -6.431978480868    -2.887227443233     7.261105744969
Au    -6.989981635373    -5.841566556781     6.892444087056
Au    -7.395537173626    -8.604031450373     6.975922341294
Au    -8.344790389387   -11.283503875800     6.828868936494
Au    -8.751995129926   -14.323418305235     6.460486496024
Au    -2.365049101994     2.033773138522     8.234171417434
Au    -3.155880491553    -0.748372389164     8.081680405406
Au    -3.814656721285    -3.606067767226     8.172863801339
Au    -4.423105668180    -6.395697138895     8.060829983419
Au    -4.911395420221    -9.200013443740     8.158338111416
Au    -5.632630757515   -12.161380110457     7.990290985343
Au    -6.358965200676   -14.829599225604     7.558421820083
Au    -2.538908355060     2.092414632854    11.051072353494
Au    -3.224082659457    -0.797735388201    11.093525118823
Au    -3.816891927379    -3.533363279683    11.007272676200
Au    -4.512768701810    -6.576607346849    11.040115043101
Au    -5.180529798865    -9.317427019865    10.826270402053
Au    -5.824824102398   -12.089063839576    10.936196748677
Au    -6.562321488314   -14.965347922563    10.510879916151
Au    -6.083995409560     1.456441940415     5.098330512560
Au    -6.721946002951    -1.447572829053     4.998396994087
Au    -7.120847489603    -4.121347757008     4.795346979425
Au    -8.106669084715    -7.125194652805     4.809841995499
Au    -8.540426906243    -9.857065306219     4.516767499173
Au    -9.254561922757   -12.522600866890     4.450193785069
Au    -0.706271035283     0.329787920416     6.815985506905
Au    -1.339957130440    -2.654976333907     6.681643553994
Au    -1.971842954775    -5.347691176062     6.913204631803
Au    -2.621343024863    -8.208410903377     6.809165571535
Au    -3.231520923129   -11.076740462777     6.717067676167
Au    -3.889154690808   -13.566925938722     6.560754872429
Au    -1.135881576215     0.392689279684    12.695640031504
Au    -1.610554201699    -2.691621654728    12.480767405485
Au    -1.998742346685    -5.416627459993    12.730744575466
Au    -2.628239669390    -8.189744833207    12.591189181554
Au    -3.601236501708   -10.974093914808    12.216469763083
Au    -4.131373228256   -13.759890661789    12.246383867526
Au    -6.628865551042     0.259050517529     2.829809593667
Au    -7.675488434533    -2.351553433540     2.597421579941
Au    -8.243803851008    -5.380168489769     2.482816285552
Au    -9.204296977104    -8.332427174428     2.171339111432
Au    -9.357571268615   -11.244012653965     2.090298676348
Au     0.899146572840    -1.251300215168     5.483345931117
Au     0.061964944682    -4.214802855721     5.161041115278
Au    -0.355476709289    -7.152296579163     5.487563305467
Au    -0.967642895160   -10.116358386094     5.328262618417
Au    -1.500837245350   -12.893494586817     4.941584803132
Au     0.841097004888    -1.575338429423    13.870365681618
Au     0.304590450580    -4.357243209848    14.170686871437
Au    -0.400757429857    -7.059283263210    14.302253484849
Au    -1.056392097307    -9.723820070105    14.195055714723
Au    -2.044448211547   -12.407721362222    14.112093106705
Au    -9.633335112999    -0.441941609303     2.653219977561
Au   -10.450085710252    -3.364597672714     2.535505899764
Au   -10.937995399891    -6.330357306149     2.581807625654
Au   -11.769819317755    -9.652604702081     2.457427480285
Au     0.052185591608    -2.694624072393     2.844592339375
Au    -0.506260484361    -5.430226508604     2.849865090628
Au    -1.173313279510    -8.069551796882     3.035281289138
Au    -2.049276573972   -11.193251654560     2.900164471506
Au     2.468852210212    -3.621272438782    12.412436296527
Au     1.845291795830    -6.414638710628    12.463756356176
Au     1.294626703163    -9.069967454743    12.716165015036
Au     0.261205776279   -11.811155131026    12.763904340785
Au    -2.806541862739    -1.942793856880     2.049288047713
Au    -3.427429883301    -4.996620104425     1.876878423219
Au    -3.902829683237    -7.934691118065     1.745938296419
Au    -4.674406450420   -10.711995575940     1.720036024430
Au     2.564665896291    -3.205140531105     9.701197672511
Au     1.858817190077    -6.367608606231     9.562675951251
Au     1.048571234912    -9.142384901642     9.771909561079
Au     0.670748892151   -11.693326256026     9.977700716652
Au    -0.802020973246    -2.706214237207    16.013004477616
Au    -1.463318250464    -5.157571568106    16.352441740788
Au    -2.142397154599    -8.010749778353    16.431074606817
Au    -2.684841373440   -10.697353889649    16.278126829288
Au    -5.389833010543    -1.533202420839     1.179974226720
Au    -6.307412405384    -4.378164474087     1.091609091153
Au    -6.723848694420    -7.322793654312     1.042852521970
Au    -7.384834654247    -9.960178300690     0.613591477864
Au     2.530708630704    -3.402251167859     6.782898502818
Au     1.922561615445    -6.031280070269     6.794214080563
Au     1.221093355087    -9.110759658706     6.938752797440
Au     0.631578837224   -11.858765814660     6.590323786900
Au    -8.605550268508     0.331258354509     5.037601438703
Au    -9.627380125286    -2.143827508756     4.927585934539
Au    -9.672855211113    -4.868230134562     4.867562195232
Au   -10.638614796453    -7.950990562578     4.613113875489
Au   -11.242426308161   -10.714507642480     4.898261470365
Au    -1.755032514936    -1.071988074021     4.370771426195
Au    -2.353904325809    -3.707194156982     4.110015782764
Au    -3.041003788541    -6.595225823858     4.465147480146
Au    -3.642239498614    -9.362237006467     4.194050385928
Au    -4.259342306397   -12.253508607253     4.107730658004
Au     0.822068797597    -1.901950749343    11.182512681982
Au     0.115380995461    -4.452859269381    10.952849474703
Au    -0.374282157956    -7.221710558518    11.297702126398
Au    -1.153149943854   -10.008528581053    11.219485405682
Au    -1.862124772247   -12.846490924238    11.249634044114
Au    -2.337138162194    -0.907440468581    14.455552286006
Au    -2.798774698650    -3.847747435029    14.625273602255
Au    -3.527188725477    -6.500264160320    14.723334016530
Au    -4.188207197665    -9.391167698299    14.407606357466
Au    -4.769709032822   -12.101586576211    14.395088253465
Au    -4.375985618786    -0.221455147800     3.658613421080
Au    -5.008104516391    -3.076927686879     3.192797236351
Au    -5.642333529606    -6.130951510133     3.465382049771
Au    -6.272093547543    -8.913061091672     3.198972002863
Au    -6.937798803724   -11.670048151540     3.173084149201
Au     0.528703681027    -1.501376448623     8.456342522688
Au     0.282181075106    -4.381670655583     8.269780147193
Au    -0.253042905739    -7.184281263991     8.260388523374
Au    -1.050460470474   -10.284947307424     8.413794314562
Au    -1.804169542340   -12.880527773038     8.362761012700
Au    -3.826320617895     0.862675689222    13.200799757825
Au    -4.693130135731    -1.767508306842    13.250019393607
Au    -5.030119213763    -4.573076993520    13.209133199307
Au    -5.600473912813    -7.317546427925    13.504158047253
Au    -6.447540402848   -10.310144576524    13.006914904681
Au    -7.088414042673   -13.241027160648    12.825587992890
Au    -7.862057049826     1.814329812499     7.388251776308
Au    -8.752906255174    -0.926057227042     7.428162034684
Au    -9.091413899845    -3.722953367838     7.230801150614
Au    -9.823535530576    -6.464186466457     6.916750675161
Au    -9.972859406140    -9.154828311703     6.948837431431
Au   -10.623220092463   -12.292336747209     6.865409461592
Au    -3.297445803144     0.817297096407     5.852894615891
Au    -4.069809837633    -1.924279451214     5.935013756230
Au    -4.545401670084    -4.632181353925     5.531398885637
Au    -5.201001458502    -7.703179701419     5.756408085527
Au    -6.013599042393   -10.507094450135     5.462207796145
Au    -6.483556507055   -13.319450233932     5.418025550681
Au    -0.545925970118     0.232426395826     9.902367838094
Au    -1.689099833195    -2.803991496061     9.454540096765
Au    -2.214560216814    -5.471558085957     9.874623688326
Au    -2.784345692500    -8.460565181269     9.770348443639
Au    -3.443931246804   -11.257463327554     9.581936960382
Au    -4.115400885517   -13.911918995115     9.409825761312
Au    -0.194061347677    -9.490405639923    17.449151096675
Au     0.538241055425    -7.061064858492    17.586393305168
Au     1.088162052668    -4.541780785064    16.970633424146
Au     2.502110932511   -11.075628862537    14.433207056760
Au     3.851916539523    -8.260506116106    13.870324186569
Au     4.147106690426    -5.326697548468    13.486579384933
Au     2.760365224896   -11.292985062937    11.577836797807
Au     3.441481300576    -8.262222794314    11.171606229579
Au     4.174665844120    -5.555154798193    10.907603055214
Au     2.704439777453   -11.042885816954     8.400961656182
Au     3.310899986389    -8.249275089682     8.307547308681
Au     4.173909867654    -4.922858622919     8.327038715369
Au     3.153883320970   -10.290169531122     5.780530911360
Au     3.545951398105    -7.744522951574     5.484815969064
Au     3.984742532837    -4.842079054251     5.303189125170
Au     5.156188347325   -10.180887513374    12.309036837485
Au     5.896856167839    -7.651762308013    12.164351056507
Au     5.054658855375   -10.071085520966     9.607666245823
Au     5.653147802482    -7.456618597983     9.663494817228
Au     5.408991526329    -9.688534318647     6.902188549772
Au     5.362658504329    -7.018440377131     7.074094137955
Au     0.060667893213   -10.144196387398     1.499362098271
Au     1.191493006567    -7.250905245984     1.620793986380
Au     1.649253739421    -4.633883004753     1.462743551361
Au    -2.307002853638    -9.657189755578     0.434214730860
Au    -1.782043812392    -6.810050857883     0.724326422202
Au    -1.070554089572    -4.047130296676     0.591069995424
Au    -5.197032523472    -9.025075267804    -0.584452054325
Au    -4.518020929690    -6.072325377626    -0.458101829851
Au    -4.141072608442    -3.189133390592    -0.441240300764
Au    -7.699742324974    -8.161896112938    -1.469142755372
Au    -7.064221662882    -5.378654991158    -1.448335610619
Au    -6.753752067164    -2.717292926443    -1.170239761751
Au    -0.054472369270    -8.616730662096    -0.616199066082
Au     0.465948471456    -6.023010926574    -0.676577553166
Au    -3.217962933474    -8.052817002186    -1.508901471887
Au    -2.243524468429    -4.859737455346    -1.519625184472
Au    -5.443818834246    -7.195454929799    -2.738965501862
Au    -4.721841681172    -4.541205758916    -2.679564676659
Au   -11.832298550616    -7.886867415910     0.625313695049
Au   -11.151259017391    -4.419563350137     0.178883056771
Au   -10.449494831572    -1.645517303110     0.266551074857
