         216
 AuNiAgCu    E (eV) =  -773.352539       T (K) =   550.000000       time (ns) =  0.730000019    
Au    -4.370114679321     2.892347673493     8.160146130026
Au    -4.387327641422     0.406748440137     8.234293393137
Au    -5.119566252787    -2.697211351314     9.089910637131
Au    -5.676534890362    -5.786420300174     9.162794941873
Au    -6.096096025280    -8.623594832917     9.238638813196
Au    -6.545725825045   -11.181857943033     9.433242513260
Au    -6.644620488951   -14.071688123068     9.356979962791
Au    -6.874698347970   -17.046265694901     9.466301809030
Au     2.801201446740    -3.790273857897    15.202563038273
Au     2.451830867616    -6.837834260153    15.255576445956
Au     2.151588309065    -9.561838678303    14.975058043121
Au     1.868064144950   -12.335975364764    14.843756398011
Au     3.023853827213    -4.982161562746     3.642270668412
Au     3.149517998415    -7.546737091858     3.417163283935
Au     2.118795104512   -10.083896405279     3.689568181832
Au     1.419837664627   -13.211318145803     3.539290739368
Au    -6.489907926036    -3.203887142701    -0.919384191240
Au    -7.827352520383    -5.380527129501    -1.238136497210
Au    -7.884946936221    -8.014032003916    -0.660076469415
Au    -8.883231937688   -11.158799585659     0.073304205807
Au    -4.689674384373     1.186999372210    10.703314169013
Au    -5.139428419811    -1.392006594702    11.447524428505
Au    -5.817644972324    -4.303658331243    11.339752915541
Au    -6.738550010537    -7.050104259102    11.375932680124
Au    -6.986182804332    -9.698399981704    11.846823616484
Au    -7.289588433974   -12.564018867432    11.688381729950
Au    -7.701018423485   -15.225923731251    11.368018186143
Au    -6.614166968842     2.235865162124     9.127413879336
Au    -6.916844189197    -0.561140957185     9.464574475190
Au    -7.532655207569    -3.542585269613     9.480606208061
Au    -8.292704275029    -6.407060829420     9.112314156382
Au    -8.556407969817    -9.112077013673     9.683072116546
Au    -9.128141604016   -12.750656982376     9.415393882197
Au    -9.439904609115   -15.902065958538     9.314762799646
Au    -4.171582268543     1.502092219187     5.767570365225
Au    -5.340721932751    -1.358128521433     6.251033854869
Au    -5.540220344932    -4.318449845864     6.735899193581
Au    -6.638824902234    -6.978682122528     7.046540832426
Au    -7.028802853038    -9.847597763173     6.945688281742
Au    -7.429050548224   -12.787399340672     6.854495261465
Au    -7.713954257785   -15.937460968159     7.289979130708
Au    -1.945878818426     0.651898416999     7.282587118348
Au    -2.720015221566    -1.748590069413     7.543063829031
Au    -3.230155927405    -4.908593908914     7.932353158897
Au    -3.774200387112    -7.612315296924     7.767109317397
Au    -4.154310031329   -10.332921288105     7.937553949337
Au    -4.444161750744   -13.308585146041     7.909989318203
Au    -4.885047542538   -16.021496741508     8.032110001643
Au    -1.956803531506     0.796321841127     9.969729404180
Au    -2.861966159756    -1.773015084156    10.084801924414
Au    -3.149399133790    -4.653484618539    10.508156880645
Au    -4.001305135151    -7.212502399063    10.775378141944
Au    -4.085581759986   -10.322306147363    10.621217377987
Au    -4.399201481142   -13.156429694854    10.983569773123
Au    -5.035448173683   -15.792083081539    11.117738962317
Au    -5.040139318185     0.283753878423     3.797782292590
Au    -5.665512436741    -2.691869091953     4.021210764157
Au    -6.646123412114    -5.480123889221     4.437575952633
Au    -7.239061887933    -8.137294941500     4.646652625432
Au    -7.560698216921   -11.447438753280     4.516417719594
Au    -8.211889058216   -14.261340432997     4.708912025604
Au    -0.281629682301    -1.150484152015     6.136863382155
Au    -1.086818561704    -3.799171702280     6.410349741739
Au    -1.569676622586    -6.632803818300     6.322229719194
Au    -1.782016232075    -9.439428497731     6.424825701932
Au    -2.359701853861   -12.392461786941     6.562788878201
Au    -2.760032499484   -15.222568676584     6.698543406849
Au    -0.314021342780    -0.363520352365    11.768685068598
Au    -0.986114647830    -3.412322787514    11.939955083248
Au    -1.376375225164    -6.205239379416    12.257244532545
Au    -2.037535194598    -8.859431089872    11.942082789397
Au    -2.260207447933   -11.785786421001    11.943193109752
Au    -2.692911669551   -14.929717511414    12.231800127345
Au    -6.028847470760    -1.813095752260     1.447838922116
Au    -6.758838983853    -4.212885423892     1.866617685640
Au    -7.849994143181    -6.903454847862     2.244330962741
Au    -8.018471544407    -9.435162080892     1.923719513365
Au    -9.025275945767   -12.711553437490     2.454252751723
Au     1.543816311824    -3.076025011992     4.876433657283
Au     0.657262684711    -5.596260056788     5.056785331540
Au     0.465505485048    -8.265327096489     4.838493917800
Au    -0.277045272137   -11.121667585189     5.078676671491
Au    -0.746436899251   -13.945719051614     5.323681955818
Au     0.968195722526    -2.294378852750    13.386814081676
Au     1.065443561772    -5.023350850162    13.568128517641
Au     0.536721538935    -7.813044133489    13.596498713046
Au    -0.083603749576   -10.804734792027    13.636804632919
Au    -0.323932477629   -13.676646897778    13.683828042367
Au    -8.299662106761    -1.922526347537     2.689790252895
Au    -9.597755062738    -4.488689314734     2.769648655745
Au   -10.244795293988    -7.668697255860     2.856888682124
Au   -10.377821189463   -10.477769190609     2.650113047902
Au     0.744119901203    -4.035017969159     2.444915980497
Au     0.247366024907    -6.944073010627     2.547573132966
Au    -0.502191229818    -9.724226189676     2.607935086261
Au    -1.343866357824   -12.759968745563     2.917888926627
Au     2.961753769418    -3.945987134913    11.772966158279
Au     2.585618153704    -6.923861027185    12.214771376369
Au     2.017428392074    -9.858342801950    12.287662729269
Au     1.775344832154   -12.738311351427    12.040494587206
Au    -1.895481058888    -3.834134747329     1.509172079273
Au    -2.776474039952    -6.333611686992     1.121803000645
Au    -3.137335804488    -9.360324762418     1.761607636905
Au    -3.921408653203   -12.200000887252     1.829172656179
Au     3.195736273257    -4.116746499385     9.035467852051
Au     2.596889835294    -6.931749311301     9.169468436300
Au     2.146543600491   -10.344426755176     9.333180718520
Au     1.952242240045   -13.132549088586     9.443855696181
Au     0.109230542866    -3.563781480864    15.640577498167
Au    -0.444269451223    -6.416190549764    15.869291530154
Au    -0.724426414905    -9.167238255210    15.820789645452
Au    -0.951587704027   -12.055291769180    15.902343514058
Au    -4.202532301588    -3.617190025959     0.267152955326
Au    -5.579731464988    -6.200660921375     0.427919806655
Au    -5.660852345037    -9.116356312711     0.623258822272
Au    -6.564603884028   -12.004905387495     1.220230208794
Au     3.206901421310    -4.603682120945     6.312827935162
Au     2.607309302082    -7.188355044714     6.302871216881
Au     2.252438654803    -9.830004230117     6.512361489061
Au     1.920338165514   -13.017198047051     6.355020598737
Au    -7.644763790951    -0.482047094758     4.776885570995
Au    -8.454008387675    -3.413636170066     4.855025494772
Au    -9.246383036372    -6.148394931115     4.828787355641
Au    -9.451600479034    -9.465603196312     5.096283533948
Au   -10.104090458951   -12.201162804258     5.154538660705
Au    -1.113107124825    -2.353488592851     3.956637306136
Au    -1.615415800266    -5.304115697194     3.792482897380
Au    -2.634377142589    -8.081970643998     4.142497621584
Au    -2.955647866021   -10.844231976798     4.251388671905
Au    -3.292545709726   -13.847622031449     4.216079612443
Au     1.389272992874    -2.313600659601    10.513612150900
Au     0.761442117534    -5.329239431646    10.593056948831
Au     0.346899036419    -7.849608669434    10.753202970900
Au    -0.130532253867   -10.814454825720    10.775685015812
Au    -0.512821630749   -13.748457796130    10.860280389369
Au    -1.533060827722    -1.686451984931    13.978186794581
Au    -2.003606749662    -4.575163665054    14.518503936787
Au    -2.464054844025    -7.344047915838    14.457865120857
Au    -2.732434454732   -10.382842191935    14.253605862672
Au    -3.004785417641   -13.139852927554    14.186986618039
Au    -3.448813321546    -2.009864228027     2.636333048877
Au    -4.240848005568    -4.651003280885     2.969696340704
Au    -5.047043897819    -7.404117909966     3.081873084276
Au    -5.374328587799   -10.363373087632     3.155424235453
Au    -6.010980185178   -13.354458315395     3.329382457337
Au     1.273791048958    -2.563993818530     7.630386482821
Au     0.968160768279    -5.230980891442     7.925407465487
Au     0.471801199162    -8.169558636093     7.937820672229
Au    -0.029581479910   -11.146796229342     7.937944567099
Au    -0.551044125162   -13.979235395552     7.868397450762
Au    -2.998246589343    -0.074233371410    12.335848290120
Au    -3.723859671867    -3.050604627798    12.806954005511
Au    -4.171093285618    -5.898723748379    13.085258838003
Au    -4.506162842230    -8.680578267177    13.275522832870
Au    -5.038266764304   -11.310348048131    12.787323459560
Au    -5.567185568251   -13.950104762331    13.133385717608
Au    -6.864933611081     0.557013606665     7.006540912901
Au    -7.838672438152    -1.889450578405     7.430658027805
Au    -8.393120726620    -4.669782495052     7.123560060576
Au    -9.171572762642    -7.903658598578     7.133146060671
Au    -9.521613115972   -10.770371849416     7.644289376297
Au    -9.697180959386   -14.027034419590     7.117531384306
Au    -2.523193014140    -0.464763979315     4.946825404198
Au    -3.279607053572    -3.323322253798     5.327749477006
Au    -4.000181594642    -5.972697554517     5.378742085360
Au    -4.867347669191    -8.924770719479     5.417832651651
Au    -5.130384412532   -11.924629188797     5.535742144663
Au    -5.770977296543   -14.736991324874     5.745281533681
Au    -0.217879574913    -0.649487609883     8.814709013694
Au    -0.923862133314    -3.557032056542     9.215962930162
Au    -1.353710757200    -6.779737573841     9.108798330087
Au    -1.887154036298    -9.281631756032     9.124354218373
Au    -2.199929311704   -12.281187974358     9.248155351193
Au    -2.739311855566   -15.149592171035     9.646905212947
Au     1.408303303529   -11.085385958560    17.114344215856
Au     1.265047638289    -8.188746158804    17.380182427553
Au     1.642966842471    -5.248073349675    17.191969538038
Au     3.929843053092   -11.439425556940    13.654579598164
Au     4.715017260419    -8.599220544102    13.704708611621
Au     4.321534341677    -5.721649608528    13.744169238766
Au     4.037577526844   -11.815450101063    10.760325363463
Au     4.637585324379    -8.643175880006    10.915012093839
Au     4.664977747005    -5.730846568700    10.791314433547
Au     3.991797949509   -11.920184552500     7.753749025925
Au     4.340771089520    -8.712393516987     8.107643421127
Au     5.052534378800    -5.871553672044     8.218030628994
Au     3.875029773631   -11.517825748980     5.022783046390
Au     4.435440529748    -8.931486989612     5.279134277069
Au     5.050539338355    -6.340139762956     4.844792391424
Au     6.692674263013    -9.941506031108    11.802888988683
Au     6.369478708030    -7.174798089853    12.427937568146
Au     6.027310085127   -10.723256517774     9.534161386369
Au     6.719455222205    -7.522173155806     9.683862222508
Au     5.991948625199   -10.528261605860     6.653429380107
Au     6.495086367883    -7.653915513434     6.833199654524
Au     1.144495788001   -11.506439810319     1.530975668250
Au     1.837434647584    -8.914076613308     1.262008235509
Au     2.427405360407    -6.102012275079     1.134297135286
Au    -1.595646151587   -11.392549570137     0.606181517544
Au    -0.783031440559    -8.215680072470     0.374354728358
Au    -0.009533308482    -5.344258451483     0.109896506447
Au    -4.243640651427   -10.871478029305    -0.596088375091
Au    -3.417593119367    -8.074194631575    -0.972965339547
Au    -2.470798256274    -5.223829338483    -1.153910733078
Au    -6.763001437020   -10.295891585563    -1.730341093571
Au    -5.879249569557    -7.805654543885    -2.325652427306
Au    -5.148218818397    -5.273584623683    -2.189596437597
Au     0.758608440807   -10.184200611918    -0.830478823500
Au     1.427361180760    -7.496280224178    -1.023658753487
Au    -1.714873373964   -10.230819482710    -1.835223107451
Au    -1.149029692025    -7.202330031807    -2.106928213584
Au    -4.335735196606    -9.803419368447    -2.943067861003
Au    -3.553650475294    -6.977934072749    -3.376752489581
Au   -10.284601066149    -8.884364646327     0.402947904985
Au    -9.646625101319    -6.248295223269     0.554134269277
Au    -9.100312518416    -3.716957363809     0.377383034963
