         216
 AuNiAgCu    E (eV) =  -773.145386       T (K) =   550.000000       time (ns) =   1.72000003    
Au     3.360493525826   -17.343319807970    25.622706054383
Au     4.351499904679   -14.285413620438    25.255515499015
Au     5.432341610090   -12.619254946446    23.321747598831
Au     6.477669463291   -11.154937526871    21.131539592294
Au     7.214492119542    -9.460920704513    19.186308597121
Au     8.611740838755    -7.493440756714    17.185556927003
Au     9.928043265732    -6.044630208824    15.079264346108
Au     8.197219306126    -8.339406118596    11.256731666308
Au     6.813380298967    -5.647353719467    30.001581868194
Au     7.684008313028    -3.919286594583    28.450043630460
Au     8.879971192272    -2.368952635883    25.853306272645
Au     9.773864699998    -0.620451332894    23.936508670885
Au    -2.804905907132    -6.643548188383    23.480666582148
Au    -1.680018926391    -5.304861079349    21.528135011257
Au    -0.519277469530    -3.647688330789    19.670342347855
Au     0.428757738322    -1.820883904618    17.769111189209
Au    -1.630396788240   -15.771429022031    16.846705603178
Au    -4.471938810198   -10.859805004732    15.037378479219
Au    -2.171682805441   -11.895567577567    13.956060883532
Au     1.119277598711   -10.556212214913    11.100850293102
Au     3.629512461395   -15.403059920601    27.523265182538
Au     6.989330619818   -14.882340034243    24.292737420052
Au     8.074540238847   -13.394727814988    22.273149057892
Au     9.068599384110   -11.602503187291    20.389412125106
Au     9.907959910406    -9.993915989813    18.206644868603
Au    12.215545090028    -5.401910499607    16.865795210686
Au    10.834657131979    -4.417589941850    13.159266982984
Au     5.851940601050   -16.472050557035    25.983865300213
Au     4.697260379806   -16.600361065743    23.375518607070
Au     5.950840252286   -15.001247403605    21.354329543619
Au     6.866646727910   -13.043645125982    19.428255653428
Au     7.869393142112   -11.516912885990    17.600885774706
Au     8.894055631829    -9.925556874721    15.551772136809
Au    12.247567574371    -6.465313604468    14.010647570526
Au     1.665406111618   -15.263549157086    25.346045828832
Au     3.035944204166   -14.401632318652    22.939963271137
Au     4.165765673483   -12.611693872853    20.653226326899
Au     5.162298870379   -11.167122786424    18.340766679143
Au     6.462189610821    -9.044962987260    16.687165741049
Au     7.475666474348    -7.636923667297    14.441005014458
Au     9.885377214787    -8.162981471761    13.540010955414
Au     1.723110642489   -13.234730757122    26.879259888389
Au     2.654165882660   -12.049001809606    24.560470286982
Au     3.595461306870   -10.609080726902    22.322450775778
Au     4.557860084427    -9.062081758602    20.436683418266
Au     5.885800865172    -7.124311307939    18.479253587612
Au     7.346147387646    -5.094197520377    16.338713536148
Au     8.764557216129    -5.918802623054    12.525850009206
Au     4.093391069542   -12.941469868129    28.316939324846
Au     5.037714427510   -11.627426930777    25.827062860521
Au     6.229863108983   -10.126718194825    24.026825524253
Au     7.007960099175    -8.590998349163    21.905706373506
Au     8.371244566415    -6.846523085745    19.806224296863
Au     9.612098939689    -5.005380150027    17.706855390353
Au     8.283490813895    -3.613551571597    14.230981772805
Au     0.286374828354   -14.986503589316    22.410599973223
Au     1.983866951654   -14.407895997514    20.196697152563
Au     2.936709654143   -12.873537387768    17.814396238792
Au     3.997966656081   -11.098108400176    15.836369824479
Au     5.039715933850    -9.197353915513    14.049551136078
Au     5.907557692527    -7.493027383150    12.022147024821
Au    -0.133496122727   -11.018892200768    25.908235528183
Au     1.071619395045    -9.895016474490    23.631220183703
Au     2.286509641158    -8.148590663892    21.592279896274
Au     3.575174337225    -6.842931427115    19.520280507106
Au     4.755508679754    -4.810493075193    17.441937990626
Au     5.615177228995    -3.092425380711    15.250191528004
Au     5.103386372528   -10.384966228353    28.851250433967
Au     5.718267016073    -8.928892825451    26.791202220880
Au     6.954372921711    -7.196060188460    24.656151158866
Au     8.273019149670    -6.027192701600    22.584742899138
Au     9.632881896797    -4.363942793048    20.628145735914
Au    10.744217077385    -2.760648630644    18.888946658010
Au    -0.408253406983   -15.429339414249    19.628880733571
Au     0.667852895681   -14.261842470256    17.491196109366
Au     1.702650782057   -12.788369697157    15.270755209714
Au     2.685879695797   -11.099560049042    13.411009263866
Au     3.733877448437    -9.327776666826    11.623789301795
Au    -1.305216342446    -8.936163675052    24.537554291920
Au    -0.155697440417    -7.458320139423    22.677187834591
Au     1.066766379411    -5.921319880684    20.292433364294
Au     1.979818179597    -3.901737672424    18.384421445032
Au     3.531329075666    -2.367247307926    16.847596149397
Au     5.658031624290    -7.920696369579    29.359767277274
Au     6.753542879910    -6.473349991455    27.212704249739
Au     7.837833010539    -4.724829050731    25.157731675840
Au     8.944686730717    -2.986640814635    23.175049080869
Au    10.082637107298    -1.375638114219    21.183738168793
Au     0.185477463092   -17.636192705173    17.986763245763
Au     0.750989261000   -16.307218380894    15.810424539401
Au     1.922241159888   -14.899118042201    13.747087170201
Au     5.339877927581   -11.238452068530    12.477176472981
Au    -2.541100597945    -9.086695542850    22.048380393972
Au    -1.553565781178    -7.562249097798    20.083404375433
Au    -0.168900995068    -5.579559880115    17.825037993174
Au     0.728994487474    -3.519300334063    15.711923930691
Au     4.219483852615    -5.871866070665    28.592688339834
Au     5.216211640027    -3.991423533731    26.422558839635
Au     6.366441737736    -2.079802139299    24.272096474866
Au     7.820790938266    -0.442264654667    22.199002599246
Au    -2.473332547083   -11.338819232824    20.326569109341
Au    -1.305001590195    -9.580663447511    18.309308115941
Au     0.153765172958    -7.916585345190    16.123200618004
Au     1.360757660180    -6.148296919836    14.132142152652
Au     1.674510006129    -6.054173621896    27.150631380123
Au     2.698100288542    -4.492656267178    24.889773931630
Au     4.305745177229    -2.537957953177    22.761229209665
Au     5.309194003752    -1.055956510089    20.936315522129
Au     8.194990381684    -9.023904486292    28.117607713147
Au     9.333921525872    -7.318116638500    26.136227202202
Au    10.339954656084    -5.454370688943    24.196822525938
Au    11.427249106191    -3.572658490000    22.383537661169
Au    -2.293810296838   -13.664920442991    18.547969869225
Au    -0.965927954358   -11.862664995606    16.830081030037
Au     0.115770230276   -10.355956411023    14.300905143290
Au     1.727070285506    -8.611498003000    12.837767755909
Au    -0.564564155921    -6.374244578428    25.171875234480
Au     0.576751061903    -4.778330779577    23.003747488712
Au     1.947840287434    -3.216720427725    21.181491952631
Au     2.849895779237    -1.628841709645    19.390191682318
Au     0.760879899004   -17.521199183163    20.547678602663
Au     2.357511526209   -16.328832767241    18.339996713961
Au     3.160736100389   -14.874036222638    16.226219672734
Au     4.305450318180   -13.233343688074    14.000211995233
Au     7.925309654787   -10.637027736737    13.085588149166
Au    -1.165664779184   -11.356219833435    22.893163791950
Au    -0.121703673141    -9.674502923193    20.973337968408
Au     1.045107314014    -8.311750555587    18.727448662650
Au     2.216308580232    -6.213138802126    16.608489720948
Au     3.218744691946    -4.300649003732    15.077851391141
Au     3.466222758374    -8.454372248352    27.915014832744
Au     4.332641283104    -6.675013450032    25.837711985364
Au     5.392112821589    -5.078272562035    23.757591113065
Au     6.805822946654    -3.225001190934    21.750519348442
Au     8.008747510826    -1.814886203081    19.690130321014
Au     7.007054207600   -11.543441950967    27.501679393414
Au     8.352910885459    -9.899400032154    25.642107045788
Au     9.253722484088    -8.308021298794    23.524130796227
Au    10.768790376123    -6.411997052732    21.751982664372
Au    11.891931336547    -5.146790462549    19.525373255910
Au    -1.587745648003   -13.667498185245    21.484583311242
Au     0.078231816425   -12.294476098637    19.463398278236
Au     1.413671948413   -10.382521959387    17.243193205017
Au     2.734333288423    -8.476844535289    15.143051020221
Au     3.723929998418    -6.477860892746    13.105923485953
Au     0.962823477586    -8.657916493072    26.235847467663
Au     2.093902050619    -7.189958094755    24.363052810142
Au     3.256956290311    -5.611096158929    22.039020036972
Au     4.745605884190    -3.677193823530    20.050447646804
Au     5.754856116832    -2.124259898287    18.066653255485
Au     6.329440076832   -13.986796393697    26.845468288558
Au     7.952525650037   -12.529779867117    25.064113636855
Au     8.630513453701   -10.935952958770    22.977883340446
Au     9.740441063202    -9.040484115870    20.847630563976
Au    10.873162666188    -7.342981878562    18.761062843236
Au    10.652266886652    -3.546821781938    15.672277332536
Au     1.909364040421   -16.933790845372    22.855333385348
Au     3.636058013544   -16.386724122941    20.949859867182
Au     4.784882633207   -14.671987876635    19.063640294079
Au     5.574078455864   -13.444846999307    16.712125217617
Au     6.661945035751   -11.602627460473    15.045935491901
Au    11.049045646405    -8.258979253520    16.082874964484
Au     0.129711359176   -13.430109929613    24.560010631234
Au     1.538210833964   -12.210679510931    21.953921083805
Au     2.510138823153   -10.654110819711    19.638596258059
Au     3.656305925902    -8.731269316904    17.608316241019
Au     5.121344353639    -6.736630668391    15.521458448461
Au     6.501613683576    -5.247413557580    13.707721847597
Au     2.528837107468   -10.874978931126    27.547220988425
Au     3.371020192214    -9.375578316125    25.207868911393
Au     4.608097865933    -7.862127100071    23.251054665279
Au     5.916460915753    -6.044278031319    21.049637042333
Au     7.157453613799    -4.488241466323    18.901906231297
Au     8.368033815282    -2.563693459495    17.031538433566
Au    11.481124601960    -3.176703670140    24.831611135462
Au    10.152565151489    -4.719951031485    26.783387364570
Au     9.020280393364    -6.462884583843    28.623352947086
Au     7.522184401529     0.023791707078    25.213042309060
Au     6.312244634360    -1.596059782545    27.049327941094
Au     4.994935608014    -3.410257592919    29.125494320304
Au     4.469619778670     0.333144113123    23.619401520248
Au     3.712373922351    -1.508260425813    25.525589898429
Au     2.697675986614    -3.370335809615    27.528937622254
Au     2.608513561607     0.034991061885    21.798570306954
Au     1.555246733274    -1.891958910178    23.653371311392
Au     0.333630712527    -3.920695131702    25.584747020414
Au     0.618562527973    -0.653371953975    20.243630762168
Au    -0.833488556119    -2.223594087180    22.356820168098
Au    -1.932321351933    -3.993942834216    24.227236511290
Au     4.338185432611     0.930568075888    26.382439097051
Au     3.769599966914    -0.998800817689    28.034481373286
Au     1.906159657259     0.466960424193    25.064509732917
Au     1.174825594474    -1.347072743095    26.860139000097
Au     0.181251273530     0.185365554804    22.927653002868
Au    -0.793196323965    -1.419848862855    24.905827879978
Au    -1.570651468967    -3.449904954578    17.024530239060
Au    -2.922005293832    -4.909679918165    18.949102166035
Au    -4.065018266344    -6.721190847456    21.082395561772
Au    -1.180346975630    -5.477774875234    15.176574632516
Au    -2.298774865607    -7.238543035218    17.360526512720
Au    -3.841272157768    -9.171487185577    19.480482174116
Au    -0.950909707168    -7.564520421838    13.400799950399
Au    -1.996119151467    -9.563374917320    15.568458412708
Au    -3.414863816686   -11.221735565945    17.648822137460
Au    -1.240121540506    -9.987621717208    12.098432730883
Au    -3.532950008150    -9.322507958591    13.213447345405
Au    -3.495788598664   -13.248088295446    15.898334402632
Au    -3.770137312762    -4.732991125677    16.508883028083
Au    -4.706025329143    -8.876768508885    16.706739095719
Au    -5.964639762180    -6.568306384028    16.201519956297
Au    -4.788587529213    -6.762079705003    18.523407664920
Au    -3.629153380059    -6.926750868182    14.836401348322
Au    -5.708232612560    -8.513623486333    14.114910867645
Au     2.731391051353   -13.387919380121    11.913762665118
Au     0.190718055379   -12.700102458571    12.778162008870
Au    -1.003901290721   -13.981545770928    15.090423134104
