         216
 AuNiAgCu    E (eV) =  -775.742188       T (K) =   550.000000       time (ns) =  0.629999995    
Au    -1.476382804882     2.605101061262    13.779808077132
Au    -2.627414846176     0.090261084013    13.610775989750
Au    -4.007406185230    -2.415327585844    13.091446433640
Au    -5.416664950440    -4.814380146119    12.568936951567
Au    -6.472597680631    -7.596534232378    12.006132885131
Au    -7.755148451757    -9.951203668522    11.467362238124
Au    -9.083350953119   -12.530666835402    10.696222861367
Au    -9.827397109986   -14.934722927373    10.079860875034
Au     4.896113424111    -6.795872936460    14.713085972374
Au     3.585202804497    -9.585471938093    14.431138680510
Au     2.477707456234   -12.235097550373    14.090949847965
Au     1.042295856301   -14.484529181736    13.009722795501
Au     1.310482497951    -3.203284615235     5.244808921607
Au     0.093844458664    -5.767055302338     4.342774096735
Au    -0.869259569391    -8.160365478896     3.667509942341
Au    -2.241453111320   -10.679651497333     3.040728157985
Au    -8.839914014005     1.850211172884     5.474577633414
Au    -9.913098810066    -1.006517690926     4.828467967414
Au   -11.062801226902    -3.396884134983     4.317822984185
Au   -12.337588694819    -5.841858967683     3.619301907491
Au    -2.158733349746     1.067517379059    16.225523605361
Au    -3.447145488770    -1.421581865852    15.643828667384
Au    -5.193001818599    -4.248734725603    15.008674360498
Au    -6.339611835238    -6.954854157030    14.910925137942
Au    -7.295888420332    -9.082155002251    14.054980158602
Au    -8.323411122435   -11.757992227327    13.491072323783
Au    -9.488153931436   -14.169044154576    12.615759185627
Au    -3.904413735499     2.212604927907    14.582637104199
Au    -5.568887467395    -0.071643879883    14.208977722291
Au    -6.681708745806    -2.528878431847    13.525618516421
Au    -8.035476235891    -5.322958910215    12.852797287018
Au    -9.180692103035    -8.007002577578    12.262924961338
Au   -10.395074616309   -10.602055118906    11.831749862695
Au   -11.559204867469   -12.987038098353    10.725937469533
Au    -3.541731762370     2.586234098791    11.926832124426
Au    -4.569355994702    -0.090438253472    11.360088425891
Au    -5.891866296323    -2.745072019414    10.999099687049
Au    -7.128819392637    -5.013360103469    10.266182226843
Au    -8.204811149910    -7.808352531928     9.776574790305
Au    -9.479063393729   -10.428101191272     9.189138705726
Au   -10.408233456724   -12.948213330442     8.202776440494
Au    -0.696879781914     0.949806422118    11.867059657639
Au    -1.910385931276    -1.403773244573    11.207892578895
Au    -3.464144928254    -3.782844435008    10.755446830496
Au    -4.711717314448    -6.365786898734    10.303778527984
Au    -5.641557252706    -8.949749383595     9.807219436348
Au    -6.866884462243   -11.746235502473     9.020755920800
Au    -7.826579398166   -14.242653265869     8.292987730711
Au     0.037395113108     0.391775279984    14.694062446280
Au    -0.961307467000    -2.708796741730    14.353736508000
Au    -2.692058173267    -4.812844581782    13.557718140682
Au    -4.061895438492    -7.297254876722    13.309768560615
Au    -4.852224828800    -9.897077618436    12.261413903884
Au    -6.252329542956   -12.350872020653    11.705298729231
Au    -7.271758908168   -14.862860076378    10.902189792331
Au    -5.208392798259     1.959076470809     9.807178469244
Au    -6.710689038263    -0.453819887379     9.232867864401
Au    -7.817307319769    -2.763816383395     8.715045188756
Au    -8.901382414297    -5.511988175229     8.282548517954
Au   -10.070502677774    -8.122224741207     7.576397986782
Au   -11.362633934024   -10.651935818208     6.713373180187
Au    -0.070893847086    -0.292629819590     9.659750444007
Au    -1.172081083588    -2.820958341005     9.237115068443
Au    -2.941229618298    -5.273937328274     8.453162178160
Au    -3.704051164046    -7.899992105119     7.877479364047
Au    -5.065298090047   -10.548397127546     7.273801750223
Au    -6.163602012033   -12.957818523317     6.443255247112
Au     1.748667377301    -2.150705375675    15.071652967777
Au     0.379670946584    -4.912893171345    14.256250890069
Au    -1.290134060848    -7.417304127915    13.933051259461
Au    -2.392592495580    -9.870682328402    13.306299830971
Au    -3.450015237571   -12.424760795008    12.573857694743
Au    -4.757954452769   -14.826986081084    11.876280488609
Au    -7.328561819228     2.062663441190     7.475787204693
Au    -8.415782331512    -0.550780588957     7.009913915585
Au    -9.607594491322    -3.385054058778     6.608265963800
Au   -10.867903353089    -5.664214200498     6.002087934149
Au   -11.663819185370    -8.365007092217     5.284130393345
Au     0.769444841343    -1.600110426730     7.143374166618
Au    -0.374884948419    -4.288687853892     6.958307156912
Au    -1.909450550875    -6.918040705201     6.043095408102
Au    -2.921827658784    -9.429918685429     5.366584414039
Au    -4.034105151095   -11.860810755745     4.862105322500
Au     3.211081175509    -4.723880930842    15.019026185529
Au     1.911269345678    -7.242781550119    14.373110348008
Au     0.505168126354    -9.967688296761    14.127406279278
Au    -0.909494590173   -12.390764038807    13.284327123268
Au    -2.304261640872   -14.941813537771    12.682446801334
Au   -10.134713826787     1.622335608285     7.884670799806
Au   -11.156409666203    -1.147292463129     7.978869175078
Au   -12.292544527344    -3.730654325649     7.695852332018
Au   -13.379163891791    -6.531299432255     6.141217115494
Au    -1.024890465557    -2.009803662001     5.164398011402
Au    -2.546433501590    -4.598101120370     4.317663047214
Au    -3.545962568494    -7.293651831744     3.759649287146
Au    -4.913745546462    -9.631972542025     3.162439629430
Au     3.689167731236    -5.874684458620    12.554692504478
Au     2.435236984879    -8.704960206546    12.063621945678
Au     1.417563864486   -11.162066603957    11.728378371260
Au     0.045443044792   -13.674790367316    10.812652603536
Au    -3.713988562238    -0.766931861395     5.404285643603
Au    -4.948006766796    -3.205109629168     4.496969698923
Au    -6.254150211847    -6.202944374886     3.908501572531
Au    -7.450889042341    -8.569728682003     3.047632276761
Au     2.842691679902    -4.936437633584    10.219648006162
Au     1.770794597569    -7.498451202418     9.583314445024
Au     0.328343968062    -9.825160427822     9.392298246828
Au    -0.878211585433   -12.545229372000     8.472676532581
Au     1.657168636193    -6.044583342148    16.890403837898
Au     0.638032094025    -8.680630362306    16.588939808648
Au    -0.661449114072   -10.987424696401    16.487320392385
Au    -1.588062489257   -14.390646728139    15.189697177940
Au    -6.427078312462     0.875651457722     5.211338973345
Au    -7.479102168339    -2.117289830111     4.816577813195
Au    -8.632262316813    -4.801279278225     4.044812174627
Au    -9.971379439308    -7.184716694160     3.462414675073
Au     2.350161541562    -3.833516881408     7.678366663440
Au     0.915961226908    -6.613102963632     7.044633493589
Au    -0.374345374883    -9.139962896867     6.438116440714
Au    -1.428759104510   -11.890205811415     5.549303374140
Au    -8.049577481113     1.681758911671    10.140610374670
Au    -9.393833041429    -0.601823025977    10.121659289507
Au   -10.466469846090    -3.316478944371     9.738154834855
Au   -11.878888184509    -6.137232038785     8.643323412570
Au   -12.743467505716    -8.677676557612     7.949916660295
Au    -1.902799173626    -0.663940789838     7.386538106538
Au    -3.122634129755    -2.976928132367     6.832898190958
Au    -4.474510020515    -5.611059656195     6.106964953518
Au    -5.543604029468    -8.436284851627     5.550146427916
Au    -6.787291091414   -10.772551231488     4.947770159010
Au     2.243657313567    -3.620032143720    12.600810757299
Au     0.898320585906    -6.310044791425    11.994910961743
Au    -0.319092919824    -8.788408166004    11.725153782674
Au    -1.624436364398   -11.141443715691    10.725452857366
Au    -2.693260963522   -13.756117678489    10.045898605370
Au     0.499006682872    -3.613787282249    16.774214534669
Au    -0.841007939560    -6.135709578264    16.437722449481
Au    -2.228481393417    -8.819964305173    16.040079817968
Au    -3.157955510428   -11.429288871672    15.272375104190
Au    -4.232094336028   -14.060368334188    14.582484599563
Au    -4.723485628841     0.807548908799     7.486550447805
Au    -5.610996381935    -1.793417214197     7.016840998453
Au    -6.903232633236    -4.218845099982     6.293014463516
Au    -8.090787977859    -6.923844308924     5.736044671868
Au    -9.221394372636    -9.438108965837     4.917672084372
Au     1.387193669859    -2.427566915847    10.006426801811
Au     0.319437226516    -5.071589664275     9.348546993377
Au    -1.143393174262    -7.330357520343     8.808884976660
Au    -2.095669200680   -10.256608526569     8.124133993170
Au    -3.420051275228   -12.671440828894     7.554047008169
Au    -0.698761773142    -1.176920114237    16.544746632306
Au    -2.754152238974    -3.890810666740    16.395223197173
Au    -3.766887297037    -6.338874959516    15.962866138788
Au    -4.753361084344    -9.333165054679    15.243954385662
Au    -5.712898933834   -11.543476539514    14.215268705767
Au    -6.877010530593   -14.008892883989    13.687817635283
Au    -6.020538616371     2.139385367775    12.359236306813
Au    -7.317628918243    -0.328948158714    12.003399281483
Au    -8.597162420292    -2.895821799766    11.320923817476
Au   -10.258661384741    -5.649231544261    10.737829087833
Au   -10.892942797487    -8.380289559796    10.215914060473
Au   -12.112757189240   -10.780533054212     9.374764342228
Au    -2.522700626430     0.868358336673     9.764224725926
Au    -3.885673750113    -1.569953350080     9.112551459823
Au    -5.303103339128    -4.131644482980     8.633086021215
Au    -6.205850236644    -6.652199839050     7.736689382757
Au    -7.620253368287    -9.539707554347     7.329136427058
Au    -8.630716110585   -11.896647315163     6.577549103702
Au     0.669074372528    -1.263589876496    12.659212637427
Au    -0.473184746596    -3.848334000348    11.814431763092
Au    -1.914487492530    -6.239652800285    11.411350085380
Au    -2.888662994503    -8.784505453835    10.573180164167
Au    -4.122372331645   -11.426562423645     9.911133283106
Au    -5.376202448380   -13.957209559880     9.136015970478
Au     0.525410618442   -13.102696029649    15.453567316947
Au     1.931519034200   -10.879237474577    16.274067856683
Au     3.233617242971    -8.210560486157    16.693211258322
Au     2.879088753393   -13.435280078601    11.278947193672
Au     4.217662110034   -11.234825178056    12.116516744863
Au     5.115671280010    -8.301263912001    12.512484268973
Au     1.765298418744   -12.530712331988     9.146492986018
Au     3.092986461620   -10.029236778497     9.885403197922
Au     4.359181872231    -7.541003540229    10.345576702683
Au     1.093268292106   -11.495201699279     6.628646963318
Au     2.336093799910    -9.220073926777     7.584293008249
Au     3.661829400932    -6.413095196977     7.619680870097
Au     0.645399601963   -10.582812553810     4.281797015702
Au     1.773240320980    -7.949622257561     4.752137487382
Au     2.822932286686    -5.447100249275     5.208677083243
Au     4.806633705318   -12.240262989466     9.686442114506
Au     5.911314429540    -9.896149869588    10.263663433604
Au     3.778543159042   -11.591943000132     7.345217205270
Au     4.852365608378    -9.261951049815     7.955822507288
Au     3.290129390176   -10.445408649082     5.095053196645
Au     4.270456347124    -8.096359151568     5.465569958681
Au    -2.761393935580    -8.743496436407     1.511008999152
Au    -1.435858951426    -5.916946880475     2.121592993993
Au    -0.433113876197    -3.245293843220     2.663448379428
Au    -5.321944663991    -7.567663983742     1.553532895806
Au    -4.178045674320    -4.930674077990     2.033490407846
Au    -2.850024129436    -2.207998480929     2.892442028726
Au    -8.066746399459    -5.913087070737     1.521507451800
Au    -6.672009407697    -3.691866534772     2.296384401407
Au    -5.402284886238    -0.866148342758     3.375312806112
Au   -10.438554403833    -5.037121130757     1.935059356134
Au    -9.048413298400    -2.525212415628     2.475879302787
Au    -8.053799986577     0.323441772782     3.289239517193
Au    -3.364021222043    -6.666316356211     0.102616674429
Au    -2.269264358441    -3.880045374752     0.697832668022
Au    -5.729765333891    -5.128161371564    -0.054083930188
Au    -4.552673205336    -2.705102277806     0.577127534928
Au    -8.390957911876    -3.710679273559     0.022741365983
Au    -6.985541821046    -1.214508611257     1.241503005714
Au   -13.778943408948    -4.079850305031     5.178964986909
Au   -12.591507977560    -1.812961887428     5.943840959400
Au   -11.383734385530     0.884653051564     5.950205586690
