         216
 AuNiAgCu    E (eV) =  -773.976624       T (K) =   550.000000       time (ns) =   1.08000004    
Au   -10.837481977620    -1.763741668139    19.710105283713
Au    -9.494455807466    -3.929417453497    18.217707005339
Au    -8.081331018276    -5.824902853338    16.346070616747
Au    -7.026375093808    -7.821685836455    14.808170153658
Au    -5.921351092924    -9.869927503041    12.937116829484
Au    -4.588351571624   -11.979078210407    11.616988932356
Au    -3.330589892012   -14.090340704640    10.147322148435
Au    -1.998754859111   -15.977854201793     8.765032486355
Au    -2.497533465126    -8.094175469997    24.029975330136
Au    -0.785195344770    -9.697653315589    22.725447421362
Au     0.727357199542   -11.733831620505    20.714428675907
Au     2.028748209795   -13.660499281422    19.022953974927
Au    -0.473388233373     0.211128094945    15.314036125800
Au     0.995470519125    -1.656512965451    13.956186262873
Au     2.253742064306    -4.051452526955    12.283547937197
Au     3.376797833305    -5.993944511293    10.820630929228
Au    -9.629009539530    -0.134727214475     8.495349597900
Au    -6.779565149575    -1.903187938504     5.663478769745
Au    -6.027314990403    -4.279146214579     4.318865233476
Au    -5.384055086939    -6.804032780953     3.665014306129
Au   -11.499707202361    -4.465152291147    19.835593698911
Au    -9.748092522505    -6.625284924762    18.268950157649
Au    -8.446853988917    -8.543468218378    17.000573810587
Au    -7.295874263852   -10.473335536461    15.281248282432
Au    -6.212745355612   -12.717810659552    13.575323660626
Au    -4.950107083140   -14.891060020540    12.217365193617
Au    -3.408072084407   -16.796349948710    10.711846768078
Au   -12.204467592026    -3.097752138224    17.696976789855
Au   -11.112815990832    -5.164725431600    16.196112996608
Au    -9.823987686010    -7.109893824290    14.738324079695
Au    -8.962802518647    -9.203379191707    13.128456292044
Au    -7.126819454978   -11.494348315182    11.480224038095
Au    -6.042835479920   -14.220310018472     9.797291990228
Au    -4.634462802878   -15.965642991558     8.230175471165
Au   -10.374182041622    -1.424654463363    16.852880276522
Au    -8.972363171046    -3.153165829652    15.350080304950
Au    -8.236887326426    -5.293407192183    13.523936438142
Au    -6.809706667600    -7.454121431321    12.099739548319
Au    -5.599904291461    -9.583605007487    10.218488696359
Au    -4.385821512648   -11.870065571126     8.970801652062
Au    -2.950931339696   -13.695583100039     7.462293517387
Au    -8.469116425154    -1.427030770004    18.824074906317
Au    -6.966776810582    -3.241282167839    17.219939083830
Au    -5.369625438897    -5.344463018528    15.312806233161
Au    -4.462830194612    -7.682778638570    13.585787999883
Au    -3.031484987700    -9.459377070634    11.938211233107
Au    -1.880489300345   -11.557858988537    10.656622382986
Au    -0.612664090521   -13.278605565790     9.246728368020
Au    -8.574199227870    -3.075308804281    20.815976768733
Au    -7.222977603262    -5.244899632394    19.240664432056
Au    -5.928302261766    -7.268438208079    17.483697672504
Au    -4.734560655284    -9.423739453882    15.748888738473
Au    -3.809911186971   -11.214693160192    14.190839143040
Au    -2.299828592244   -13.578827627609    12.739093340329
Au    -0.997618325103   -15.395180862923    11.094989331336
Au    -9.981271453572    -1.190895871502    13.910004267114
Au    -9.049740335460    -3.142643217734    12.135262411975
Au    -7.931113280468    -5.202186674199    10.388182206638
Au    -6.613691413440    -7.110738315055     9.006041434382
Au    -5.314849050853    -8.988847855592     7.465340912341
Au    -4.132231148089   -11.477970442673     6.206253594999
Au    -5.690854551788    -0.650455534122    17.487596475513
Au    -4.538815950643    -2.539412329132    16.029544643192
Au    -2.888090836915    -4.668791352678    14.634496275411
Au    -1.912336300097    -6.806849852914    13.004022082621
Au    -0.444832250235    -9.010616804313    11.134881052786
Au     0.742159406330   -10.994196367934     9.870771462276
Au    -6.201436549451    -4.516871598074    21.881929558564
Au    -5.180296734422    -6.953503297443    20.619212481655
Au    -3.596579271325    -8.929470373002    18.531962967749
Au    -2.618363438706   -10.957761311287    16.899248348769
Au    -1.592499431206   -12.910114306707    15.488347768309
Au     0.109688987227   -14.557085012413    13.854671313221
Au    -9.421184702840    -0.594338788839    11.259670795018
Au    -8.236986605963    -2.594436741528     9.378102196184
Au    -6.853699808640    -4.181439705237     7.612828538745
Au    -5.870476383916    -6.480844300971     6.178140116897
Au    -4.844032103787    -9.213686525939     4.733991830989
Au    -2.982092205585    -0.361970351455    16.752690120314
Au    -1.715210527442    -2.276336461836    14.972074846704
Au    -0.384782069243    -4.430152476962    13.293371415876
Au     0.770987458355    -6.620053040568    11.645289272507
Au     2.387856236308    -8.462035655229    10.268389378073
Au    -4.651452039480    -6.518062379324    23.059385813306
Au    -3.182921511300    -8.552414975649    21.491386786610
Au    -1.949070583748   -10.476671505551    19.859625977650
Au    -0.562165451345   -12.338299770276    18.301446880107
Au     0.907896817525   -14.491800317407    16.548938393513
Au   -10.955418370963    -2.058607227014     9.485884348068
Au    -9.564078277461    -4.321065098996     7.807446268406
Au    -8.526683047991    -6.577892532391     6.547205759047
Au    -7.408223670898    -8.448291900493     5.129969020524
Au    -2.866429962030    -0.026931064467    13.838486754945
Au    -1.301927867485    -2.006220449171    12.181549901284
Au     0.067793927279    -4.220727979453    10.386356391849
Au     1.170914547489    -6.451565632842     8.705600871709
Au    -2.025872102609    -6.125662995859    22.077673782013
Au    -0.800113203952    -8.134066691973    20.420371363554
Au     0.989179718528   -10.012790721183    18.566924784591
Au     2.165546591083   -12.045897691609    16.991842207179
Au    -4.906622047285    -0.115830339470    12.083014114027
Au    -3.703750361624    -1.866674445017    10.343514282205
Au    -2.254811557226    -4.418737599883     8.878713033125
Au    -1.161885004930    -6.464248637506     7.298615790334
Au    -1.127383423507    -3.804188032684    19.727077509360
Au    -0.112852511797    -6.078067476108    18.233549461689
Au     1.450410829581    -7.953788126973    16.378509915081
Au     2.567492696573   -10.023021415134    14.920146267037
Au    -5.319848937791    -9.159366964717    23.121953253398
Au    -4.186854319285   -11.270717767870    21.792207267754
Au    -2.448222387632   -13.300695097310    20.107192706948
Au    -1.133402405412   -14.919779445788    18.352996518560
Au    -7.058848500321    -0.264070331816    10.339932996581
Au    -5.752954088981    -1.973997072390     8.404612142215
Au    -4.207125525025    -4.231890756030     6.490505675914
Au    -3.162535843844    -6.772526074090     5.510720094871
Au    -0.813146438438    -1.759935262574    17.908373280599
Au     0.309409818352    -3.637127024315    16.003845338100
Au     1.737721586170    -5.674960180783    14.513094922867
Au     3.106368275941    -8.025457430911    13.257897827463
Au   -11.814127980392    -2.718122991639    12.224104013866
Au   -10.413751301139    -4.464728647216    10.372395115748
Au    -9.309709422344    -7.162117745362     8.838896751729
Au    -7.993316088377    -9.302433049513     7.629744428716
Au    -6.749050160106   -10.849206138617     5.795967432212
Au    -5.331991202816     0.043890999597    14.784119712929
Au    -4.187945754252    -2.506297909391    13.358784524159
Au    -2.893597006903    -4.530050689306    11.590981132003
Au    -1.399820261332    -6.874806811789    10.007916293646
Au    -0.094712974513    -8.867564814907     8.323269384911
Au    -3.620595486621    -4.349023682958    20.946654283586
Au    -2.697443792344    -6.227853556804    19.300190222962
Au    -1.227961499780    -8.431028409378    17.546812870273
Au    -0.085750547762   -10.252612535356    15.945900148071
Au     1.108550684202   -12.328450782543    14.426561348683
Au    -7.375509395901    -7.173853250427    22.122663842616
Au    -5.630664096718    -9.621870202607    20.260128998876
Au    -4.145703964948   -11.652245474564    18.918708864564
Au    -3.368351673607   -13.759480133495    17.366595289587
Au    -1.319333476142   -15.604281139929    15.633100149473
Au    -7.402311064904    -0.270275051619    12.970569209543
Au    -6.015561285014    -2.496293171532    11.341279809604
Au    -5.103775980495    -4.639399861100     9.643787628487
Au    -3.698974901473    -6.764037217057     8.278278910008
Au    -2.713869378655    -9.286989642061     6.645430546687
Au    -3.442639914951    -2.320886952526    18.379721399968
Au    -1.945097224206    -4.224127833574    17.145764913417
Au    -0.795656464439    -6.268811930577    15.524616135031
Au     0.523789778270    -8.452068522330    13.872806617674
Au     1.402638992659   -10.430858870707    12.485887677979
Au    -9.304674666735    -5.640403357844    20.759891938241
Au    -7.752788658054    -7.870254739052    19.464454258937
Au    -6.207376247191   -10.172594582944    17.836210888810
Au    -5.329281663955   -12.132876287005    16.178493063014
Au    -4.107964731135   -14.249244381504    14.818677672143
Au    -2.884305085111   -16.386112589607    13.455094378302
Au   -11.883901145534    -2.911536438901    14.875617414219
Au   -10.940111651312    -5.044471223575    13.409810575667
Au    -9.471424408474    -7.013007506745    11.755432167495
Au    -8.306535036961    -9.086939440895    10.564541785694
Au    -6.969987309713   -11.516641804613     8.704217564996
Au    -5.598574010119   -13.592911244528     7.162686807385
Au    -7.930191123375    -0.778232203698    15.990780008880
Au    -6.685440726218    -2.896779402017    14.010698963259
Au    -5.695856373832    -5.080710340745    12.558457895009
Au    -4.130910164616    -6.960027343959    10.869926925403
Au    -3.012464627171    -9.211464177273     9.277253181380
Au    -1.637795992335   -11.267416429788     7.709407634179
Au    -5.974177249457    -2.629918041972    19.597057723428
Au    -4.758885711175    -4.817190920851    18.324418873829
Au    -3.298349190722    -6.733038357589    16.534798852045
Au    -2.067357281219    -9.105484902777    14.873044880940
Au    -1.068996521869   -11.064830473638    13.260833911577
Au     0.299481613755   -12.822255665862    11.772423917279
Au    -0.016728776776   -14.234354870716    20.710078646370
Au    -1.592982722659   -12.144423689632    22.261698597651
Au    -3.226581721323   -10.535168838719    24.005849850644
Au     3.157987792725   -11.246638481619    19.686878189919
Au     1.580111604794    -9.334004285006    21.408357421271
Au     0.213951622347    -7.237954407100    23.037740892517
Au     3.547147975261    -9.180923233697    17.776564963945
Au     1.886210839479    -7.474341701340    19.185982288244
Au     0.344955146257    -5.771095120094    20.956548604954
Au     4.151000591260    -7.522489897100    15.521034443294
Au     2.495671866332    -5.496600951383    17.406757303891
Au     1.572075326826    -3.270018700502    18.933978893179
Au     4.201663814019    -5.489351191826    13.348760090028
Au     3.052168795086    -3.280466586870    14.871680664636
Au     1.563825028174    -1.372407457650    16.746438425890
Au     4.314115591924    -8.778254058912    20.355861752669
Au     2.669564054107    -7.040953888020    21.669571907489
Au     4.619140189019    -6.766197164335    18.194661027745
Au     3.686290249721    -4.940508681511    19.919081564310
Au     4.826956596571    -5.047201498759    15.938372876720
Au     3.654617483228    -3.109275625890    17.414938314139
Au     2.479272207853    -4.044259737013     9.309220944399
Au     1.323837992298    -1.786988128676    11.266293869498
Au     0.023665032172     0.467532976472    12.613381254379
Au     0.153198454755    -4.128366981902     7.771334605078
Au    -0.738986920176    -1.784579025272     9.546312900095
Au    -2.290622104616     0.372047257476    11.013847190928
Au    -1.699625445234    -4.217633630501     5.609537244388
Au    -3.029676704324    -1.966887890357     7.515129748791
Au    -4.431141163105     0.387729810414     8.984827054991
Au    -3.665843085674    -4.870243711246     3.542302404169
Au    -4.222162556229    -2.311840138157     4.728205148724
Au    -7.150045879397     0.231376011614     7.299419575671
Au     1.535045388527    -1.786656208426     8.054817715248
Au     0.203407726636     0.512322653716     9.905139186521
Au    -0.427094583355    -1.733055576683     6.519518640443
Au    -1.789055480694     0.356728967242     8.318028036804
Au    -2.413562614372    -0.205366351453     5.613586147928
Au    -4.788538539632    -0.178812509441     6.333722937563
Au    -7.953975737539    -6.180168645791     3.893900192789
Au    -8.628336853809    -4.094629546347     5.254380094204
Au    -9.147860218842    -1.831723659395     6.684617240003
