         216
 AuNiAgCu    E (eV) =  -774.837402       T (K) =   550.000000       time (ns) =   1.33000004    
Au    -3.902442149817   -14.037264611194    28.407226226709
Au    -3.338914044157   -13.614236520780    25.752941673345
Au    -2.679409001055   -13.270576057708    23.050767882918
Au    -1.711311228009   -13.310799477479    19.987928129378
Au    -1.158610643249   -13.611355016069    17.363709514135
Au     0.092916355981   -13.096775747258    14.845840284971
Au     0.747766595942   -12.726966345118    11.718304476872
Au     1.683902828739   -11.634668566616     9.290710779424
Au     6.306621966601   -12.284576584192    25.943781997148
Au     7.708660332954   -11.314988253755    22.824184176357
Au     8.738389701051   -10.638909194919    20.259529630363
Au     8.772264258716   -10.174935597195    17.497022089495
Au    -1.774136694219    -3.999490561320    24.456049650919
Au    -0.618518792165    -3.303875735957    21.766116507580
Au     0.087142806577    -3.066816028685    18.808692997260
Au     0.718966103994    -3.113311289597    16.119786461264
Au   -11.180128307159    -9.535024532844    21.263867899046
Au    -9.774354413634    -4.119684191281    18.846062350950
Au    -9.979021567350    -6.428809303051    17.199956048208
Au    -8.375733330101    -8.121197855633    12.823175634069
Au    -2.542819318940   -15.861101868763    27.403864880684
Au    -2.012979963033   -16.003054872235    24.747904871834
Au    -1.380551365315   -15.416806587813    21.795483570052
Au    -0.911730487354   -15.720140923502    19.085769196251
Au    -0.474887916070   -16.206644485080    16.498320603620
Au    -0.011816438359   -15.904915646200    13.933476793871
Au     2.271598604710   -14.329473551201     9.940586409835
Au    -5.020591269658   -15.466246826260    26.418389078644
Au    -4.435408957805   -15.306439061728    23.706011314260
Au    -3.816433240273   -15.274756348561    20.721404989515
Au    -3.279180228540   -15.077069140022    18.126137623741
Au    -2.386282913772   -14.838139036061    15.310765381989
Au    -1.699699432632   -14.154064551617    12.667744447236
Au     0.289531470291   -15.490166458155    10.988310926169
Au    -5.783605139472   -12.939505373137    26.910207107670
Au    -5.362418088396   -12.667431947692    23.637643351811
Au    -4.253890523748   -12.528518899784    21.054938374156
Au    -3.561698195875   -12.322792617792    18.414629562346
Au    -2.734733191898   -12.083728169833    15.838913570828
Au    -1.530550052836   -11.582982476197    12.719612151066
Au    -0.978582630654   -10.835954791751    10.168759073145
Au    -3.338920755907   -11.400117326630    27.655370805371
Au    -2.768730665566   -11.117051724240    24.811751021443
Au    -1.980852194363   -10.921467297178    21.858503299243
Au    -1.174182078713   -10.851574139377    19.056523945897
Au    -0.310735528627   -10.775322622338    16.317474570785
Au     0.622596280933   -10.334830897514    13.544699194237
Au     1.544745556880    -9.914791085400    11.072705377043
Au    -1.181249723707   -13.524135856199    27.932626964455
Au    -0.768574716368   -13.303539777982    24.931342678127
Au     0.126451590330   -13.239769431181    22.330464383978
Au     1.085466515689   -12.783498059592    19.514834418700
Au     1.766576183287   -12.188809214650    16.983165450832
Au     2.594696016078   -12.329310511226    14.142833408974
Au     3.429030804996   -12.422534579220    11.492543009162
Au    -7.825454392792   -11.586769638809    24.666911579487
Au    -6.914736755427   -11.438364871916    21.841994975485
Au    -6.017931082664   -11.062760396664    19.107963165601
Au    -5.211153460611   -10.931635531306    16.543162391287
Au    -4.438791496457   -10.628469049981    13.809432898931
Au    -3.467436559443   -10.073045540540    11.392768786346
Au    -2.782654882698    -9.023406146748    26.634320925092
Au    -2.029128609644    -8.711756019588    23.585292885865
Au    -1.400990902684    -8.347998192848    20.819259657476
Au    -0.563337431942    -8.092409903679    18.254704524143
Au     0.222677632579    -7.976194250716    15.582311098357
Au     1.364328005016    -7.768382413974    13.004931171699
Au     1.399295312122   -12.808372835108    27.169874156412
Au     2.003198144001   -12.769541425874    24.447083149554
Au     2.797223252579   -12.210464326588    21.720791626512
Au     3.647024557547   -11.848587999501    19.046710079016
Au     4.410447792883   -11.469315101363    15.910133424471
Au     5.349935287823   -11.632952082987    13.467434571750
Au    -9.385083289065   -10.610781966561    22.722558478815
Au    -8.623890737047   -10.184287582523    19.906498391635
Au    -7.845241068406    -9.977523135776    17.406702875769
Au    -7.145326888281    -9.712648640288    14.791829886149
Au    -6.186788774960    -8.933869587067    12.033253663441
Au    -2.370152910789    -6.625789330953    25.437749632750
Au    -1.400591079215    -6.063404311899    22.817803617221
Au    -0.966567017022    -5.776749416744    19.854265553403
Au     0.226943005702    -5.396486162251    17.233024335961
Au     1.105960603248    -5.350953965959    14.496664976756
Au     3.975998826745   -13.022968738092    26.445879163501
Au     5.167054911833   -12.115952603097    23.517711061550
Au     5.872468397922   -11.633631655968    20.838176786547
Au     6.197460475529   -11.127625273286    18.081594490797
Au     7.155933352162   -10.746447025579    15.363490897593
Au   -10.560699169635   -12.040997397473    20.135462995959
Au   -10.105474731320   -11.511968137173    17.668215831008
Au    -9.076331907347   -11.503921871334    15.255998554008
Au    -5.642552336870   -11.761414369548    11.567610426654
Au    -4.276661972098    -5.412815243698    23.739003399072
Au    -3.260261285169    -5.026629656478    21.152484098746
Au    -2.575052842859    -4.266679694354    18.225726675848
Au    -1.621573818307    -4.295577866440    15.523494074870
Au     4.512064371559   -10.312945326447    25.417727064192
Au     5.515043867965    -9.585609265764    22.561604703159
Au     6.293895655472    -9.017298522148    19.879362337175
Au     6.603967118100    -8.376254529973    17.251170028555
Au    -6.584849562223    -6.606818885950    22.847985707847
Au    -6.147334628383    -6.185881392794    20.113506178671
Au    -4.672884541727    -5.856956203877    16.964795630376
Au    -3.786409873367    -5.683707553058    14.452741782512
Au     2.439893766438    -8.028787105538    25.186325277263
Au     3.372727156267    -7.315564902050    22.608157308448
Au     4.161770903312    -6.882611600766    19.562175830832
Au     4.896745116816    -6.319772001120    16.925481463656
Au     5.418782878311   -14.827278022391    25.198856818345
Au     5.614342452812   -14.400574780363    21.547837200439
Au     6.078700704060   -13.726389472410    18.864522294253
Au     6.582260586843   -13.203986078282    15.941759421981
Au    -8.970835011844    -7.979488552440    21.905362636397
Au    -8.215268685470    -7.637807676477    18.740146192544
Au    -7.003979751143    -7.243548641235    16.291150769761
Au    -6.352758051101    -6.668423450116    13.708924327438
Au     0.264854862541    -5.874572948240    24.834355935739
Au     1.170645913505    -5.387881120933    22.203072734404
Au     2.142396729853    -5.032033729055    19.488384519156
Au     2.887285855820    -4.565402861948    16.701079825439
Au    -8.598034303023   -13.192987167497    22.709507917928
Au    -8.087399957068   -12.830633989351    19.857866985202
Au    -7.289069342178   -13.002346931023    17.161152925778
Au    -6.625706341665   -12.446941587284    14.516058778104
Au    -2.751389700011   -12.765408468609    10.665531557770
Au    -4.652232005088    -7.939502245974    24.817747224985
Au    -4.081323045838    -7.585275018147    21.829710216479
Au    -3.363577953651    -6.963470497629    19.130539398804
Au    -2.139837499336    -6.882752454563    16.219281213060
Au    -1.307233190809    -6.672432513758    13.551512417974
Au     1.912913215419   -10.395802292491    26.296193820391
Au     2.541028787160   -10.214942496985    23.534012269623
Au     3.452125261011    -9.465847201412    20.722761470514
Au     3.990459367685    -9.269285928392    17.823527218771
Au     5.128522114631    -8.753646624180    15.297055937553
Au     2.606107982723   -15.111166895953    25.938767566574
Au     3.646985762445   -14.572401958718    23.251081437145
Au     3.431144407050   -14.367421915466    19.879812571268
Au     4.039846451843   -13.951867162504    17.158910573780
Au     4.579642414432   -14.225834551642    14.076390842525
Au    -6.969483898289    -9.248594891871    23.513711186289
Au    -6.416824989649    -8.837681175717    20.765478476377
Au    -5.500520091763    -8.668436298685    18.025785396206
Au    -4.566542493018    -8.254618799593    15.473333228455
Au    -3.652241615834    -7.904912717589    12.923248179679
Au    -0.284429668702    -8.357256239164    25.807185303686
Au     0.628716093179    -8.020042392977    22.836161230475
Au     1.541620422616    -7.594291193927    20.117405899875
Au     2.040103728424    -7.454774907567    17.375098053171
Au     3.161594615441    -6.963918248752    14.880795434466
Au     0.185509379664   -15.471193188463    26.536208792384
Au     0.931472378303   -15.267346455925    23.839916228964
Au     1.234324109342   -15.433075371705    20.825228597823
Au     1.704422077891   -15.032422824435    18.082001667930
Au     1.998904262361   -14.727590944628    15.359737908794
Au     2.527658790312   -14.783166316373    12.547469985251
Au    -7.037128884000   -14.161269598519    24.880085318761
Au    -6.105746440459   -14.445549552444    21.783884904125
Au    -5.740996263158   -14.022768090630    19.112022210155
Au    -4.976050028232   -13.873686526126    16.261183708611
Au    -4.067248683923   -13.294601155546    13.209651589493
Au    -0.588628082544   -13.531896731790     9.671194853799
Au    -5.494721429907   -10.284801505157    25.553347748121
Au    -4.607619091060   -10.020837254110    22.845645427680
Au    -3.743312661783    -9.822937683247    20.073599960630
Au    -2.854743964328    -9.419604641629    17.530254682253
Au    -1.830571342549    -9.267972788681    14.414100239138
Au    -1.038373027163    -8.853510895174    12.041247554922
Au    -0.837587541896   -11.056258863094    26.760985844700
Au    -0.113257029130   -10.678343623185    23.972627289412
Au     0.599672863553   -10.284275940371    21.137069195131
Au     1.571518689826    -9.988027156819    18.700234150766
Au     2.404046179223    -9.769774862720    15.599051143914
Au     3.352727164780    -9.666356812224    13.090317312630
Au     8.525460829978   -12.661970950618    18.319456954851
Au     8.011509193674   -13.241713147548    20.972223273979
Au     7.175985213387   -14.190959280661    23.664962366692
Au     8.907295694568    -8.062720212088    19.294941258333
Au     8.247783810247    -8.647758447919    22.015558260071
Au     7.374158157910    -9.141938689699    24.554311877674
Au     6.912591891453    -6.186161043496    19.054511172702
Au     6.061020244918    -6.841550239011    21.826018596854
Au     5.149411209590    -7.638459031909    24.493499895783
Au     5.042158608417    -4.333370544968    19.011374108192
Au     3.776220182114    -4.783951356094    21.632700797585
Au     3.055303127540    -5.262994727375    24.527467421315
Au     2.652381672349    -2.435635739841    18.444042039177
Au     1.899517800830    -2.873278192127    21.385988872423
Au     1.029733459707    -3.392311543210    23.917329993973
Au     8.592576201366    -6.037142133727    21.180963335547
Au     7.904673547083    -6.567870062506    23.688925285734
Au     6.723025565899    -4.123081426435    20.950479060571
Au     5.462514678823    -4.938005717874    23.753504123907
Au     4.494286133643    -2.278963592542    20.486521321739
Au     3.763152280359    -2.706875584572    23.249340159675
Au    -1.620538183787    -1.903477089503    17.346001571141
Au    -2.565835697991    -2.382949821096    20.012792203206
Au    -3.126214846737    -2.733930993988    22.585389866772
Au    -3.867415741553    -3.054151484652    16.051269101674
Au    -5.117259080077    -3.688814708964    18.927245367102
Au    -5.661156739215    -4.099776088931    21.680138355868
Au    -6.100593387428    -4.448753619531    15.291696446995
Au    -7.457379477310    -5.083409244991    18.043630310378
Au    -8.585057599524    -5.572627142982    20.764783716384
Au    -8.883042526443    -6.139111760087    14.852622411569
Au    -9.204390181114    -3.677331356636    16.255276959422
Au   -10.732799321205    -6.903886510542    19.815764726170
Au    -4.296207420774    -0.959801149803    18.029275509655
Au    -4.990179699984    -1.206277808362    20.781608762525
Au    -6.641434303198    -0.928573043711    18.853624455440
Au    -7.553475706632    -3.129106872873    20.242868000189
Au    -6.557640736196    -2.459896356392    16.874095689411
Au    -9.048213875024    -1.748293784376    17.983499451594
Au    -8.082753111050   -10.661141730247    12.306720045135
Au    -9.479773398918    -8.918502380478    15.610674066975
Au   -10.559178446197    -9.145771521735    18.500158111585
