         216
 AuNiAgCu    E (eV) =  -775.783752       T (K) =   550.000000       time (ns) =   1.35000002    
Au    -6.482560870049   -15.991603178781    27.761101556965
Au    -4.880526755842   -15.635659561592    25.607635499200
Au    -3.341663031513   -15.515206279279    23.277804912698
Au    -1.871133048238   -15.255770726355    20.722705693204
Au    -0.459104854416   -15.062659686403    18.461433019315
Au     0.637463287646   -14.490106660455    15.835424046247
Au     1.979110762362   -13.959893410280    12.890986858088
Au     3.781613533844   -12.722202741380    10.644921349598
Au     4.712099574442   -14.153016941514    28.014811366954
Au     6.722691137879   -13.976655429216    25.832592467231
Au     7.767425830580   -13.801104575168    23.346517382949
Au     9.165690982997   -13.740240651891    20.430255280160
Au    -2.006425428917    -5.684497664731    25.055646565990
Au    -1.027852338646    -5.149814272223    22.578079560249
Au     0.298227875690    -4.902143371033    20.316532644913
Au     1.807472762361    -4.827895020192    17.940675981818
Au   -10.533103127259    -9.985202612079    19.354712795923
Au    -8.817673458048    -5.052412092735    18.132177188183
Au    -8.650583470603    -7.318172618393    16.348132800047
Au    -6.513854761248    -8.920936417150    12.210196435095
Au    -5.911539876944   -18.099594711568    26.341460968766
Au    -4.670335064929   -17.962287852459    23.686339112641
Au    -3.017947525972   -17.532058430130    21.635949506986
Au    -1.294133959712   -17.612482674640    19.161132258492
Au     0.202702872925   -17.376601698795    16.818758958377
Au     1.247247220172   -16.634147378570    14.446215652226
Au     4.252985903010   -15.171794396474    11.418748389007
Au    -6.988857624879   -17.010262336291    24.221031144044
Au    -5.731161562011   -16.297073361513    21.976132217838
Au    -4.171130692684   -16.460266795124    19.260623517332
Au    -2.839368784192   -15.846501230771    17.091713399219
Au    -1.462714031889   -15.737793323240    14.502552508451
Au    -0.201741011433   -15.472697579194    12.290409059726
Au     2.311894155184   -16.687617666179    12.057750592745
Au    -7.413003482753   -14.451913341947    25.988010416810
Au    -6.376233194589   -14.192983801647    23.540749777086
Au    -4.753820898525   -13.815159321886    21.059156357054
Au    -3.168208661325   -13.819068777759    18.775668291881
Au    -1.715094641623   -13.237758197269    16.335693743947
Au    -0.585750563564   -12.916869937652    13.569517522658
Au     1.080103964502   -12.420121613139    11.049723839764
Au    -5.400276097006   -13.310055328378    27.489591589768
Au    -4.006376482421   -13.067877256349    24.843261673473
Au    -2.504925820603   -13.111837429071    22.335893812919
Au    -1.058728022303   -12.700529112450    19.939957166806
Au     0.753601229047   -12.186427949515    17.637790989484
Au     1.716289455388   -11.943469704904    14.834122693359
Au     3.332753517921   -10.955517011973    12.584415218419
Au    -3.907594948103   -15.791725488900    28.179231771229
Au    -2.188840754369   -15.165571356732    25.766645528671
Au    -0.656852409354   -14.980232458618    23.132420245560
Au     0.860378734834   -14.746286242755    20.836419199026
Au     2.195805260953   -14.307752175322    18.216706638818
Au     3.365606691291   -13.688935331341    15.791121672447
Au     4.947028320803   -13.543599980635    13.207460746152
Au    -8.971807923083   -12.794387200695    23.513938792220
Au    -7.406977659650   -12.790647225914    21.456492557228
Au    -5.870263234558   -12.574409745392    18.974873872739
Au    -4.312633905035   -12.157210542152    16.723736672938
Au    -3.147747429136   -11.921390954011    14.014602645122
Au    -1.694627158371   -11.677634723943    11.146067430146
Au    -4.350367962855   -10.861606944066    26.569657302701
Au    -2.970209479034   -10.656273807429    24.145529004234
Au    -1.499694709020   -10.226742165089    21.749603220069
Au    -0.012328110477   -10.080402255226    19.358134046874
Au     1.628699372946    -9.378520438116    16.705404263466
Au     2.781847071571    -9.164228858009    14.337060198438
Au    -1.029385910612   -14.964427622062    28.395339634569
Au     0.598649317851   -14.577958617438    25.651462680061
Au     2.192665342088   -14.589991372548    23.342302614369
Au     3.755250141972   -14.329622839458    20.717802488216
Au     5.135167441654   -13.682130896337    18.127295436758
Au     6.410306704431   -13.403198509367    15.600316542623
Au   -10.096491971094   -11.647766132464    21.439108447473
Au    -8.297907161165   -11.253106959455    19.125252941551
Au    -6.803798277013   -10.897872086774    16.934324240191
Au    -5.481384798733   -10.647526094591    14.325357433240
Au    -4.128825275776   -10.512041907814    11.934411727446
Au    -3.356483420388    -8.499757851953    25.647880792109
Au    -1.716369448125    -7.823309297245    23.480444872435
Au    -0.408279788064    -7.396562864536    20.891646459174
Au     0.903662958453    -7.167151291376    18.494337593024
Au     2.653746497296    -6.925402956483    16.144159931488
Au     1.716660557793   -14.591874045810    28.446837536514
Au     3.348827794614   -14.432590856288    25.728728226223
Au     4.892541760230   -14.157766404180    23.206368937907
Au     6.434096874799   -13.645504134304    20.755954789381
Au     7.781802970175   -13.244045493048    18.201280493387
Au   -10.347296610814   -12.316027789614    17.701010287832
Au    -8.867538250828   -11.925863214094    15.396214444045
Au    -7.281937896198   -11.590957562525    12.862893923653
Au    -3.840387045679   -13.263002806477    10.192035677888
Au    -4.320244939327    -6.777417439468    23.856599623054
Au    -3.145654376164    -6.308016743095    21.262453950183
Au    -1.678552706310    -6.254097333217    18.895874079576
Au    -0.261177357581    -5.947247227329    16.365041365970
Au     2.955115476800   -12.150136894896    27.650726570192
Au     4.708470479374   -12.016205609476    25.196822040189
Au     5.854478559551   -11.698091547819    22.572301733306
Au     7.459705182861   -11.255105583604    20.092019122546
Au    -6.645958788640    -7.910972778114    22.567023966879
Au    -5.470874935419    -7.567348832791    19.936186251329
Au    -3.815708648424    -7.279023654162    17.000999070203
Au    -2.351885741782    -6.868006844778    14.756907210193
Au     1.398379956605   -10.209655996456    26.917097605457
Au     2.787322984766    -9.865708172747    24.513626514535
Au     4.244047053601    -9.567317859308    21.965774318176
Au     5.761643939560    -9.112078006249    19.278514878688
Au     2.265371336103   -16.646547878630    26.693967693104
Au     3.678585141611   -16.851963758424    24.022871146992
Au     5.330511896948   -16.319767116770    21.780420186098
Au     6.958749947219   -15.733032456797    19.108100853355
Au    -8.562636086660    -9.035139928865    21.123967803129
Au    -7.511012741286    -8.620575748444    18.594944732530
Au    -6.132091616432    -8.195844705915    15.891083218285
Au    -4.438814268714    -8.305643743529    13.508376428265
Au    -0.642248122840    -8.051763051066    26.143334031986
Au     1.009927109665    -7.672206218249    23.681181927625
Au     2.237045823186    -7.301203226790    21.267976950080
Au     3.466973287535    -7.030740649121    18.537196580755
Au    -9.283569921223   -13.648722147298    19.793152872566
Au    -7.889009929301   -13.669331713100    17.470313135306
Au    -6.305918995360   -13.124346701807    15.127883142766
Au    -5.192943625544   -13.186455518664    12.507397978293
Au    -1.156590527968   -14.119722992668     9.974764038318
Au    -5.539667341782    -9.575795804817    24.482653267635
Au    -3.993157290664    -9.068878714133    22.125004478835
Au    -2.543276455083    -8.908505759324    19.687782761561
Au    -1.123037197648    -8.389873437611    17.169050233020
Au     0.146812383979    -8.084447272928    14.733215544035
Au     0.087173546460   -12.600902209968    27.847299762753
Au     1.665967166019   -12.130711950010    25.102206132529
Au     3.180659553966   -12.111587205156    22.758439006385
Au     4.471536550200   -11.434195299899    20.084234701015
Au     6.216220091606   -11.216880152214    17.461883338662
Au    -0.609385439864   -17.285331003571    26.628163972621
Au     1.050266149952   -17.018601490284    24.265990990207
Au     2.598616525395   -16.799439594632    21.467845265095
Au     4.355993132457   -16.369395801714    19.150528119745
Au     5.612188123732   -15.782501377285    16.581540359446
Au    -7.531597349479   -10.448739397508    23.038143585405
Au    -6.072289906003   -10.282499985209    20.765826381763
Au    -4.750984423653    -9.601334739435    18.185875782646
Au    -3.122189876088    -9.624374020272    15.914456613496
Au    -1.948420490411    -9.379402800458    13.250057647760
Au    -1.534693163960   -10.310727468087    27.011285014584
Au     0.001121061248   -10.127194440601    24.405429076302
Au     1.496010832398    -9.891530388419    22.155305492322
Au     2.648034299874    -9.404665371434    19.313833938045
Au     4.569639731328    -8.953787759031    16.825214139637
Au    -3.055648137807   -17.928900036343    26.063967339803
Au    -1.673766491585   -17.517355021979    23.932461331660
Au    -0.147167809003   -17.362524436805    21.762074116972
Au     1.587530416008   -17.031402889572    18.998855809783
Au     2.736311561617   -16.628137310090    16.636393226993
Au     3.989397888025   -15.820545743528    14.137572450491
Au    -8.357163955508   -15.384037090023    21.872370255558
Au    -7.029883710580   -15.069664015557    19.729663426480
Au    -5.365865682734   -14.830188646371    17.329104417502
Au    -4.003873306472   -14.468713320742    14.846137568248
Au    -2.618576981651   -14.151424012890    12.413678969229
Au     1.526378297137   -14.918835758241    10.223566539519
Au    -6.713263198741   -11.969937463587    25.344519857765
Au    -5.072469449996   -11.778138787549    22.922982331218
Au    -3.509588992792   -11.470096512564    20.440115272581
Au    -1.968559496333   -10.995399002912    17.934818194956
Au    -0.634390810605   -10.634261873436    15.423003762721
Au     0.561672199625   -10.307002725912    12.889010134577
Au    -2.804475760814   -13.123233564681    27.664272072209
Au    -1.254341596709   -12.678049606134    25.076776952252
Au     0.387126887410   -12.227116610068    22.634222338976
Au     1.613520718000   -11.945304941135    20.312452266089
Au     3.397536538885   -11.411891492582    17.521196444164
Au     4.804388928139   -11.361105002485    15.173520388065
Au     7.960192097013   -15.819302648433    21.620663078449
Au     6.588017807686   -16.138395868404    24.344083612704
Au     4.997694279885   -16.472295252945    26.491661782681
Au     8.665032644425   -11.419694629467    22.550695743794
Au     7.385408096196   -11.497806831508    25.147795858927
Au     5.806185502868   -11.663285457809    27.491608324269
Au     7.110943913026    -9.272063264999    21.842668515778
Au     5.473174347172    -9.603549723330    24.486927013807
Au     4.150415089713    -9.593926028890    27.047886186067
Au     5.042931000628    -7.063837403691    20.927721535742
Au     3.736446444810    -7.329550201294    23.627611338718
Au     1.860856307115    -7.731276625177    26.342838236973
Au     3.182554769094    -4.850211867024    20.332335883750
Au     2.115533142873    -5.116751192941    22.765030344960
Au     0.483670807466    -5.399805436756    24.929024219869
Au     8.051052130116    -8.919516066369    24.185383031786
Au     6.767998521819    -9.130922707192    26.622102020963
Au     6.532255954314    -6.934837818815    23.292112296276
Au     5.277383038371    -7.200616848473    25.762461141452
Au     4.865567927635    -5.021037646088    22.625388741816
Au     3.290756629170    -5.159717557299    25.155135888072
Au    -0.588306074830    -3.552447865592    17.846391353997
Au    -2.022839363386    -3.881722683561    20.185161881675
Au    -3.453820544835    -4.225816948161    22.873860809022
Au    -2.630218906759    -4.609760652599    16.483808113833
Au    -4.273813900754    -5.132499593673    18.860192242768
Au    -5.619989275885    -5.491296303245    21.790097311883
Au    -5.115143451598    -5.879460947730    15.191993810241
Au    -6.456828991763    -6.124570987489    17.862570166948
Au    -7.883386703804    -6.397068834807    20.636279400636
Au    -7.233763005475    -7.051198531451    13.986210670183
Au    -7.595340744850    -4.866738085487    15.668239585969
Au    -9.874474815259    -7.582068515218    19.058665648746
Au    -3.049604876794    -2.415469930278    17.846225260160
Au    -4.618691512024    -2.988674801230    20.929296067723
Au    -5.660522609469    -1.722519502350    18.830263577609
Au    -6.749156745370    -3.952723074716    19.530297875223
Au    -5.357146357853    -3.590942460988    16.950022015460
Au    -7.861517327724    -2.446909034410    17.675882105401
Au    -5.931365032154   -11.666215569118    10.345296534291
Au    -8.028429905600    -9.550432270919    14.462303340388
Au    -9.729401078647    -9.854646870858    16.786258089924
