         216
 AuNiAgCu    E (eV) =  -774.557495       T (K) =   550.000000       time (ns) =  0.230000004    
Au    -4.613849242772     3.785298227511    15.695288985361
Au    -3.908927546376     1.315640706356    13.984795715671
Au    -3.088654175464    -0.981453318188    12.501912484136
Au    -2.371124212856    -3.263403249077    10.436405859450
Au    -1.972833029944    -5.506207198803     8.920138046603
Au    -1.212556070248    -7.740262954945     7.291213110172
Au    -0.363085623070    -9.560315572796     5.274743907043
Au     0.210801606361   -11.496531247314     3.598786027113
Au     5.857456283794     2.737086772694    11.180816579037
Au     6.853084571251     0.698471019435     9.706138363286
Au     7.380532525825    -1.715615757292     7.919517608339
Au     8.197212462360    -3.612977317551     6.370273293502
Au    -2.879969737885     5.193058399012     4.624164286905
Au    -2.098732493026     3.353515333381     2.992185940016
Au    -1.486300851753     1.369130282388     1.110120596964
Au    -0.586331923202    -1.084463858041    -0.335579957567
Au   -11.948368710843    -1.037365174483     8.017134935767
Au   -11.326346672636    -2.929398857304     6.079815929625
Au   -10.717741425766    -5.206966681248     4.043486000679
Au    -9.616662646351    -6.995256040442     2.328439037588
Au    -2.817024532321     1.758863842504    16.528054011865
Au    -2.309817517623    -0.483218641429    14.990793891439
Au    -1.465822138194    -3.255564018277    13.034264673245
Au    -0.305730783190    -5.562252510000    11.020981425828
Au     0.785933410368    -7.703007548895     9.826281986970
Au     1.394555504318    -9.717745379064     7.679348882607
Au     1.601607473294   -11.550632888651     5.864947094708
Au    -5.572114616976     1.300700393103    16.122487150749
Au    -4.881909518807    -1.370201952835    14.449450470411
Au    -3.941405476420    -3.685923385715    13.027847153076
Au    -2.974703882288    -5.672515479570    11.333206755511
Au    -2.074698658253    -8.066724966403    10.040466859615
Au    -1.113618947895   -10.199374589088     8.120953409119
Au    -0.847059744140   -12.336210400651     6.470998561954
Au    -6.470633937382     2.742756611423    13.794360353530
Au    -5.529531309244     0.258127412361    12.142783701197
Au    -4.996798512830    -2.040435075273    10.560921113192
Au    -4.638233052840    -4.485121349228     8.931295916656
Au    -3.909038913259    -6.428331693874     7.079961451198
Au    -3.030191533296    -8.237076066038     5.024238977979
Au    -2.289206007915   -10.071947312474     3.169765675871
Au    -4.150755828828     4.085803046745    12.847998760765
Au    -3.399497010456     2.014175801863    11.222603565472
Au    -2.718132579336    -0.432784465127     9.672998451170
Au    -2.071332578018    -2.891298534243     7.694985300924
Au    -1.555381002178    -5.109819035762     6.063899795891
Au    -0.701338813601    -7.151389985594     4.248077419913
Au     0.114136896995    -8.922349997762     2.478590428134
Au    -2.139755324631     3.189610199956    14.255095071266
Au    -1.011501848316     1.160433006702    12.839172674868
Au    -0.635469492499    -1.365064962095    10.881979800176
Au     0.270678094521    -3.637919282662     9.166458266950
Au     1.188408039612    -5.750688107437     7.699227134784
Au     1.617563187153    -7.665058251156     5.686079237288
Au     2.365198697112    -9.652475896747     3.757928749589
Au    -7.914332226305     1.278182878808    11.966892014535
Au    -7.411515128409    -0.969779827997    10.055354035763
Au    -6.944980690749    -3.018300463748     8.415854935889
Au    -6.368814168418    -5.261703504023     6.629583041938
Au    -5.442088652846    -7.306260685048     4.834711947934
Au    -4.556741488157    -9.117589804832     2.901268206677
Au    -3.559681263675     4.597288184079    10.060814166010
Au    -2.854888417053     2.284032074738     8.517247500113
Au    -2.436797164976    -0.078762583173     6.819202882717
Au    -1.803094005470    -2.380183362277     4.828549144483
Au    -0.501005332393    -4.032185453308     3.246540728591
Au    -0.257519805991    -6.059735351775     1.698611784455
Au     0.485427857563     3.567514276617    13.712613564234
Au     1.384712213174     0.400791989116    11.718208609983
Au     2.234835207290    -1.613681453903     9.975250576026
Au     2.941202965020    -3.443425473204     8.055760974675
Au     3.963275550130    -5.704766282323     5.979723240399
Au     4.570768917577    -7.774703665421     4.334705002125
Au   -10.130367910738     0.207946392908    10.167257774303
Au    -9.489984719769    -1.941637420687     8.073502058866
Au    -8.896014350367    -3.985279808518     6.159991257445
Au    -7.982079638061    -6.186838011571     4.425242691383
Au    -7.077814972630    -7.988259038051     2.589033032648
Au    -3.391661963814     4.931286542983     7.211011508635
Au    -2.498420667411     2.682739282808     5.755210486423
Au    -1.848060602945     0.540561572050     3.783891080121
Au    -1.114263954286    -1.439830132284     2.301307225894
Au    -0.248378988249    -3.622875428251     0.674503984094
Au     3.101518200868     2.637727821844    12.248735905508
Au     4.062051171135     0.825421634377    10.437128469227
Au     4.809100669635    -1.419185238967     8.846043679176
Au     5.572206707527    -3.552558551179     7.019017548604
Au     6.350975503801    -5.663019762821     4.935068080741
Au   -10.874394136274    -2.474340125316    10.530764873858
Au    -9.914774306965    -4.531619705124     9.052951510553
Au    -8.932066991940    -6.690477681151     7.198092224778
Au    -7.671229518421    -8.932655065087     4.998767584385
Au    -5.149057063595     3.880910201667     5.258341527133
Au    -4.470343850927     1.781882303649     3.714331543328
Au    -3.949020095319    -0.363650770044     1.978930518546
Au    -2.800404805535    -2.426038938367     0.311701032669
Au     3.660079416982     3.398902124337     9.488894680837
Au     4.592753985976     1.258493678396     7.765499037816
Au     5.180145148803    -0.893123243497     6.148524974571
Au     6.137570800152    -3.123506332004     4.462170421433
Au    -7.579358884235     2.489722533286     6.489306226486
Au    -6.801923179997     0.442876918582     4.674206369224
Au    -6.104607368971    -1.774431609050     2.872032747038
Au    -5.216854773227    -3.946960504745     0.935491691517
Au     1.647242554020     4.151953461854     7.795617585130
Au     2.071777420576     1.741506752912     6.224090298736
Au     2.973192050475    -0.055712439271     4.279809083149
Au     3.888758783783    -2.381187147252     2.613705213823
Au     5.048137818736     0.730648561060    12.882999398501
Au     5.514185806350    -1.143192207180    11.361665023365
Au     6.338932903237    -3.632610150772     9.868174112834
Au     7.151912648841    -5.562594299030     7.923220259556
Au    -9.685360131175     0.856164702275     7.777404211683
Au    -9.095209735781    -1.180492011482     5.509482533878
Au    -8.329092380901    -3.485825198878     3.474228316313
Au    -7.468098385431    -5.474922807337     1.674469845759
Au    -0.447309404960     4.767064606551     6.409414331495
Au     0.111971365012     2.587624848914     4.525495442208
Au     0.695643260026     0.536669275193     2.829814645921
Au     1.511544938442    -1.627056930239     1.266227607415
Au    -9.377011080983    -1.018175770037    12.589884946806
Au    -8.353318433384    -3.537766186868    10.942967529168
Au    -7.398755804696    -5.627744501485     9.262206667800
Au    -6.270071613378    -8.204838706985     7.534698660018
Au    -5.253287254210   -10.086793840192     5.324118267535
Au    -5.308048400754     3.345926529982     8.267482913613
Au    -4.634249515487     1.257749343001     6.543351969248
Au    -4.160229411040    -0.829070357030     4.802529202070
Au    -3.564969578009    -3.093165276912     2.868585674737
Au    -2.476836698792    -5.152268902865     0.741146731235
Au     1.045835310932     3.462370610666    10.864221022092
Au     1.890510906791     1.407811052070     8.960147659075
Au     2.222566634788    -0.797460956071     6.968307752784
Au     3.403493946293    -3.195568462941     5.263129900739
Au     4.313475166010    -5.299056885712     3.417462583536
Au     2.271995946705     0.844719187699    14.300926443378
Au     2.966825606041    -1.486757471076    12.656927618164
Au     3.791403687668    -3.397898533339    10.966140634402
Au     4.683376594629    -5.415265279795     9.023094724326
Au     5.690834095032    -7.750781353521     6.908938980747
Au    -7.699700527567     2.115996985926     9.232224216536
Au    -7.228102537242    -0.208281574533     7.520579131308
Au    -6.451805391692    -2.430884763172     5.748823381698
Au    -5.859433381414    -4.543094641319     3.872208547991
Au    -4.769236086092    -6.638469743068     1.899475886698
Au    -0.955549921334     4.049476398292     9.099233756293
Au    -0.345448080027     2.058852927739     7.342647901711
Au     0.113895276715    -0.223958743992     5.445286703808
Au     1.385866654564    -2.204835288363     3.935203508620
Au     1.893258511332    -4.236788766978     2.261755305201
Au    -0.042518709459     1.517901409160    15.502083231802
Au     0.047799549022    -1.113541928244    13.598334395649
Au     1.056295892334    -3.384439919707    11.814154604549
Au     2.220021392206    -5.374112948435    10.124136793598
Au     3.171907388333    -7.794232333254     8.543881355461
Au     3.819901313332    -9.520605721094     6.281810702005
Au    -7.319054349921     0.222015371290    14.268653766928
Au    -6.741092817850    -2.159590925542    12.756259173277
Au    -5.690321466757    -4.619418815744    11.315258266508
Au    -4.782647985948    -7.109277363197     9.505636047993
Au    -3.769412938597    -9.054033999010     7.630558479900
Au    -2.832558776124   -10.828393650306     5.864579076001
Au    -5.949229291126     2.908458465659    11.029173737174
Au    -5.332881304199     0.741446662544     9.267422865913
Au    -4.695442888906    -1.478687072116     7.909719027229
Au    -4.018202543610    -3.702563069558     6.009651646643
Au    -3.293297688517    -5.570350714381     3.924831285028
Au    -2.231067427939    -7.723440532227     1.871261163068
Au    -1.484977764035     4.029618069630    11.745202070707
Au    -0.610313289848     1.485439073189    10.134161546281
Au     0.018945004024    -0.905329092762     8.237816480250
Au     0.391739946697    -2.950549327155     6.309253559752
Au     1.288543509390    -5.095338340157     4.986440816444
Au     2.076478481204    -7.109172959128     2.988495753997
Au     8.984219139008    -3.817049159446     9.093567462028
Au     8.158221203274    -1.648865960358    10.526246621115
Au     7.606199614460     0.239649808165    12.179836349097
Au     7.703054918745    -0.904452751185     5.198287934242
Au     7.194961504713     1.089403731361     6.769671381044
Au     6.215308503131     3.191166085975     8.558113400545
Au     5.621559012104    -0.260303614074     3.641554787345
Au     4.837152129697     1.858918727745     5.212244521526
Au     4.322445794817     3.952554029519     6.965978894933
Au     3.559249439274     0.190349211399     1.533414638498
Au     2.822142531446     2.414427076953     3.063456637339
Au     2.065054555770     4.270302456547     5.240931781312
Au     1.120260425664     1.069318675858     0.132470392454
Au     0.452803239418     3.109669216620     1.925492052499
Au    -0.145670917364     5.160249225159     3.730792066757
Au     7.292392378932     1.692540271215     4.096313632304
Au     6.855877430616     3.706961857946     5.853214213683
Au     5.413554883513     2.296672831026     2.554780001960
Au     4.657186434387     4.436552031439     4.291417915369
Au     3.271351728457     2.993259040401     0.685505395301
Au     2.482656425729     4.863653468642     2.419479543833
Au    -3.596401126754     0.058449191482    -0.748242704555
Au    -4.213610411230     2.151417451583     0.867177002382
Au    -4.614683122912     4.198190504799     2.659499962771
Au    -5.551566228076    -1.427648056447     0.013941447384
Au    -6.431378465410     0.771753930250     1.814191967608
Au    -7.114919595668     2.910834727377     3.852057932847
Au    -8.202717549910    -2.290046909606     1.054935603774
Au    -8.576029299088    -0.404131506941     2.836776006620
Au    -9.336979118268     1.544748902793     4.848701399798
Au   -10.131035021780    -4.407897049326     1.507120998823
Au   -10.854431006346    -2.691893809229     3.418384370694
Au   -11.441406719980    -0.199121790882     5.527785797134
Au    -6.303887284900     1.008915208401    -0.810239565727
Au    -7.010395480658     2.896700171519     0.812542582746
Au    -8.704694300704     0.309420033005     0.269496095086
Au    -9.167660111921     2.215743929230     2.067722336737
Au   -10.761947601439    -1.612904728311     1.008152369944
Au   -11.310343258850     0.207874355925     2.855400701238
Au   -10.123053858231    -7.796282868897     5.056123942552
Au   -11.386722812159    -5.797786244457     6.487326198970
Au   -12.483412018513    -3.452301117773     8.572185486233
