         216
 AuNiAgCu    E (eV) =  -775.445618       T (K) =   550.000000       time (ns) =  0.219999999    
Au    -3.575637924516     3.451939068717    15.377483899682
Au    -3.319550553120     1.331150967056    13.722966545768
Au    -2.692295571352    -0.943271323857    11.834802814946
Au    -1.873600047911    -3.001531844316    10.329582635257
Au    -1.043639418647    -4.818880633244     8.367597868221
Au    -0.153565719178    -6.780618124452     6.232300350333
Au     0.560562557613    -8.930460095413     4.453338270111
Au     1.259739009850   -10.975882481064     2.476709012117
Au     5.402888823039     4.213960558310     8.768039076946
Au     6.248165150726     2.255639108153     6.980439756067
Au     6.781682179040     0.212029448852     4.751592340388
Au     7.168048738666    -2.015609435238     3.302889670655
Au    -5.196481256810     5.082732089704     4.187597458170
Au    -4.613077213135     3.329579568985     2.025231649783
Au    -3.638027717752     1.438518847679     0.212869695854
Au    -2.824666857923    -0.651777198337    -1.104818806176
Au   -11.914854219464    -2.624414099417     9.759964107515
Au   -11.124685612159    -4.173398762597     7.695981908639
Au   -10.762235556175    -6.199042038341     5.780231340155
Au    -9.770000675237    -8.184613790203     4.051047137412
Au    -1.651326009522     1.739839786387    15.975344991008
Au    -1.034954377213    -0.247661966513    14.107936862998
Au    -0.292472639038    -2.428186369431    12.517510677825
Au     0.350106722544    -4.689384588025    10.819529050450
Au     1.134361446538    -6.598716938509     8.678393549977
Au     1.782700107223    -8.592070967833     6.922130014622
Au     2.508259523584   -10.742737484581     4.624112021256
Au    -4.378231163213     0.720357723942    16.022433153198
Au    -3.390930428583    -1.298583734128    14.403957008033
Au    -2.833407959818    -3.592830626158    12.920872885648
Au    -2.101241377369    -5.769373284464    10.553930995288
Au    -1.395536157200    -7.742816821608     8.603884983297
Au    -0.977625903368    -9.525124912459     6.794094339016
Au    -0.258740309335   -11.421838688465     5.080611890807
Au    -5.785587843408     2.241106986548    14.405711057591
Au    -5.326910257666     0.016784211417    12.471071534496
Au    -4.630951386945    -2.240404410074    10.306862329966
Au    -3.779307381516    -4.248278961711     8.343039369466
Au    -3.054041684475    -6.316816398581     6.616827766692
Au    -2.265718983767    -8.329526919398     4.695152530324
Au    -1.544128789432   -10.149009946101     2.975000487413
Au    -4.188935341847     3.974411983116    12.642224590388
Au    -3.522273625276     1.730087776816    10.965289421618
Au    -2.937271911374    -0.306047440193     9.001846704022
Au    -1.933053707725    -2.335255719323     7.016249950101
Au    -1.442840669448    -4.494484267863     5.145228858503
Au    -0.617246786937    -6.561322346915     3.364487756537
Au     0.091002964282    -8.487753210657     1.607200221456
Au    -1.267273451892     3.461664435341    13.971246472039
Au    -0.881507021505     1.623867844227    12.022587107019
Au    -0.340460707219    -0.627531005762    10.305809237797
Au     0.388911030225    -2.659647755248     8.756973267093
Au     1.024216812658    -4.494861541984     6.450983254486
Au     1.950863961164    -6.774821832843     4.245536912698
Au     2.500834048307    -8.598096993753     2.554533115672
Au    -7.865710483043     0.763927100901    12.504728303421
Au    -7.298417466288    -1.496614422492    11.001684183539
Au    -6.495722150921    -3.654194177522     8.992335534994
Au    -5.814466583934    -5.628720481957     6.886331362588
Au    -5.017403824670    -7.633172681801     4.972674437502
Au    -4.320891897920    -9.838982806439     3.410035367952
Au    -4.186302853250     4.182177270583    10.027049955352
Au    -3.776591541559     2.279718346636     8.210108385632
Au    -2.991330294793     0.061325426924     6.102174943479
Au    -2.161142310440    -2.055152021625     4.329531222535
Au    -1.692135290784    -3.984654253863     2.337813823609
Au    -1.312229655543    -6.170659276893     0.806657571449
Au     0.546515758370     4.050924641529    11.947115453708
Au     1.348965298006     1.590082625108    10.415589511733
Au     2.322679456575    -0.437420442213     8.496868203298
Au     2.965550332432    -2.659596320309     6.655894357106
Au     3.613818554718    -4.484167634787     4.796082630197
Au     4.181437607117    -6.549030550324     2.728070066588
Au    -9.913443462582    -0.742651373838    11.239656147197
Au    -9.038940329261    -3.037059969130     9.492907946347
Au    -8.638035162823    -5.047689516240     7.536597044045
Au    -7.932992348238    -7.141477338382     5.808762244629
Au    -7.177182844219    -8.886258647646     3.694584340943
Au    -4.793870199600     4.640607848789     6.805646150752
Au    -4.051397134549     2.723806279198     5.189046714276
Au    -3.135644012078     1.004982955145     3.206378507590
Au    -2.633825364452    -1.389085521323     1.510984895439
Au    -1.630829841126    -3.506060985048    -0.380262214456
Au     2.977542894697     3.859086547699    10.504500889023
Au     3.767244572429     1.831522760635     8.726065132701
Au     4.621009083377     0.086806722118     6.791641750849
Au     5.063052427500    -2.102139738836     4.933294437324
Au     5.669118796679    -4.325652183157     3.114154120241
Au   -10.215179372840    -3.368506705946    11.863555599962
Au    -9.503836206560    -5.781868224914    10.157734654497
Au    -8.930884174035    -7.844268788410     8.270722785989
Au    -8.255761563463   -10.067579505938     5.761500327699
Au    -6.737614470975     3.370146368272     5.390826273409
Au    -5.894511630059     1.495710812738     3.571364851001
Au    -5.391745333901    -0.824362433570     1.943716514132
Au    -4.600113856097    -2.388902144594    -0.106676465225
Au     3.044662635389     4.401731220675     7.509225754886
Au     3.716562503485     2.392369099325     5.768250154333
Au     4.225218420670     0.488148726852     3.960208073188
Au     4.983953011504    -2.012209654143     1.874755456301
Au    -8.613359143727     2.004515205295     7.196080562948
Au    -7.913412657361    -0.175196657216     5.098216486049
Au    -7.254732327559    -2.592149048266     3.619022068888
Au    -6.408660085277    -4.547752190345     1.117750931469
Au     0.493647041528     4.898985270764     6.768986137909
Au     1.008719099118     2.734627797540     4.815826952749
Au     1.642669843331     0.440206143729     2.929441846342
Au     2.233269980554    -1.487260654235     0.669655932852
Au     5.043276030471     2.418687010024    10.808459269811
Au     6.183457745330     0.334544386819     9.014863990340
Au     6.721348017379    -1.821727986011     7.044505300165
Au     7.225695595795    -3.865356340821     5.230536300289
Au   -10.178549359254    -0.496107106932     8.613987202931
Au    -9.470681395195    -2.684530056173     6.341392395998
Au    -8.799642784775    -4.660317762550     4.540395307113
Au    -8.068812257039    -6.679691849836     2.539113694569
Au    -2.601019939597     5.188464953665     5.671248063103
Au    -1.671416427690     3.175599384618     3.904274253191
Au    -0.952752407487     1.033267085751     1.515287574395
Au    -0.250990413025    -0.939046848817    -0.194861467848
Au    -8.343300205504    -2.089453871371    13.297515668669
Au    -7.517993938003    -4.479409083500    11.601179992271
Au    -6.693866051587    -6.289267724082     9.796763205274
Au    -6.169048461576    -8.155361432160     7.644243293708
Au    -5.707812188300   -10.093019463729     5.696721580545
Au    -6.333245354349     2.853215128645     8.339530284198
Au    -5.912345319189     1.081795314720     6.383914694377
Au    -4.998353151677    -1.047375435793     4.762917191583
Au    -4.654735273674    -3.269766846424     2.533597006124
Au    -3.733865697658    -5.057972489969     0.705225888396
Au     0.721582060419     4.537492123273     9.279722910525
Au     1.245799864017     2.297769976189     7.656513312553
Au     2.054534124480    -0.042995799000     5.587892915166
Au     2.814849232795    -1.873162236993     3.604206794915
Au     2.955132215692    -4.024734788379     1.799271261240
Au     2.929602609376     2.168449744689    12.684560563504
Au     3.707614313403     0.058316480405    10.992083134960
Au     4.425446170870    -2.070228718589     8.734308834077
Au     5.027284555561    -4.237828589258     7.202985215608
Au     5.693617688901    -6.127658914680     5.240865215990
Au    -8.461962426493     1.154986530679     9.790085372894
Au    -7.433438587516    -1.013716502647     8.055678464282
Au    -6.834114051451    -2.972579409889     6.327947013800
Au    -6.142152017479    -5.127366292968     3.827732381811
Au    -5.403276260854    -7.399140512760     2.226501874421
Au    -1.786089770076     4.544654519604     8.314433130622
Au    -1.322514292632     2.562045651439     6.525781171084
Au    -0.766520535863     0.440347865160     4.443548930686
Au     0.038545696212    -1.575514701545     2.554710458169
Au     0.503008675420    -3.803686343386     0.713239519393
Au     0.852909780344     1.615242090365    14.243841702310
Au     1.429090759503    -0.247441316794    12.431884098586
Au     2.267895202510    -2.311104556637    10.747458581612
Au     2.670373104888    -4.369334887584     9.017238448927
Au     3.159324414366    -6.207017820358     6.935293378688
Au     3.811293051855    -8.308966770083     5.155749629563
Au    -6.590381425720    -0.324953049091    14.642171187365
Au    -5.503732878901    -2.733096606900    13.005283514670
Au    -4.657515685789    -4.736457477579    11.003422076671
Au    -4.057830501343    -6.760603110195     9.154586327965
Au    -3.506599567352    -9.015565279239     7.534589849848
Au    -2.923466922574   -10.937663552406     5.458275192441
Au    -6.083639194250     2.336784414505    11.321574050862
Au    -5.766163114401     0.272754764872     9.457775462518
Au    -4.757675318985    -1.815915765946     7.396558216643
Au    -4.135183685631    -3.898652436570     5.526485165929
Au    -3.413811633297    -5.795905935916     3.546492317595
Au    -3.009473444019    -7.884932554750     1.863858031771
Au    -1.864093061218     4.473518287980    11.134427589666
Au    -1.314988602076     1.792186718612     9.312998967022
Au    -0.252452089119    -0.146785034609     7.562583044822
Au     0.208210680537    -2.035808573198     5.284885496441
Au     0.928914693120    -4.316188169039     3.570242508330
Au     1.505772635301    -6.253661341006     1.617814946533
Au     8.944338972815    -1.132348378046     5.655179878592
Au     8.160031865670     0.501174583491     7.296285530660
Au     7.459718261962     2.413567754624     9.315943241340
Au     6.275862205783     0.426263892674     2.162188736700
Au     5.777891037233     2.550971069282     3.929888424006
Au     5.244436473197     4.549157560184     5.891492109823
Au     3.734126517895     0.568426550352     1.144787991409
Au     3.008221154051     2.874124390435     2.959268856139
Au     2.695418061565     4.974545155250     4.825584655308
Au     1.361204696494     1.385899071793    -0.001159504569
Au     0.565480766571     3.240539161510     2.053760887443
Au    -0.231658469894     5.322768189939     4.143203558952
Au    -1.194116158135     1.596534941491    -1.019625077069
Au    -2.062372006894     3.463243278974     1.046192692490
Au    -2.963571498472     5.383145544988     3.033351760871
Au     5.297360272155     2.685311337472     1.260723241122
Au     4.743614554171     4.916356992798     2.653240098287
Au     2.911440995692     3.761307350961     0.364163654954
Au     2.023818021863     5.549133002579     2.206833665849
Au     0.167595294529     3.921482835649    -0.466670279820
Au    -0.561626759629     5.743113496682     1.568124726199
Au    -5.717347634613    -0.153337652370    -0.823848889108
Au    -6.472007183619     1.739439117830     0.695013493181
Au    -7.454002407607     3.385372293775     2.502584033616
Au    -7.229571965742    -2.024999182504     0.550744070266
Au    -7.744367740089     0.040899815740     2.504809022466
Au    -8.985210681302     2.233050885516     4.017115846954
Au    -8.980483995150    -3.879314073559     1.943191771451
Au   -10.112173368294    -2.012982718309     3.841447632235
Au   -10.426156384064     0.308807728951     5.798149129448
Au   -10.569138690272    -5.862830188348     3.050892301157
Au   -11.839969774757    -3.939991209584     5.020379851526
Au   -11.801443980451    -1.517775406434     6.801511648088
Au    -8.500997309808     0.149700837721    -0.407345541106
Au    -9.493355324601     1.912292056281     1.231089699252
Au    -9.734989275983    -1.371447724648     1.274696455398
Au   -10.768896440099     0.458397796596     3.166394343261
Au   -11.542416905428    -3.565243912861     1.979461280613
Au   -12.575610150414    -1.379346248571     3.910363306902
Au   -10.579550276301    -8.702948665402     6.497945107653
Au   -11.347385035714    -6.699761125230     8.476805479498
Au   -11.998496522719    -4.942066341889    10.470537774743
