         216
 AuNiAgCu    E (eV) =  -775.429749       T (K) =   550.000000       time (ns) =  0.540000021    
Au    -3.031249014303     4.354288887613    14.748658463335
Au    -3.451768986021     1.686381805415    14.784028020597
Au    -3.342461058907    -1.161291839313    14.746250467529
Au    -3.795108117898    -4.029645135703    14.105940518609
Au    -3.796943358222    -6.847589339036    13.791633988850
Au    -3.935421731931    -9.800712840923    13.377838726429
Au    -3.996749014722   -12.547084275649    12.828890699834
Au    -4.188405845290   -15.190562279976    12.673838316821
Au     5.892108573737    -1.428381022942    12.548595997644
Au     6.045278272936    -4.409479619590    11.955689837040
Au     5.713841454083    -7.098039861716    11.735070008003
Au     5.697053894823    -9.908520732746    11.544959379607
Au    -2.302943916757     0.186303934347     4.526018914511
Au    -2.167056532039    -2.638998323253     4.230850994539
Au    -2.609717478319    -5.530932679740     3.924733816104
Au    -2.299841012692    -8.272807660117     3.827418274206
Au   -12.225256096437    -0.201223417943     9.789034863896
Au   -12.287924208184    -3.070855453761     9.409796403939
Au   -12.496467236929    -6.047955871347     9.250281848152
Au   -12.571291753669    -8.788555561259     8.883938528484
Au    -1.842613042762     2.860071423388    16.748244267362
Au    -2.082479044074    -0.119395444784    17.046845028384
Au    -2.794933830766    -2.684528874148    16.814155972224
Au    -2.639549205686    -5.404762596607    16.231645983041
Au    -2.754662898005    -8.654634131647    15.506492886487
Au    -2.972271619437   -11.347058330335    15.639827689709
Au    -3.385818617411   -14.131881342155    15.007772628852
Au    -4.970852868830     2.777001782519    16.456098307506
Au    -5.131076498122    -0.003409493800    16.348237782680
Au    -5.382795072889    -2.957808962289    15.943720067473
Au    -5.164027793856    -5.950033509529    15.920751367444
Au    -5.503840291428    -8.928046448144    15.266445366567
Au    -5.769128689836   -11.436877437533    14.794093609406
Au    -6.053429590801   -14.066422272909    14.139656305206
Au    -5.388539327469     3.268738720444    13.723751710421
Au    -5.395219111456     0.262686945019    13.484274074255
Au    -5.848252110043    -2.543959419961    13.088267821729
Au    -5.960821892851    -5.312826775082    13.037765545683
Au    -6.148568687958    -8.124001533051    12.475926868656
Au    -6.406598654952   -11.001437065633    12.056075031759
Au    -6.338370077164   -13.726546963460    11.372043773870
Au    -2.626177214866     3.239431155574    12.380461652936
Au    -3.023747708038     0.559932112377    11.850827588604
Au    -3.138155279058    -2.377753373981    11.913703715901
Au    -3.472852262504    -5.068618394554    11.445835889253
Au    -3.719718624079    -7.967281183319    10.961951347968
Au    -3.747788931695   -11.048286180949    10.452847878146
Au    -3.826835470616   -13.572637055394    10.085642539067
Au    -0.774756705316     2.970175733202    14.358387061639
Au    -1.080423298061     0.105057125961    14.127134278455
Au    -1.093305066769    -2.681088197688    14.109420820697
Au    -1.307677486942    -5.406159218645    13.417720119009
Au    -1.638938141544    -8.212184023529    12.890970726308
Au    -1.782214461972   -11.006004485882    12.397558758920
Au    -1.869764190208   -14.179224292339    12.343365727647
Au    -7.585065453792     1.983966068574    12.501671890309
Au    -8.068257105586    -0.758746974288    12.121429912075
Au    -8.065956166231    -3.716536774006    12.123972448287
Au    -8.397048453320    -6.552368020210    11.388991347691
Au    -8.517242097537    -9.173751485516    11.010065961778
Au    -8.624608579191   -12.418043166549    10.650528193712
Au    -2.905792249312     2.202594208821     9.704098346009
Au    -2.769844021697    -0.654491885574     9.535968010347
Au    -3.068724875096    -3.308108302945     9.123100392005
Au    -2.992824142198    -6.327233741708     8.783360023000
Au    -3.302523797616    -9.117440398014     8.513420982912
Au    -3.324496092488   -11.941432781381     7.911472388013
Au     1.414819210838     1.317217638235    13.685624116365
Au     1.438646757814    -1.380735845875    13.409761771970
Au     1.225553850461    -4.114061438486    12.877149044684
Au     0.948995207268    -6.978709963404    12.756985576432
Au     0.569405048804    -9.855799795708    12.253925725790
Au     0.591996988539   -12.834358011897    12.084213570473
Au   -10.077850136714     1.121487808992    11.426111765048
Au   -10.349977548517    -2.018956931712    11.105518602514
Au   -10.328246613370    -4.724750409625    10.687680856572
Au   -10.543746743490    -7.796840418989    10.407924996264
Au   -10.792193473110   -10.480322778299     9.945149924871
Au    -2.476800650909     1.188958891038     7.234549757520
Au    -2.446511279629    -1.356260343432     6.713192975005
Au    -2.834397017378    -4.191794503754     6.387733832243
Au    -2.816516985022    -7.007934917163     6.200547237361
Au    -2.673833496699    -9.876808077276     6.005331889911
Au     3.731645841789    -0.200183751225    13.246193730552
Au     3.608457056857    -2.958083795985    12.661564984957
Au     3.513380427398    -5.688472295192    12.061285225718
Au     3.396724574086    -8.417368057750    12.012258839943
Au     3.065648750803   -10.957129574473    11.597147078150
Au   -11.617151634002    -0.468483544099    13.122761782131
Au   -11.847098608888    -3.659221899946    12.658070040952
Au   -11.934071794272    -6.474203871895    13.042618471330
Au   -12.101790576254    -9.582521087317    12.126291759184
Au    -4.593611459434     0.123643734546     5.958497072042
Au    -5.076492209699    -2.613035721462     5.703464543325
Au    -4.981514089660    -5.655457016087     5.226380004928
Au    -4.911532320400    -8.493902012357     5.228825348557
Au     4.216345721524    -0.897512891414    10.378722103967
Au     3.966832110587    -4.020285158414     9.876380378942
Au     3.580252881144    -7.215963376154     9.560139055129
Au     3.749073582163    -9.891161688621     9.118787332987
Au    -7.296754451156    -0.084680269831     7.484275683523
Au    -7.278723722187    -3.157728876006     6.968861297559
Au    -7.325330934365    -5.986087710363     6.770462787194
Au    -7.785011606622    -8.711540441919     6.313802909689
Au     2.038651555081    -0.697171618844     8.196710862142
Au     1.910752147769    -3.462000598350     8.061618361338
Au     1.604506888945    -6.395238064983     7.664533150725
Au     1.363978099587    -9.314559228392     7.478922220860
Au     4.760784916336    -1.747646238385    15.262718970830
Au     4.544616227789    -4.332667330128    14.690452589277
Au     4.663508963554    -6.999025023558    14.224830533737
Au     4.418437569410    -9.870797578141    13.942432282261
Au    -9.801245009516     0.030193327256     8.492753949845
Au    -9.731613916360    -2.906120022654     8.364474108408
Au   -10.158970210326    -5.828362353150     8.051869988040
Au   -10.186387547390    -8.781358507012     7.627031145442
Au    -0.093817616237    -0.042284869077     6.558485653363
Au    -0.101548373117    -3.185850104324     6.165323256956
Au    -0.317328454979    -6.095558867892     5.553887039363
Au    -0.226599278828    -9.172281049040     5.311352193616
Au    -9.369981448535     0.711930091590    14.208402561891
Au    -9.624255374681    -1.915794861478    14.038058882503
Au    -9.820808986815    -5.206664356078    13.867455472606
Au    -9.886333697246    -7.792476176604    13.368084376237
Au    -9.770180387762   -10.738434096673    12.661493625022
Au    -5.151757194948     1.225326538206     8.434492575853
Au    -5.141304393666    -1.622675648074     8.210288093372
Au    -5.274844081300    -4.751684610204     8.020320483873
Au    -5.410030888297    -7.655559396949     7.741972079597
Au    -5.404100740632   -10.489292512205     7.160618794423
Au     1.932211540185     0.411093933444    11.378033052997
Au     1.726333316191    -2.347276628324    10.727470428859
Au     1.595408156434    -5.371595211297    10.397172796355
Au     1.152994492807    -8.120925243595     9.880536677210
Au     0.917080064641   -11.034672766508     9.658776900396
Au     2.424315035570    -0.134514203047    15.771262420093
Au     2.331589341869    -3.010487837194    15.539742556215
Au     2.146762836744    -5.799542509888    15.064517019183
Au     2.283299114856    -8.712535130965    14.643788905288
Au     1.880628026839   -11.240207228418    14.014624126624
Au    -7.638728302213     1.233980034386     9.704385824330
Au    -7.815915078151    -1.945411651660     9.763161156950
Au    -7.956803201113    -4.816795099200     9.311821661339
Au    -8.039792503064    -7.597583698968     8.884962539334
Au    -8.366152841461   -10.509317560219     8.545523747049
Au    -0.419011253636     0.923312527798     9.071919127272
Au    -0.360399925600    -1.975543177948     8.639518997803
Au    -0.593652157970    -4.881363321045     8.359913868925
Au    -0.776035386731    -7.842618160780     7.705402177547
Au    -0.735697934931   -10.894059976472     7.800458042146
Au     0.278560344447     1.475331046180    16.349247445585
Au     0.118272802564    -1.459941810107    16.256819875624
Au    -0.215613914772    -4.507297720955    15.792145839033
Au    -0.389589118348    -7.216912886347    15.309856821242
Au    -0.458304691456    -9.841213737606    14.877164044226
Au    -0.835121970652   -12.654800122950    14.441396446485
Au    -7.014288416331     1.514384097668    15.190986247159
Au    -7.290334673345    -1.161906238277    15.008903881196
Au    -7.646677678483    -4.006214013752    14.944162708474
Au    -7.405827003414    -6.620608279249    14.707998795578
Au    -7.868010831870    -9.623825319397    14.042798688403
Au    -8.028255124465   -12.612116547218    13.354362101604
Au    -5.078121906352     2.285178499748    11.311853860850
Au    -5.372741656668    -0.677304897948    10.993661750937
Au    -5.607416827896    -3.523719967399    10.435787761658
Au    -5.822151417946    -6.242095630481    10.332407029214
Au    -6.087358893110    -9.454048682963     9.771220430683
Au    -5.818504909709   -12.085043431264     9.355708030849
Au    -0.628784414874     1.720036512782    11.834896168810
Au    -0.466991783573    -0.801061617659    11.483113856977
Au    -0.893310925152    -3.574413716940    11.079199783407
Au    -0.930672707774    -6.751225508254    10.738198126793
Au    -1.230087434417    -9.392594669481    10.156964000990
Au    -1.152754556704   -12.569604653264    10.187124434293
Au     6.690112914669    -8.464729216752    13.855625748953
Au     6.915232847416    -5.738637890717    14.199836464120
Au     7.053841038649    -2.827854260573    14.305748961044
Au     5.981518983510    -8.476534247725     9.266616000909
Au     6.185083025655    -5.576183526432     9.492275009951
Au     6.274370614191    -2.514495939386     9.917904422504
Au     3.796542743676    -8.128429177349     6.897239596743
Au     4.072996703372    -5.338071868936     7.580186293945
Au     4.339993694794    -1.921984844989     7.946510256431
Au     1.910410955707    -7.618522896673     4.855676270960
Au     2.163884796579    -4.669076130886     5.538836075149
Au     2.312678457767    -1.877611476659     5.788711367097
Au    -0.187602937159    -6.627680236497     2.914757463067
Au    -0.116802748199    -4.097813328714     3.568720466310
Au     0.168644449118    -1.183708674771     4.227030435297
Au     6.053778957900    -6.806650380619     7.016801417337
Au     6.378276658478    -3.765492261869     7.372329456832
Au     4.544272313033    -6.126455334717     4.773209095112
Au     4.626965466687    -3.597401986365     5.594644062311
Au     2.339503160845    -5.746959952503     3.022137956719
Au     2.268569055972    -2.991886189438     3.343100551867
Au    -4.788921749681    -7.023520709601     2.909433392333
Au    -4.700715855108    -3.658890574953     3.133252399102
Au    -4.412509820598    -1.052510217485     3.429486726623
Au    -7.159184001948    -6.749292544706     4.156340374506
Au    -7.201038885450    -3.965060959013     4.347546486710
Au    -7.199094121403    -1.159381979238     4.678180396160
Au    -9.689355445968    -7.092339375994     5.422871720234
Au    -9.578600859384    -4.296793236999     5.847827462464
Au    -9.612527800579    -1.464989242376     5.994145272351
Au   -12.331513327140    -6.738447632300     6.752999056173
Au   -12.175010576045    -4.207598531623     7.000777029526
Au   -11.990364886765    -1.261085245929     7.418477220859
Au    -7.233751132447    -5.090016335877     1.751806003961
Au    -6.975671801333    -2.528357999831     2.074373125515
Au    -9.553877928630    -4.966564905941     3.176794757571
Au    -9.336818350659    -2.452716607547     3.377155322738
Au   -11.629770795783    -5.514572753923     4.637186923615
Au   -11.727232166249    -2.891991316593     4.677022240698
Au   -13.455437425102    -7.709565727078    11.097396818569
Au   -13.909780946772    -4.499385444899    11.014886501851
Au   -13.378120148626    -1.766967735696    11.599790818454
