         216
 AuNiAgCu    E (eV) =  -774.229248       T (K) =   550.000000       time (ns) =   1.11000001    
Au   -12.817874047702    -4.241121571972    19.878190929450
Au   -11.190738652098    -5.544423858635    18.185013361395
Au    -9.156528833593    -7.021482386868    16.811302166927
Au    -7.077861007825    -8.658263685837    15.375321200982
Au    -5.133435862744   -10.131245382230    14.053790606013
Au    -3.167505267807   -11.410273581056    12.142144180958
Au    -0.747845829382   -12.720748442342    10.732828628696
Au     1.117754782315   -14.273873963513     9.491170527385
Au    -3.813544522958    -7.972893088767    25.115056736623
Au    -1.758200373394    -9.437809713151    23.937304548225
Au     0.134129332185   -10.755916870478    22.288548817533
Au     2.029315819714   -12.076917154723    20.650068633871
Au    -2.630964334892     0.340135885683    17.807258629335
Au    -0.770029861812    -1.012212647331    16.193050863619
Au     1.475895004691    -2.224427033524    14.676785097931
Au     3.276900784048    -3.798785592025    13.409235454336
Au   -10.611778036708    -0.841346997547     9.631868907680
Au    -5.819726055043     0.949014917505     8.199113757837
Au    -6.038466335658    -1.699693727102     7.215390343061
Au    -4.174666914721    -5.711514613275     4.715931840388
Au   -12.594120849978    -7.079084663410    19.943389062710
Au   -10.831598447190    -8.452892676228    18.677129742134
Au    -8.806049957093    -9.826329245946    17.199435131683
Au    -6.907283095476   -11.305589688154    15.680987645225
Au    -4.334037762624   -13.055817567306    13.847004796060
Au    -2.214953429480   -14.038617383991    12.800114122996
Au    -0.301454359540   -15.496835552614    11.299749474023
Au   -13.885096720995    -5.803298340191    17.573622891865
Au   -12.292836246903    -7.243224637525    16.055114756699
Au   -10.062669263173    -8.530262985073    14.727928716481
Au    -8.053866491668   -10.156095158872    13.347225496223
Au    -5.764920227527   -12.072590000678    11.683167433413
Au    -4.072109618891   -13.469809577354    10.451172163631
Au    -1.489341511524   -14.138516853397     8.573797315415
Au   -12.318922941484    -3.299535501424    17.173807810422
Au   -10.652856283587    -4.935249080909    15.665680481920
Au    -8.595867012599    -6.574279977915    13.958126179216
Au    -6.462908178939    -7.717378983726    12.813046220051
Au    -4.290047550830    -8.911193074666    11.595133852455
Au    -2.214538340993   -10.434385778536     9.734065643556
Au     0.149447926776   -11.954447654532     8.290209610349
Au   -10.512678476937    -2.881100770159    19.098756170091
Au    -8.625707158885    -4.488832797439    17.890776679194
Au    -7.014619087547    -5.823482624261    16.154485933011
Au    -4.678632220080    -7.514755834794    15.062551824082
Au    -2.456552505726    -8.994347457320    13.332751076262
Au    -0.360602602874   -10.272290055767    11.800797877296
Au     1.901254449476   -11.595678818448    10.394419429613
Au   -10.475109769106    -5.219052175908    20.894460516144
Au    -8.806713848942    -6.811740852574    19.663571808008
Au    -6.785024266719    -8.177971355437    18.145695983352
Au    -4.645858599327    -9.845770875058    16.915829487835
Au    -2.602601568145   -11.001350758863    15.121742712382
Au    -0.383877357263   -12.427235189123    13.749358628397
Au     1.321633520827   -13.604830231208    12.138705030171
Au   -12.236519522953    -2.805274640097    14.430529558997
Au   -10.061587498773    -4.159688622933    13.063374636421
Au    -8.059643230464    -5.571198799918    11.621196234264
Au    -5.684433702190    -7.143938135605    10.189346062682
Au    -3.586700945895    -8.467696290451     8.538245933839
Au    -1.842733166994   -10.132370593962     7.033702359556
Au    -7.960218731867    -2.101773328924    18.812468061337
Au    -5.961759069391    -3.492994003983    17.487670042578
Au    -4.151802082087    -4.729191083626    15.733157792858
Au    -1.979901237488    -6.122328539652    14.509794630511
Au    -0.046906116316    -7.683075565772    12.924017746466
Au     2.128787590424    -9.141132379672    11.517176814296
Au    -8.254980563047    -6.434336681886    22.223513196414
Au    -6.502397696435    -7.862820045036    20.798516031790
Au    -4.324338899268    -9.275299346551    19.743206902917
Au    -2.304584209989   -10.827296560891    18.005911112647
Au    -0.360635660605   -11.902139845571    16.460317135159
Au     1.849389052016   -13.325274442365    15.132409197125
Au   -11.324847422133    -2.058555299578    11.945202529584
Au    -9.232402485355    -3.323790756519    10.531110095587
Au    -7.106331718850    -4.559620703116     8.565879095025
Au    -4.876312483772    -6.245542776829     7.567866353366
Au    -2.776442485671    -8.005441467621     5.815913356178
Au    -5.319108537717    -0.755874815076    18.243416465244
Au    -3.588002605495    -2.099665237284    16.595997856865
Au    -1.451540840411    -3.385236208565    15.095253503933
Au     0.930313972823    -5.071572002316    13.644117833789
Au     2.911451540780    -6.504467983608    12.485805990947
Au    -6.434250604398    -7.342047693899    23.820139552486
Au    -4.210841039538    -8.551561070096    22.354410455139
Au    -2.108519477672   -10.151895557872    20.904163598570
Au     0.060928792676   -11.334967196678    19.340161133399
Au     2.147377355754   -12.733735434843    17.916372252157
Au   -11.623419768779    -3.316434971164     9.297854932498
Au    -9.852044131461    -5.310209088752     8.404080818809
Au    -7.962708480007    -6.532796749908     6.570444791454
Au    -5.673355901050    -7.615413571900     5.615912840334
Au    -4.779368497215     0.125628512876    15.567906059043
Au    -2.689585944603    -1.163273008511    14.131132741905
Au    -0.636454053249    -2.817866831061    12.519111697536
Au     1.582448967564    -4.385541081810    11.065403072038
Au    -4.106592059375    -6.104911767737    23.421495071902
Au    -1.352301902181    -7.392840309796    22.111758398242
Au     0.233132776959    -8.792013845451    20.461355473255
Au     2.661231252959   -10.095177809188    18.781291950901
Au    -6.696997240642     0.009486886598    13.346776422632
Au    -4.815944140475    -1.411859242300    11.872307264794
Au    -2.480909802476    -3.088151970584    10.381360056372
Au    -0.455646732847    -5.148613211286     8.800424356295
Au    -3.607559399058    -3.835501653960    21.345546665854
Au    -1.548721272432    -5.291945286307    20.230968390417
Au     0.485989811130    -6.729654019504    18.577705213882
Au     2.921925246418    -7.961498542002    17.211438045479
Au    -5.884137722634   -10.095859815903    23.770454187293
Au    -4.105162950441   -11.368198284732    22.441631943085
Au    -1.843136075191   -13.027588037680    20.980360428268
Au     0.486940854098   -14.083005018226    19.489615342124
Au    -8.819476798387    -0.786961620435    11.455332922906
Au    -6.779718032101    -2.104940416241     9.718422350516
Au    -4.399712938363    -3.744290618261     8.397494130420
Au    -2.084888490235    -5.175366153292     6.622850959987
Au    -3.176807257368    -1.674057123731    19.486459422904
Au    -1.169601464299    -3.028128738565    18.025566870166
Au     1.224965096589    -4.441692546396    16.468730976594
Au     3.081618358981    -5.857191757152    15.346645613561
Au   -12.693153906401    -4.538993540104    12.487906653631
Au   -10.554548608609    -5.575374835775    10.859802321854
Au    -8.460230836108    -7.371400505201     9.508820249804
Au    -6.774753963750    -8.536851828614     7.937181758693
Au    -4.545196979002    -9.990884215861     6.509437838077
Au    -7.067072995442    -1.269013156065    16.144353923994
Au    -5.386920036981    -2.434532183023    14.308289173200
Au    -3.414132661391    -3.743837521401    12.989347544774
Au    -0.968078757765    -5.251312315023    11.599822836091
Au     1.123793096597    -6.955164284654    10.273181665204
Au    -5.938019397528    -5.126293007259    21.705266578348
Au    -4.122333440044    -6.479108807268    20.441711237225
Au    -2.000612368263    -8.077219255113    19.037023882494
Au     0.057456840019    -9.252797380262    17.638307381147
Au     2.318879793997   -10.686785098302    16.017360432672
Au    -8.373577712627    -9.116436500408    22.476434089443
Au    -6.340291045755   -10.600184385090    21.231671093318
Au    -3.795595729294   -12.113768778969    19.603424147399
Au    -1.884123318864   -13.572705231304    18.390709405922
Au     0.053570286347   -14.650002777173    16.821983411400
Au    -9.407630838541    -1.524799448413    13.945564306460
Au    -7.301520647015    -2.958466629666    12.405948897216
Au    -5.431176625950    -4.495751325329    11.043360058030
Au    -3.281551432080    -5.766113833296     9.714584367708
Au    -0.983433389237    -7.764367893015     7.922705371677
Au    -5.889231515636    -2.836078965585    20.295587987018
Au    -3.753268467755    -4.360045749702    18.658882226687
Au    -1.651780428078    -5.612147191028    17.177608749163
Au     0.422354039812    -7.038563474113    15.824865074390
Au     2.438510923078    -8.489352353353    14.472234682977
Au   -10.636005741716    -7.735707246557    21.524430111066
Au    -8.610765417667    -9.760829037107    19.741691433390
Au    -6.346754385918   -11.050156577371    18.557109020894
Au    -4.423876890739   -12.670848312165    16.720839930618
Au    -2.242475535963   -13.837467131870    15.472556032780
Au    -0.048943969652   -15.316238671880    14.050227509712
Au   -13.379376551734    -5.029170277105    15.149823363238
Au   -11.513611092972    -6.599834623902    13.715658446694
Au    -9.460634380376    -8.006546929905    11.872046880837
Au    -6.979458068246    -9.569692225485    10.774104280848
Au    -4.794179351023   -10.737372459433     9.581881152380
Au    -3.164690127845   -12.385857091952     7.878214868173
Au    -9.613434069122    -2.188285614743    16.777163949416
Au    -7.928419079305    -3.733863571192    14.817383276373
Au    -6.000891595464    -5.163319959690    13.700778713930
Au    -3.865228469244    -6.297353951840    12.534313178800
Au    -1.684543615181    -7.879447035320    10.684579786746
Au     0.515482035834    -9.450951668901     9.334975289625
Au    -8.192843507884    -3.958592378437    20.705951518563
Au    -6.370211163043    -5.638419947879    19.018010543413
Au    -4.129649759207    -7.071688103575    17.752035855499
Au    -2.266682846396    -8.531740313743    16.222317992061
Au    -0.107305018173    -9.648689232074    14.837443108739
Au     2.177315004396   -11.296334428774    13.302447451079
Au     0.278099416883   -13.413475282247    22.251128541412
Au    -1.839663529066   -12.188907729847    23.557908775810
Au    -3.600585704138   -10.733083434708    25.070802247943
Au     2.956910929529    -9.569062704665    21.787359644995
Au     1.068328272286    -8.310057675366    23.221598287589
Au    -1.243406581025    -6.691149901311    24.601493731301
Au     2.734110004349    -7.501944456832    19.914372175612
Au     0.950906913662    -6.031105880874    21.278185700673
Au    -1.208329112684    -4.677788735205    22.894005110397
Au     3.489384392203    -5.349521194074    18.078913460391
Au     1.095081977679    -4.087114436711    19.360214005940
Au    -0.906618590608    -2.735802066673    20.909878692341
Au     3.624374323167    -3.257428795415    16.351268391990
Au     1.525073014612    -1.892415593095    17.264128469117
Au    -0.323698838764    -0.550445164308    18.686840374621
Au     3.367568620821    -6.928414227480    22.537534222882
Au     1.198077745115    -5.642146058275    23.972020570883
Au     3.278103594750    -4.728926711206    21.075035198228
Au     1.197674405466    -3.369057405804    22.294323611213
Au     3.744531562986    -2.806984218734    18.800748441379
Au     1.709622541202    -1.756630183795    20.467107664003
Au     2.313535555822    -1.991735799584    11.815663120111
Au    -0.257717283293    -0.263679509776    13.624421822720
Au    -2.254422317864     1.352145001873    15.238140772916
Au     0.202351568324    -2.406784372558     9.749723800490
Au    -2.292403163024    -0.537700159988    11.283572560810
Au    -4.069427001542     0.898940545585    13.070618717278
Au    -1.578432366358    -2.833277442825     7.787531024676
Au    -4.245624668051    -1.246186826574     9.366413945625
Au    -6.347546131723     0.684899636656    10.765176172956
Au    -3.775289486052    -3.342044277374     5.810164647598
Au    -3.348889380102    -1.201479463565     6.640185025278
Au    -8.210418933021    -0.020598198893     8.539526097245
Au     0.459208652628     0.042406186710    10.961388262479
Au    -1.572518374214     1.802545613902    12.607631458136
Au    -1.428727266585     2.051821737612     9.774532992366
Au    -3.879215603753     1.631643397992    10.525899393868
Au    -1.418581434399    -0.397516234580     8.757228655013
Au    -3.306666496831     1.483313483405     7.910319080874
Au    -6.371431561959    -4.249585261145     5.930617589021
Au    -9.042511928899    -4.106725268242     6.184449973374
Au    -9.160690050885    -2.240633173141     8.005051852980
