         216
 AuNiAgCu    E (eV) =  -773.895325       T (K) =   550.000000       time (ns) =  0.990000010    
Au    -8.752541340442    -0.654819003665    17.735737450561
Au    -8.337149381402    -2.770564449902    15.941011264359
Au    -7.569346535097    -4.693342327201    13.772640992459
Au    -6.530312522149    -6.733422793208    11.964584021922
Au    -5.288332487758    -8.648813312678    10.294701637287
Au    -4.647693856034   -10.378346774095     8.225088586204
Au    -3.761956853061   -12.321681714664     6.271333955429
Au    -3.097332938945   -14.147781260785     4.098146231824
Au    -0.283786038281    -6.141174663161    20.073933081848
Au     2.591112014809    -8.521090497869    17.415465273736
Au     2.408416055243   -10.744119023875    15.471741536377
Au     3.272776053330   -12.878362299673    13.474129781415
Au     0.172824848470     1.185682391169    11.470801425961
Au     1.088186226557    -0.632551078822     9.337012307710
Au     1.879078774589    -2.741919714414     7.619920684453
Au     2.645587873365    -4.515263022354     6.002789966058
Au   -10.138129024472     1.264258025888     6.812991110968
Au    -9.343660517278    -0.502936109225     4.446630519538
Au    -8.491791853133    -2.477783792013     2.793735061690
Au    -7.745044650713    -4.486024893595     1.104124639763
Au    -9.133129841428    -3.502799749669    18.625623082093
Au    -8.634681389552    -5.616936633964    16.456298852724
Au    -7.573086381908    -7.623490462986    14.406880533887
Au    -6.600265840122    -9.628759698051    12.617384529944
Au    -5.962349005207   -11.607054993587    10.666867346275
Au    -4.739202265490   -13.407445496917     8.459542055771
Au    -4.299028752679   -14.976145499787     6.184225546589
Au   -10.874801146588    -2.381175368056    16.678576133998
Au   -10.115834986623    -4.424493987285    14.822467747846
Au    -9.232971870674    -6.492240546684    12.619028584310
Au    -8.338486677822    -8.253317188087    10.671377139234
Au    -7.331091362139   -10.216610883428     8.960462506027
Au    -6.547452785027   -12.124165262727     6.624763157998
Au    -5.542821230026   -13.551392297358     4.360889293515
Au    -9.741370351299    -0.575316825038    15.253222448705
Au    -8.693205437122    -2.357150985629    13.002406684583
Au    -8.247531431884    -4.151727121081    11.058786460615
Au    -6.951821931714    -6.166054559061     9.301445379067
Au    -5.981041381220    -8.182825762684     7.213132880882
Au    -4.929532524810   -10.014934293981     5.112550639435
Au    -3.905535071257   -11.649599224021     3.162287099916
Au    -6.762629550205     0.048599125612    16.081445959760
Au    -6.220605767289    -2.134512301283    14.443388412754
Au    -5.284994377424    -4.311320604545    12.442410157361
Au    -4.331179509200    -5.879284816739    10.418988757197
Au    -3.278945899109    -7.950894462716     8.565028715053
Au    -2.508222095694   -10.072968732800     6.569355536341
Au    -1.554659584563   -11.829498547239     4.609085721639
Au    -6.814405140850    -2.475733616477    18.606063709376
Au    -6.004263372875    -4.171802362080    16.552012254108
Au    -5.386069037710    -6.110427775649    14.532664853737
Au    -4.269871669329    -8.244741724231    12.942187088408
Au    -3.399387787395   -10.434543617979    10.735286501072
Au    -2.271366081904   -12.079616609372     8.724468319403
Au    -1.531190904367   -13.859235396562     6.247151532317
Au    -9.803809358757     0.066095426459    12.669447939544
Au    -8.779041461272    -1.544868524731    10.450166613838
Au    -8.105913696532    -4.011824976801     8.278322794702
Au    -7.482799104806    -5.865377128278     6.282653473755
Au    -6.140210873833    -7.461174456885     4.602912938324
Au    -5.523491298541    -9.333403376195     2.582783135584
Au    -4.584910720197     0.411959312993    14.589013626511
Au    -3.758266731010    -1.685662527180    12.713774276187
Au    -2.887115403624    -3.520332116644    10.885591673548
Au    -1.894174063187    -5.458546595411     8.950847820011
Au    -0.754955641193    -7.609576009682     6.903630587246
Au    -0.151834023186    -9.608761734476     5.145740327057
Au    -4.637429491420    -3.927533161693    18.779165515317
Au    -3.910648473723    -6.283722654548    16.824438882205
Au    -2.764693624310    -7.948424502777    15.033825291834
Au    -1.959691307801    -9.700036905425    13.194003778374
Au    -1.026799587274   -11.830115083375    11.091274859324
Au     0.183214592302   -13.582476220112     8.518401232784
Au   -10.028478206693     0.792205771534     9.557651966766
Au    -9.180954085930    -1.453918248943     7.503751556190
Au    -8.328758878885    -3.026311148730     5.462329221163
Au    -7.467655911930    -5.027963256167     3.714723966324
Au    -6.817211557849    -6.788804285357     1.971441566272
Au    -2.011761913455     0.785164579086    12.982120198334
Au    -1.251968030952    -1.071930843273    10.940013062351
Au    -0.565191886886    -3.110626290667     9.340668317099
Au     0.406495220221    -5.211117976767     7.196008751231
Au     1.325477213966    -6.986297765292     5.076484920728
Au    -2.471994886049    -5.352754048044    19.154561502539
Au    -1.131414084717    -7.319015369484    17.592188234429
Au    -0.247983968347    -9.240066578142    15.894154793225
Au     0.763449620191   -11.284898240965    13.461497459474
Au     1.767862355133   -13.082046808163    11.056666901738
Au   -11.534105577399    -0.913073097972     8.404208963165
Au   -11.166286301789    -3.192864917032     6.387086104063
Au   -10.352483205304    -5.086332998248     4.673136200554
Au    -9.507663033873    -6.892380305370     2.834296311108
Au    -2.438472638027     1.329768007954    10.543534550750
Au    -1.490962252176    -0.855466648288     8.178780897377
Au    -0.873452769719    -2.810955025544     6.176803597815
Au     0.189573997221    -4.833029464434     4.364631757978
Au     0.238400059792    -4.846036256942    17.700687362664
Au     1.168275062579    -6.777906016060    15.967602575220
Au     1.891128767538    -8.734682175548    13.753938072385
Au     2.954954676427   -10.685502066482    11.620771097373
Au    -4.980476906489     1.278989288710     9.072482378661
Au    -4.289357057991    -0.428612102383     7.098173048841
Au    -3.201813214471    -2.467219625655     5.094046223627
Au    -2.413957232758    -4.480315041087     3.421169592802
Au    -0.035942214794    -2.972425949151    15.402771281060
Au     0.866024690099    -4.566218854487    13.241498467532
Au     1.907314676170    -6.898819411103    11.822170717013
Au     2.810608535980    -8.815502841128     9.581015409226
Au    -2.672828079295    -8.383105138792    19.510840898298
Au    -1.649788219517   -10.402924512496    18.101379285243
Au    -0.688057864871   -11.939361328482    15.880526311106
Au     0.096572297350   -13.788401077379    13.143050045836
Au    -7.653971808592     1.179082280423     8.254923408252
Au    -6.893152781026    -0.325726899487     5.992131139984
Au    -5.954009737196    -2.441287975670     4.106533455598
Au    -5.210532017027    -4.409074839436     2.251124103203
Au     0.254799998298    -1.086356145170    13.593911472595
Au     1.207864069117    -2.617113014371    11.339142747402
Au     1.786576510720    -5.018297934382     9.702174187638
Au     2.670148893088    -6.699360427323     7.633465666519
Au   -11.399466076210    -1.554648209248    11.152356208941
Au   -10.517196235187    -3.535345474045     9.297623170117
Au   -10.043184457613    -5.684375844264     7.270051602140
Au    -9.430488210884    -7.751125087895     5.440443993807
Au    -8.189624869480    -9.057030044034     3.401084965006
Au    -4.822903274132     0.820388996407    11.991710334199
Au    -3.812004158045    -0.953411344535     9.872134411458
Au    -3.432169458493    -3.175610357333     8.144911575558
Au    -2.187918153699    -5.166761418521     6.143347155900
Au    -1.411852008288    -7.006504290791     3.831624515456
Au    -2.427621643084    -3.583774285974    16.989684271939
Au    -1.201425346233    -5.504883843704    15.446606258090
Au    -0.503797761586    -7.461204364316    13.542366242524
Au     0.267749391079    -9.101148614546    11.173826485527
Au     1.205946519108   -11.041322259274     9.456055005303
Au    -4.870855217519    -6.800378357020    19.338790609916
Au    -4.471910040469    -8.755607237079    17.593744423458
Au    -2.975344546994   -10.573953351307    15.449328426135
Au    -2.190985343816   -12.417911838870    13.559452489103
Au    -1.172493656619   -14.559798512783    10.928311422916
Au    -7.422217600392     0.780334616309    10.886621830194
Au    -6.490937572437    -1.151639166165     8.819982906349
Au    -5.960107084405    -2.990744611291     6.767997964934
Au    -4.708809904650    -4.970521601104     5.107642975520
Au    -4.219783893166    -6.937164483010     2.917446489726
Au    -2.071252800912    -1.313353754274    14.953085252476
Au    -1.530757031050    -3.357759982158    13.180548605449
Au    -0.754094651694    -5.451253895224    11.222952396201
Au     0.555295927143    -7.362341340429     9.332759392466
Au     1.598832853158    -9.001886735172     7.148181043149
Au    -7.199818942595    -5.165817226177    18.835328738731
Au    -6.496424835809    -6.994063251213    17.151552964488
Au    -5.465101840929    -9.051378583188    15.211171255924
Au    -4.299246000127   -11.004083397404    13.313728372712
Au    -3.766256834620   -13.288554107013    10.892326983013
Au    -2.338269149409   -14.746469479786     8.704484905213
Au   -11.519432426746    -2.209419820951    13.964211088168
Au   -10.890281058869    -4.096685930896    12.075486805369
Au    -9.949473802915    -5.947139778683     9.996882715317
Au    -8.533823196366    -8.152604736325     7.986392960121
Au    -7.693901339175    -9.863627415062     6.017587568244
Au    -6.842405789958   -11.393294589902     3.682480214986
Au    -7.207302374407     0.471665894862    13.458819728112
Au    -6.417084910053    -1.616411942449    11.793804185060
Au    -5.510056274091    -3.564743561769     9.924457918861
Au    -4.846337265408    -5.514893522436     7.635538134738
Au    -3.552305215318    -7.631660891427     5.644423263054
Au    -2.734150032044    -9.273096765455     3.614077875128
Au    -4.931571980790    -1.660761714078    16.975309415394
Au    -3.877870351285    -3.474752356179    14.755057782570
Au    -2.852969646386    -5.641906097929    12.795441805901
Au    -2.103523548556    -7.801937224313    10.953284200377
Au    -1.161549101625    -9.735974068912     9.033477144192
Au    -0.034310019519   -11.503171453373     7.038571404885
Au     1.699670102971   -13.289565233685    15.633753074219
Au     1.158351389749   -10.725646602003    17.514683545876
Au     0.278136979862    -8.814122069465    19.084273869793
Au     4.661709373187   -10.448326037685    13.619727993976
Au     4.418526931038    -8.447589409762    15.163156872249
Au     1.986767149003    -6.351032230452    18.758256144637
Au     4.366284760802    -8.078051163290    12.175495261774
Au     3.151258097658    -6.109087726296    14.191583640599
Au     2.402503219175    -4.125462591536    15.842527646250
Au     4.345311244098    -6.168700978580    10.212580448307
Au     3.252381531218    -4.384844274076    11.992288067186
Au     2.592646594761    -2.361840084812    13.912479054248
Au     4.022926375086    -4.281937033957     8.345077277013
Au     3.472105805579    -2.159082180756    10.097323655238
Au     2.762058589750    -0.477995281954    12.154622614946
Au     6.037543520860    -6.284066413053    15.237211166914
Au     3.942438015549    -6.049761962411    16.875170150232
Au     5.550949695233    -5.661884255719    12.591402711661
Au     4.912496593774    -3.789544118546    14.722289269815
Au     5.641226450550    -3.875403671229    10.512720836884
Au     4.725410170869    -2.264730845869    12.365584356530
Au     1.228195959999    -1.936291735382     4.746647878609
Au     0.790505709040    -0.159181682215     6.667801796376
Au    -0.374883920816     1.651908044820     8.875536837530
Au    -1.056232057145    -1.810998538508     3.371875397455
Au    -1.911905367162     0.171626671170     5.711630897075
Au    -2.781349892874     2.019633977420     7.547080824735
Au    -3.603261424271    -2.148307831562     2.427625199390
Au    -4.553092300698    -0.160257203389     4.559780851750
Au    -5.200978222864     2.151620087287     6.042180643287
Au    -6.289556778917    -2.095031969662     1.492041938991
Au    -6.906834480793     0.086203553039     3.288524337806
Au    -8.343898456930     1.920547569794     4.951489425855
Au     0.166032070672     0.611630822919     3.973143855924
Au    -0.569731416512     2.211760716934     5.911476638438
Au    -2.369423341635     0.613641851377     2.985170685791
Au    -2.877754682273     2.561016464709     4.822385658107
Au    -4.668847954543     0.226254472631     1.636225616117
Au    -5.104421893333     2.131464597543     3.306900596748
Au   -10.378652306284    -4.253086568187     1.859781077929
Au   -11.043289448530    -2.614728019353     3.823930037615
Au   -11.783302272332    -0.547018198754     5.825257080795
