         216
 AuNiAgCu    E (eV) =  -774.188843       T (K) =   550.000000       time (ns) =  0.280000001    
Au    -7.524236719451     2.641628675527    18.162786924584
Au    -6.452836577887     0.705943056067    16.188240544664
Au    -4.687798547155    -0.792266269508    14.645330863045
Au    -3.504002040341    -2.388453633290    12.255467682655
Au    -2.157622067369    -4.085431552302    10.533183644214
Au    -1.045684328118    -5.641233767783     8.511451822886
Au     0.569208810262    -6.927275319640     6.505928869741
Au     1.805116818509    -8.380461892530     4.421691126709
Au     4.320019232336     3.595414206114    15.728827586419
Au     5.736647258201     1.937874520686    14.191230718065
Au     7.211815900914     0.624793927357    12.356811605420
Au     7.893366994436    -0.830745576764    10.341278077823
Au    -3.279234544044     7.284656434191     8.578779844715
Au    -2.026244629310     6.047818536392     6.617572490355
Au    -0.863706832488     4.455182180175     4.626784436259
Au     0.793625824263     2.321466787446     2.738548794860
Au   -12.308850928328     0.792801625413     8.038494144350
Au   -11.204698925304    -0.634760482700     5.929794890653
Au   -10.002701165643    -2.391209411843     4.243705060574
Au    -8.417668959851    -3.311750155228     2.408892736306
Au    -5.609163879549     0.479353724420    18.987738414393
Au    -4.517937252655    -1.272685534859    17.165149274102
Au    -3.380440101153    -3.027906807354    15.355299937772
Au    -2.332911810062    -4.744849724694    13.003270185542
Au    -1.210459714172    -6.453984604920    11.050251080106
Au     0.178402748892    -8.320909778394     8.783916735165
Au     1.727221063988    -9.515046647133     6.778033047736
Au    -8.301042286935     0.163639435939    17.978891569479
Au    -6.857186547871    -1.977623751243    15.747856736463
Au    -5.734936708028    -3.415586174650    13.715240177408
Au    -4.498369923013    -4.913829865276    11.606902903099
Au    -3.464046349941    -6.532316574491     9.721870916982
Au    -2.069721064044    -7.791426719319     7.536729589011
Au    -0.489778193455    -9.308666594559     5.514458422942
Au    -8.937405544473     2.305091315497    16.061125290932
Au    -7.462380052398     0.989622937835    13.550672400158
Au    -6.021851615493    -0.849745599449    12.184066076553
Au    -4.733164800543    -2.538906672022     9.775401572915
Au    -3.536827713223    -4.220109812800     8.110550134823
Au    -2.277103048457    -5.710271732573     5.876367780058
Au    -0.886612977640    -7.105784486765     3.796366207464
Au    -6.427185080262     3.573197138315    16.101568346104
Au    -5.005797292549     2.089449069906    14.001894444086
Au    -3.498188234215     0.659654959500    12.238925170683
Au    -2.433556867434    -1.244621180663     9.999860268285
Au    -1.143623869165    -2.600101264915     7.863332197876
Au     0.223226301955    -4.288224016279     6.155051886706
Au     1.487999808598    -5.699944659159     3.858445625490
Au    -4.690023855682     2.758955211406    18.012530563893
Au    -3.329147238453     1.012222569245    16.055296965546
Au    -1.525952985019    -0.376375095678    14.067574817341
Au    -0.620559111107    -2.031063992559    11.731093569076
Au     0.676026203218    -3.709418135795    10.091369598747
Au     1.991903807049    -5.340945450722     7.984322062008
Au     3.161169016196    -6.985149662661     6.091081283589
Au   -10.196840544433     1.660144683712    13.516118680006
Au    -8.580827032601     0.172309461381    11.386359892522
Au    -7.284857142934    -1.420391393915     9.305346675240
Au    -6.280707268169    -3.075254879375     7.285648664386
Au    -4.834896453911    -4.835157147975     5.284102985528
Au    -3.227264657787    -6.118863815311     3.158688413320
Au    -5.296015845120     5.079740972446    13.505735791975
Au    -3.856964772868     3.427930942803    11.660250003628
Au    -2.659561658587     1.919646970529     9.455007769572
Au    -1.283108432811     0.251079065055     7.542915349619
Au    -0.279188909886    -1.317863488540     5.383571570562
Au     1.132135843167    -2.903038927654     3.472930723139
Au    -1.956097755148     2.709755212881    17.553917927920
Au    -0.194228859063     1.554087287581    15.545240646553
Au     1.217043460184    -0.169980471810    13.558244711752
Au     2.435570705491    -1.855804224669    11.592335451400
Au     3.682300089649    -3.174110420606     9.539527907450
Au     4.582672866347    -4.900396044247     7.582485541848
Au   -11.150958188824     1.261094735240    10.855627355734
Au    -9.969770306791    -0.296476464946     8.830068618185
Au    -8.642496923916    -1.857489541578     6.867263518714
Au    -7.402488459457    -3.490084048875     4.924794120747
Au    -5.869556319992    -4.955797404838     2.797131210393
Au    -4.294443578514     6.096006879280    11.208880823985
Au    -2.847503022982     4.711218697339     9.130481581496
Au    -1.613004102590     3.235730437401     7.150649394391
Au    -0.346642856178     1.610374080662     5.280281354961
Au     1.117360263187    -0.206743725431     3.185906808233
Au     1.435782901019     3.358493032189    16.400413072769
Au     2.825721208565     1.647748704124    14.792665794825
Au     4.121954485392    -0.041643810669    12.968204710990
Au     5.361009410835    -1.304183216445    11.103579955868
Au     6.521589424194    -2.962643750390     8.958894473453
Au   -12.305267801714    -1.258787242224    10.283554413860
Au   -10.955975117942    -2.791163303073     8.572230797236
Au    -9.554384402173    -4.635483735225     6.062569635767
Au    -8.165606867412    -5.960129455773     4.026602003013
Au    -5.628594491496     5.995478051754     8.567719223201
Au    -4.161034357066     4.415318798328     6.679144161539
Au    -2.857331944201     2.732048775437     4.463843157659
Au    -1.499653218829     0.990705642934     2.522946035204
Au     2.104096330677     4.990469109833    14.537442920554
Au     3.726426406617     3.359803741570    12.676692360921
Au     4.722336568331     1.445291116655    10.832820660939
Au     6.174285957055     0.019962746895     8.255322845890
Au    -7.989153600912     4.358536639270     8.708962561506
Au    -6.581641414579     2.683662215541     6.864813011424
Au    -5.078122968311     1.136554793825     4.331187866416
Au    -3.953846970876    -0.519746530869     2.582734307543
Au     0.307013562930     6.036529038589    12.756862475577
Au     1.483241517140     3.929119714291    10.641517950820
Au     2.785282434961     2.482955649747     8.829339749201
Au     4.317656606926     0.573429344800     6.340593230523
Au     2.066974888186     0.793844990697    17.043618020246
Au     3.482122733159    -0.899926550068    15.407014358305
Au     4.654837834025    -2.709859941707    13.436910104131
Au     5.827826515495    -4.076748731206    11.254473094273
Au   -10.367007614482     2.483635066369     8.547847515458
Au    -9.064250125661     0.946240074014     6.561158661714
Au    -7.434924458242    -0.788922470640     4.687111726007
Au    -6.092021067370    -2.277625038580     2.447646705878
Au    -1.379891888669     6.379073118372    10.777089723981
Au    -0.259581974568     5.075385696352     8.652951745667
Au     1.213082095080     3.260894361425     6.723218231386
Au     2.216252861669     1.764584458182     4.784677404828
Au   -10.734742169922    -0.789803727349    12.740832438891
Au    -9.431164557041    -2.211130748167    10.960075736210
Au    -8.406891674970    -3.781169961344     8.798748875443
Au    -6.966089370699    -5.795269659099     6.604613071268
Au    -5.354609076556    -7.283638521102     4.439723624273
Au    -6.731893868327     4.856244578590    10.894348560942
Au    -5.185072493035     3.336983532236     9.280938896776
Au    -3.992063770648     1.596576822077     7.057681789078
Au    -2.600769423856     0.046167538405     5.057772730184
Au    -1.270254134456    -1.797258481699     2.875449238586
Au    -0.893121483102     4.409442829972    15.113877967520
Au     0.830501242958     2.874490623172    13.230897726358
Au     1.872495671942     1.129382572308    11.285589710249
Au     3.510792269313    -0.281371475582     9.151512419168
Au     4.809322336389    -2.059545680385     7.210081640540
Au    -0.158096951096     0.593077935663    18.164170904749
Au     0.776079494609    -1.304829816687    16.068911472881
Au     1.755803612988    -2.940271943049    13.985368556565
Au     2.954899183910    -4.429817183086    12.230703965449
Au     4.298592947707    -5.893277840453    10.080006001122
Au    -8.806359515210     3.035224459748    11.060423324172
Au    -7.782421763059     1.583050673853     9.006797137273
Au    -6.435850793413     0.017765367029     6.898298694501
Au    -5.142753596784    -1.952511877147     5.181604282327
Au    -3.685675692013    -3.270839914526     2.516948369319
Au    -2.599800785660     5.029517376834    13.221385257339
Au    -1.291163728744     3.488444909390    11.135682841875
Au     0.087752533555     1.948225515194     9.137903498424
Au     1.566600322498     0.390886538631     7.039289480193
Au     2.843041529605    -1.599280555586     5.090317202391
Au    -2.863272612052     0.275371250388    18.563461041902
Au    -1.725016797795    -1.117042061287    16.693214750449
Au    -0.893498557513    -2.833710553226    14.532995960383
Au     0.212369279743    -4.763205634061    12.676217630363
Au     1.475790084359    -6.324388453807    10.527768094087
Au     2.895625300656    -7.714359038875     8.659552521732
Au    -8.987407077145    -0.360348269925    15.338422158277
Au    -8.190187533374    -2.153958945253    13.439358165324
Au    -6.735504968131    -3.667727426160    11.101121760340
Au    -5.753833607475    -5.252993368342     8.980356763454
Au    -4.447378062011    -6.873697830035     7.090649677259
Au    -3.084535195848    -8.224198014873     5.105288499002
Au    -7.587832565629     3.560973253083    13.326471915031
Au    -6.029581862897     1.944970774886    11.413796363253
Au    -5.193056358854     0.251575648075     9.435677134775
Au    -3.897150182622    -1.268382828587     7.516199210123
Au    -2.794456768572    -2.918705780412     5.423180594820
Au    -1.018692622777    -4.415761413383     3.612702563079
Au    -3.716706208971     4.000403187788    15.840608738953
Au    -2.138796356465     2.369030497923    13.675093124174
Au    -0.780673256572     0.769983875918    11.835170370302
Au     0.593618877287    -0.951915944194     9.493446218001
Au     1.982744886914    -2.237833143791     7.582048226591
Au     3.069838065642    -4.275776565841     5.724474249605
Au     7.478621056196    -2.303122225095    12.565946091077
Au     6.295925740417    -0.666650673265    14.603894107485
Au     4.856792915560     1.057249005028    16.618839892377
Au     7.516946418452     1.860539977747     9.765286542971
Au     6.341212751654     3.388589938133    11.812717100145
Au     5.347398147109     5.032444385870    13.622694987491
Au     5.589659777788     2.494351821110     8.053818875287
Au     4.329354662048     4.243051945625    10.203917271950
Au     2.937087500490     5.838045084805    12.071744182991
Au     3.961624914066     3.549762396826     6.416880873115
Au     2.398235430027     5.391018689150     8.362252558280
Au     1.112979181293     7.045026754518    10.393325123034
Au     1.695787796503     4.476947477068     4.275738988470
Au     0.681198580302     6.339190974142     6.115797408058
Au    -0.496056548129     7.732729165451     8.099576386254
Au     6.946455026916     4.589770432316     9.259653745493
Au     6.007306791937     6.238702090847    11.231220876465
Au     4.983075486548     5.572675338597     7.752007044406
Au     3.802028739335     7.047869126691    10.006805398681
Au     3.240981984415     6.291741072347     6.003384969336
Au     2.404029264391     8.067272355602     8.111471291283
Au    -1.630521418954     3.631354726649     1.911198962888
Au    -3.198177993822     5.685317526986     4.179437153055
Au    -4.232366360786     7.383166089574     6.173877708537
Au    -3.823667712739     2.053026446353     1.980011304204
Au    -5.382726564820     3.925538519174     4.453570583600
Au    -7.125369379151     5.525827471381     6.467796175470
Au    -6.934056170471     0.575455130386     2.223228329468
Au    -7.681935132386     2.129194693776     4.324102403384
Au    -9.284738093918     3.830874852967     6.356316667739
Au    -9.266116252041    -0.607058929467     1.578151874120
Au    -9.853408530403     0.705684501888     3.798081121999
Au   -11.407714983089     2.143940534081     5.973287407583
Au    -4.309983855539     4.672933465663     2.127747110475
Au    -5.801523051177     6.449848451120     4.255429526480
Au    -6.921017913840     3.242436676425     2.040685931645
Au    -7.925571379999     4.923259329971     4.026568248914
Au    -9.069198050237     1.996594201423     1.396472241349
Au   -10.086426549745     3.292866237089     3.817355050982
Au   -10.541969006423    -4.768195113497     3.615870760255
Au   -11.909427465593    -3.341955663649     5.997661011976
Au   -13.176405784468    -1.672479796850     7.838712499711
