         216
 AuNiAgCu    E (eV) =  -775.266174       T (K) =   550.000000       time (ns) =  0.519999981    
Au    -2.877072195341     4.311916290953    15.543244724251
Au    -3.379851425490     1.662662446933    15.106317996477
Au    -3.715457826225    -1.012432435093    14.814925311519
Au    -4.459908338480    -3.682948548177    14.204221744399
Au    -5.270931611707    -6.627036735609    13.637418216791
Au    -5.550345836408    -9.218553552167    13.380843584058
Au    -6.154760224960   -12.080825798388    13.286724963776
Au    -7.014613299584   -14.485844917219    12.765652408555
Au     5.705696390900    -2.720689999503    13.475281146043
Au     5.042075515809    -5.639727137735    12.821804686408
Au     4.288559871227    -8.515055910893    12.331393612314
Au     3.530762693542   -11.418682436285    12.252190398163
Au    -1.515396096537    -0.266839461061     5.354113468136
Au    -2.151845737631    -2.731750519375     4.689994523587
Au    -2.905960249403    -5.479208510087     4.180222796217
Au    -3.469601484422    -8.018666948394     3.974616247045
Au   -11.854739658835     1.244398770272     9.587329817292
Au   -12.861095081964    -1.000917755965     8.958464574239
Au   -13.360597898582    -4.008105714058     8.485827192781
Au   -13.797011667834    -6.463986107016     8.322904317367
Au    -1.667416355806     2.566461168522    16.911152809532
Au    -2.269825200448    -0.149105687930    16.887599463574
Au    -2.935629693774    -2.730859219199    16.468051651796
Au    -3.807476778981    -5.406432875022    16.126181417177
Au    -4.502830341557    -8.235941214715    15.712076600246
Au    -5.577310193661   -10.796214130540    15.761971590418
Au    -6.704069590043   -13.092854118923    15.584818967393
Au    -4.862697575380     3.139972240685    16.769258370301
Au    -5.599613196766     0.511573368684    16.638125985797
Au    -5.882679898838    -2.140799455130    15.995538803461
Au    -6.529683851242    -4.951394941195    15.778346227649
Au    -7.109866693858    -8.152745159248    15.462490619130
Au    -8.241960991688   -10.853060268742    14.501787550302
Au    -9.104192323150   -13.399237464861    14.338500952484
Au    -5.059171921342     3.817969007249    14.107356601003
Au    -5.590171721279     1.067631116773    13.729183055228
Au    -6.248450225477    -1.844459813697    13.344228309707
Au    -7.029298993794    -4.694064389146    13.018350430230
Au    -7.907750472925    -7.529273051407    12.785255179995
Au    -8.214160287054   -10.134111882921    11.923030443557
Au    -8.346294445573   -12.872375639732    11.608758365474
Au    -2.586191796219     3.172648573538    12.832628675412
Au    -3.053191493219     0.670635488573    12.513340916287
Au    -3.746128119350    -2.077499513582    12.036227772198
Au    -4.122349585501    -4.900261101764    11.602870377358
Au    -4.742083951217    -7.692569028106    11.221267265010
Au    -5.640514918993   -10.590736710444    10.893417197746
Au    -5.835617077130   -13.384623750643    10.226605694544
Au    -0.304648843043     2.971558654042    14.464942111634
Au    -0.880836530422     0.018270510883    14.379978613469
Au    -1.416811144909    -2.797309029895    13.850921083852
Au    -2.198647353834    -5.752616766806    13.638764837459
Au    -2.796690043781    -8.348759086321    13.391832199068
Au    -3.665373662095   -11.189107999872    12.733335940359
Au    -4.257205053632   -13.722348933881    12.366841226113
Au    -7.344369706860     2.897652427895    12.295388776028
Au    -7.902652301925    -0.101540636948    12.077930698529
Au    -8.690392436922    -2.743354452291    11.879032710980
Au    -9.305289575818    -5.400598185703    11.329530240879
Au    -9.961580535837    -8.201707061800    10.612339353614
Au   -10.415406913108   -10.959587828654    10.683249490993
Au    -1.934154446843     2.031597137506    10.452106584973
Au    -2.569808505154    -0.465239525076    10.025704300988
Au    -3.573256548999    -3.193478602190     9.478601972339
Au    -3.919618412145    -5.883238277779     8.984044361162
Au    -4.639798287263    -8.747645391914     8.542479180858
Au    -5.120057596127   -11.622002699250     8.363067437708
Au     1.960484421135     0.898057343841    14.357020567693
Au     1.236984410919    -1.891033936882    13.787192574972
Au     0.562685060555    -4.697521332030    13.357743738518
Au    -0.036563986467    -7.335162543873    13.369926073575
Au    -0.995372576241   -10.298937870356    12.816358586027
Au    -1.751805691539   -13.187299363475    12.288974952611
Au    -9.655815777643     2.064101033543    10.859378977254
Au   -10.602647442722    -0.586047284877    11.142040925343
Au   -11.233838310344    -3.083926435261    10.254792302304
Au   -11.666887477515    -5.785597420941    10.093916775171
Au   -12.352702408833    -8.942105615515     9.265506409852
Au    -1.627371628364     0.955590047273     7.838157307009
Au    -2.551810419845    -1.655862384964     7.494387549010
Au    -3.360914516011    -4.318091386385     6.796802888733
Au    -3.962484200330    -7.009231776934     6.434817815218
Au    -4.343811257241    -9.791158167613     6.182481305698
Au     3.951700634833    -0.766797032647    13.783885075830
Au     3.152797603243    -3.692221163758    13.614855477570
Au     2.545123580593    -6.606112957998    12.893753039411
Au     1.720054045851    -9.572529488546    12.469141842412
Au     1.026815694205   -12.411940542272    12.369593096326
Au   -11.808493120187     1.052306546320    12.986499635941
Au   -12.441711494052    -2.097446089025    12.923548826753
Au   -12.984692651331    -4.758527807823    12.106562709914
Au   -13.686932357127    -7.443716589362    11.068401276289
Au    -4.186332311352     0.644524906700     6.072379053624
Au    -4.809202565288    -2.216459442707     5.651420806119
Au    -5.808528332467    -5.254230857478     5.356129099058
Au    -6.220109309897    -7.978981315407     4.746626997592
Au     4.017911573677    -2.233916430354    11.194776318560
Au     3.409415979304    -4.883885160524    10.945380251850
Au     2.640671811547    -7.902019230950    10.214774263058
Au     2.106467984712   -10.768489994002     9.914020223579
Au    -6.720600769987     0.534409601100     7.214782945541
Au    -7.685829191326    -2.024946485495     6.949722889916
Au    -8.383301661850    -4.684838999774     6.521786730797
Au    -8.852032705950    -7.659768838561     6.188793602413
Au     2.514424053325    -1.673464278560     9.033335963268
Au     1.561843942643    -4.348000258467     8.880074482122
Au     0.801037637137    -7.019802573518     8.381812528798
Au     0.057172409052    -9.947012166320     7.984643613833
Au     4.387763065701    -3.380355287914    15.834146851014
Au     3.647818199930    -5.985960252832    15.614753724232
Au     2.708094340788    -8.670230866842    15.019131912855
Au     2.118402570406   -11.343569172823    14.609337097361
Au    -9.454497932293     0.843516923908     8.467362958337
Au   -10.282540593727    -1.498785858287     7.938175946933
Au   -10.851544192069    -4.285954275470     7.685842979076
Au   -11.379001322151    -7.494931369827     7.317085060495
Au     0.239954984699    -0.930114339098     7.278402377619
Au    -0.436385280258    -3.506686812447     6.833668506489
Au    -1.115076265929    -6.277137900773     6.111337206202
Au    -1.771180195466    -9.124223622147     5.709726859200
Au    -9.411603042728     1.714907495293    13.459012239778
Au    -9.976248634645    -1.158385021234    13.730348718105
Au   -10.488866530948    -4.033423543837    13.464253742711
Au   -11.107715019833    -6.787458190724    12.626732890583
Au   -12.105910354996    -9.255516826456    12.122580873206
Au    -4.366933587145     1.229470196424     8.710879589122
Au    -5.117302012262    -1.211082461457     8.138233153583
Au    -5.687434979694    -3.886305830903     7.892384341325
Au    -6.401516390351    -6.816351823103     7.558846906752
Au    -6.936187417652    -9.752545419291     6.923004877678
Au     1.973058073677    -0.426216000963    11.634978545745
Au     1.220577121395    -3.078256750043    11.247446405576
Au     0.562323538781    -5.754051631264    10.867207509515
Au    -0.082997552371    -8.841183276557    10.502120891952
Au    -0.587307215007   -11.477394089427    10.372523796517
Au     2.648701293159    -0.811236821944    16.277279738590
Au     1.802075722489    -3.730779547127    15.937007052636
Au     1.136729724640    -6.372342206574    15.764215792922
Au     0.141412827597    -9.400355850509    15.267310138454
Au    -0.597112260112   -12.210225420416    14.754637460655
Au    -7.038269352292     1.721094180357     9.795368279597
Au    -7.794911377160    -0.878816857735     9.565537530739
Au    -8.602879108443    -3.481935827231     9.182143751690
Au    -9.056098929235    -6.476333210542     8.579450454006
Au    -9.888788380171    -9.589008019988     8.434190685809
Au     0.120594391055     0.389238794435     9.638741024715
Au    -0.582196023218    -2.475864833596     9.261666931772
Au    -1.321119814339    -5.352599425514     8.795893355922
Au    -1.872336203105    -8.054032143246     8.211014341501
Au    -2.570454553404   -10.888248151477     7.856014511996
Au     0.243070691245     0.814380154143    16.970887814162
Au    -0.042801519049    -1.804716460667    16.245250474534
Au    -1.151639134172    -4.625357380817    16.017714285291
Au    -1.739127057928    -7.337115528540    15.688127554936
Au    -2.494027896624   -10.387801505529    15.218417687525
Au    -3.949119686532   -12.788170456376    14.880277124922
Au    -7.305112115976     2.593895634647    15.245580299733
Au    -7.627944432464    -0.179341281698    15.253262357040
Au    -8.448607126360    -3.180963973652    14.973825137624
Au    -8.731722401665    -5.993864796300    14.675259715683
Au    -9.917467484166    -8.785922929085    13.813641343148
Au   -10.679338257294   -11.698539802119    13.132829093292
Au    -4.919959947700     2.488978791595    11.402526712106
Au    -5.291115553019    -0.241709364665    10.963881317871
Au    -6.116473661840    -3.117383932740    10.845197167236
Au    -6.541507690910    -5.677345565505    10.359121063661
Au    -7.469124179252    -8.502971014426     9.293436406038
Au    -7.785398922452   -11.160197047528     9.285060368036
Au     0.178772688135     1.581675361008    12.087102875448
Au    -0.886788604995    -1.210423503201    11.899367759920
Au    -1.533405660423    -3.882637052667    11.289034530773
Au    -2.073967046702    -6.913784701354    10.983369346682
Au    -2.792974245880    -9.696097978267    10.393530022591
Au    -3.299569514705   -12.132972163643    10.242240258308
Au     4.771135028405   -10.293419860502    14.406840108371
Au     5.420748094242    -7.780940901737    14.640132743109
Au     6.112328116959    -5.246913455024    15.216305264888
Au     4.618881295446    -9.740931726277    10.073178505965
Au     5.383713468180    -7.085091024827    10.427670535744
Au     5.908058785617    -4.141686831380    10.607868207859
Au     2.784932052380    -9.163940962940     7.817652640474
Au     3.736952457321    -6.369047650855     8.336274346923
Au     4.306609718029    -3.574562529445     8.578633128233
Au     0.960438462524    -8.398146120225     5.857776162718
Au     1.623995189421    -5.638589558903     6.163223054844
Au     2.231799574228    -3.080599100282     6.615645235835
Au    -0.769946992469    -7.281287095305     3.703436957453
Au    -0.163892633450    -4.567710341522     4.143248546760
Au     0.544278351897    -2.017277863493     4.549827072663
Au     5.433621996689    -8.166589352676     7.660347520298
Au     6.147913123047    -5.515237552532     8.224337792825
Au     3.637824132813    -7.361594258523     5.823052189726
Au     4.225201539018    -4.632195969705     6.027182415001
Au     1.701064356837    -6.827766607734     3.720960588743
Au     2.467378423223    -4.009936887664     4.255793508683
Au    -5.525320705977    -6.120556068493     2.852307335954
Au    -4.958657886321    -3.646987835711     3.334261137717
Au    -3.979145807130    -0.818958264840     3.707172046423
Au    -7.881696516576    -6.193471291490     3.957490088697
Au    -7.330559003260    -3.101983281553     4.413443632256
Au    -6.512448401701    -0.443006686382     4.579212417237
Au   -10.554459805011    -5.802994485354     5.197786469740
Au   -10.047814159640    -2.753408011973     5.335314337971
Au    -9.089378183701    -0.066249814575     5.305135787058
Au   -12.826985515543    -4.780478615946     5.761999839204
Au   -12.487888615174    -2.227304979575     6.339312279938
Au   -11.445474615115     0.259416081929     6.345747753297
Au    -7.136654201385    -3.971519780856     1.826813301173
Au    -6.396942202384    -1.317944000765     2.044942782675
Au    -9.636760948604    -4.213325492419     3.011093182173
Au    -8.905444182252    -1.522621627513     2.938300456481
Au   -12.320159857801    -3.582852461007     3.493306181553
Au   -11.528882781279    -1.132334228525     4.011878298848
Au   -14.976677653511    -5.329295235877    10.473831966845
Au   -14.160601352947    -2.751628647946    10.788639811742
Au   -13.343635669678    -0.199045731889    11.278278466514
