         216
 AuNiAgCu    E (eV) =  -773.072021       T (K) =   550.000000       time (ns) =   1.98000002    
Au    -4.110790447620   -15.708021416721    22.932802911906
Au    -1.639503085403   -12.641106261811    21.355355563513
Au    -1.232353589233   -11.981462138136    18.772141110217
Au    -0.664634258116   -10.941560936041    16.221984586702
Au     0.291734468937   -10.218145835043    13.487360950301
Au     0.948795040151    -9.671094582921    11.097254789661
Au     1.903228631665    -8.604880809566     8.220815834993
Au     0.850882928331   -10.965610740683     7.714054551308
Au     4.605712926000    -4.374700559451    21.988679222156
Au     5.470312524183    -3.596348375349    19.530634737224
Au     6.135199135983    -3.159774723687    17.034942960942
Au     6.692355728534    -2.511517490983    14.577766876017
Au    -6.384859488346    -3.686035142323    19.244438689930
Au    -5.884509318141    -2.674632711670    16.565741831102
Au    -4.797453349830    -1.973016198798    14.168511721223
Au    -4.026664209330    -1.396678156088    11.651206310964
Au    -6.177563178826   -16.439120541157    11.579592094297
Au   -12.492856593129    -9.184062771892    13.228644023357
Au   -10.894369111138   -11.065939452796    11.915728756098
Au    -7.850660264555   -11.228786851218     7.795105446206
Au    -2.586250678724   -13.619116188209    23.517700575085
Au     0.206586244901   -14.367589137519    20.065934296163
Au     0.936852949702   -13.347198161917    17.516422492423
Au     1.251210741905   -12.372752254477    14.667313234404
Au     2.140799425901   -11.816897918512    11.959776919604
Au     4.018088375854    -6.768639409769     7.599666765815
Au     2.116825044645   -10.388625737954     5.516834934045
Au    -0.191091743182   -14.541432402666    22.705175617341
Au    -2.257464287620   -15.238684658073    20.482214221750
Au    -1.500678107477   -14.436728703069    17.970910459426
Au    -1.117513842310   -13.455902485215    15.422633104866
Au    -0.496375472521   -13.061238023526    12.673820980921
Au     0.205029987952   -12.161467520714    10.220372261606
Au     2.155481758552    -7.868275070605     5.422376455438
Au    -5.032217991379   -13.576107452014    21.905197627123
Au    -3.940240549210   -12.995960926479    19.304504449089
Au    -3.084968900603   -12.026534043561    16.695713109740
Au    -2.428947165777   -11.267549660626    13.947223361826
Au    -1.669560216328   -10.474984853905    11.427647515736
Au    -0.922601450917    -9.458806558202     8.863877611083
Au     2.935969216874   -10.776118083391     9.439309649956
Au    -3.760343874932   -11.091059080599    22.608599111347
Au    -3.242689408167   -10.352655386943    20.181006379325
Au    -2.308342373025    -9.510026581250    17.692737390157
Au    -1.482229751679    -8.483443032967    15.110960285064
Au    -0.582421761389    -7.859678944184    12.485530878571
Au     0.355628626353    -6.858558745561     9.546704941936
Au     4.216907249119    -9.267564428487     6.660787198511
Au    -1.326121323421   -11.151763773699    24.092806897425
Au    -0.545447733011   -10.146530206946    21.100819279138
Au     0.531825034262    -9.739290614179    18.360402809912
Au     1.604853980664    -8.915269560638    15.557815202011
Au     2.138078525802    -8.207935049246    13.027276197242
Au     3.128278800467    -7.345076707776    10.386910604052
Au    -0.190292385754    -9.146564904637     5.977276680299
Au    -6.633906699569   -13.656465871125    19.669655110729
Au    -5.802920810138   -12.816925986407    17.231094567209
Au    -5.021301061310   -12.265775815400    14.659178970397
Au    -4.304176718467   -11.431626856898    11.806762741307
Au    -3.317733290105   -10.598802788151     9.458770709535
Au    -2.739690733156   -10.109461650894     6.760484988415
Au    -4.841231843833    -8.751233681750    21.815719512003
Au    -3.920249771143    -7.756423372319    19.293852054266
Au    -3.160122142618    -7.143994699383    16.738599866823
Au    -2.461402840575    -6.384073797248    13.746415549720
Au    -1.380462429206    -5.434928149235    11.313444729895
Au    -0.683731111720    -4.524619951615     8.207902804475
Au     0.843808743142    -9.021807663036    23.202724188429
Au     1.725419113776    -8.262358378359    20.784355000148
Au     2.438376373100    -7.708177314911    18.042758459135
Au     3.166873278726    -6.654617935238    15.325034656460
Au     3.981917639505    -6.010825101737    12.414558778583
Au     4.792630150285    -5.281985691520     9.698369590927
Au    -8.584004539445   -13.778315824542    17.474601366078
Au    -7.906403557954   -12.948038892488    14.941629766949
Au    -6.740705943205   -12.330333721712    12.204780103660
Au    -6.056651210340   -11.214360506807     9.555881819321
Au    -5.324097241357   -10.357470049310     7.072651971151
Au    -5.554194101165    -6.132297799096    20.588073509001
Au    -4.894564128916    -5.252206305477    17.810813048666
Au    -4.209968328304    -4.361050978886    15.302143687039
Au    -3.318790256270    -3.771712146504    12.710972082598
Au    -2.267495597116    -2.763917714668     9.966357937893
Au     2.524639694789    -6.658812510390    22.661054889590
Au     3.519050008637    -5.856485482455    20.282163488491
Au     4.352815912906    -5.342957326418    17.464409951010
Au     5.054639587181    -4.570413284869    14.990169929353
Au     5.913600817233    -3.943651603988    12.413205915001
Au    -8.881957279970   -16.459707161820    16.531974083596
Au    -8.263902673555   -15.991269657253    13.931225728602
Au    -8.002959820994   -14.479125001932    11.092377341825
Au    -4.064711812016   -12.822234676397     8.225085623396
Au    -7.550000501626    -6.096546304155    18.611512889742
Au    -6.810235557828    -5.152714936077    15.891771534674
Au    -6.211704706544    -4.681155053747    13.095465500913
Au    -5.213178403538    -3.765270208457    10.352751562118
Au     1.783119029123    -4.033561485015    21.983590350686
Au     2.394420736329    -3.686939390527    19.374715957289
Au     3.208386606706    -2.892920865398    16.494187432476
Au     4.124836571395    -2.270614358050    13.680944224878
Au    -8.909640541847    -8.652167766110    17.557334800192
Au    -8.220932840649    -8.245863141252    15.001333354991
Au    -7.260666641129    -7.180284817597    12.288119190069
Au    -6.054602098234    -6.042595893095     9.180086174090
Au    -0.816658158430    -4.073927583550    21.359571417166
Au    -0.336527051487    -3.251434895753    18.694896379560
Au     0.602073159386    -2.552726329289    15.679914051111
Au     1.459842117116    -1.762300306904    12.897689250492
Au     4.649953887355    -8.484774043057    20.889219087540
Au     5.261164348500    -7.898890767144    18.495491937088
Au     6.424675670237    -7.086869453186    16.057111526809
Au     6.637910685749    -6.228796640574    13.493909799820
Au    -9.871290396212   -11.390816258920    16.757595308541
Au    -8.762563491577   -10.855470300147    13.919739236394
Au    -7.926722935924    -9.915616193611    11.243926543849
Au    -6.830349364702    -8.751764976715     8.666215032872
Au    -3.580338289229    -3.702894756769    20.291583582398
Au    -2.980537929225    -3.006467333971    17.558187220606
Au    -2.079997529192    -2.372085546026    15.068056283723
Au    -1.163352060116    -1.948258588694    12.101688371487
Au    -7.121502032080   -16.106617421448    18.553242267878
Au    -6.532568663456   -15.402839372544    16.090882468798
Au    -6.026497560870   -14.726761096724    13.450872180273
Au    -5.175043193467   -14.143902669331    10.823596821659
Au    -1.549957886918   -12.034762500604     8.003231194451
Au    -6.467309108884    -8.787499391960    19.794805839503
Au    -6.412064186402    -7.787805522466    16.889404514575
Au    -5.098587615041    -7.105372840291    14.436226981570
Au    -4.513198003808    -6.163215441662    11.512420201463
Au    -3.301561050517    -5.406957887864     9.009466685426
Au    -0.042892098796    -6.551384760481    22.418189734874
Au     0.887805663932    -6.015200046715    19.609901321481
Au     1.497141203199    -5.085456923847    16.952258035650
Au     2.161463646923    -4.258966784086    14.088608142424
Au     3.209990519631    -3.504038642340    11.379145689344
Au     2.643089682143   -10.362802736271    22.033757321699
Au     3.451578754726   -10.031456953470    19.048315497627
Au     4.254627546936    -9.075886819378    16.365019646449
Au     4.753738841140    -8.239729381564    13.805845601399
Au     5.799052518681    -7.485524094515    11.403614581682
Au    -7.580808456183   -11.259130402534    18.644015619547
Au    -7.128142308846   -10.276013694927    16.165000728946
Au    -6.167183282010    -9.632360146332    13.403509820057
Au    -5.231245250679    -8.800526385810    11.009684182074
Au    -4.104727712646    -7.888050972572     8.243392045476
Au    -2.917544081122    -5.919291074708    21.460781391573
Au    -1.987055872986    -5.526506286389    18.920452631374
Au    -1.454353213944    -4.958102364917    16.202330636092
Au    -0.518709009680    -4.173238268319    13.464632888542
Au     0.352662792910    -3.431774468798    10.573982599461
Au     0.705012811698   -12.032554473391    22.676687109646
Au     1.463027085718   -11.765471005190    19.699758217307
Au     2.736497030144   -11.523295604640    16.989165333745
Au     3.508618476011   -10.551989964562    14.308409358356
Au     4.036926654616    -9.833261460414    11.698823187816
Au     1.088787615287    -6.133886204537     6.850645464047
Au    -5.479482081964   -15.815296198649    20.649875865140
Au    -4.549252954283   -15.184115770936    18.151616375598
Au    -3.542068645833   -14.418375026512    15.834778613781
Au    -2.950462639142   -13.965142169320    13.095437481085
Au    -2.476524862141   -13.168953780179    10.401661562996
Au     5.104556612149    -9.032225153636     9.127703378774
Au    -5.782369423404   -11.202300288638    20.693122822642
Au    -5.062573118381   -10.293830178193    18.010877580285
Au    -3.987822711658    -9.674445688588    15.416375819414
Au    -3.200495851448    -8.888713886611    12.864320524294
Au    -2.543598661495    -7.778109736287    10.426189142670
Au    -1.466808920251    -7.232487144577     7.720905022312
Au    -1.913157743252    -8.737629021511    22.874831647344
Au    -1.179175575267    -7.861513191700    19.839913340204
Au    -0.325335129009    -7.463429269967    17.255635464493
Au     0.480538484654    -6.424341531704    14.451545264247
Au     1.419387771419    -5.538716664443    11.844218308044
Au     2.209152012450    -4.927507777518     9.153078414289
Au     7.802246093653    -4.788471565664    15.603460808829
Au     7.075511871291    -5.553259824336    18.108162181222
Au     6.131752358301    -6.061466572131    20.421922392946
Au     5.164812181511    -0.573562549789    15.740191997499
Au     4.687247310727    -1.298020780671    18.365204736454
Au     3.488563435652    -1.981191434340    21.131845789236
Au     2.524172011575    -0.597621370859    15.109882507603
Au     1.579354305181    -1.367752582445    18.311476291881
Au     0.585983559521    -1.757453491210    20.924321922368
Au    -0.097893749747    -0.276473319005    14.214547248410
Au    -0.877409833629    -0.887098578978    17.094595993480
Au    -2.005984265271    -1.661628568634    19.830048298198
Au    -2.825210399186    -0.027199790803    13.688581035723
Au    -4.051167211088    -0.572581858071    16.259764828758
Au    -4.708472173287    -1.497366746722    19.011700837168
Au     3.368311094793     0.770297341005    17.353205348892
Au     2.410819900636     0.298984392339    20.234933631824
Au     0.565824229484     1.445329934359    16.478772370955
Au    -0.106269147813     0.652712283811    19.024713743665
Au    -2.038275656017     1.237077353029    15.777887186437
Au    -2.997608413767     0.471602883251    18.440666162704
Au    -6.904290525332    -2.295315169255    11.992609923212
Au    -7.778522801252    -2.906703769910    14.420333424391
Au    -8.521612731046    -3.613447760350    17.378782572457
Au    -7.822500893762    -4.936730948837    10.872141093101
Au    -8.881716775273    -5.562927596180    13.844508217109
Au    -9.391234059892    -6.255653556945    16.590379312944
Au    -8.559701486089    -7.184467292066     9.810329354726
Au    -9.763756124404    -8.398975017324    12.778465079401
Au   -11.243826425513    -6.830236535614    14.484226277242
Au    -9.613540608574    -9.474957134493     9.148141600466
Au   -11.443635433148    -8.593040791330    10.862918988591
Au   -11.125692422745   -11.979376254321    14.589746441973
Au    -9.328274592048    -3.333746118978    12.306197129824
Au   -10.771264801101    -9.393889542457    15.408396612502
Au   -10.308238210638    -3.932384350578    15.555179629136
Au   -10.230168305425   -14.447606675294    15.227745342357
Au   -10.355064412286    -6.025911912059    11.687357424188
Au   -11.577630045275    -4.477562445094    13.497070792791
Au    -6.918331409756   -13.581495421748     8.785330910653
Au    -9.045886376318   -12.164887212167    10.126258219157
Au    -9.614331699325   -13.361087832369    12.770890096712
