         216
 AuNiAgCu    E (eV) =  -774.895264       T (K) =   550.000000       time (ns) =  0.460000008    
Au    -5.927478487625     2.537134317544    19.455431180037
Au    -5.624666339151     0.444655002254    18.239069674627
Au    -5.593693701656    -1.656160770009    16.846387611812
Au    -5.498339801636    -4.403985089878    15.672420537353
Au    -5.670340533504    -6.844031438995    14.519472516785
Au    -5.741755235211    -9.304619689648    13.399867618973
Au    -5.421677087560   -12.263560219158    12.098491096295
Au    -5.864846803457   -14.625413801189    10.618446733669
Au     4.075505880895    -0.766267962135    14.838750014974
Au     4.003868163833    -3.804282437967    13.340211506895
Au     4.051791048565    -6.385439686111    12.010453424349
Au     3.713757869666    -8.893113081766    10.765850110393
Au    -4.267534336997     2.355605861673     7.883381375703
Au    -4.397936480744    -0.123328388067     6.459930952471
Au    -4.598778780022    -3.039809343454     5.197490151488
Au    -4.682277203423    -6.072998613673     4.363064573834
Au   -14.207765417842     0.732121608140    12.783575711396
Au   -14.814252045738    -1.819652656147    11.644647506964
Au   -14.689184242940    -4.883312845399    10.433528667809
Au   -14.481151644884    -7.603243813077    10.052084449814
Au    -3.509369550587     1.518564177127    20.333513469588
Au    -3.729460341019    -1.386434064731    19.695090321275
Au    -4.113840567859    -3.573656118032    18.291228758696
Au    -4.082797954574    -6.385075619970    16.898492343012
Au    -4.251026344679    -8.842222791586    15.616869267823
Au    -4.382097395347   -11.520911922966    14.556173177306
Au    -4.202608045379   -14.575857820020    12.973261371389
Au    -5.992175153417     0.376319836222    21.065973198679
Au    -6.356122422892    -1.806950385379    19.731928147409
Au    -6.971354230509    -3.966828320662    17.924539257421
Au    -6.878187846535    -6.430857736500    17.078312667730
Au    -7.075697706255    -8.904195321457    15.838663781656
Au    -7.256350031625   -11.596736953956    14.615143167092
Au    -7.075663876681   -13.844366039606    13.226171004335
Au    -8.308922611243     3.041615062331    17.515906602225
Au    -7.608727999061     0.695487262994    16.532057135767
Au    -7.773918732884    -2.360183254395    15.244377272984
Au    -7.946454742491    -5.049752090871    14.437790747823
Au    -7.955839157017    -7.685522369048    13.027249029016
Au    -7.558506061858   -10.439423593109    12.116031261812
Au    -7.904783742221   -12.871532786668    10.884164986751
Au    -5.232575320334     2.941822649066    16.473488065896
Au    -5.141387664898     0.548997203036    15.238893560820
Au    -5.319139403551    -1.831727743734    14.158139034583
Au    -5.626977585874    -4.524670587490    12.983043936657
Au    -5.592221913457    -7.201203269970    11.455874552519
Au    -5.726370148827    -9.663187758523    10.271956314110
Au    -5.577753744373   -12.481326871038     9.202670460340
Au    -2.999045511568     2.293581841182    17.961465385293
Au    -3.125567632211    -0.136023127095    16.918384314734
Au    -3.019519169837    -2.724683089650    15.764315977448
Au    -3.113178010565    -5.124859096102    14.530827197243
Au    -3.294525988475    -7.695940454758    13.244702315608
Au    -3.444042373760   -10.314592089933    12.147407474835
Au    -3.488841085300   -13.390587043113    10.748941036579
Au    -9.925519727758     2.371937186999    15.520136675509
Au    -9.708173132765    -0.330344305180    14.950163254060
Au   -10.182701305211    -3.018931618662    14.109199575087
Au   -10.076929096383    -5.721313515146    12.851970109590
Au   -10.136623702624    -8.516652810602    11.703953024572
Au    -9.890828304777   -10.974986835653    10.564793483640
Au    -4.817749298046     2.676562325853    13.522371799781
Au    -4.806936003709     0.596223503814    12.289263553315
Au    -5.188232606669    -2.068636117100    11.227652999238
Au    -5.105758480550    -4.814224119822    10.259071390352
Au    -5.121228688713    -7.417129957901     8.664167280007
Au    -5.087292214618   -10.099495423893     7.836261037330
Au    -0.449732370674     1.216824717263    17.057145731004
Au    -0.749418673286    -1.303128939262    15.830312730452
Au    -0.606951264862    -4.009653238628    14.491405066497
Au    -0.895331806890    -6.547845914987    13.266804532440
Au    -0.853078210721    -9.063478128520    11.891808912043
Au    -1.153731073337   -11.674901742916    10.855072747004
Au   -11.966587267184     1.536534366474    14.010581666813
Au   -12.432416162550    -1.223278091358    13.170497588640
Au   -12.500082929002    -3.957608853940    12.292507747999
Au   -12.319788258100    -6.573353166345    11.239312752248
Au   -12.160413978165    -9.457409114946    10.217049102658
Au    -4.596805022189     2.854648624809    10.659866825528
Au    -4.576102932023     0.313749799250     9.515946832447
Au    -4.963101997715    -2.495733684352     8.282184594910
Au    -4.934273985925    -5.268449452019     6.952427085486
Au    -4.959196900446    -8.104032309230     6.095986121750
Au     1.803159945633     0.396076273129    15.942661476756
Au     1.829956550804    -2.409674467767    14.390701726303
Au     1.875750267042    -5.304905484419    13.831094679438
Au     1.698820743605    -7.934248297783    12.438987927605
Au     1.158552824718   -10.354112543229    11.076735767287
Au   -12.499230658892    -0.383289129621    15.832920814892
Au   -12.786485062769    -3.298701545462    15.060775609117
Au   -13.391966830540    -6.125788731581    13.906518808890
Au   -13.834852250909    -8.592121692159    12.421260048056
Au    -6.872583899100     1.924709254301     8.706463080945
Au    -6.854715641518    -0.752238050248     7.680911454472
Au    -7.105284152778    -3.542632548540     6.956322080405
Au    -7.259336416010    -6.233766659744     5.640068304459
Au     1.976160433126     0.047700800406    12.854578859023
Au     1.965762661601    -2.702157365613    11.704389633522
Au     1.719939234653    -5.472168222860    10.979853180438
Au     1.702459539535    -7.991635431601     9.540569481334
Au    -9.569782005647     1.248127934225    10.190639910636
Au    -9.583678376136    -1.296793500163     9.144833191736
Au    -9.771596086067    -3.973804119078     7.988436674957
Au    -9.806694946110    -6.680965013240     7.125196493766
Au    -0.010459865207     0.773320704929    11.278102379001
Au    -0.381694105047    -1.831795452661    10.118487686654
Au    -0.146066605808    -4.659894380739     9.002450073874
Au    -0.363437803945    -7.250697159500     7.936629938688
Au     2.949071995528    -2.093120767536    16.874979278752
Au     2.910859255475    -4.758853680544    16.195965331772
Au     2.728567948062    -7.556535133057    14.970144276759
Au     2.690647683400   -10.222857639978    13.304542506111
Au   -11.777075029838     0.995276852841    11.458933580317
Au   -12.135569076649    -1.632375643712    10.540292295504
Au   -12.094180330810    -4.487852348159     9.516681753160
Au   -12.223845950081    -7.093739205383     8.371015419362
Au    -2.263566973219     1.719348234418     9.824553948060
Au    -2.397298453403    -0.814254487384     8.254878373204
Au    -2.336038195790    -4.025876514789     6.725243468466
Au    -2.689098600414    -6.518395647916     5.969000461317
Au   -10.098647513603     0.454060186550    17.435954007773
Au   -10.913429243996    -2.384935707446    16.678729297796
Au   -11.224942557867    -5.506881919514    15.318545981160
Au   -11.597480257451    -7.895709558022    13.993896064961
Au   -11.637060638864   -10.519251181567    12.757268190825
Au    -7.090011524973     2.147113652583    11.778585885497
Au    -7.231010252470    -0.203739986382    10.659490222673
Au    -7.384589751346    -2.746362836878     9.517414006003
Au    -7.320114097611    -5.623526516514     8.625945204969
Au    -7.340862254142    -8.251988217962     7.537719193073
Au    -0.452911176520     1.120220551905    14.359892293280
Au    -0.440885378020    -1.314574898299    12.871389083639
Au    -0.679181037035    -4.073137820568    11.642919104885
Au    -0.526366464134    -6.770107331229    10.611282341797
Au    -0.601160924520    -9.575957680305     9.153139674034
Au     0.725714243379    -0.989160923243    18.100357573301
Au     0.618921710076    -3.508782966144    16.857868987054
Au     0.604683785841    -6.049173893086    15.913933744918
Au     0.528037378628    -9.258000218570    14.756153395158
Au     0.082622473645   -11.455119693036    13.491265016064
Au    -9.606637087080     1.795227351770    12.835816405506
Au    -9.953775572632    -1.020067662208    12.232961844494
Au    -9.685000020731    -3.405015524627    10.915624691717
Au    -9.982869078101    -6.411649598275     9.751043907991
Au   -10.013863515605    -9.011923792456     8.636133523510
Au    -2.272873859087     2.034650073172    12.388295058461
Au    -2.671660532157    -0.710398181820    11.071319392308
Au    -2.518981616177    -3.367671049570     9.806608885937
Au    -2.684330963092    -6.166186201067     8.523046407023
Au    -2.720377884851    -8.787708213232     7.589491022768
Au    -1.771610464672    -0.003935225391    19.246339999153
Au    -1.474506019171    -2.519205034496    18.866377362370
Au    -1.813342130224    -5.009855693263    16.991096815826
Au    -1.738838778168    -7.327786627663    15.803854144274
Au    -2.099008118412    -9.992345509652    14.805586588719
Au    -2.242999718909   -12.368829871323    13.171420590056
Au    -8.128994035747     0.903197577280    19.268077308337
Au    -8.388049926309    -1.655664256575    17.818310203405
Au    -9.233538309342    -4.456671246703    16.868104062975
Au    -9.122592270427    -6.998822058117    15.606544750094
Au    -9.210466587216    -9.723935010526    14.379309582611
Au    -9.372279936486   -12.191289314269    13.242497993225
Au    -7.229450581454     2.724147860439    14.481746758742
Au    -7.367545850150    -0.026597916973    13.618048978610
Au    -7.510362594713    -2.558876420460    12.367761331216
Au    -7.844033042085    -5.441685793112    11.330663731444
Au    -7.826596101139    -8.194660801222    10.189705182479
Au    -7.739534138832   -10.758926785302     9.014435472794
Au    -2.707339752380     2.152854914953    15.345951106734
Au    -2.797411491308    -0.392685152215    13.989705195749
Au    -2.819359921887    -3.096542061884    12.847891170638
Au    -2.893262046285    -5.443578180974    11.645545738625
Au    -2.792359312293    -8.368520190495    10.362289064669
Au    -3.063571279194   -11.063438128067     9.168243968977
Au     4.790133290985    -8.329057039872    13.427959222748
Au     4.922441754240    -5.872450264158    14.626058665151
Au     5.052017211359    -3.095579416960    15.694924672983
Au     4.072216504213    -6.391022513826     9.244460289830
Au     4.289727103802    -4.035978131944    10.613017461604
Au     4.274289908070    -1.245915529291    12.103497254924
Au     2.100715864505    -5.667848027088     7.808882982812
Au     2.192750630868    -3.182984949411     9.097828206847
Au     2.120890587012    -0.518714693915     9.954625686376
Au    -0.114882666278    -5.317504911625     5.962553052835
Au    -0.264133417481    -2.330756363669     7.255737462671
Au     0.044770987803     0.250765789247     8.375650757408
Au    -2.203824763347    -4.474871759547     4.277506710118
Au    -2.094933608874    -1.578538833894     5.495862355248
Au    -2.063446914748     1.200098205644     6.722485858714
Au     4.527644416111    -4.017143209082     8.100439837124
Au     4.510294878460    -1.626557855109     9.602460430423
Au     2.001330131468    -3.589795568739     6.184032988718
Au     2.224899781453    -1.068435070690     7.169942588585
Au     0.034414596559    -3.019853880005     4.460956051424
Au     0.172491081639    -0.298490846666     5.673515686982
Au    -6.748393903097    -4.009748589020     4.165879153424
Au    -6.749068307738    -1.173620902850     5.071724852021
Au    -6.713864991119     1.620004279633     6.116330157500
Au    -9.240103689013    -4.360830937951     5.379953569108
Au    -9.225127023658    -1.601778849929     6.487365821063
Au    -9.073697345519     1.219213636671     6.975139238976
Au   -11.874230695042    -4.790589708535     6.642600461708
Au   -11.991168799460    -2.079148222685     7.855498551260
Au   -11.953153885250     0.632916429752     8.687527397303
Au   -14.243781652650    -4.721002209366     7.915687693938
Au   -14.672464228751    -2.273572882391     8.951233241209
Au   -14.239585487064     0.480401560150     9.912364053289
Au    -9.112485645330    -2.327544873406     3.862654747684
Au    -9.061953695074     0.269805016007     4.646436687341
Au   -11.529743470363    -2.539346284725     5.115060574078
Au   -11.680492254153    -0.146749771470     5.992265159115
Au   -14.075698455228    -2.690973160254     6.314131800901
Au   -14.168053846847    -0.244398995142     7.351548621553
Au   -15.640861252598    -6.660841484458    12.217543080925
Au   -14.959584632566    -4.039015465763    13.090208217708
Au   -14.576598046898    -1.559325136091    14.482380621323
