         216
 AuNiAgCu    E (eV) =  -774.227600       T (K) =   550.000000       time (ns) =   1.45000005    
Au    -1.615510207526   -17.930372060688    26.391668851540
Au     0.996052445777   -15.286131953566    25.205039751654
Au     1.984663532173   -14.382071246657    22.701525908290
Au     3.195015607705   -13.761340814194    20.281381581501
Au     4.068204320611   -12.367564347577    17.764393973396
Au     5.311562174031   -11.904008158171    15.347359096665
Au     6.069487694422   -11.413895900689    12.570132058821
Au     5.754904624192   -11.750201197730     9.823697049458
Au     9.229828437157    -9.949658241275    27.384370239757
Au    10.677773479692    -8.884065306771    24.941937731377
Au    11.860448408180    -8.379151001876    22.326817223877
Au    12.419877663295    -7.296648706218    19.925541682944
Au    -0.578509941749    -5.094896441232    24.937532194954
Au     0.361071462168    -4.221771971236    22.173144181490
Au     1.441532524124    -3.324488573908    19.938566281866
Au     3.035300270753    -2.433071800070    17.403358150134
Au    -7.368752167701   -12.690556720283    19.119206893326
Au    -7.412749824591    -7.610990320010    17.679479115458
Au    -6.483803683113    -9.478927814932    16.007460928505
Au    -3.803843102442    -9.972873376970    12.063990137674
Au    -0.419303998721   -16.043939724122    27.470651527140
Au     1.985606316570   -17.164801234376    23.474845301382
Au     2.906078801687   -16.764245891174    20.975027687704
Au     4.291758663270   -15.517719988024    18.410165564965
Au     5.234167596500   -14.502993788523    16.117242623540
Au     6.744247653145   -14.046459794846    13.604971486842
Au     8.035734368039   -10.875399176925    10.912234202949
Au     1.178834725800   -17.821210548945    26.039808688751
Au    -0.661487705291   -17.167572385147    24.219218267591
Au     0.138814831234   -16.574005950782    21.124500208820
Au     1.493094844205   -15.633402286272    18.878784503650
Au     2.451350998220   -14.719710284091    16.541829463548
Au     3.607564767655   -13.970843496019    14.062173066033
Au     7.627886489610   -13.376775058421    11.211954953616
Au    -2.051737561806   -15.233726301448    25.620846055543
Au    -1.027716571308   -14.563283304486    23.089291882512
Au     0.198772263446   -13.734059409935    20.646522467546
Au     1.499433597760   -12.866279195601    18.353276897229
Au     2.321238960344   -11.991112839801    15.687443570876
Au     3.467642273197   -10.999230975028    13.248169400154
Au     3.319080425206   -11.807471803035    10.350427591750
Au    -0.317666583769   -13.409320318995    27.069428271127
Au     0.737324716052   -12.578603827011    24.466984249576
Au     2.092841883975   -11.775480264262    21.756584469245
Au     2.956514693176   -10.544793572005    19.492340948104
Au     4.101743665456    -9.474994879562    17.059727806723
Au     5.262246319831    -9.063842349902    14.575079768180
Au     6.689100609041    -8.699661416460    12.354706322248
Au     2.266634054288   -14.904988522064    27.415669338312
Au     3.460783994980   -13.923906359557    25.018858991062
Au     4.444591838422   -12.979557943169    22.374177493056
Au     5.609416256885   -12.023392791931    20.023730855828
Au     6.630591229242   -10.888185503522    17.686379412791
Au     7.675861887023   -10.342743633289    15.071897682154
Au     9.067808923113    -9.424889630471    12.969463690372
Au    -3.915891851940   -14.362003378861    23.776145812626
Au    -2.753284554151   -13.712186246778    21.152556766801
Au    -1.459067232402   -12.788871673993    18.708269133585
Au    -0.327768097263   -12.027946188410    16.267373633378
Au     0.603282673565   -11.075611890604    13.604248164242
Au     1.525417123776    -9.934463088173    11.346171965666
Au    -0.272680537537   -11.016521612804    26.261652308290
Au     0.738098581658    -9.897218818621    23.916749853588
Au     1.698038458305    -8.635014030875    21.384639465748
Au     2.683274087464    -7.724357751324    18.589246106212
Au     3.786876460174    -7.101741057018    15.945768741855
Au     4.839601502519    -6.204847758313    13.623185924520
Au     4.511751429388   -13.328179286658    27.544950832794
Au     5.734924150375   -12.141855530486    25.142808569365
Au     7.156807005782   -11.241079145549    22.508030088402
Au     8.127886791418   -10.557312525281    20.021261538824
Au     9.148371919753    -9.340971020215    17.744732329978
Au    10.083228843931    -8.490740271249    15.331770830331
Au    -5.685999812963   -13.467062246694    21.497671707654
Au    -4.474458464924   -12.889825742624    19.102945335667
Au    -3.249334743784   -11.947683610550    16.510246940690
Au    -2.043353983438   -10.952256752292    14.032155173780
Au    -1.087119753007    -9.933326704294    11.586760868669
Au    -0.343091427831    -8.314496902327    25.987672402155
Au     0.394194470414    -7.070373130048    23.445019524582
Au     1.660144655062    -5.941323702584    20.673132699609
Au     3.062364959535    -5.147993754693    17.900798633546
Au     4.050345920743    -4.346034431097    15.523353629675
Au     7.184610012385   -11.907265619466    27.371955011365
Au     8.021029107554   -10.534393492758    24.893540081245
Au     9.284715507485    -9.721729318031    22.519831375447
Au    10.469992457711    -9.053084582349    20.245643488478
Au    11.520342276658    -8.057990084614    17.640091434936
Au    -7.184730054357   -15.235736410036    20.209078694497
Au    -6.175021159266   -14.662626957764    17.907391075036
Au    -4.831310940388   -13.684351262515    15.092891391718
Au    -1.016633056503   -12.841218070472    11.995662737538
Au    -2.158458176892    -7.114038735031    23.791753511953
Au    -1.153196909701    -6.359972121591    21.287943758835
Au    -0.290246119058    -5.328063718963    18.647393333158
Au     1.333744112508    -4.184929421432    15.838013958190
Au     6.602303865597    -8.766761606152    27.088428044681
Au     7.828211964796    -7.703332054413    24.590740326038
Au     8.936302187433    -6.954055551085    21.848165762918
Au    10.254924242479    -5.710074575746    19.053823502180
Au    -3.955540326634    -8.855094864736    22.003844011408
Au    -2.914510991546    -8.057108856149    19.707285652717
Au    -1.741661842370    -7.048077653744    17.445125402396
Au    -0.607176146830    -6.305325788320    14.596704847077
Au     4.279413773287    -7.710789705979    26.277766794012
Au     5.368861697049    -6.715844100049    23.734756302567
Au     6.667529811016    -5.679029199584    21.388693590697
Au     7.796740057186    -4.710448646728    18.980391109478
Au     8.452386671804   -13.046427211210    25.239167491670
Au     9.584334378211   -12.555592803544    22.822794340397
Au    10.688610447248   -11.865429559216    20.586912990899
Au    11.598392009879   -10.563764656618    18.293111642870
Au    -5.390660099541   -10.878044520797    20.712778077995
Au    -4.884419586817   -10.264401539026    17.953377266140
Au    -3.009618129480    -8.916667176793    15.978626664316
Au    -2.223374220948    -8.385603049192    13.410345937184
Au     1.651519256051    -6.289765079063    25.891176959734
Au     2.728767417607    -5.516862408913    23.240454599940
Au     4.037682519461    -4.303470148571    20.400184768794
Au     5.250385123705    -3.512681637352    18.152041367677
Au    -5.725173468283   -15.928621378428    22.287180549808
Au    -4.209260226955   -15.590057288066    19.935981854732
Au    -3.424294595845   -14.611111993302    17.386508609746
Au    -1.742989357805   -13.577021349421    14.684757433527
Au     1.898388067790   -12.938431931955    12.241076687073
Au    -2.047842501653    -9.778747267679    24.171653575780
Au    -1.230935399610    -9.020924646683    21.740078097651
Au    -0.226628361265    -8.160975776332    19.193353837408
Au     0.923378030632    -6.939558646356    16.615408215895
Au     2.086254512139    -6.076833193727    14.136475779852
Au     4.605937522031   -10.775787392112    27.159596758448
Au     5.468510271103    -9.405751161112    24.573420646006
Au     6.606743137000    -8.410882554891    21.802083859328
Au     8.001465387266    -7.400398173579    19.395107635069
Au     8.908424996366    -6.676428505101    16.988711187723
Au     5.936981896660   -14.795588664389    25.621998677610
Au     7.005000935734   -13.867718679429    23.026586768789
Au     8.267032779209   -13.208556041978    20.603214909686
Au     8.949484852387   -12.480465900971    18.064902220302
Au    10.156215609887   -11.099480142768    15.872355462341
Au    -3.812719503203   -11.705944864180    23.094494499964
Au    -2.662149428549   -10.921324839398    20.604225344187
Au    -1.818182507067   -10.027756135227    18.065977894102
Au    -0.476165915716    -9.214586836866    15.348727845507
Au     0.402396795347    -8.216255847578    12.828125545236
Au     2.124103859511    -9.663315237516    26.146833862606
Au     2.976056307889    -8.333508256088    23.980822257688
Au     4.254674843398    -7.255798961598    21.346469547437
Au     5.413437445956    -6.461266640800    18.992903643594
Au     6.266166126520    -5.665585216342    16.596575010313
Au     3.774199303099   -16.543662500135    25.546007088122
Au     4.703914191920   -15.634722975865    23.336796038811
Au     5.772093683128   -14.780662425783    20.841528351656
Au     6.644714798016   -13.981699518424    18.429447575736
Au     7.783321279747   -13.011732848057    15.820021329831
Au     8.712640427470   -12.305832034106    13.380374411411
Au    -3.517929335863   -17.099679233460    24.311652084091
Au    -2.960583523998   -16.556924218424    21.888738250174
Au    -1.562476897226   -15.353898108600    19.522884376411
Au    -0.554611251155   -14.812144837415    16.905233074540
Au     0.830537064441   -13.939886486773    14.526194919579
Au     4.702181087982   -13.605989598885    11.752260473197
Au    -1.956423782698   -12.769179720407    24.980913902414
Au    -1.137531206639   -11.722161202399    22.565150813059
Au     0.149719493899   -10.836058409219    20.070660270024
Au     1.067335859014    -9.882319347199    17.451568438407
Au     2.328455244024    -9.207029600940    15.114337335619
Au     3.415596578422    -8.258878556089    12.662630966274
Au     2.247122583568   -12.291874058879    26.930949490269
Au     3.212209438752   -11.140761929292    24.286264769861
Au     4.098108205974   -10.198941381430    21.890581571012
Au     5.338727486640    -9.124910569602    19.580758656961
Au     6.597788888020    -8.149186790915    17.113628279579
Au     7.439291851673    -7.327405397616    14.551810037301
Au    12.697254909600   -10.307532611261    20.943493063583
Au    11.739199948776   -11.035190665808    23.198435725660
Au    10.689370653285   -11.406337609146    25.483298852175
Au    11.150121262575    -5.428292536685    21.435116032717
Au    10.413523701706    -6.361556783016    24.003177989308
Au     9.170794468070    -7.329242866491    26.812544521681
Au     8.843203629291    -4.003851594270    21.569907789655
Au     7.743963756572    -5.023576998807    23.857182647523
Au     6.687616512885    -6.009256853774    26.478929013174
Au     6.346981959344    -2.798706543593    20.711647100973
Au     5.258939418000    -3.925832343565    23.143670682012
Au     4.155772267402    -4.943130279251    25.602734010845
Au     3.905952985645    -1.788701158631    20.285045312005
Au     2.635704851898    -2.604891029714    22.636784310278
Au     1.826940928056    -3.756502823148    25.022959207034
Au    10.327327816665    -3.783621523331    23.778481508448
Au     9.142022277653    -4.781088845798    25.898250238976
Au     7.514027789797    -2.419453346336    23.287028823188
Au     6.464563999656    -3.479307137592    25.668049939648
Au     5.202716577415    -1.087198905403    22.846359636334
Au     4.029724715816    -2.036215021444    24.933933594282
Au     0.075561247093    -2.674504035409    17.701406784640
Au    -1.143887503203    -3.023130988847    20.418546674034
Au    -2.367257549086    -4.296867182740    23.059229588619
Au    -1.629521821597    -4.435535955937    16.229391218390
Au    -3.108636590509    -4.932768754460    19.074625812156
Au    -3.890157297609    -5.909719222634    21.681712848615
Au    -3.548031324669    -6.464858444569    15.195510540802
Au    -4.718868055064    -7.026446203529    17.620344162425
Au    -5.641094463991    -8.338947191696    19.778463036108
Au    -5.119120237034    -8.723054997388    13.924226957448
Au    -6.091930225752    -6.602138176231    15.318167080192
Au    -7.564849630918   -10.072223901554    18.780067406489
Au    -2.541375556827    -2.466924583377    18.026595623782
Au    -3.664791756442    -3.212268408175    21.012066409592
Au    -5.101139253919    -3.032445696286    18.793410467813
Au    -5.702281318309    -5.609415002185    19.920043018076
Au    -4.338529862986    -4.120789830701    16.492927665987
Au    -6.670787035519    -5.004180279638    17.443754033865
Au    -3.390115213414   -12.723348379285    12.534432340475
Au    -4.915229839696   -11.188404979426    14.255198989089
Au    -6.227161030139   -12.175588772091    16.698347737802
