         216
 AuNiAgCu    E (eV) =  -773.781189       T (K) =   550.000000       time (ns) =   1.99000001    
Au    -3.440553389604   -15.461289670111    22.859005355681
Au    -1.952094231947   -12.950430813148    21.539624466245
Au    -1.498111774504   -12.281887026811    18.614153384917
Au    -1.210989730346   -11.481515739705    15.774905334852
Au    -0.987561686888   -10.751163707201    12.978442548733
Au    -0.806124214255   -10.358181731056    10.170905929591
Au    -0.636057227284    -9.273285770541     7.350504159656
Au    -1.415414573769   -11.835503353807     6.805899028751
Au     4.563204503252    -4.963186147279    20.847618211383
Au     4.647650208098    -4.029734539932    18.413027826961
Au     4.870028182201    -3.410878358697    15.540072684546
Au     4.851887167945    -2.358638949190    12.815652371270
Au    -6.432839020018    -3.755620550301    19.723791811155
Au    -6.505230159054    -2.627680259315    17.234082759876
Au    -6.576007437087    -1.972988319256    14.499000960383
Au    -6.122659993847    -1.653127830505    11.710026881672
Au    -8.428630947989   -17.136412100541    13.876057444552
Au   -13.523785082162    -8.729525790781    14.774671302388
Au   -12.381416787552   -10.911107801591    13.364509238311
Au   -10.271223513208   -12.089838469774     8.524331852797
Au    -2.275490671551   -13.409634906784    24.293513170200
Au    -0.489055860681   -14.310694527265    19.693705675819
Au     0.010100185137   -13.601864457783    16.932850868143
Au     0.144813896667   -13.283211106048    13.991833998635
Au     0.533444021863   -12.393730563257    11.296983027168
Au     1.055209592000    -7.015432574223     6.915362841542
Au    -0.305565928807   -10.750260518328     4.720818902475
Au    -0.683417582089   -14.965996896033    22.558004156440
Au    -2.700611112463   -15.574999439041    20.336433382624
Au    -2.222827507271   -14.965902630959    17.780369392288
Au    -2.304432387331   -13.945407120210    14.701102246706
Au    -1.715511938273   -13.592804081365    11.959956594279
Au    -1.867249358109   -12.687033840844     9.305650513071
Au    -0.574735702954    -8.217322080799     4.654031454007
Au    -4.707628684192   -13.080801595473    22.508631060301
Au    -4.153824466007   -13.190088547216    19.661227614089
Au    -3.678608377757   -12.637705413595    16.797465532597
Au    -3.310299579804   -11.639825778649    13.920433259355
Au    -3.374748151458   -10.703961983254    11.141102473377
Au    -3.009967233896    -9.945345850571     8.489613810010
Au     0.609037386717   -11.434968072145     8.357756081882
Au    -3.131577823566   -10.894639725425    22.975393438901
Au    -2.869694757736   -10.385321376387    20.397589153449
Au    -2.661319967142   -10.103460028956    17.566353134837
Au    -2.284488672313    -8.918390614210    14.620514260909
Au    -2.172775670296    -8.168205465008    11.810116150159
Au    -1.958483097619    -7.565002761784     9.308036126277
Au     1.611341073307    -9.445536820326     5.625396895092
Au    -0.514786491083   -11.453540808294    23.443536690775
Au    -0.150863220679   -10.924326414124    20.754544360409
Au     0.291052532570   -10.300346890807    17.824541548541
Au     0.475921034762    -9.282907365577    15.086170270751
Au     0.499423969895    -8.591541009944    12.272157379787
Au     0.909979825980    -8.042218247528     9.528894728353
Au    -2.852576799717    -9.535928672640     5.818440396535
Au    -6.710342029881   -13.359244700185    20.522988622430
Au    -6.119915392087   -13.296939891564    17.613825484848
Au    -5.944582106271   -12.508418419280    15.070543861458
Au    -5.678296289874   -11.638749509938    12.152158868982
Au    -5.519280349733   -10.953051869712     9.363938168016
Au    -5.300468052193   -10.414616746053     6.779255522559
Au    -4.065879681788    -8.413587976401    21.909341662685
Au    -4.130166343823    -8.187345338210    19.286853666333
Au    -3.745188172256    -7.629653378127    16.408784649687
Au    -3.710259276940    -6.784925544314    13.730242314365
Au    -3.469155381348    -5.981652575747    11.170913586272
Au    -3.188972116093    -5.300990782537     8.235693973905
Au     1.569530004124    -9.513022163366    22.691201491108
Au     1.701211807529    -8.590799166211    19.902439415523
Au     1.934490935384    -7.921038675313    16.876767217964
Au     2.216975157528    -7.249344390404    14.301331158093
Au     2.280022193201    -6.480597475264    11.573357044287
Au     2.215433543510    -5.662916977128     8.737982814600
Au    -8.952411888098   -13.600010688516    18.897457121717
Au    -8.629174205525   -13.208755356913    16.082340128502
Au    -8.190871759376   -12.444358835579    13.351712097354
Au    -8.194090010442   -11.877624034719    10.215861351829
Au    -7.831731214548   -11.044032338483     7.658188072756
Au    -5.209041859585    -5.893533105651    20.817172486977
Au    -5.114190783130    -5.786280316654    18.228531737548
Au    -4.721726446113    -4.859180997890    15.588705266216
Au    -5.138215716900    -3.899963190850    13.047083758322
Au    -4.532341293841    -3.737555591124    10.534035989261
Au     3.249606581245    -7.086000280398    21.893768428584
Au     3.115657186608    -6.240316360710    19.128050459044
Au     3.425547228519    -5.487348989437    16.395105148838
Au     3.478468262277    -4.973989931766    13.534401935052
Au     4.138501522840    -4.774365620067    10.630009433444
Au    -9.977605247594   -15.767194676402    18.094210424387
Au    -9.690094080919   -15.461298984357    15.221659702041
Au    -9.277281115138   -14.849514073700    12.587084132417
Au    -6.310484230820   -13.243716088766     8.760979658819
Au    -7.842037468111    -6.284440725144    19.763833584098
Au    -7.369395894007    -5.887986813671    16.976557132053
Au    -7.327047732050    -4.974454913725    14.363506821741
Au    -7.297656789701    -4.266326233351    11.135489604168
Au     1.791666696297    -4.604259047614    21.018223275346
Au     1.840632760450    -3.889584361479    17.822318013061
Au     2.049781561997    -3.189928371681    15.214832771248
Au     2.260211893897    -2.488782746590    12.415266303659
Au    -8.939678022056    -8.828583579066    19.084111717320
Au    -8.715880465265    -8.185985054305    16.194473548109
Au    -8.364415387576    -7.693470349248    13.313825463781
Au    -8.207229752749    -6.875861488065    10.010942077955
Au    -0.972303091645    -4.199733666664    20.601256649425
Au    -0.818073443409    -3.766730594378    17.846119620475
Au    -0.494709370345    -2.818581734997    14.886087460815
Au    -0.583433823276    -2.247423660089    12.087162860267
Au     4.370233519650    -8.996726596439    19.816235896429
Au     4.752844315479    -7.845389951305    17.230300548676
Au     5.300257353563    -7.917243633513    14.428014539459
Au     5.165557345782    -6.732606349478    12.022323338645
Au   -10.251805029174   -11.291463931883    17.922945230542
Au    -9.796795924966   -10.760439802150    15.136834504781
Au    -9.540404593206   -10.222991354003    12.257592837878
Au    -9.365595969015    -9.597818183533     9.426213838861
Au    -3.765513953168    -3.783496509446    20.221982077867
Au    -3.624894151904    -3.151319861666    17.499280870224
Au    -3.394006961371    -2.550093456809    14.680082007862
Au    -3.343900597089    -2.050189137677    12.169141412336
Au    -7.474101605559   -15.861582146671    19.446062148712
Au    -7.152156501067   -15.840865555047    16.809850462635
Au    -6.935975529416   -14.869688166413    14.185108403604
Au    -6.892597292701   -13.939071151369    11.373343941902
Au    -3.976248754833   -12.448538479658     7.730301141547
Au    -6.539101040333    -8.611577313376    20.683431163861
Au    -6.528119810578    -8.291776678588    17.819888184293
Au    -6.081684538339    -7.473359965671    14.994796472978
Au    -6.074791851909    -6.428776511474    11.993904292129
Au    -5.478526705172    -6.082502488165     9.397472051496
Au     0.772533804335    -7.037094547136    21.903894592178
Au     0.290492639130    -6.050312725231    19.133439908376
Au     0.674972610828    -5.674118447206    16.152446123674
Au     0.725862455563    -4.675523823242    13.272587684138
Au     0.880988642566    -3.778834946160    10.651132800174
Au     3.102493399326   -11.081105306061    20.721854173802
Au     3.184492315280   -10.352510830055    17.949167862250
Au     3.453519625756    -9.580289452427    15.217283831397
Au     3.641707002324    -8.958068603481    12.518109185979
Au     3.892454246999    -7.676244309966     9.815325428898
Au    -7.711639059907   -11.211039363979    19.463260443088
Au    -7.582695916466   -10.812562469835    16.752336979036
Au    -7.194354532475   -10.051599355814    14.121969191170
Au    -7.173230276173    -9.426105658905    11.162349365841
Au    -6.693762245697    -8.662914663019     8.442721896856
Au    -2.342694529334    -6.415559067988    21.254463807641
Au    -2.481011831395    -5.916504344624    18.633340380129
Au    -1.939420651742    -4.993058760767    15.920307270823
Au    -1.896095136755    -4.355832336924    13.110885191802
Au    -2.026230109735    -3.926136629544    10.267410220793
Au     1.153533424299   -12.877729997212    21.740247922468
Au     1.393852559514   -12.364880949910    18.920586170913
Au     1.543897791744   -11.525373361146    15.823501238629
Au     1.733077726958   -10.982461136835    13.177397797057
Au     2.065752698957   -10.389867022104    10.409020018811
Au    -1.648944095149    -6.758589266897     6.577027491449
Au    -5.543406213899   -15.555483751963    21.274574916586
Au    -4.886707490343   -15.601989401737    18.550907725166
Au    -4.500514418279   -15.159854605791    15.666111909968
Au    -4.615547980097   -14.107398592638    12.996079478432
Au    -3.962635204638   -13.707569742457    10.573669996853
Au     2.592153032068    -9.374955966379     7.985116439576
Au    -5.459884600195   -10.965485936103    21.425452325536
Au    -5.096588616313   -10.757466078562    18.658243948985
Au    -5.020684458624   -10.067452707882    15.798146034300
Au    -4.874263999067    -9.079196235830    13.078802592831
Au    -4.531979360159    -8.508158330584    10.219096416112
Au    -4.332466840237    -7.667926825208     7.125466376932
Au    -1.131898039682    -9.061761176668    22.636350910551
Au    -1.007091520259    -8.387162612036    19.934560252067
Au    -1.034926867008    -7.543341597858    17.124146545619
Au    -0.798978086774    -6.754142512325    14.059019708207
Au    -0.386841797602    -6.097239085813    11.028906460135
Au    -0.466708333164    -5.281565072753     8.385505722447
Au     6.088022608939    -4.835139126568    13.656910400569
Au     6.333856646288    -5.328919205597    16.768825668411
Au     5.852092249529    -6.333625670856    19.143606606379
Au     3.977953296385    -1.003465792707    14.871672343730
Au     3.459926815703    -1.735671562272    17.271446790820
Au     3.180981575049    -2.232632957603    20.127265047993
Au     1.167709825898    -0.760065953258    14.200902403335
Au     0.829728428092    -1.340917640703    17.093663008249
Au     0.661412906425    -2.063243642537    20.017030460448
Au    -1.661447776513    -0.392627813702    13.760891219324
Au    -2.055205727296    -1.120492533485    16.600264679515
Au    -1.920220185437    -1.493464797641    19.468805475404
Au    -4.476256383234    -0.057071805314    13.496810166715
Au    -4.754616814073    -0.667168788997    16.233699133079
Au    -4.709671283957    -1.349184328477    19.088399706622
Au     2.351875892117     0.621661150872    16.158087294285
Au     2.294067332125     0.095736299162    18.900507062309
Au    -0.309781636839     1.029527278576    15.622968927719
Au    -0.585432491462     0.574023738027    18.228937308834
Au    -3.130787288272     1.338456702522    15.402148989510
Au    -3.348670704060     0.734297631827    18.215097380059
Au    -8.608510339581    -2.862366552915    13.012985780388
Au    -8.846423343315    -3.054173064933    15.745195317197
Au    -8.781916221396    -4.053405695492    18.394437398595
Au    -9.442056670160    -5.490051955089    12.070808257496
Au    -9.568810359434    -5.783888957488    15.365128734304
Au   -10.067101724034    -6.515882103660    18.296718507750
Au   -10.511370083279    -7.687121591975    11.030242249374
Au   -10.894451315485    -8.586053605183    14.275361054103
Au   -12.148864876361    -6.900507083877    15.887902356312
Au   -11.556851608981   -10.290990148319    10.439003852015
Au   -12.759599908067    -8.561332269386    12.179302503806
Au   -12.380211937239   -11.221109416243    15.941353246575
Au   -10.945159587034    -3.691489541824    14.254199045212
Au   -11.248351234212    -9.038219177216    17.134711656566
Au   -11.206792181580    -4.103500860811    16.780355680652
Au   -11.115725393401   -13.781680501032    16.966345546416
Au   -11.643330669725    -6.191989301394    13.319187874887
Au   -13.185489246777    -4.358497287091    14.971955340946
Au    -9.226621855540   -14.115516313618    10.046625507630
Au   -10.859619986507   -12.616355485264    11.754921003117
Au   -10.958059246319   -13.220262011855    14.226435647363
