         216
 AuNiAgCu    E (eV) =  -773.486572       T (K) =   550.000000       time (ns) =   1.84000003    
Au    -2.116227762059   -13.795719249407    26.545706373244
Au    -0.452801680512   -10.748955293395    25.174828051065
Au     1.060601914422    -9.889502205937    22.888059162926
Au     1.877125088862    -9.017141919703    20.423878928352
Au     3.510600520644    -8.527519693795    18.186060071540
Au     4.837105032266    -7.250176089843    15.982754131839
Au     6.198441347064    -6.500827100725    13.384849852924
Au     5.853237006439    -9.206916721052    12.867419873615
Au     3.872664988499    -1.770920374863    27.494637961911
Au     5.169343729820    -0.834006658910    25.130629237935
Au     6.480241658172    -0.145219884197    23.026842278590
Au     7.895900534080     0.908602542826    20.391156620408
Au    -5.629000998068    -2.657980779434    21.734852534820
Au    -4.898063405162    -1.554171765000    19.329365065917
Au    -3.383335251638    -1.064343351771    17.059531411111
Au    -1.984935386427    -0.228788908761    14.822691351531
Au    -7.133487424529   -12.817047002545    17.982655746598
Au    -8.484842457475    -9.095326345260    14.768638618929
Au    -6.542510059226   -10.260470845857    13.381358983795
Au    -2.615407029858   -10.537949576054    10.306642983496
Au    -1.787768361113   -11.475960023923    27.609826416081
Au     2.013037097731   -11.887818282678    24.382089937225
Au     3.206030039536   -11.359021295840    22.094620046056
Au     4.360394700674   -10.224895537717    20.104468861940
Au     5.889949835202    -9.601120114727    17.389888467009
Au     7.411744673184    -4.112878643928    13.696130450628
Au     8.343562111381    -7.492580041619    12.587711992000
Au     0.255146837195   -12.733679225197    26.948662267677
Au    -0.897523595981   -13.197792642101    24.246123484957
Au     0.575026319576   -12.514196394804    21.912557034630
Au     1.942932760430   -11.567351420975    19.617275504576
Au     3.340541866882   -11.055568019851    16.993318554060
Au     4.434091474980    -9.839083936979    15.035472228233
Au     7.289438540468    -5.496952077540    11.214799610739
Au    -3.219910248977   -11.831223974140    25.161559198244
Au    -1.858975071279   -10.831355235740    22.747220850521
Au    -0.421647569436   -10.324191727959    20.330583089359
Au     0.757556867674    -9.613892761948    17.803392864945
Au     2.258043130206    -8.485616813145    15.648128685370
Au     3.580114528267    -7.776338007227    13.399945526413
Au     7.109597876967    -8.745405820074    15.268732743872
Au    -2.908496385204    -9.388145878863    26.051484736468
Au    -1.494522397784    -8.397294486423    23.938365983960
Au    -0.342795818979    -7.460654075516    21.574661544413
Au     1.167544084318    -6.765896653423    18.791737767630
Au     2.634271212755    -5.701099835048    16.395864683829
Au     3.957927182185    -4.769273122268    14.203453547298
Au     9.485289721983    -5.177115243367    12.507173639541
Au    -0.562107415380    -9.017637058323    27.555789695341
Au     0.922892579739    -8.203688580600    25.288888715527
Au     2.191706700336    -7.266721987833    22.684097277049
Au     3.421436379963    -6.842707073609    20.333676422638
Au     4.834778853325    -5.779975630684    18.327613178394
Au     6.223278811527    -4.889256957747    16.030951739198
Au     4.794578972218    -6.801874557471    11.171460603458
Au    -4.192774084697   -12.188855594807    22.813241838797
Au    -3.140428841929   -11.593533362776    20.201754544788
Au    -1.798168667356   -10.956586448967    17.411632128668
Au    -0.249857977727    -9.977674463408    15.354175079477
Au     1.119851378718    -8.951704953854    12.841040442045
Au     2.457505458116    -8.258237813250    10.687663457405
Au    -3.630327142798    -7.001582526790    24.997986254937
Au    -3.001274894949    -6.317163776748    22.318687023124
Au    -1.208612787588    -5.477284955313    19.820824397859
Au     0.225094381292    -4.472344319242    17.441470955692
Au     1.219182347052    -3.323695096413    14.798222264259
Au     2.785422342913    -2.707829614995    12.752960973626
Au     1.119880102170    -6.806260707015    27.631420991393
Au     2.351626158603    -5.969186809279    25.284625784166
Au     3.657778846182    -4.945085650386    22.926987130858
Au     4.852696388678    -3.917931601761    20.454552483098
Au     6.244862446379    -2.858073527721    18.184788200604
Au     7.549951026140    -2.284505778375    15.876842715170
Au    -5.543525932525   -12.651261176173    20.414065063372
Au    -4.608885018255   -11.994149813118    17.361885131041
Au    -2.892581409741   -11.303204927144    14.983934344020
Au    -1.430401113058    -9.980829083334    12.766787033579
Au    -0.354651474705    -8.956000104735    10.201268460631
Au    -4.990392785145    -4.811050466567    23.262589200778
Au    -3.506313210288    -4.100031736837    20.939983132585
Au    -2.230954646302    -3.291206510382    18.403266968010
Au    -0.998242480406    -2.321761163063    16.184820394448
Au     0.395758664705    -0.791780402537    13.537225767770
Au     2.451402855003    -4.088956415680    27.492872378250
Au     3.858674445194    -3.032798566532    25.188229594321
Au     5.114981523258    -2.555216413907    22.950968362234
Au     6.297095397100    -1.355404478986    20.467380736472
Au     7.514446576554    -0.531074930786    17.975085977444
Au    -5.744247372532   -15.016508829421    18.385979951983
Au    -4.331480626940   -14.498329321894    16.294065746109
Au    -3.202355225786   -13.629705304473    13.509954381142
Au     0.771476560075   -11.265828093058    11.680895433330
Au    -5.970496686533    -5.466642254170    20.826098548718
Au    -4.767276328555    -4.363872046657    18.344633855684
Au    -3.505472283654    -3.595439829187    15.819597069185
Au    -2.044178762322    -2.583732916204    13.744710560927
Au     1.321932069587    -1.782278782467    26.459532331594
Au     1.854963635289    -0.633341022783    24.236552679112
Au     3.929901591894    -0.247904585774    21.637737095103
Au     5.447649338169     0.792804177604    19.276127014332
Au    -6.381897610990    -8.116019900868    19.812479744353
Au    -4.969204349516    -7.133119969194    17.442696693185
Au    -3.608584053516    -6.458071217821    14.856393409575
Au    -2.226363221224    -5.316511049762    12.158148592576
Au    -0.989016772466    -2.075605773796    24.659640347739
Au     0.126117013803    -1.142862335915    22.251533205592
Au     1.576228084627    -0.520844284916    20.016220604734
Au     2.627467491921     0.249650455802    17.420547755855
Au     4.611305423773    -5.210335780964    26.591226371777
Au     6.024195006742    -4.633502548073    24.182689659147
Au     7.547007722732    -3.660274229900    21.540656654708
Au     8.577300188135    -2.536241724476    19.331364933447
Au    -6.579908209760   -10.455219232724    18.874269687632
Au    -5.204432558570    -9.703211166595    16.091682693199
Au    -3.935218489949    -8.849368322642    13.673515281385
Au    -2.584254410628    -7.910214544453    10.898633601073
Au    -3.314025983814    -2.279468741805    23.111727308553
Au    -2.158017242166    -1.439112460633    20.663057910991
Au    -0.728727586395    -0.596181991089    18.245014527436
Au     0.418524184565     0.475795912081    15.857165464877
Au    -4.281062359559   -14.925045193706    21.347266513652
Au    -3.156350180196   -13.874681831448    18.562072824814
Au    -1.783282496390   -13.663291810090    16.184265718520
Au    -0.513448395974   -12.417254671227    14.251852445825
Au     3.442578466848   -10.259194328473    12.051030377003
Au    -5.391159409860    -7.520411243384    22.546754922763
Au    -3.713011241836    -6.792446816880    19.904138798038
Au    -2.409975784396    -5.838454997860    17.329432265362
Au    -1.322962276519    -5.148891517283    14.725452363000
Au     0.209856712395    -4.025703709616    12.443385882287
Au     0.049305766218    -4.265544921782    26.372565861875
Au     1.192261853793    -3.409391545890    24.122109170476
Au     2.408774243692    -2.725619331031    21.788436333035
Au     4.008580332194    -1.488918355885    18.922932347514
Au     5.057308035794    -0.577327293268    16.357452792406
Au     3.376555227613    -7.836952595292    26.637957191243
Au     4.827116654758    -7.202707190655    24.233545867823
Au     5.960625168148    -5.962315631593    21.833450901108
Au     7.199744353981    -5.327011520919    19.626941998408
Au     8.465167582851    -4.598961543983    17.281920648492
Au    -5.415871512728   -10.160162536697    21.323964104423
Au    -3.899251181390    -9.546500479493    18.527872379442
Au    -2.567195159253    -8.566636688399    16.241079965117
Au    -1.251486159597    -7.554709294232    13.617984953353
Au     0.033328548179    -6.468291820267    11.249469148915
Au    -2.495948180269    -4.541151712781    24.652404559460
Au    -0.929943384380    -3.684816759624    22.373504733005
Au     0.149073490636    -2.949637728203    19.948760410454
Au     1.331451073503    -2.080237379238    17.444234664573
Au     2.730796859041    -1.230796456213    15.171192415000
Au     1.881315743988   -10.397029787641    26.624079216513
Au     3.985585397944    -9.927673070295    24.607887179150
Au     4.867588819610    -8.510117674373    21.934407220368
Au     6.104388509096    -7.890913597985    19.515642813406
Au     7.099231904618    -7.176285745525    17.188340712023
Au     5.202861557292    -3.944542338552    12.003555409474
Au    -3.191963065376   -14.410424428891    24.095052965072
Au    -2.168269111109   -13.535369957050    21.686226868029
Au    -0.560796947661   -12.630844705076    19.213142418453
Au     0.905730429476   -12.167793492814    16.629224032827
Au     2.138135493750   -10.917197330277    14.405909404729
Au     8.771346042726    -6.254419602411    14.917810573991
Au    -4.368788073881    -9.659570348033    23.780177450276
Au    -2.991232152553    -8.915884213969    21.350791627744
Au    -1.270160102578    -8.260649805662    18.800073099982
Au    -0.235674310462    -7.126288962382    16.345256601118
Au     1.231518716879    -6.032197135543    13.939713765403
Au     2.607801554251    -5.287855386026    11.747559326644
Au    -1.473194070013    -6.644629212807    26.179454885534
Au    -0.152647021967    -5.830732994676    23.928752280812
Au     1.190639305839    -5.084084482681    21.304946820433
Au     2.464379789309    -3.958795518748    18.844198835988
Au     4.081438646348    -3.454018362720    16.700816681200
Au     5.535190563819    -2.553947706016    14.262569269565
Au     8.560013745581    -1.251864524749    21.792912244578
Au     7.840165222779    -2.004336311201    24.257427182726
Au     6.236775291078    -3.054924402021    26.166854161527
Au     5.375681355727     1.807914892548    21.729711486370
Au     3.802356984296     1.406516375167    23.943069662002
Au     3.094580870311     0.436763041545    26.498771356599
Au     2.837829492870     1.809081829669    19.978818163608
Au     1.431945302894     1.255672679974    22.292712433451
Au    -0.284720374044     0.919764058031    24.818207235528
Au     0.706135138139     1.964939448602    18.261755875804
Au    -0.885381951377     1.011307385934    20.434875315251
Au    -2.061122125778     0.215685268108    22.879997942328
Au    -2.150574796595     1.483838193070    17.096039777462
Au    -3.373333860695     0.958822546880    19.268801849007
Au    -4.348060433899    -0.255153418312    21.578378930383
Au     3.014074466753     3.458416020327    22.269057510846
Au     1.757630583919     2.648930195687    25.001090373195
Au     0.734593916555     3.521462178077    20.638099952760
Au    -1.008936478337     2.582261941544    22.649940471925
Au    -1.594014111163     3.217490706285    19.364167906120
Au    -3.156129955284     2.533512271460    21.147497513309
Au    -4.476401629057    -1.669743590638    14.258644141563
Au    -5.756760378103    -2.275232889174    16.851465543785
Au    -6.953212073811    -3.109640717072    19.515576460421
Au    -4.471281771223    -4.275928819657    13.457681142502
Au    -5.919022018861    -5.036508720412    15.764290415366
Au    -7.147502807917    -5.786733226858    18.518335513737
Au    -4.833310003019    -6.590009708791    12.390829264367
Au    -6.474517514241    -7.494285814467    14.684176770179
Au    -7.239954090968    -8.420910266335    17.221289352730
Au    -5.060275674630    -9.149375250305    11.246352220389
Au    -7.313593978950    -7.934501781010    12.309396176355
Au    -7.440197737896   -11.296374706388    16.075114843811
Au    -6.759694787244    -2.927694615394    14.205505789695
Au    -8.430631161927    -6.224735875534    16.140756460561
Au    -9.271457235609    -4.108623765733    14.418128641795
Au    -7.996330110696    -3.783305755188    16.964045368265
Au    -7.207886979625    -5.397244177455    13.110739813315
Au    -9.312245296661    -6.808622747043    13.707377319403
Au    -1.555542120586   -12.510075178306    11.607351811684
Au    -4.253028405458   -11.377165793763    12.499095118413
Au    -5.438574685057   -12.711137742770    14.754306234437
