         216
 AuNiAgCu    E (eV) =  -775.601685       T (K) =   550.000000       time (ns) =  0.419999987    
Au    -4.978874337144     3.677590661295    20.184923287077
Au    -5.252102194195     1.463387653272    18.717225189206
Au    -5.050278432851    -1.163088514010    17.425632448190
Au    -5.093371555719    -3.650935443494    15.437961542944
Au    -5.058021774969    -6.023210297449    13.912693372005
Au    -4.852073081970    -8.337876941158    12.332906280915
Au    -4.957418226409   -10.673883124475    10.544026382922
Au    -4.891950384910   -12.855389875121     9.086668933281
Au     4.661892253505    -0.338801457043    15.474319695408
Au     5.192403224262    -2.683790341818    13.778068936657
Au     4.666767421485    -4.762652544324    12.413583994443
Au     4.437032217567    -7.100023330486    10.696491618536
Au    -3.363900880833     4.124066170588     9.325556021230
Au    -3.429059048246     1.854668919983     7.215471731637
Au    -3.528026108326    -0.701441142759     5.744391775217
Au    -3.701520979953    -2.956795383883     4.213629383377
Au   -13.536752656244     0.814530982600    13.288937671702
Au   -13.663811297715    -1.276917164069    11.488443085130
Au   -14.070400319834    -3.714011353994    10.062661181027
Au   -13.845127986381    -5.955164965620     8.286904682394
Au    -3.732433094518     1.100849664298    21.038733263540
Au    -4.147808137707    -1.106932646339    19.889129258173
Au    -4.111640651766    -3.640719791986    18.190549801327
Au    -3.801267218146    -5.940254437437    16.563473437707
Au    -4.097331483938    -8.315742661997    15.147793145262
Au    -3.974519791101   -10.728346129989    13.422908195158
Au    -3.884657250734   -12.941756291431    11.668786465323
Au    -6.726603363528     1.435436375092    20.893154463740
Au    -6.898981937012    -0.731533311678    19.558732354650
Au    -6.701726954366    -3.432903589799    17.527065216345
Au    -6.692202698018    -5.873090680965    16.201789116409
Au    -6.867445406486    -8.072966928392    14.776643561289
Au    -6.499543921588   -10.257923498879    12.691893556853
Au    -6.480525788718   -12.793492037335    11.338736755797
Au    -7.252248038944     3.139288922784    18.732611782861
Au    -7.572985963324     0.588883703102    17.216634319009
Au    -7.299309160056    -1.519706956957    15.390687954808
Au    -7.285920240523    -4.132153040145    13.768259893526
Au    -7.216598497607    -6.914086732363    12.277985243981
Au    -7.283789507011    -9.184920352302    10.107123576548
Au    -7.279900256590   -11.411354504660     8.727926437320
Au    -4.330701188784     3.862790624951    17.559419677493
Au    -4.448889091252     1.472410125144    15.952808919976
Au    -4.926117867014    -1.018310559297    14.388424288122
Au    -4.491289355601    -3.397095603326    12.854662575013
Au    -4.991107783351    -5.769884487465    11.089026893188
Au    -4.641458637299    -8.127827242624     9.457630732300
Au    -4.734174947287   -10.745444555551     7.585203654138
Au    -2.668480504666     2.667801713077    19.121656484373
Au    -2.686603378884     0.107072977588    17.596679849357
Au    -2.982656763331    -2.172019127051    16.112073812349
Au    -2.730255679989    -4.406039016588    14.542440746043
Au    -2.318178833397    -6.892211566859    13.034271520591
Au    -2.603822219517    -9.389020425205    11.083573511502
Au    -2.292232056902   -11.964820237120     9.925433177856
Au    -9.324975061747     2.607164048409    16.872217201472
Au    -9.890972770225     0.074335000967    15.340317481605
Au    -9.480815691569    -2.362115081494    13.834888271169
Au    -9.333597357446    -4.899003146742    12.116379509050
Au    -9.430869790738    -7.239501861169    10.369252585247
Au    -9.556203304185    -9.833131045658     8.710904456292
Au    -4.128730487527     3.979492688064    14.656685201709
Au    -4.464700707820     1.349434253206    13.141741299209
Au    -4.114504605108    -0.889486764252    11.604165899082
Au    -4.165963676463    -3.258047781981     9.790201713229
Au    -4.246015531784    -5.560485211792     8.348420778119
Au    -4.385338427738    -7.881584735074     6.554844115798
Au    -0.219683901444     1.423431867482    17.763541320420
Au    -0.137605790230    -0.991137267253    16.612939975560
Au    -0.315197103537    -3.079460198928    15.246126117045
Au    -0.025675147031    -5.513096333496    13.591489196074
Au    -0.050303313612    -8.126149646438    11.745766274043
Au    -0.180688759448   -10.053911143025     9.916679152458
Au   -11.496842042719     1.940817050441    14.744101982544
Au   -11.582135959145    -1.005272429238    13.475925069398
Au   -11.618662199755    -3.294839344685    11.973952306907
Au   -11.750025850638    -5.516986940633    10.429143379489
Au   -11.758390457819    -7.748503324229     8.874935318866
Au    -3.702124351463     3.765133217365    12.023990592973
Au    -3.894547130309     1.608675522819    10.210897483604
Au    -3.899640473550    -0.675749629163     8.764796433898
Au    -3.784413017104    -3.084759663993     6.937180587496
Au    -4.104822362475    -5.358807607870     5.423858628713
Au     2.390526846371     0.461881158690    16.875816886916
Au     2.154151497345    -1.885382248754    15.429084877783
Au     2.348820055644    -3.992752445155    13.741719312399
Au     2.301218661410    -6.698525887642    12.242135433067
Au     2.217043444033    -8.823209911173    10.127051306942
Au   -12.747477309076    -0.124842004207    15.894210256791
Au   -13.315559008915    -3.216467031138    14.470612072102
Au   -13.378594874238    -5.250984954334    12.696825125592
Au   -13.180648404038    -7.720578548301    11.314449336550
Au    -6.059525483909     3.633776936729    10.175717294005
Au    -6.013017872732     1.029834227494     8.664863038570
Au    -6.111585385012    -1.339441840009     6.728947035561
Au    -6.152939020003    -3.628625568736     5.360031304222
Au     2.688427372864     0.660408073907    14.165929270806
Au     2.835058808604    -1.690045803776    12.472575625841
Au     2.476851250136    -4.152505181193    10.787396691626
Au     2.535703517471    -6.220782838857     9.062755250576
Au    -8.568570581989     3.377295662015    11.129640012806
Au    -8.742876374994     0.686725821802     9.961694208442
Au    -8.802472450690    -2.132229321500     8.052978510539
Au    -8.666313843220    -4.637991214368     6.572144617879
Au     0.548170636484     1.734368197352    12.596372039096
Au     0.397025129173    -0.361152932398    10.728764850099
Au     0.537564964711    -2.739790565755     9.212414524608
Au     0.635436942418    -5.094072179976     7.557415689666
Au     3.218694610038    -1.998631897495    18.069752669047
Au     3.103775148595    -4.437576550293    16.736554991279
Au     2.831149408277    -6.359455128510    14.874021345354
Au     2.881560797555    -9.019727244646    12.778511736664
Au   -11.000533488148     2.451059045486    12.082668887393
Au   -11.219245148211    -0.297040425567    10.808725325687
Au   -11.326081158426    -2.827900381335     9.312381077838
Au   -11.222263830515    -5.400314242716     7.500666007652
Au    -1.160684338973     3.323091998694    10.916888680990
Au    -1.441333019545     1.101255647334     9.043458472033
Au    -1.614210514143    -1.725796217856     7.555227513699
Au    -1.560608376697    -4.295191793820     5.716029355532
Au   -10.698441367322     0.481595621694    17.769737688166
Au   -11.145463047758    -2.470649448223    15.940407266998
Au   -11.096037700927    -4.808325136656    14.354643142852
Au   -10.995518485480    -7.112555719543    12.678625762267
Au   -10.996776496115    -9.271791930011    11.055658866163
Au    -6.400830068745     3.321233092426    12.990938208072
Au    -6.402793200951     1.116376151329    11.445824526920
Au    -6.471187480722    -1.359369692591     9.823857920827
Au    -6.511936190972    -3.597128163474     8.197163479935
Au    -6.438455191212    -6.103501920395     6.414407665737
Au     0.488818540615     1.949441882166    15.247680493615
Au     0.064632544683    -0.660336547125    13.879733163614
Au     0.237664295026    -3.128047364183    12.068787048188
Au    -0.046673629136    -5.180120089990    10.242187932279
Au     0.005246620298    -7.491858715431     8.786428729225
Au     0.814982849246    -0.837505866965    19.140282791948
Au     0.844921687814    -3.282406437743    17.952025934302
Au     0.675917748411    -5.718100026389    16.271648523150
Au     0.613931881459    -8.137131908329    14.598349153515
Au     0.493644701830   -10.423542059949    12.579760313059
Au    -8.868298814740     2.929419882170    14.254320344584
Au    -9.194853118440     0.434588979578    12.764321186662
Au    -9.025603570411    -2.005002857344    10.751006685511
Au    -8.947549936989    -4.693427348321     9.467412566258
Au    -8.978201670774    -7.310497369391     7.663262213526
Au    -1.777090155654     2.757359166644    13.865433210947
Au    -1.894820671167     0.739612702586    11.995883569666
Au    -1.774291287248    -1.910693811590    10.214626470663
Au    -1.914229321703    -4.262406325366     8.494719180900
Au    -1.947521101727    -6.716199851503     6.964406655353
Au    -1.325333279943     0.413668719251    20.032453150479
Au    -1.873350833702    -2.174314310183    18.727112293986
Au    -1.487008884644    -4.710590734898    17.561925745425
Au    -1.507868984863    -7.157558730011    15.690960702903
Au    -1.544956134384    -9.378181046017    14.099588819067
Au    -1.661002954068   -11.836420254975    12.433289415409
Au    -8.986136948063     0.688128281460    19.683332290648
Au    -8.848876525811    -1.810888479974    17.642780595934
Au    -8.845508046880    -4.059421145752    16.037921253475
Au    -9.003693399246    -6.632904062462    14.428426542171
Au    -9.010678643339    -8.989735056700    12.980742610141
Au    -8.757397577104   -10.955812991878    11.184615269144
Au    -6.615725859932     3.376205810848    15.929247892876
Au    -6.978620707790     1.085472478861    14.530689395290
Au    -7.070557061846    -1.370331090576    12.628827082976
Au    -6.774135245757    -3.628094304747    11.313875761745
Au    -6.955897360552    -6.559411158731     9.106105890724
Au    -6.769158368196    -8.954322138401     7.353365623306
Au    -2.102462770155     2.882937988657    16.554645390824
Au    -2.198749612090     0.284104991969    14.836575253398
Au    -2.092736118744    -1.943042519307    13.089768267433
Au    -2.433694415326    -4.373907176685    11.651576104896
Au    -2.241528894892    -6.751455408731    10.355896037964
Au    -2.449359144594    -9.103427932262     8.200307401998
Au     4.705258155994    -7.343227205729    13.339212598490
Au     5.193030858845    -5.186962374437    15.104067347662
Au     5.104856042436    -2.694006800860    16.366177322234
Au     4.963208042149    -4.423248598497     9.452667669349
Au     5.454233399011    -2.119784660182    11.061759396050
Au     5.095486868948     0.029326338740    12.859620090825
Au     2.995588424906    -3.750360380786     7.836179779815
Au     2.952843676032    -1.493838987897     9.745951354525
Au     2.888733383439     0.988211867674    11.484884031958
Au     0.937740962512    -2.645635737143     6.446674405415
Au     1.048124577559    -0.178857296926     7.935449354388
Au     1.013398255362     2.212188698314     9.877906218581
Au    -1.087946628300    -1.557011622413     4.744008715279
Au    -1.333046019235     0.811719115076     6.078226842905
Au    -1.003809444115     3.386588687340     8.049942234249
Au     5.220849693487    -2.151878160835     8.242068996377
Au     4.975983051252     0.067983391495    10.049515152233
Au     3.223273561682    -1.200755122101     6.859270820940
Au     3.293796320978     1.205753988931     8.529052402115
Au     1.041575578267    -0.149768851665     5.327551220984
Au     1.210149103016     2.336522094806     7.014364389177
Au    -6.149627652971    -0.872398008039     4.119691991425
Au    -5.665161037682     1.224362922348     5.786110618299
Au    -5.561738039146     3.592831832414     7.660490114979
Au    -8.395950549937    -2.071272120891     5.296919345358
Au    -8.167801811211     0.265916361493     7.021470922778
Au    -8.210385210839     3.068400459147     8.462958491112
Au   -10.875644574391    -3.025320344478     6.497763429834
Au   -10.756567528254    -0.458874431071     8.144528663091
Au   -10.937803080508     2.222383589620     9.282235068485
Au   -13.405193281241    -3.562536207996     7.369660907879
Au   -13.419653309616    -1.379671979742     8.645608654361
Au   -13.133289718039     1.384246104161    10.762056292737
Au    -8.403592009543     0.624710725269     4.177993766722
Au    -7.773605566990     2.783823685828     5.917763549965
Au   -10.358227272879    -0.493953937103     5.464245622600
Au   -10.136619157328     2.158226329234     6.872713841085
Au   -12.855385074796    -1.249391873951     5.989910871681
Au   -12.860921302530     1.009414195374     7.654775393004
Au   -15.070868457823    -5.885354636348    10.686346562585
Au   -15.255584799322    -3.399604431533    12.493741744700
Au   -14.894904079941    -1.176551171262    13.974675614273
