         216
 AuNiAgCu    E (eV) =  -773.263367       T (K) =   550.000000       time (ns) =  0.389999986    
Au    -8.336464138402     2.760682951805    20.609459743126
Au    -7.020137683406     0.718373584726    18.894391706389
Au    -6.132333890173    -1.383079696963    17.621635489064
Au    -5.302742537225    -4.084447175077    16.337465577211
Au    -3.773067623871    -6.123387635703    15.129589995859
Au    -2.379307571475    -8.133378457147    13.731282348086
Au    -1.311903172527    -9.941322134097    11.913597805292
Au    -0.309884858790   -11.966877732620    10.112190135606
Au     2.500734988419     0.544007866563    21.294832638060
Au     3.849280987649    -1.420367718174    19.453810345149
Au     5.642246428132    -3.302261343357    18.164392100316
Au     6.315563921905    -5.782965572420    16.673173899795
Au    -1.552025089210     5.344415271168    11.416008197912
Au    -0.473154397052     3.139691136940    10.362618198030
Au     0.619690421373     0.626461845756     8.976680773771
Au     1.853249408986    -1.445797121531     7.597455491974
Au   -12.251751128650    -0.092826310665    10.056259002230
Au   -10.826574631549    -2.145740675679     9.015248354298
Au   -10.014173899357    -3.997635268374     7.300255347969
Au    -8.908242933327    -6.272245698685     6.044820737173
Au    -7.259720260713     0.822818862579    22.254425325220
Au    -6.509864079758    -1.351563288225    20.796015373450
Au    -5.484541385771    -3.603235818205    19.109176123213
Au    -4.385519873193    -6.638799404931    17.651117444474
Au    -3.197531152935    -8.495152950076    16.233664767795
Au    -1.448250172631   -10.594575318750    14.542886078619
Au    -0.583093230604   -12.396181177337    12.562520842975
Au    -9.183712751388     0.231617513283    20.454908148604
Au    -8.425776451771    -2.231703126712    18.988142893767
Au    -7.855911254103    -4.506541168225    17.465906855622
Au    -6.824418256899    -6.224410098865    15.984115378303
Au    -5.262196306276    -8.302644913299    14.288096981016
Au    -4.025590215406   -10.377090131339    13.321077647799
Au    -3.085376794238   -11.904999276353    11.558497125603
Au    -9.288222919508     1.983550667400    18.088089675564
Au    -8.452577073663    -0.167797232870    16.643255840883
Au    -7.193397342598    -2.747482283567    15.354023084283
Au    -6.027515002978    -4.736850365506    13.851537808120
Au    -4.817041861311    -6.736230473215    12.200643046865
Au    -3.706243533943    -9.024374605720    11.092681188695
Au    -2.625130531375   -10.466512362968     9.213478575405
Au    -7.223691299996     3.573004689964    18.364655548960
Au    -5.456296581801     1.173809672131    16.524053300419
Au    -4.717042408885    -1.303148878110    15.207688330637
Au    -3.539585370525    -3.344480146975    14.044327305799
Au    -2.098941177958    -5.341108509686    12.723671745409
Au    -1.110593558776    -7.243726716256    11.305614774283
Au     0.147198072773    -9.437611621886     9.655992902074
Au    -5.645181425414     2.363149854472    20.514379844228
Au    -4.384385812463    -0.007455500822    19.291641559857
Au    -3.339280072434    -2.203959800668    17.855272791176
Au    -2.458363636744    -4.212319888113    16.489858963093
Au    -0.753420092193    -6.000626519145    15.206402413844
Au     0.669393226858    -8.494900628485    13.192336078491
Au     1.567460336420   -10.798870569046    11.755612233141
Au   -10.522324578277     1.323693966946    15.707559449846
Au    -9.298864809032    -0.690916752197    14.183159584191
Au    -7.949710928409    -2.937934466954    12.651657018819
Au    -6.868934018079    -5.159828459566    10.984463535014
Au    -5.552966128383    -7.535127859282     9.612739182572
Au    -4.693826643790    -9.432446551463     7.944869527692
Au    -5.425658681929     3.784510878843    15.658285478785
Au    -3.715222745282     1.865421606001    14.423603649161
Au    -2.654040282037    -0.449953158770    13.349765944623
Au    -1.692485570071    -2.505652773216    11.732086118241
Au    -0.664018210598    -4.590836592386    10.378892773288
Au     0.528595577479    -6.735408598771     9.194397163592
Au    -2.920674083443     1.726181431093    20.798019870326
Au    -1.712940700342    -0.654249953737    19.305982821490
Au    -0.412780256195    -2.699490080063    17.960476748666
Au     0.733548100495    -5.222589192515    17.019944148107
Au     2.034743330482    -7.070718915109    15.058888036190
Au     3.201541301353    -9.220846559499    13.230530443444
Au   -11.428970568625     0.740785855898    12.632862522451
Au   -10.106673815299    -1.214677074671    11.499626499307
Au    -8.920834049594    -3.555861830756    10.067223190412
Au    -7.926770958467    -5.724066159224     8.564582164388
Au    -6.782693293805    -7.990234850480     7.012082613653
Au    -3.583032253844     4.571226555951    13.431327071405
Au    -2.482251314855     2.521334810340    12.179238576939
Au    -1.135384873962     0.303128095738    10.951370909280
Au     0.237315812403    -1.870113358715     9.683233959392
Au     1.476621798639    -4.155902008908     8.398158061170
Au    -0.145229431638     1.002811605573    20.997034411165
Au     1.118326071220    -1.139944039106    19.469389974971
Au     2.402147255404    -3.352670217804    18.348011813496
Au     3.406110234352    -5.324686293246    16.891368973717
Au     4.685554576120    -7.546571699036    15.094357315868
Au   -12.611105005252    -1.705842448273    12.321369091270
Au   -11.293147742158    -3.930721470798    11.156968200347
Au   -10.370884762987    -6.088184079896     9.576829079291
Au    -9.339971578853    -7.948659515388     7.806084417933
Au    -4.932593052530     3.779179434346    11.196180970710
Au    -3.696828207327     1.851357977445     9.589248101159
Au    -2.065519511263    -0.523204766565     8.264173537544
Au    -0.716554972512    -2.725344006388     7.027337285075
Au     1.520319343563     1.657369791690    19.132351294302
Au     2.874337082697    -0.659440953919    17.235848692146
Au     4.286182918111    -2.554340345364    15.972534723700
Au     5.293934197414    -4.780524647468    14.347784021182
Au    -7.356551588182     2.596656816605    10.739001619743
Au    -6.047607608458     0.543226324934     9.451677366563
Au    -4.596071086822    -1.869172041345     7.804330979260
Au    -3.908224157153    -4.140374105892     6.565291853059
Au     0.319574534859     2.844389098035    16.558990848899
Au     1.520965010032     0.631519589336    14.907336398532
Au     3.074485652230    -1.532019077999    13.571957408914
Au     3.981524362056    -3.742224388832    12.159815802477
Au     0.680032106034    -1.249834670862    22.165482502499
Au     1.206223036386    -3.632905308054    20.732944736849
Au     2.572913118609    -6.054219529422    19.367958134672
Au     4.261509431470    -7.867099357929    17.680611512513
Au    -9.704131102008     1.302416574091    10.388673534470
Au    -8.358414852210    -0.806006019027     8.794014362057
Au    -7.331775704912    -2.800393452837     7.436933090278
Au    -6.272489101977    -5.318238243635     6.206010702610
Au    -0.884311675937     3.885920839881    14.260759575246
Au     0.487409238812     1.746032405327    12.487553523066
Au     1.933388388318    -0.152748908196    11.067459073857
Au     3.226252239377    -2.460879959732     9.710983051589
Au   -11.837823327297    -0.838566035720    14.782836099198
Au   -10.680098634552    -3.188883427174    13.654924321700
Au    -9.242403681801    -5.391747380887    12.204197142332
Au    -8.142803617987    -7.770531585225    10.502917340506
Au    -7.267351757665    -9.793242790309     8.915995323044
Au    -6.346359491747     3.091325908024    13.340749518603
Au    -4.901791882310     1.001563360139    11.970999789309
Au    -3.855522287086    -1.236881228761    10.243064417409
Au    -2.642028928570    -3.353079218018     8.902901860749
Au    -1.247790876567    -5.246118905857     7.744804981690
Au    -1.311166659402     2.304993473262    18.775984657664
Au     0.256605988755     0.229620890811    17.247655740484
Au     1.148124665013    -2.133520694270    15.792746077899
Au     2.447590450883    -4.103081071176    14.305000408890
Au     3.580564907824    -6.501192421361    12.781424720666
Au    -1.968354047383    -0.792996153075    22.178605919347
Au    -1.353449081511    -3.285570158515    20.632175602384
Au    -0.063841685435    -5.451598612112    19.352379920364
Au     1.107390207918    -7.763576034613    18.079377300743
Au     2.895947797340    -9.385600472771    16.129723017564
Au    -8.998047071828     1.879748199736    13.105121145774
Au    -7.475900529029    -0.028586992289    11.696216460615
Au    -6.441064184385    -2.319862356202    10.291642490932
Au    -5.256335745326    -4.473033467856     8.844475534523
Au    -4.057875501221    -6.655417460430     7.255694749209
Au    -2.628334249351     3.261587250866    16.193120547746
Au    -1.086313326212     1.309959248072    14.966003110799
Au     0.000760467810    -1.008605323439    13.398386209647
Au     1.332056108117    -3.201292486908    11.749076283764
Au     2.512338446567    -5.309217082397    10.576833262391
Au    -4.626124213636     0.105936287785    22.180018764512
Au    -3.882163248989    -2.344878911488    20.782626929552
Au    -2.957698911427    -4.925793885304    19.367095750714
Au    -1.652580367560    -7.038482860276    17.732467450886
Au    -0.154909077289    -8.873505012276    16.057667673593
Au     1.228872262241   -10.905357984590    14.535816326822
Au   -10.384651463046    -0.654047724718    18.364814739371
Au    -9.605647498247    -2.543611501306    16.520511381737
Au    -8.755808858176    -4.819085399938    14.791269334173
Au    -7.388701443164    -7.016480424378    13.094454593396
Au    -6.181187774058    -9.326917985461    11.839257816569
Au    -5.119778661549   -11.181213823333    10.112342758524
Au    -7.660118831534     2.654072102338    15.759857254369
Au    -6.858985955408     0.519724541923    14.257006384075
Au    -5.476544913440    -1.478091212212    12.651724651647
Au    -4.224041521666    -3.695223880955    11.406659697777
Au    -3.120559992758    -5.739127973170     9.943033509155
Au    -1.867806673157    -7.757323593714     8.512152286284
Au    -3.915759879811     2.703384897594    18.337533141746
Au    -3.108194346458     0.456813203026    16.852458539939
Au    -1.890162498363    -1.433052843099    15.603997967021
Au    -0.585291264179    -3.641318717230    14.191515217322
Au     0.750885257362    -5.730963690643    12.709186504834
Au     2.295007866019    -8.165073465398    10.885506616226
Au     5.464008302834    -6.041675442756    19.033027582438
Au     4.138252938977    -4.136064669029    20.398453720481
Au     3.217768722800    -1.944454136589    22.094159400038
Au     7.113448286815    -2.844061181449    15.598065117344
Au     5.712921586570    -0.748986665891    17.522924071785
Au     4.395437672534     1.471757325885    18.820873869202
Au     5.700326403046    -1.735236495974    13.519166650793
Au     4.484756874819    -0.004573201157    15.210431604515
Au     2.960038920531     2.461351537654    16.712173116768
Au     4.730462253120    -0.808238811391    11.210859452312
Au     3.336252983868     1.348498944687    13.142317676221
Au     2.049725073627     3.365320689245    14.275007402438
Au     3.507926652592     0.242569543712     8.904357082854
Au     2.341676073452     2.442104275244    10.298705530174
Au     1.133888378361     4.519996515461    12.036486055013
Au     7.257364722943    -0.234661804047    15.009058204461
Au     5.764643913667     1.975201332416    16.485740223946
Au     6.046428745233     1.169279946186    13.195473996184
Au     5.078506986221     3.359367250875    14.530991630564
Au     4.842145492014     1.831266324752    10.516177929900
Au     3.775473208035     3.908901862463    12.151896556139
Au    -0.147691775272    -0.038908627734     6.410192652820
Au    -1.456972865297     2.299680742550     7.799164658789
Au    -2.850903460957     4.473391164986     9.388650136836
Au    -2.638713225543    -1.088090397537     5.579947662946
Au    -4.471342196840     0.905186934603     7.225524215485
Au    -5.815350474881     3.520737408026     8.781850118653
Au    -5.733840540314    -2.238083795258     5.279490902456
Au    -6.927597836335    -0.363339747947     6.465432747886
Au    -8.127759606128     1.925805457005     8.014484204105
Au    -8.114638755025    -3.729125973729     5.117266627471
Au    -9.698768744110    -1.614307283501     6.253827857572
Au   -10.728431861478     0.333828311296     7.925111684392
Au    -2.501684146671     1.642145960603     5.412724987302
Au    -3.788647291893     3.468643922237     6.940128390299
Au    -4.783208082338     0.536339636857     4.575533541402
Au    -6.438363881097     2.258662486981     5.740703404111
Au    -7.768692674535    -1.094315544743     4.079678523778
Au    -9.021770230946     0.867699699398     5.556255633063
Au   -11.305041174204    -6.460736690162     7.129492209165
Au   -12.338175576099    -4.424032287768     8.624150397291
Au   -13.487722464053    -2.361043363511     9.924275916371
