         216
 AuNiAgCu    E (eV) =  -774.318237       T (K) =   550.000000       time (ns) =   1.67999995    
Au     3.670368744744   -17.738355458748    20.814260131825
Au     4.655900343127   -14.501843612212    21.796121949850
Au     6.030851121881   -12.361174456332    20.626060859940
Au     7.178144417592   -10.163301681664    19.296118059394
Au     8.593646559665    -7.838350832363    18.287464053936
Au     9.935053403290    -5.787175827115    16.707234459836
Au    11.273518741877    -3.796395863495    15.437568215216
Au    10.908688211175    -3.924693858629    12.335345765758
Au     6.444078485198    -8.043658184770    29.124173595487
Au     8.178923452885    -5.311117699116    28.230821782498
Au     9.169958234188    -3.431353759943    26.668255677780
Au    10.246540279787    -1.126047237409    25.496358868472
Au    -2.100214780573    -6.487860574340    22.029581006054
Au    -0.827298177938    -4.396443818830    20.588893678680
Au     0.485206829285    -2.207884205187    19.449409786996
Au     1.966254555979    -0.193544671721    18.260096447988
Au    -0.460358037389   -13.167823459957    12.921616421065
Au    -2.916851676313    -8.015488923633    12.332439201418
Au    -0.241086631206    -8.398173329429    11.219672073701
Au     3.141148836924    -7.011753794088     9.301735865605
Au     3.279387793231   -16.688542668421    23.136903756904
Au     7.284060526422   -14.798322200529    21.032628658035
Au     8.680505111412   -12.485400490217    19.620606721750
Au    10.059387434405   -10.340280966055    18.415082365906
Au    11.119852342485    -8.265125734291    17.220706036358
Au    13.581629308843    -3.914147041993    17.627529633948
Au    12.165643161660    -1.950309125089    13.964632446528
Au     5.891947817052   -17.011003866109    22.130950748136
Au     5.016397088166   -15.876234310489    19.287728851588
Au     6.630486539718   -13.771347888665    18.434108206577
Au     8.036010194069   -11.822880629729    17.115888203907
Au     9.140995300949    -9.623846730892    15.950727406471
Au    10.403246273059    -7.528625585929    14.580396537461
Au    13.861973354432    -4.010851958378    14.753440299287
Au     2.437967968447   -15.439408796306    20.840824145724
Au     3.629364801187   -13.706520785634    19.204292796187
Au     5.319148968982   -11.578956497091    17.809157893092
Au     6.371834160675    -9.285395450785    16.846956760517
Au     7.658714742098    -6.986155359607    15.800534580317
Au     9.355763688123    -5.066216860869    14.001399312510
Au    11.998936233820    -5.637883558539    13.655189371503
Au     1.810957575823   -14.191812150263    23.299538477032
Au     2.966413006530   -12.436184443091    21.505471593634
Au     4.665475860841    -9.951476726762    20.117639639187
Au     6.001119970763    -7.458113991147    19.023632662968
Au     7.438614949459    -5.405741597914    17.765820401552
Au     8.533337145926    -3.085160585659    16.495527083227
Au     9.818596573561    -1.462139461437    12.548483628960
Au     4.229150470824   -14.662706239440    24.628462864805
Au     5.543637594843   -12.481479316586    23.571165365696
Au     6.915131629117   -10.197257558236    22.099242409131
Au     8.275658184743    -7.937703951609    20.986302384017
Au     9.629702651708    -5.900467256437    19.566686903582
Au    11.126778876960    -3.725788512477    18.379210263056
Au     9.962769791332    -1.253826427119    15.304522109362
Au     1.040104495215   -14.777817781351    18.268445947177
Au     2.834630622359   -12.972950103948    16.619387275450
Au     4.099268710634   -10.812097000223    15.213330102456
Au     5.503208955241    -8.508298504208    14.391791323635
Au     7.142634875002    -6.149426143371    12.808935441706
Au     8.209793802817    -3.925747220510    11.555622537169
Au     0.785392902286   -11.564363847650    22.570661852550
Au     2.226266781321    -9.554701779304    21.072680079676
Au     3.588779823964    -7.574701824591    20.003235771534
Au     4.294740200240    -5.099166278125    18.679460347381
Au     5.854802112832    -3.028060672084    17.159350163254
Au     7.356025694322    -0.679245265046    16.171561611103
Au     5.144052220324   -12.444918803138    26.096547198079
Au     6.408176986169   -10.173023582072    25.148934953371
Au     7.827250738770    -8.151833708936    23.718104025968
Au     9.011514980950    -5.589159089507    22.297971122087
Au    10.553077592588    -3.545089869580    21.443178687515
Au    12.032878109213    -1.587879656488    19.771602389412
Au     0.174478654582   -13.859150854184    15.949462539470
Au     1.788801574924   -12.103235874776    14.189996868525
Au     3.129413567647   -10.003562001747    12.895604648485
Au     4.526808499938    -7.591961549129    11.439395422688
Au     6.233338531212    -5.345185978058    10.288615004238
Au    -0.440124968434    -8.886007495135    22.332983673666
Au     0.606808471676    -6.996870936866    20.881080101383
Au     1.586225628001    -4.841976902904    19.571295643203
Au     3.308880463702    -2.665264850952    18.450455667347
Au     4.611841832450    -0.673185666143    17.383140250290
Au     5.568857699664   -10.195352568794    27.747854110417
Au     6.784319767766    -7.793844528770    26.643507378324
Au     8.503816215619    -5.810575715569    25.074866213061
Au     9.654104177214    -3.509019954684    24.061876070193
Au    11.427490328304    -1.529720902223    23.165370878190
Au     1.376163366375   -14.904424365578    13.380586822672
Au     2.558401575967   -13.042829913436    11.967014653532
Au     4.108589614563   -11.425481370236    10.290810280295
Au     7.378042004769    -7.982000360776    10.687719170455
Au    -1.681178587298    -8.305500343337    20.072963231581
Au    -0.541790295816    -6.354900709594    18.289285357134
Au     1.043272948326    -3.922008954503    17.037496419122
Au     2.304844811544    -1.519657392427    15.974964337256
Au     4.182646699521    -7.844087593012    27.737048669837
Au     5.722301141801    -5.534477071071    26.234119349710
Au     7.175695708118    -3.097242290036    24.856987841262
Au     8.432129701676    -1.104389795928    23.378792760048
Au    -1.393048577156    -9.631912328322    17.538395489577
Au     0.458654574272    -7.816206502726    16.020096988067
Au     1.461566589474    -5.575639671623    14.450300596520
Au     2.857533186182    -3.313801589102    13.729933228978
Au     2.078956829761    -7.329741017781    25.562657224856
Au     3.514316191793    -5.314657981847    24.164921905206
Au     5.162519500306    -2.903413507916    23.087891296068
Au     6.488977726396    -0.864074889067    21.518711753633
Au     8.227966084584   -10.312591413372    26.965347438141
Au     9.988871335949    -8.367477303205    25.487410434266
Au    11.151532026675    -6.033907864235    24.370695613283
Au    12.681168289645    -3.984483068977    23.121332311350
Au    -0.835931744909   -11.409532277944    15.319880731853
Au     0.611477128411    -9.389921527435    13.715950466413
Au     1.806989940786    -7.184541532149    12.363664910675
Au     3.296351781643    -4.953348982592    11.054724853882
Au    -0.038024950843    -6.643704431605    23.947073041668
Au     1.314841852546    -4.865986622669    22.226591427928
Au     2.912212814435    -2.672864377189    21.276870476751
Au     4.373828326515    -0.432193567989    20.089955342213
Au     2.171729050578   -15.621697423171    15.900979281134
Au     3.776956488928   -14.443703402716    14.050186884713
Au     4.992392190496   -12.180224382986    12.895622209876
Au     5.923769563624    -9.909830473001    11.764806663824
Au     9.457060528054    -6.559646822211    11.700005459088
Au    -0.377056382963   -10.732116396733    20.104343351667
Au     0.711440260876    -8.620079667858    18.698608697303
Au     2.321334516002    -6.538193938196    17.348935620188
Au     3.534611742200    -4.072839143001    15.968356658463
Au     4.878917601442    -1.823504068173    14.887571614346
Au     3.580834230472   -10.022516072174    25.778933123474
Au     4.860591747867    -7.668649318764    24.858474821916
Au     6.218002529816    -5.577304898100    23.441788082163
Au     7.724127808315    -3.153932294636    21.763658937987
Au     9.488312393242    -1.082845140932    20.957195266222
Au     7.727823987951   -12.519588095247    25.197548342879
Au     9.101507100721   -10.481863020451    24.111655149884
Au    10.263785515594    -8.189081405110    22.800282428186
Au    11.763454977404    -6.215992607034    21.558735059186
Au    12.975669552582    -4.253291673555    20.269390629000
Au     0.033286042245   -12.158952377704    17.807966662527
Au     1.486307835247   -10.368455263150    16.420333733553
Au     3.037618508708    -8.050692399724    14.909097045147
Au     4.241421311816    -5.729590948606    13.692001190127
Au     5.542184865270    -3.888821633656    12.449595818355
Au     1.613920291398    -9.555913047810    24.106506295837
Au     2.569452436626    -7.390963216528    22.841348005393
Au     4.105926651763    -5.093364471854    21.426049816133
Au     5.477859416718    -2.914342614988    20.015575414643
Au     7.309422194036    -1.059788744154    18.945120373659
Au     6.834009300046   -14.930795982785    23.799159765130
Au     8.289152807907   -12.858943435199    22.521896018525
Au     9.481447340183   -10.568940409159    21.403578350782
Au    11.078407001668    -8.170309351384    19.828139830763
Au    12.517215176195    -6.170532525154    18.628731496081
Au    12.103792987315    -1.644691683610    16.992890468667
Au     2.692063346994   -16.841432012357    18.517228075730
Au     4.471908624510   -15.054642128991    17.012357820245
Au     5.712824064349   -12.864508671460    15.690331584341
Au     6.810645388650   -10.698588354349    14.643265227891
Au     8.265145188988    -8.475797992795    13.394505238733
Au    13.008622251097    -6.120613634180    16.009156379208
Au     0.776992291202   -13.391811174899    20.520286646004
Au     2.429114642169   -11.134928578384    18.931396603090
Au     3.565158830755    -9.186474639506    17.548037427502
Au     5.046136650803    -6.693243244298    16.509605044223
Au     6.313194202148    -4.723124344446    15.006854120705
Au     7.671735375111    -2.564263593277    13.974676104651
Au     2.888579829297   -12.161112983683    24.284434790540
Au     4.070696328957   -10.105203280314    22.895965746625
Au     5.411463590837    -7.724134513091    22.023772944345
Au     6.580404478188    -5.505177551623    20.688390044611
Au     8.403468741923    -3.456702320716    19.262361788262
Au     9.807515907637    -1.277546803499    18.168154636376
Au    11.856156088805    -3.452561351100    25.451183124107
Au    10.534470509527    -5.801779876354    26.814778256662
Au     9.195541793972    -7.905360988821    27.928202143787
Au     7.866464512818    -0.720062910015    26.347096068819
Au     6.562212762720    -3.140840462229    27.496748120657
Au     5.492054687389    -5.604215890031    28.873652490102
Au     5.996682994356    -0.680878277758    24.345276895055
Au     4.347868834104    -3.057155007986    25.763444267370
Au     2.799500977481    -5.166842047923    26.918379143394
Au     3.648748892313    -0.436977309676    22.626132773882
Au     2.338237830164    -2.803280474320    23.794962892896
Au     1.001695984959    -4.581942312183    25.247325641082
Au     1.633585121265    -0.392087519987    20.999878475636
Au    -0.269293100886    -1.985267155937    22.013352300910
Au    -1.068593953000    -4.082073924022    23.247691711389
Au     5.448739039681    -0.884758291932    27.290559848060
Au     4.105794302873    -3.320012874111    28.566452258820
Au     3.178574453642    -0.634822651496    25.275821079949
Au     1.794380657557    -2.563060558007    26.603911563207
Au     0.845103734487     0.006837722705    23.407986845439
Au     0.007825198864    -1.773491354784    24.927361731705
Au    -0.298649249773    -1.469370341403    16.621886659691
Au    -1.369061372312    -3.532675732544    18.144356346356
Au    -2.913024844957    -5.701537734092    19.468116724263
Au     0.310884975449    -2.993426664788    14.466197523044
Au    -0.981814384658    -5.179223808721    15.794999451061
Au    -2.790670874395    -7.220180868893    17.338545632819
Au     0.506051181157    -4.466809532308    12.192580564710
Au    -0.708997683213    -6.938688201737    13.586749529197
Au    -2.049697106712    -8.930709841496    15.031100917888
Au     0.672744103709    -5.991511343124    10.071918781377
Au    -1.706463492149    -5.924981772951    11.224399461482
Au    -1.559315364157   -10.613609726496    12.773094712768
Au    -2.386294549765    -2.510893357924    15.601654608601
Au    -3.254929463797    -6.486177799371    14.745861298300
Au    -4.659272830630    -3.980155336006    14.563569751502
Au    -3.524734809357    -4.586531553060    16.944549664723
Au    -2.106082565538    -4.181999487590    13.362828798108
Au    -4.018572778455    -5.624232418109    12.447325329440
Au     5.210507745563    -9.090908062285     9.279642224710
Au     2.479080232909    -9.387365186093    10.345861976988
Au     0.642821629197   -11.064908606577    11.545860629533
