         216
 AuNiAgCu    E (eV) =  -774.420288       T (K) =   550.000000       time (ns) =  0.360000014    
Au   -10.409900548842     0.945772212343    18.426811979893
Au    -8.773371606607    -0.589215629838    16.928362389005
Au    -7.379381592846    -2.660179118024    15.620736137567
Au    -5.504521107667    -4.237927322544    14.261811676288
Au    -3.815228593219    -5.861010155608    12.423704966937
Au    -2.011886962030    -7.539546596276    11.032969979287
Au    -0.275628580107    -9.444807903591     9.480501471142
Au     1.602928014495   -11.142180781023     8.085343374724
Au     0.564738172100    -0.137070166279    21.249382114759
Au     2.431087839358    -1.661606221140    20.032858540712
Au     3.556721695261    -3.606258705510    18.440479530273
Au     5.409988887233    -5.487079503988    16.563706370244
Au    -2.568104143610     5.268921821357    11.389914783270
Au    -0.977141940297     3.409670826312    10.155926449894
Au     1.471777804983     1.683259750901     8.469833380664
Au     2.859326794213    -0.298403463893     7.074309426150
Au   -11.789418478632    -0.092470432024     7.334583850156
Au   -10.325968788278    -1.430107569705     5.458076478793
Au    -8.214446596088    -2.980851204237     3.561533161715
Au    -6.298664012829    -4.823088324434     2.150766012324
Au    -9.867291916078    -1.502412685014    19.337296238788
Au    -8.092037825727    -3.095050131439    18.300745091417
Au    -6.663215636895    -5.014039888082    16.544405323055
Au    -4.960162041708    -6.720781046238    14.965622679253
Au    -3.330528705332    -8.292447428665    13.537848209020
Au    -1.653629115367   -10.348788093510    12.193070060594
Au    -0.106929878179   -12.017540205888    10.565268719573
Au   -11.534958872198    -1.080327365254    17.093700442759
Au    -9.978378463562    -3.032694899066    15.981684180741
Au    -8.386446121790    -4.953929134182    14.461592587116
Au    -6.270397378031    -7.175104310528    12.706501999237
Au    -4.578153455988    -8.332981961586    11.058387582993
Au    -2.889778928727   -10.340024366184     9.554969111615
Au    -1.092564242617   -11.668669100989     8.001521121625
Au   -10.868948094901     1.112677635610    15.671489629956
Au    -9.121920945482    -0.904244193243    14.133331828550
Au    -7.517608144313    -2.850510921373    12.671964133372
Au    -5.655693614304    -4.471561402412    10.931450424735
Au    -4.131054060486    -6.234639356717     9.378367809207
Au    -2.371283944721    -8.016634529746     8.375423519213
Au    -0.686830276974    -9.417753516376     6.578904998917
Au    -8.566981287249     2.033996905497    16.815314778530
Au    -6.981446354316     0.380737240288    15.310836495315
Au    -5.405615580756    -1.360935813067    13.927401870036
Au    -3.650860014480    -3.091295621271    12.373520392420
Au    -1.887736100655    -4.888275939708    10.735702553312
Au     0.149637564045    -6.611364468883     9.020585946321
Au     1.671538958917    -8.542478675201     7.553411997558
Au    -8.029026095842     0.630358324658    19.381804487851
Au    -6.236047635408    -0.918664443443    17.854740362675
Au    -4.732206960669    -2.712228182624    16.480077810503
Au    -2.957310873367    -4.610341687665    14.954697283830
Au    -1.207542850378    -6.438729834817    13.395950067857
Au     0.360235241843    -8.287856542296    11.821511422540
Au     2.033182589120   -10.130230639561    10.446084225212
Au   -11.018464148393     0.558833370333    12.716449026034
Au    -9.443609932788    -1.259002891471    11.300436219110
Au    -7.892370083982    -3.164406697137     9.871045559252
Au    -6.609779285115    -5.011287596438     8.028605739640
Au    -4.906352497421    -6.559241827037     6.732834065472
Au    -3.236222356213    -8.072518044684     5.382526014525
Au    -6.382712343222     3.070151389187    15.109384020224
Au    -4.739420211938     1.348193537008    13.552311453509
Au    -3.207273012893    -0.386791861535    11.934892067692
Au    -1.354190739122    -2.146580349736    10.417201222430
Au     0.176451606770    -3.975513738365     9.066792171287
Au     2.160420569609    -5.774888469382     7.536019856359
Au    -5.260060504535     0.677344901744    19.808360060026
Au    -3.651505641998    -1.119518005985    18.454131638923
Au    -1.770915109572    -3.182692449695    16.865708184310
Au    -0.168668935048    -5.085039841493    15.573166800235
Au     1.395362176307    -6.895902685375    14.021874032134
Au     3.122931911023    -8.479874209706    12.407624827104
Au   -11.393873661762     0.214050558423     9.984593523766
Au    -9.836868847421    -1.520897756786     8.518186679070
Au    -8.343226054650    -3.112839164397     6.341866010040
Au    -6.653102940516    -5.007465830200     4.870645500076
Au    -4.922562319073    -6.764524351710     3.700005744269
Au    -4.515810730365     4.261032484999    13.533727555818
Au    -2.828606508297     2.236669606584    11.892345791104
Au    -0.992190275690     0.687036560752    10.447634407127
Au     1.035651727448    -1.005932662431     8.598217841607
Au     2.039782543628    -3.252041648536     7.074434163176
Au    -2.230371886449     0.106906807978    20.262482861366
Au    -0.486635500383    -1.657409407620    19.083445869719
Au     1.184390755736    -3.368985223016    17.977209305330
Au     2.555324029664    -5.338662745314    16.557156691939
Au     4.019020239135    -6.806865874256    14.647213051693
Au   -12.319700218375    -2.393208529595     9.023930551279
Au   -10.479949421329    -4.110869547702     7.716719339959
Au    -9.060345003257    -5.738346640843     6.089193383969
Au    -7.420964567158    -7.694279735646     4.724725605414
Au    -4.793974418302     4.061765496069    10.799511635673
Au    -3.106654349197     2.074395752688     9.159202466887
Au    -1.229952508237     0.212735495819     7.804650417111
Au     0.298873333091    -1.639797708033     5.754807272579
Au    -0.279774594563     1.340841973790    18.593966445968
Au     1.381995440192    -0.626254844742    17.249326924689
Au     3.021701098273    -2.311494868184    15.900105801747
Au     4.715730911301    -4.319630661675    14.297333697146
Au    -7.062399954324     2.836552549124     9.370621967260
Au    -5.551674963043     0.769231354132     7.897190934962
Au    -3.588428673685    -1.039594786857     6.085843748784
Au    -2.190825901330    -2.883334527931     4.668292728111
Au    -1.385065160731     2.828870037495    16.444767973801
Au     0.752716280552     0.933719720683    15.162470004065
Au     2.198570007646    -1.264768671096    13.576594561369
Au     3.961391330635    -3.037160114997    12.000920642848
Au    -1.216561035753    -2.124639204307    21.873159416323
Au    -0.086131672399    -3.916055957797    20.438417187932
Au     1.321468045330    -6.498639804643    18.765912441056
Au     3.130698571044    -7.867255694019    17.035763681199
Au    -9.644508185740     1.314730776045     8.052521292994
Au    -7.758348988292    -0.384374550692     6.708222986118
Au    -5.930151722527    -2.268005468754     4.947847081230
Au    -4.181418127308    -4.140831852053     3.426726651665
Au    -1.868031158620     4.081833755427    13.651707629932
Au    -0.088464426054     2.105534578935    12.802913319302
Au     1.606937458063     0.286385349661    11.037177130381
Au     3.620919329383    -1.882741883387     9.586766988162
Au   -12.035290737325    -1.711214319202    11.686982095923
Au   -10.605714708281    -3.923918179547    10.324465570439
Au    -9.082820042716    -5.870821689749     9.297943699126
Au    -7.362835551735    -7.695860017366     7.350979983937
Au    -5.455508179537    -9.200964254927     5.748897662589
Au    -6.560830609885     2.987323947868    12.366323858679
Au    -5.277678757601     1.188109098183    10.684513698126
Au    -3.588924268534    -0.803946839953     8.991264311004
Au    -1.877288600634    -2.784423218103     7.406665820743
Au    -0.075827916956    -4.372963190675     6.117811789848
Au    -3.045654401366     1.397441704019    18.061125063352
Au    -1.434497119093    -0.452494000614    16.810141115465
Au     0.213123664336    -2.131538541066    15.358146257178
Au     1.876486382338    -4.106565647594    13.694150604046
Au     3.435487179315    -5.604668110301    11.982240649655
Au    -4.158757932952    -1.684225894653    21.217265568851
Au    -2.580374547440    -3.311725170379    19.507782135453
Au    -1.120609832636    -5.613075321343    18.160489059019
Au     0.408126003512    -7.659689661126    16.663168158568
Au     2.147228705975    -9.284500726505    14.985620362816
Au    -9.025759417298     1.789045964205    11.112215121361
Au    -7.607757331744    -0.060492893551     9.734997504304
Au    -5.733477361579    -2.074941876196     7.899622678892
Au    -4.443323412957    -3.911455760114     6.385378161948
Au    -2.280674421821    -5.706859751772     4.612177570038
Au    -3.858083274964     2.942291292835    15.785012184229
Au    -2.135294937492     1.072278420809    14.497824978226
Au    -0.600036281674    -0.630718952970    12.833941384556
Au     1.254901563250    -2.722284689895    11.141701974770
Au     3.012611274218    -4.262020105068     9.762904873846
Au    -6.727155088489    -1.454340387077    20.362050748199
Au    -5.220313744403    -3.320603250418    19.101615994717
Au    -3.774565423712    -5.221790708590    17.291583938294
Au    -2.253624082782    -7.420397574497    15.855517764429
Au    -0.668586168240    -8.946188530366    14.266005178075
Au     1.211415070161   -10.663070010142    12.907046934716
Au   -11.682522872645    -1.465349493382    14.335893690014
Au   -10.215754752667    -3.784280175588    13.210098218394
Au    -8.079681926950    -5.392889102652    11.652221432288
Au    -6.707765037852    -6.939655523212     9.831033823046
Au    -5.043081455315    -8.774210174689     8.479566865654
Au    -3.291511428002   -10.378350205417     6.925782586744
Au    -9.044517447497     2.095920091222    14.104532356396
Au    -7.306590519717     0.131862967112    12.570258520959
Au    -5.675988899757    -1.455207794717    11.036405674350
Au    -3.726420342315    -3.578909971894     9.290794321092
Au    -2.183705795610    -5.429269507418     7.587469424560
Au    -0.289689483222    -6.929060109991     6.261164786876
Au    -5.872390928508     1.786145176509    17.692913050377
Au    -4.238240220800     0.021983690239    16.062038476576
Au    -2.714615696356    -1.818711528776    14.437750430566
Au    -0.883463450779    -3.487599221935    13.115686129641
Au     0.564265133148    -5.452344809906    11.510267398417
Au     2.544075447621    -7.391867376152     9.954698683581
Au     3.743224328476    -6.184744319863    19.053946904495
Au     2.540454981966    -4.554984888879    20.781787317464
Au     1.402535411166    -2.483141954910    22.391998006497
Au     5.731180287207    -2.772870334321    16.558612403484
Au     4.573517829320    -0.971251023481    18.246993590976
Au     2.623594858930     0.889966694282    19.317658044470
Au     5.224967132666    -1.613474606476    14.265708839383
Au     3.573076457891     0.201463353641    15.678018591295
Au     1.893810739328     2.533193429957    17.214285246489
Au     4.525417156289    -0.294289769268    11.914985288104
Au     2.624221783359     1.496253984306    13.159458093072
Au     0.782206215591     3.616392586610    14.858299213207
Au     3.736373798850     0.914612221593     9.619725080492
Au     1.861495085459     3.383617480670    10.990430278568
Au     0.155738929498     4.860201990532    12.300192900854
Au     6.312104940450     0.017437254087    16.352500230835
Au     4.534261306275     1.828451108099    17.707973466157
Au     5.583807680996     1.253146179706    13.943576543828
Au     4.045017422199     2.935357271721    15.318139761210
Au     4.526902230143     2.479266333452    11.795163382044
Au     3.054735783202     4.172740426778    13.127812473096
Au     0.172017088410     1.254017873303     5.837655453160
Au    -1.030368328372     2.897483551435     7.366116199589
Au    -3.037767882829     4.898783991025     8.743548703046
Au    -1.727465965573    -0.184329701803     4.423212453727
Au    -3.174649197470     1.630698675035     6.139221963735
Au    -5.010736677459     3.396591720814     7.748254676477
Au    -3.818044614407    -1.424505970778     2.959509457255
Au    -5.621886018710     0.535712803030     5.048782732905
Au    -7.524427689711     2.227954923506     6.461389235842
Au    -6.303430246628    -1.582308528762     2.207779536460
Au    -8.055399265848    -0.261496120692     3.829924497416
Au    -9.647902150360     1.275994000687     5.439046634339
Au    -1.850825427432     2.946786609935     4.607197792194
Au    -3.274090474214     4.575250639913     6.149913334246
Au    -3.711123805947     1.408896010244     3.444510900633
Au    -5.437355513596     3.123076877525     5.127429002765
Au    -5.944879125116     1.046008251062     2.079694826369
Au    -7.487252224442     2.329065836722     3.651925305843
Au    -9.065999758622    -5.717291758716     3.274503589132
Au   -10.412647882354    -3.933161751249     4.614214028875
Au   -12.304352858178    -2.659751272201     6.526490786251
