         216
 AuNiAgCu    E (eV) =  -773.584229       T (K) =   550.000000       time (ns) =   1.13999999    
Au   -11.533566784067    -5.824895021256    20.859414459226
Au    -9.714615662506    -6.746300520566    19.109466567523
Au    -7.575445829565    -8.300375033771    17.771885727285
Au    -5.506478750287    -9.524932032360    16.238986277648
Au    -3.407432520725   -10.624463446546    14.445898638473
Au    -1.339481688524   -11.717457423338    12.746380559789
Au     0.387315443359   -12.664864959720    11.180386786378
Au     2.430306190449   -13.831555032369     9.431040232077
Au    -1.365791742872    -8.785995822713    25.567262722970
Au     0.235672569570   -10.118620723732    23.726851125325
Au     2.485112626681   -11.368921841316    22.509213564376
Au     4.491381769019   -12.578092043844    20.159861219795
Au    -1.959545106717     0.056054791394    18.529284688954
Au    -0.000896990818    -1.062828532105    16.952938475897
Au     1.871101029405    -2.365161925646    15.398194122909
Au     3.549933479595    -3.192584985291    13.295224736786
Au    -9.715874367351    -1.907043406521    10.159532680698
Au    -5.106055773050     0.984331234113     9.405546501119
Au    -5.838363948314    -1.470840900675     8.017198005810
Au    -3.891831526964    -5.325955147821     5.610522790183
Au   -10.939231753234    -8.328683996761    21.066457780614
Au    -9.213833744892    -9.713621169750    19.363418211542
Au    -7.183817278911   -11.036477850570    17.754394948001
Au    -5.061991086239   -12.207846244266    16.369948642977
Au    -2.991853308445   -13.387938900596    14.737995681790
Au    -0.695002927482   -14.425350131889    13.085088660419
Au     1.228038295646   -15.190953509397    11.119385926939
Au   -12.317903041330    -6.997517197650    18.632663271358
Au   -10.658897843608    -8.530958188907    17.227109255401
Au    -8.235161888544    -9.587918826498    15.303948997937
Au    -6.192722857974   -10.868307851780    13.878882658305
Au    -4.177801433681   -12.235604122932    12.401068290853
Au    -2.374816687773   -12.975698274446    10.247226165102
Au    -0.150730818893   -14.000531768324     8.845866595338
Au   -11.180953415189    -4.661857239659    18.108860387917
Au    -9.094167136453    -6.050306736262    16.631969722673
Au    -7.307411070943    -7.148550190853    15.022967779705
Au    -5.179638866454    -8.406319469248    13.473832915618
Au    -3.193534962878    -9.548032433796    11.882321845597
Au    -1.147278048729   -10.423569522890    10.337242844042
Au     0.895437535787   -11.832985162920     8.328283527154
Au    -9.600446447973    -4.088431440324    20.367624117497
Au    -7.387452842945    -5.424792735247    18.863131204384
Au    -5.264009162575    -6.947650984721    17.353638472302
Au    -3.308685282872    -8.003554689269    15.678108384414
Au    -1.292802840719    -8.972133636400    13.923569177630
Au     0.756029794661    -9.959091339139    12.154335326960
Au     2.695337827263   -11.197924155177    10.274959161661
Au    -9.289949551219    -6.597030062360    21.984680827386
Au    -7.145010042336    -7.881934092923    20.495759779775
Au    -5.150441230532    -9.099159910078    18.960268568618
Au    -2.957636947266   -10.263294191336    17.438077369804
Au    -1.064144219460   -11.265488189664    15.480324303102
Au     1.163244159139   -12.590663915292    14.118795116144
Au     2.940470246469   -13.395137408399    12.156539672048
Au   -10.790139109111    -3.923179027237    15.530053917557
Au    -8.763243016102    -4.664578534187    13.918556338847
Au    -6.809373742105    -6.155928829759    12.417527212386
Au    -4.834208890293    -7.304695895598    10.999093878459
Au    -2.984349296510    -8.539151769285     8.953644005961
Au    -0.831008505240    -9.550739363712     7.616635608822
Au    -6.831101624718    -2.989957919583    20.143786820767
Au    -4.997707385909    -4.124165115865    18.365217618987
Au    -2.861201124970    -5.243829889531    16.843162987694
Au    -0.841944366495    -6.410873064105    15.184772568033
Au     1.203195863431    -7.422460026951    13.084710179407
Au     2.955191424874    -8.595592652268    11.474336837077
Au    -6.904789037137    -7.557855191720    23.397423233218
Au    -4.756405427561    -8.436423610843    21.963513171274
Au    -2.770638757525   -10.043443667271    20.315280066755
Au    -0.600776898755   -10.999652005657    18.365915651562
Au     1.370195644951   -11.793572691259    16.835097676344
Au     3.694606520639   -13.340292981101    14.717744640092
Au   -10.435679988062    -2.647947653656    13.104253310120
Au    -8.207724723077    -3.885584015317    11.429951713588
Au    -6.445888250176    -5.421590163615     9.796568783225
Au    -4.594458273092    -6.579379611996     8.140370613775
Au    -2.416550319981    -7.380744806234     6.550268429209
Au    -4.559012404303    -1.545076928135    19.949696502681
Au    -2.428706915491    -2.530030349593    17.693578212919
Au    -0.526881072846    -3.749713237948    16.176298322148
Au     1.295519350842    -4.879668904281    14.271143003172
Au     3.284835421900    -6.058617835732    12.617610037551
Au    -3.963346298968    -7.783699381142    24.876918324325
Au    -2.345585500271    -9.572612960679    22.930073738276
Au    -0.294912211236   -10.820247583367    21.190992885477
Au     2.220319338738   -11.350661312789    19.368811049786
Au     4.072033664963   -12.784937362841    17.471144873401
Au   -10.851639678858    -4.240249113044    10.720389889118
Au    -9.022460710232    -5.659818821788     9.154626213355
Au    -7.341939390114    -6.764495657514     7.113813406283
Au    -5.169007930197    -7.785436823849     5.772121803964
Au    -4.091992973421    -0.454769083374    16.866564918296
Au    -1.902931041739    -1.419695688657    15.141364709753
Au     0.229125153106    -2.416179799894    13.377102217086
Au     1.825349544182    -3.736793738502    11.395288816078
Au    -1.649170669344    -6.515333456649    23.859942710433
Au    -0.085443205647    -7.881326521504    22.262101360562
Au     2.126714445412    -9.004453187162    20.888806217062
Au     4.818616437204   -10.275075522332    18.856939792388
Au    -6.031785174444    -0.674436175978    14.767740517345
Au    -3.758780590795    -1.806189790309    12.972958896520
Au    -1.999731302158    -3.241274797935    11.155277133232
Au    -0.161146622187    -4.555223914858     9.582121022107
Au    -2.077218132343    -4.532556139053    22.256619643026
Au     0.004742360906    -5.644045257012    20.784486432392
Au     1.904158259265    -6.765674832982    18.796734873291
Au     4.425958532042    -8.028850433659    16.809148877970
Au    -4.006735454156   -10.490031544259    24.937660880685
Au    -1.708513475043   -12.470923135488    22.642057671794
Au     0.359491555164   -13.590628104970    20.845214030093
Au     2.644737457297   -14.312392383079    19.260256895586
Au    -7.866898061968    -1.420205204794    12.562782367419
Au    -5.980153997126    -2.581577497570    10.965604312022
Au    -4.306652623888    -3.642746881301     9.152160389582
Au    -2.108409389650    -4.784399241551     7.530607251229
Au    -2.025646999602    -2.019723989338    20.349923054424
Au     0.089355626255    -3.179477127178    18.828500944284
Au     2.226817516660    -4.312315904556    17.178944771855
Au     4.313952871066    -5.837536184790    15.064074267962
Au   -11.165756105948    -5.121347451268    13.195676833149
Au    -9.521481884577    -6.344011997280    11.671462920350
Au    -7.439782470858    -7.923952814636    10.275515953225
Au    -5.697662050775    -8.974587376211     8.394486161071
Au    -3.712289487763   -10.051805839774     6.851765393458
Au    -6.298710461605    -2.067831651737    17.382803115029
Au    -4.451564492185    -2.943214053230    15.425999932856
Au    -2.396352804210    -4.076762841747    14.159484946862
Au    -0.302004426536    -5.328523978053    12.296968712689
Au     1.762729902445    -6.438184657746    10.377384165518
Au    -4.496291609469    -5.951025192104    22.797323185916
Au    -2.360844162732    -7.091297809883    21.079583957850
Au    -0.263934684467    -8.362981932942    19.560111855293
Au     2.154947403885    -9.288265999111    17.611798397945
Au     3.925006393050   -10.444489730274    15.778920678464
Au    -6.287465860920    -9.978782911593    23.557913594858
Au    -4.317072968142   -11.192640094994    22.219147412253
Au    -1.980567985291   -12.682428990429    19.887328752723
Au     0.150558257282   -14.327270551154    18.317917832339
Au     2.216435859873   -14.691185502759    16.373482938353
Au    -8.438141717331    -2.131931860131    15.461504569765
Au    -6.342629172265    -3.230970090719    13.676037478972
Au    -4.487689495440    -4.690230181781    12.040665287790
Au    -2.393941889688    -5.896469783440    10.078763965730
Au    -0.421361341924    -7.114285540814     8.525254973689
Au    -4.430422257855    -3.725694736052    21.269559348544
Au    -2.462419960085    -4.827299630028    19.572962279987
Au    -0.429686909789    -5.903883397213    17.831530440797
Au     1.946745699049    -6.955499068696    15.954589870988
Au     3.927857062825    -8.440295465228    14.080374851967
Au    -8.656484000298    -9.142511961826    22.112523819903
Au    -6.898553925648   -10.524860022255    20.545990208426
Au    -5.247732556698   -11.948344693858    19.065438992355
Au    -2.163339767174   -13.162614893065    17.169922199384
Au    -0.254753222550   -14.318531609046    15.641433438755
Au     1.720104229265   -15.247018683158    13.916936027815
Au   -11.754843224522    -6.433475953599    16.226451076919
Au    -9.926824763931    -7.639406194509    14.608379873582
Au    -7.865797072293    -8.658209699069    12.777918287065
Au    -5.757217349125   -10.001075467302    11.072994086375
Au    -4.119449874433   -11.138912965464     9.295690420318
Au    -1.894166170689   -11.970693703083     7.751588712994
Au    -8.808131105161    -3.423061551699    17.799259040099
Au    -6.629223953654    -4.595368661002    16.066174399795
Au    -4.672048598335    -5.684476944192    14.571266844811
Au    -2.706467282056    -6.852592178352    12.950359238059
Au    -0.875252244147    -8.016409143342    11.289378552525
Au     1.202916615469    -9.188987768859     9.444723608029
Au    -6.706257666325    -5.306256902250    21.682680721090
Au    -4.826754714763    -6.700838266494    20.036356728766
Au    -2.712269529297    -7.773577223382    18.662608237024
Au    -0.503422789601    -8.483600406045    16.847489682559
Au     1.526128106195    -9.810878808351    15.023916345702
Au     3.238382732340   -10.884900797185    13.023369348592
Au     2.844241418703   -13.898236334823    21.831013262058
Au     0.734826534311   -13.003506272596    23.461957329790
Au    -1.665875402518   -11.615018984895    25.165188572359
Au     4.506303282977    -9.850456440633    21.598845873358
Au     2.823732702408    -8.880881634478    23.559093018867
Au     0.787772709570    -7.535162566361    24.708343272286
Au     4.296541647599    -7.842790136404    19.796889661846
Au     2.475271514571    -6.580026042938    21.838967042208
Au     0.519606377101    -5.135540480537    23.239005296257
Au     4.729429322628    -5.558919644266    17.867824461768
Au     2.353645827417    -4.385238163043    19.970915883058
Au     0.737404544394    -2.922879569829    21.400401742700
Au     4.409885895953    -3.248020792431    16.111327777254
Au     2.329754474126    -1.751777489974    18.180104563653
Au     0.666721945559    -0.533453437434    19.578190011518
Au     4.686230479603    -7.087824270106    22.710052027930
Au     2.951751720915    -5.819471308592    24.550024784607
Au     4.796895904128    -5.231673868181    20.648908211433
Au     3.322815324271    -4.137484057109    22.526421452413
Au     4.877325122813    -3.154257619899    18.607247146546
Au     3.239117085015    -1.903366274399    20.771279410663
Au     2.304225663828    -0.983180414478    12.417226225531
Au     0.168969826449     0.157135319117    14.579381451215
Au    -1.823393320434     1.266881099852    16.191835549648
Au     0.247740210998    -1.547163534184    10.719746111193
Au    -1.622168627733    -0.132347244979    12.448466527568
Au    -3.518196613427     0.600310960488    14.316406506886
Au    -1.711421990147    -2.272455996648     8.730023922200
Au    -3.335793942662    -0.996141695089    10.161347649432
Au    -5.634615800974     0.189306031539    11.995372614087
Au    -3.554272353395    -2.631033633607     6.674620257590
Au    -3.286631218810    -0.112520287741     7.456824892316
Au    -7.386316921026    -0.703823263210     9.886889954948
Au     0.448045643338     1.227973092790    12.212285453820
Au    -1.520623625469     2.453813096709    13.582358531994
Au    -1.184282425618     2.760646544563    10.578708545353
Au    -3.363622776742     1.741096649261    11.415212039253
Au    -1.334814748159     0.467768232513     9.414717095907
Au    -3.126960998821     2.241218443468     8.454846843735
Au    -5.982717670937    -4.358844996497     6.942325292666
Au    -8.478282897265    -4.550961995710     6.568016003030
Au    -7.670893584880    -3.129711265749     8.731248887086
