         216
 AuNiAgCu    E (eV) =  -772.867737       T (K) =   550.000000       time (ns) =  0.469999999    
Au    -5.036232640356     4.043714673689    17.329649443086
Au    -5.544466621133     1.447774354567    16.539791975995
Au    -5.971999802720    -1.327224427142    15.519368153485
Au    -5.852841468161    -4.197165944261    14.282128383651
Au    -6.284398850758    -6.888818286302    13.276452616138
Au    -6.182753061207    -9.388711112150    12.159968769113
Au    -6.300874619765   -11.545843402017    10.737232886304
Au    -7.320526554322   -14.078301296033    10.649508558598
Au     3.940513895729    -1.028409389692    12.236123833343
Au     3.654299139696    -3.558817788516    11.367432573188
Au     3.908982907541    -6.160763009610    10.035248902346
Au     3.549366726251    -8.716411817978     9.285644162695
Au    -4.831412622533     2.405236075775     6.165277030184
Au    -5.213083590434     0.157745609383     4.670529819484
Au    -5.388658164940    -2.816608869387     3.883122585723
Au    -5.654304311537    -5.416016229784     3.071049344395
Au   -14.310014455205     0.839935034022    12.247561479548
Au   -15.037109167406    -1.861111248579    10.877677092007
Au   -15.294494023473    -4.399338655500     9.702490930828
Au   -15.040445859308    -7.143619726285     8.822093066291
Au    -4.349032685476     1.015602501981    18.700510047339
Au    -4.256102374003    -1.289488776258    17.413073914516
Au    -4.232504634528    -3.891889635298    16.563100188421
Au    -4.232139629165    -6.372265373320    15.095683045971
Au    -4.466488435038    -8.968012513686    14.227352650169
Au    -4.230594936570   -11.496629182666    13.175738014152
Au    -4.822839176143   -13.654822125307    11.465405990495
Au    -6.917036262020     2.675850063010    18.548185821987
Au    -6.765234211102    -0.177105692271    18.171076591807
Au    -6.414860084119    -2.967223832659    17.585129606202
Au    -6.609692786180    -5.593540554011    16.413957732734
Au    -6.561747510396    -8.303233809977    15.755219631382
Au    -6.952473684342   -10.981055900428    14.643123295189
Au    -6.791688160272   -12.943922657888    13.037573826446
Au    -7.430156580167     3.287279144298    15.913656562039
Au    -7.771334692217     0.511786832703    15.202194906735
Au    -8.241982996531    -2.053349383469    13.977781989181
Au    -8.290558330393    -4.735576691237    13.123177743476
Au    -8.522646513090    -7.267027510708    11.857619737808
Au    -8.555804576224    -9.927299878531    10.839784222633
Au    -9.156932023129   -12.324326699432     9.832047868710
Au    -4.830619227360     3.558985284785    14.624688199138
Au    -5.476514509597     1.034320784262    13.799748299137
Au    -5.393189507231    -1.631761446500    12.906011463400
Au    -5.755695411462    -3.880647221382    11.526889178242
Au    -5.846314663946    -6.774503499591    10.260607413128
Au    -5.977991595204    -9.306302808774     9.309140728002
Au    -6.672884336233   -11.783173996892     8.244167999430
Au    -2.991877932548     2.557635989850    16.610620737041
Au    -3.222374506230     0.140815015185    15.264826035209
Au    -3.424416656184    -2.479494698483    14.480437078869
Au    -3.231420590235    -4.989109049601    12.837387010947
Au    -3.578400163750    -7.443483869708    11.543148425140
Au    -3.842692066809   -10.018763477557    10.854006315446
Au    -4.084764563512   -12.577369219134     9.185855931279
Au    -9.919446176539     2.178610140165    15.175392005666
Au   -10.198785005676    -0.135145222545    14.141266350333
Au   -10.575859217914    -2.840682448610    12.794786912975
Au   -10.746797562450    -5.755372003163    11.478509265066
Au   -10.689540746961    -8.188601566176    10.155802761392
Au   -11.105304101086   -10.708343802103     8.708852212646
Au    -5.315102372060     3.263424534832    12.046727625974
Au    -5.321295093908     0.618929414358    10.835466098689
Au    -5.404853612913    -1.819067977949     9.663725161580
Au    -5.642972877194    -4.423451618554     8.702259110534
Au    -5.809997217889    -7.366056484744     7.260467378616
Au    -6.314705430622    -9.984930286235     6.143686196689
Au    -1.009103678937     1.587018311027    15.157078421986
Au    -1.060990601808    -0.986900985075    14.006142141019
Au    -0.867045352597    -3.479661959061    12.596640511170
Au    -1.063132303091    -6.393340204389    11.474221024763
Au    -1.023832536885    -9.085478702182    10.307404301465
Au    -1.521856545739   -11.578402539582     9.230467978775
Au   -12.536632205383     1.555029163283    13.756541093725
Au   -12.446395597622    -1.041055612904    12.368652476469
Au   -12.915529905480    -3.736260498258    11.497661040522
Au   -13.074983381074    -6.287973703739    10.134231045362
Au   -13.080290512419    -8.766419437252     8.654129694545
Au    -5.332345371474     2.907829862442     8.993736486766
Au    -5.376587387262     0.406845952486     8.100967080663
Au    -5.417829614285    -2.237991641719     6.745578568472
Au    -5.840659883565    -4.959895367922     5.733534078052
Au    -5.752282800389    -7.758737404986     4.362371117224
Au     1.984331500840     0.354676079131    13.807978287655
Au     1.400118616903    -2.211508904887    12.828018844964
Au     1.342047422281    -4.900902626284    11.132802418100
Au     1.282877513429    -7.470950814144    10.521688926286
Au     1.153293560059   -10.273585827719     9.111828911461
Au   -12.829005444431    -0.804996305871    14.923730836609
Au   -13.027132185636    -3.634854802470    14.332613955717
Au   -13.011140117554    -6.148402874377    12.815009923544
Au   -12.796653439677    -9.010249954516    11.328670735187
Au    -7.692738099991     2.213164366478     7.803817855708
Au    -7.767071212672    -0.319515906111     6.688251126184
Au    -7.913003690312    -2.994496974212     5.425036067769
Au    -8.027711258635    -5.809462491309     4.317639766225
Au     1.831404157481     0.333426700237    10.642855244980
Au     1.585684663992    -2.424173231884     9.831896018051
Au     1.429400025608    -5.220648172388     8.448763552570
Au     1.228951608592    -7.746624776637     7.589839020628
Au    -9.929151858952     1.851240370563     9.251854893544
Au   -10.119506299648    -0.636871430685     8.111756491320
Au   -10.103383151036    -3.698871663555     6.951760525967
Au   -10.406782198759    -6.167284198584     5.657781272128
Au    -0.684277662727     1.199262858798     9.256410361106
Au    -0.751666213409    -1.379165599742     8.126906498131
Au    -0.652013822037    -4.429320627205     7.050384788452
Au    -0.862609544571    -6.858866158326     5.931649453698
Au     3.030073058696    -1.922567671318    15.127354201021
Au     2.561714172393    -4.551740725721    14.115855449794
Au     2.865701228225    -7.229863031185    12.914539903900
Au     2.545176664258   -10.011049361526    11.246013392843
Au   -12.325632571104     1.602455564291    10.554815752362
Au   -12.571543118358    -1.193980753481     9.686431674055
Au   -12.878863280079    -4.152897229876     8.347466145292
Au   -13.125552743345    -6.552750101987     7.065045760870
Au    -2.837787205155     1.945546730392     7.770460051740
Au    -3.093452644148    -0.772598942570     6.599138419642
Au    -3.193180866290    -3.522583486504     5.258183460372
Au    -3.518162221271    -6.227845031453     4.509825274440
Au   -11.012937893501     0.287877329689    16.718743335132
Au   -10.940380178735    -2.770626146297    15.537814930958
Au   -10.897950308973    -5.308333481987    14.277339760091
Au   -10.862470314111    -7.978370539421    13.317638874138
Au   -11.161426191820   -11.129458120391    11.143348752774
Au    -7.795258985068     2.886239371315    10.558683809765
Au    -7.982407017224     0.263966270442     9.576115416865
Au    -8.054086676103    -2.618765364792     8.418802499369
Au    -7.926887222762    -5.078152814594     7.155115790047
Au    -8.266340924543    -7.880196295627     6.155068969998
Au    -0.396122760741     1.132829914899    12.407441473135
Au    -0.661374464827    -1.058787520076    10.891400075713
Au    -0.913191030842    -3.795865148178     9.856551466907
Au    -0.954919086910    -6.677825891188     8.777723231007
Au    -1.431857536497    -9.548397145597     7.730802979768
Au     0.803232092465    -0.648110341496    15.855350178126
Au     0.616944742572    -3.242926171741    15.393492646966
Au     0.155785485516    -5.967326406073    13.598781762468
Au     0.433835645843    -8.606063006912    12.815528486804
Au     0.272481852837   -11.101538698882    11.725080402841
Au   -10.142133412061     2.300975808778    12.218796075598
Au   -10.121857341210    -0.374454559411    11.211928959047
Au   -10.415816617530    -3.331692281127     9.883970909254
Au   -10.618620684222    -5.995801961542     8.569214253510
Au   -11.003638960397    -8.360603524643     7.290197025712
Au    -3.068663819556     2.315910908286    10.471628362450
Au    -3.058783197477    -0.411530004349     9.454367171981
Au    -3.048047038316    -3.134456879646     8.208273578416
Au    -3.359481079611    -5.691530721245     7.258280708407
Au    -3.772144431520    -8.750854257028     5.574870939092
Au    -1.810173247488     0.269906875445    17.490379445432
Au    -1.913500401361    -2.419557314881    16.837139009906
Au    -1.750538891419    -4.491926767390    15.334708554634
Au    -2.241693642612    -7.343461411963    13.929513096067
Au    -1.979060284709    -9.697242291995    12.862774340029
Au    -2.301174744142   -12.336628826946    11.566169587211
Au    -8.794455585524     1.318705816988    17.665668139805
Au    -8.740819728661    -1.530076685879    16.965740463500
Au    -8.404312116402    -3.939116219093    15.766269345341
Au    -8.620672257114    -6.661740276478    15.012596064025
Au    -8.421742783033    -9.201424163886    13.561257588989
Au    -9.136506254452   -11.717839272104    12.876997461077
Au    -7.614851872044     2.850785684454    13.272923131813
Au    -7.584199930332     0.303637979646    12.288607737557
Au    -8.128376270154    -2.288097373755    11.145297877379
Au    -7.992926571318    -4.938971118158    10.101186395921
Au    -8.198187102286    -7.533845054827     9.074740024333
Au    -8.675875273197   -10.060447995250     8.037247623915
Au    -2.786844593953     2.381191987534    13.376959354373
Au    -2.988067604068    -0.048499839099    12.347503122417
Au    -3.252919307755    -2.596588681858    11.328798325913
Au    -3.264530685599    -5.174000261688    10.089506259722
Au    -3.361356293972    -7.970803740877     8.798469727502
Au    -4.037470931454   -10.347100511724     7.950240284905
Au     4.800891690766    -7.999466076024    11.513969628843
Au     4.851135994268    -5.601171935313    12.703147242306
Au     4.893575570135    -2.946614906331    13.597194688381
Au     3.620567368510    -6.370030871543     7.355623711430
Au     3.762322370136    -3.704169786111     8.576627677781
Au     3.932947001772    -1.184393380020     9.452962173795
Au     1.451719664919    -5.828709965998     5.607922781162
Au     1.630213424344    -2.830376360502     7.039388724273
Au     1.853277893575    -0.086566112250     8.093265994920
Au    -1.027083641089    -5.098750800207     4.138603717866
Au    -0.761080200838    -2.234567815271     5.529684910886
Au    -0.275519961795     0.780464693489     6.585728512436
Au    -3.063308315728    -4.011793771430     2.657695104336
Au    -2.997218637353    -1.361220336255     3.822385791876
Au    -2.594598963913     1.249237507332     4.853504565597
Au     3.822413125073    -4.263034787418     5.906194509751
Au     3.944414038153    -1.556102439543     6.780403093629
Au     1.732102960581    -3.323675389307     4.342047553752
Au     1.768803006160    -0.726391083557     5.383036791630
Au    -0.565785591775    -2.522720929085     2.861976846658
Au    -0.566284087558    -0.099442888527     3.896806318731
Au    -7.818784217043    -3.663841897688     2.685333131089
Au    -7.473193476237    -0.959263565466     3.592854845313
Au    -7.566491795389     1.592482062885     4.879986096316
Au   -10.356761370912    -4.062957355343     3.906055630099
Au   -10.098733319987    -1.691133425312     5.236866651367
Au    -9.876584348619     1.268888389454     6.121868223803
Au   -12.670283545531    -3.929136482214     5.502873654623
Au   -12.508272839954    -1.488244976340     6.956131986097
Au   -12.191472924391     1.228369827290     7.932218936248
Au   -14.901452605794    -4.715147658939     6.810890650882
Au   -14.983736862543    -1.901991027557     8.237330514296
Au   -14.567170276149     0.888030787460     9.512454031035
Au    -9.900185757876    -2.166057557066     2.208184058824
Au   -10.520092024767     0.331705856109     3.487409278402
Au   -12.252193113117    -2.005923091930     3.863526999940
Au   -12.589820569764     0.487619743340     5.028407873077
Au   -14.691367517488    -2.297725272944     5.441495121784
Au   -14.523693086414     0.232358817456     6.746556972992
Au   -15.341347129164    -6.643634110239    11.614244003693
Au   -15.347432209170    -4.055048956688    12.334313651843
Au   -15.088583578309    -1.538807478334    13.393195007770
