         216
 AuNiAgCu    E (eV) =  -773.744873       T (K) =   550.000000       time (ns) =   1.00999999    
Au    -8.729812342208     1.381991880645    16.880627388220
Au    -8.190134856627    -0.577889825047    15.215728411591
Au    -8.123774872370    -3.081329055991    13.662682891440
Au    -8.088416599051    -5.704589397695    12.090506771464
Au    -8.087199854707    -7.988037995896    10.410037490242
Au    -7.471107460026   -10.359683258952     8.544897183642
Au    -7.524572862136   -12.680397576160     6.948652838854
Au    -7.368836196724   -15.023932643983     5.483870976497
Au    -0.770238352192    -6.362120223680    19.243742176895
Au    -0.594884434597    -8.740083301778    17.651862985335
Au    -0.418675021663   -11.357032948697    15.947796716287
Au    -0.059208616781   -13.315241433882    14.226175266097
Au     0.289285610441     0.110172146719     9.649062890996
Au     0.338534414475    -2.232737570737     8.453835473291
Au     0.535172756573    -4.402299162728     6.753308257546
Au     0.708663112061    -6.397776606419     5.106263790640
Au   -10.378053972529     2.222270615423     5.703360762986
Au    -9.986925461416     0.046688895901     3.967841411985
Au   -10.123926900433    -2.441910792938     1.887582442086
Au   -10.177545654547    -4.869906709801     1.008228380000
Au    -9.521742619384    -1.252763061467    17.664077368758
Au    -9.055986575749    -3.672999986553    16.308107374257
Au    -9.008496065552    -5.795308859262    14.564567916193
Au    -8.797089122137    -8.182859320489    12.953158832483
Au    -8.553127099246   -10.820650012281    11.002043066323
Au    -8.493766824114   -13.074361095813     9.492288153663
Au    -7.730237752428   -15.106762650437     7.943385284598
Au   -10.914748679973    -0.150040918726    15.691198440719
Au   -10.528050737495    -2.109276865817    14.209994613774
Au   -10.548796560799    -4.224867636033    12.703395865104
Au   -10.388000042702    -6.868814500304    10.863185641392
Au   -10.202266386069    -9.260252175687     9.329066507573
Au    -9.935585052430   -11.686343558543     7.665160279498
Au    -9.738527651573   -13.899971398175     6.293737052509
Au    -9.401780415087     1.586668236090    14.143853448701
Au    -8.761568784793    -0.708522942470    12.480657736473
Au    -8.815493950651    -3.096007440975    10.961499287479
Au    -8.600631734316    -5.318690956075     9.342630479467
Au    -8.077679950508    -7.644389211278     7.605607173831
Au    -8.001320772417   -10.168330301443     5.784181831485
Au    -7.912527321125   -12.471913970657     4.306548987631
Au    -6.723192145894     1.483399176299    15.143106220052
Au    -5.926343466334    -0.979993285750    13.459366710432
Au    -6.141537756598    -3.759161813706    11.657518900194
Au    -5.973278453052    -5.938875779600    10.133044595732
Au    -5.496004754885    -8.443181225769     8.830868381094
Au    -5.097471688910   -11.041410818077     6.697350687180
Au    -5.009923454945   -13.249443459623     5.080802042535
Au    -6.860502913410    -0.650677716845    17.749007995388
Au    -6.338660900850    -2.985099921940    15.977814397053
Au    -6.377983406976    -5.206146867825    14.194441376890
Au    -5.966493908537    -7.687534207825    12.508922473168
Au    -5.934230483704   -10.264701610131    10.762125449028
Au    -5.510228164068   -12.402347159497     9.240387736766
Au    -4.944752914827   -14.791423811176     7.498433833507
Au    -9.483198700372     2.222760117552    10.911344677901
Au    -9.530229778426    -0.436332393321     9.800555319791
Au    -9.517812054826    -2.880337269941     8.361956499369
Au    -8.966540708838    -5.057249630821     6.403993268169
Au    -8.746408541658    -7.548037160270     4.862442574959
Au    -8.320947490903    -9.846272990389     3.113587268169
Au    -4.135528359721     0.865560037101    13.937260884576
Au    -3.908698804502    -1.460081387906    11.734283545043
Au    -3.676252160296    -3.784102077463    10.032159421197
Au    -3.831252056010    -6.050277261851     8.336115498250
Au    -3.211491682379    -8.570726946186     6.449867071640
Au    -3.001014104342   -11.000553388723     5.090004092206
Au    -4.862413396105    -2.515971094039    18.394275924738
Au    -4.446511730916    -4.851651734557    16.747111149602
Au    -4.503780582676    -7.204053278344    14.803177510798
Au    -3.988971761682    -9.632922131608    12.975069083334
Au    -3.735470481540   -12.094493715796    11.310430284847
Au    -3.460801684662   -14.343685607321    10.030611635908
Au   -10.093746810392     1.962279584510     8.362902195157
Au   -10.082835437747    -0.319555807755     6.813249675264
Au    -9.741571802893    -2.507660570981     5.180351121777
Au    -9.745945087193    -4.940427688106     3.606852586248
Au    -9.283606788061    -7.322614451116     2.327947005022
Au    -2.173124387377     0.739611554346    11.710913066269
Au    -1.866774525392    -1.823753902745     9.994885245312
Au    -1.620832811227    -4.175959733227     8.218450636147
Au    -1.560909418109    -6.496886850322     6.784230406208
Au    -0.988831054240    -8.743116753230     4.940568141955
Au    -2.534482615547    -4.410109356109    18.638350275153
Au    -2.486745812732    -6.965107186327    17.396896421652
Au    -2.442935297479    -9.489742455667    15.756852487638
Au    -2.360104898602   -12.010610251554    14.204980685990
Au    -1.753681602459   -13.868678557539    12.057879592679
Au   -12.513866024364     0.529396210995     7.830534017273
Au   -12.485927835074    -1.661992026187     6.231268223707
Au   -12.287304123614    -3.619419324750     4.455627235522
Au   -11.730430496494    -6.434449512111     2.492978421503
Au    -2.731169484773     0.364474897968     8.928877081876
Au    -2.427241762015    -1.731015677646     7.096338699798
Au    -2.138391615928    -3.995421522007     5.480850466034
Au    -1.832519722983    -6.413889931193     4.110918695714
Au    -0.584493647933    -4.872491205211    16.938734327218
Au    -0.442486448869    -7.368886142361    15.120570091991
Au    -0.425604302256    -9.851672978298    13.537407174144
Au     0.239755336519   -11.969023950831    11.890277147764
Au    -5.457792376470     1.133121784191     7.874434754305
Au    -5.061113765026    -1.069234831408     6.216887567054
Au    -4.902130036713    -3.183547296885     4.672503295240
Au    -4.641321432169    -5.570395672762     2.712833171258
Au    -0.522926482689    -3.116347720630    14.528754811348
Au    -0.301637943437    -5.554065786619    12.982815698573
Au     0.020713811397    -7.778827757815    11.104612490855
Au     0.242163707679   -10.259106121190     9.338527840384
Au    -3.558185469717    -6.647123954723    19.909680668425
Au    -4.178922937465    -9.898594893846    18.384670392553
Au    -3.633277316576   -12.018053729150    16.545146998410
Au    -2.864748565609   -14.771118316440    14.664500829017
Au    -7.868931789494     1.679588446954     6.702120806632
Au    -7.607037403999    -0.510025239439     5.185288366828
Au    -7.557656993887    -3.003512219829     3.418660991447
Au    -7.174369949680    -5.842794972151     1.808718145205
Au    -0.303832216875    -1.188130816286    12.207278966054
Au    -0.038425234021    -3.787268007727    10.684270994270
Au     0.445653662744    -6.102045747837     9.165939718315
Au     0.404353729261    -8.405328521307     7.333385660991
Au   -11.673516798191     0.906540865652    10.427881290177
Au   -11.878890902902    -1.719069780415     8.965378915497
Au   -11.452029031629    -4.190862587879     7.086485115042
Au   -11.089040756100    -6.557159725536     5.425610815902
Au   -11.057107419505    -8.975763155117     3.588571058672
Au    -4.652930548099     0.905654470799    10.802885595159
Au    -4.584516001301    -1.433106825938     8.927285767473
Au    -4.311677114854    -3.616805988229     7.354459688764
Au    -4.141229024171    -5.846649529737     5.559944206531
Au    -3.792383690930    -8.169574738108     3.907229573934
Au    -2.589332414876    -2.845388879806    16.434953319410
Au    -2.186713550513    -5.163813948550    14.887175599627
Au    -2.179241944846    -7.612614809878    13.156685591472
Au    -1.709531187965    -9.990745623434    11.183967510837
Au    -1.424157503618   -12.424112075381     9.683388678425
Au    -5.834510130122    -5.638668074910    18.947764137993
Au    -5.288586878377    -7.690822090695    17.352614745203
Au    -5.107148933200    -9.903049916269    15.537960847767
Au    -5.150188618210   -12.262833993857    13.930211534555
Au    -4.446146497092   -14.470028594877    12.600083251868
Au    -7.498447868962     1.334694129495     9.452843936501
Au    -7.512654035011    -0.852471865276     7.742519338048
Au    -7.086706969387    -3.207451659725     6.160909877950
Au    -6.993704631882    -5.405220929297     4.619444415756
Au    -6.374460665408    -8.063247945322     2.990995218370
Au    -2.394428041625    -1.073120255806    14.327628573513
Au    -2.211746909536    -3.498765610903    12.409389822208
Au    -2.015770535181    -5.912292971877    10.592670236261
Au    -1.876242417624    -8.409148698479     8.901761752030
Au    -1.241396361256   -10.576718523375     7.069987776871
Au    -7.651766089114    -3.159194161193    18.481883763994
Au    -7.230602791367    -5.537581330206    16.788978149806
Au    -7.036744339130    -7.963210521491    15.081576075335
Au    -6.886282777191   -10.340181185433    13.375074532441
Au    -7.005895146309   -12.841979490204    11.779183311043
Au    -6.162595699171   -14.680096060550    10.075711704294
Au   -11.328757101539     0.535451297618    13.035531105368
Au   -11.383131082185    -1.839341138209    11.541976102525
Au   -11.131311020546    -4.388760483428    10.225578310852
Au   -10.984310319829    -6.664362209943     8.099545580719
Au   -10.438483660708    -8.896603725722     6.809898621758
Au   -10.363492044056   -11.135799903973     4.967600075004
Au    -7.076360113649     1.371270134530    12.450163236341
Au    -6.798116442573    -1.134743574977    10.583215184095
Au    -6.640449817425    -3.265540645949     8.934882095292
Au    -6.480884673473    -5.544471771838     7.391009536561
Au    -5.952471343618    -8.243135368301     5.737185481356
Au    -5.770772997765   -10.767680252534     4.061210429632
Au    -4.871214367705    -0.964262459575    15.966146304297
Au    -4.355098107224    -3.080791314262    14.357649995710
Au    -4.072876184579    -5.617879002373    12.635113066891
Au    -3.679773520394    -7.945653595461    10.795180559459
Au    -3.429947193843   -10.643847930904     9.103977231932
Au    -3.132272849705   -13.115003463600     7.465904295715
Au    -1.699204978823   -13.655323101156    16.759804210007
Au    -1.875243204174   -11.073220922931    18.382498736172
Au    -1.944693191670    -8.714852424544    19.776506731205
Au     1.864969513782   -11.467059311458    14.172850878297
Au     1.376736463500    -9.385898977222    15.606743234256
Au     1.591137052657    -7.049471967596    17.131381686807
Au     1.934782227168    -9.751652052852    11.778229119596
Au     1.631519978784    -7.356288735582    13.338528643009
Au     1.642677417241    -5.072459355716    15.257115227545
Au     2.322734576088    -8.367675033525     9.489718169798
Au     2.124553257255    -5.793436350699    11.344689740345
Au     1.894749234829    -3.469350701196    12.987843945682
Au     2.383725326160    -6.365575979334     7.516060401330
Au     2.474805757237    -3.970572223088     8.923621606433
Au     1.764593579129    -1.678814027019    10.703844675650
Au     3.632758439805    -9.423147098105    13.841121899343
Au     3.413672884016    -6.809697574342    15.358134107844
Au     3.909269435163    -7.592106074970    11.808093748776
Au     3.925695365425    -5.184449093187    13.465591604690
Au     4.082252592489    -5.941498722793     9.505583296484
Au     3.881019013410    -3.735403021295    11.053159555164
Au    -0.272269814804    -3.994448500710     3.617260699500
Au    -0.024893256023    -2.015108828571     5.386429740056
Au    -0.522581585990     0.093715890447     6.984708892402
Au    -2.958785016824    -3.403316998286     2.681796128538
Au    -2.643159436854    -1.101388704855     4.393435579216
Au    -2.845389733054     1.203457445054     6.167257524762
Au    -5.434713385808    -3.162253348761     1.778017894493
Au    -5.354075687606    -0.901957651265     3.416310821999
Au    -5.427874729137     1.396642525846     4.802281155736
Au    -7.732173081401    -3.159093233776     0.673628992222
Au    -7.975038560636    -0.624707700060     2.358528030344
Au    -8.171444626089     1.848359137738     3.852323558898
Au    -0.602659401151    -1.567462556082     2.807647405195
Au    -0.792085468878     0.650563376733     4.398155305924
Au    -3.338623646103    -0.824917587860     1.867942570975
Au    -3.242779169241     1.404263894884     3.042377867243
Au    -5.956831018677    -0.910203257523     0.572496649120
Au    -5.674297325644     1.469168481070     2.146557932233
Au   -12.441830514318    -3.893636667430     1.799196803366
Au   -12.054129735959    -1.423379577135     3.116434698517
Au   -12.716299401224     0.855932243260     5.247653104189
