         216
 AuNiAgCu    E (eV) =  -775.290771       T (K) =   550.000000       time (ns) =   1.28999996    
Au    -7.726341913374   -12.031536909623    26.627391044184
Au    -6.276648062531   -12.231055254723    24.272941981214
Au    -4.855011770068   -12.249956931777    21.626124918137
Au    -3.114713319354   -12.769518606496    19.469604400498
Au    -1.816754669094   -12.644726249105    16.960776913855
Au    -0.533639749937   -12.604889477292    14.282700436526
Au     0.752521004917   -12.744115901281    11.915319818836
Au     1.762916388648   -12.589490008570     9.387372545819
Au     3.552902789662   -10.532604554399    26.567326885584
Au     5.350705005995   -10.170538534349    24.388209657303
Au     6.608323295505   -10.948670871420    20.857661572653
Au     7.760286945742   -11.241866081301    18.559453597121
Au    -3.590243267973    -2.756800317107    22.727791777963
Au    -2.016873642112    -2.479627245087    19.722069965219
Au    -0.375820325899    -2.691702480340    17.362072626008
Au     1.124858164836    -2.548149919116    15.301029293820
Au   -11.991235785679    -8.013307321599    17.267545502930
Au   -10.049998383448    -3.050251661207    15.685919308457
Au    -9.959459616894    -5.338736911398    13.923589373069
Au    -7.865827816596    -7.559381700892    10.469616049868
Au    -5.905289504019   -14.244821230322    26.073384014462
Au    -4.547239274096   -14.359522381850    23.472290125371
Au    -2.955956061553   -14.637409997024    21.181098148716
Au    -1.864200049920   -14.820294801019    18.561939897374
Au    -0.651583848511   -14.856601310790    16.224987950785
Au     0.884922898900   -14.860564876310    13.799504607310
Au     2.856994609816   -14.463135050203    11.494866679326
Au    -8.401882421230   -13.792346521379    24.848324380598
Au    -7.105786945823   -14.038006396006    22.105369059937
Au    -5.696221978044   -14.240691258028    19.846410410785
Au    -4.150610122759   -14.340882041473    17.376167633474
Au    -2.797073862784   -14.003017943367    14.725065892123
Au    -1.569071361760   -14.247753130281    12.172967363411
Au     0.604574495135   -15.513882980131    11.226700500394
Au    -9.116957686426   -11.281666744883    24.459500687505
Au    -7.435260210106   -11.222710757632    21.994273529444
Au    -5.661435759223   -11.201927699043    19.392968180441
Au    -4.365952933693   -11.396242210738    16.876207094767
Au    -3.187338469307   -11.466531952539    14.397838396307
Au    -1.680748167344   -11.321013574335    11.945021859730
Au    -0.657205457670   -11.298585857594     9.300755735560
Au    -6.417794102691    -9.774305041219    25.569841875948
Au    -5.150517008880    -9.809642663123    23.151877210343
Au    -3.693964932427    -9.706964457943    20.568937951498
Au    -2.381786521484    -9.996987242526    18.269430896911
Au    -0.935596816430   -10.050440523630    15.712660950894
Au     0.804219840022   -10.262882654861    13.057547312382
Au     1.258460003943    -9.934160994971    10.568460881901
Au    -4.951532800929   -11.689475244936    26.678755624857
Au    -3.493635616192   -11.870132388797    24.134850769025
Au    -1.828896516774   -12.007093464862    21.700619136901
Au    -0.466793766112   -12.224354906400    19.316744184954
Au     0.885015443159   -12.367759489370    16.924827117706
Au     2.159719434592   -12.321050039110    14.116819560071
Au     3.162201156837   -11.712681176076    11.443932663406
Au   -10.106378694088   -10.044784908597    22.227681862791
Au    -8.548885990671   -10.127281239149    19.662747153563
Au    -7.082976828838   -10.305250734542    17.200875290081
Au    -5.650392527299   -10.243492256057    14.530333177270
Au    -4.320948729311    -9.831392574058    12.266475266800
Au    -3.246055761450   -10.004847643952     9.899453599030
Au    -5.484106402729    -7.484422796288    24.547346901987
Au    -4.226367505247    -7.461284022660    22.063347910944
Au    -2.513193771619    -7.409983245196    19.495360675291
Au    -1.377943859340    -7.627138966582    17.068578870863
Au     0.086637911431    -7.697166930200    14.688471573981
Au     1.499899679120    -7.654595638130    12.191099068812
Au    -2.242716496955   -11.457368274168    26.506470592484
Au    -0.458176098018   -11.358627837247    24.246679890138
Au     0.839873488847   -11.953335945373    21.734594354173
Au     2.603563089402   -11.992678676095    19.242953778123
Au     3.828352437484   -11.900066365987    16.456928386417
Au     4.812812108913   -11.847554523486    13.893510080229
Au   -11.131848012080    -8.922624211908    19.658243691888
Au    -9.521483198716    -8.989972726053    17.269539198112
Au    -8.262772519219    -8.970432628851    14.795091072385
Au    -6.802761409248    -8.787744419767    12.510681327477
Au    -5.328662803778    -8.546766884971     9.877528846482
Au    -4.343607901244    -5.013005709135    23.641813830373
Au    -3.013805119584    -4.849371378799    21.150942493983
Au    -1.525998406266    -4.819400484154    18.582237371429
Au     0.011519510574    -5.090961143334    15.908843616797
Au     1.399279367323    -5.254019655557    13.658790406111
Au     0.757070563579   -11.313493137613    26.322858130203
Au     2.405224993485   -11.214500899426    23.916993705755
Au     4.020485851872   -11.217506627358    21.622448746159
Au     5.318902450251   -11.648339241013    18.690745047123
Au     6.812839785695   -11.966137672078    16.056663351434
Au   -11.869937162972   -10.762080150155    17.554548829195
Au   -10.592327883366   -10.405499301245    15.150908038887
Au    -9.491324625717   -10.409366682404    12.489276668881
Au    -5.165319561123   -11.920331825474    10.554811234745
Au    -5.574034159616    -3.876527405170    21.103903105042
Au    -4.115302006643    -3.882521518922    18.743179368685
Au    -2.862402246550    -3.796618062890    16.238628417821
Au    -1.278931694857    -3.768645427441    13.860541049936
Au     1.764490547795    -8.809924779472    25.564564929367
Au     3.462419983764    -8.925567078806    22.954315870449
Au     4.902595236832    -8.929795935545    20.071555238370
Au     6.246820607139    -8.997385053610    17.894161793978
Au    -8.145578148807    -5.220020919900    20.202863945710
Au    -6.349930042755    -5.310665799379    17.575617336667
Au    -5.032336421933    -4.898176530636    15.080986222184
Au    -3.277861075242    -5.031993067452    12.422148563894
Au     0.142956029884    -6.602265754446    24.353836745015
Au     1.630130522420    -7.085642035110    21.796051480886
Au     3.208209872581    -6.984613224916    19.430032168207
Au     4.492646860441    -6.962735393887    17.028963654008
Au     2.611830306420   -13.338587582851    25.745296761144
Au     3.535518107001   -13.527956811933    23.105658313986
Au     5.147427713081   -13.723642606634    20.915661550023
Au     6.904488837958   -13.753658700589    17.956471905728
Au   -10.186175737168    -6.431871198181    18.808977160495
Au    -8.645810208210    -6.265635727304    16.333495329281
Au    -7.075998183068    -6.262695570810    13.772588453091
Au    -5.632293745599    -6.260844597494    11.378817346480
Au    -1.552575635157    -4.624107980375    23.371298599910
Au    -0.121415471766    -4.742424281764    20.974334462813
Au     1.273342569735    -4.936396104138    18.415599199023
Au     3.076423652887    -5.084496144012    15.956284472645
Au   -10.816508874226   -11.710033108062    20.251367307039
Au    -9.504559086124   -11.672153920041    17.501438201629
Au    -8.187091648944   -11.875105919528    15.075911262113
Au    -6.726685823693   -11.593831304488    12.693192403078
Au    -2.816874595906   -12.647417346002     9.802723490526
Au    -6.933982100277    -6.431116872501    22.507202311858
Au    -5.404435960425    -6.219406591712    19.852287638289
Au    -3.884511269602    -6.302787101119    17.182565503058
Au    -2.144728975397    -6.108919282505    14.880611511825
Au    -0.867692254749    -6.278657319363    12.337587749529
Au    -0.998057815429    -8.927399198329    25.427223151694
Au     0.524051420678    -9.056385353110    23.107967845500
Au     2.022884167191    -9.517986123066    20.429001664093
Au     3.298854618307    -9.342447908715    17.822719792221
Au     4.912485080760    -9.531158753536    15.508245834362
Au    -0.539321617862   -13.642791023461    26.054898213448
Au     1.050425315071   -13.882987148906    23.701382535183
Au     2.340147167415   -14.160017857935    20.804394263164
Au     4.079216299854   -14.203913233360    18.296076689082
Au     5.148137700896   -13.878799503150    15.557503960851
Au    -9.118620230558    -7.587918261185    21.124011822928
Au    -7.784629351532    -7.514126565492    18.761707323639
Au    -6.116103300833    -7.774660751308    15.932530294702
Au    -4.501246087576    -7.286449079643    13.764095704727
Au    -3.223721660399    -7.290322997487    10.953622823935
Au    -2.489976946885    -6.884608982164    24.429961185947
Au    -1.255531041772    -7.176197065677    22.015985620964
Au     0.257133617114    -7.051378856917    19.605532394767
Au     1.560205182225    -7.240240047092    16.933949160829
Au     2.957525779237    -7.261255360194    14.306302146292
Au    -3.277221189083   -14.190167197013    25.806007313634
Au    -1.759674160911   -13.908562903021    23.595789074440
Au    -0.314414150976   -14.769446044356    20.889087201889
Au     0.919404854610   -14.524065107576    18.502638445606
Au     2.478122245385   -14.332318656447    16.135002246551
Au     3.760118743103   -14.981998744206    13.832065004870
Au    -9.561756096303   -13.094073458717    22.387555863802
Au    -8.077877562402   -12.789202066183    19.763696069675
Au    -6.703551926038   -12.921581076769    17.472309445280
Au    -5.653503772271   -13.217438272388    14.910979623940
Au    -4.241387287549   -13.406907120829    12.413218872760
Au    -0.702432309961   -13.903001282858     9.560495250505
Au    -7.981733803835    -8.934718820072    23.391013779038
Au    -6.393211930700    -8.663020675916    20.866295654249
Au    -4.853948025076    -8.761139898588    18.248284432585
Au    -3.367323692105    -8.758295292238    15.745792108523
Au    -2.050964323633    -8.688781588289    13.434477007714
Au    -0.908791810564    -8.509933400634    11.021912777298
Au    -3.637868215741    -9.102663581489    25.632236442146
Au    -2.381741978678    -9.437031476988    23.133561023188
Au    -0.699137843624    -9.601597024099    20.702170873855
Au     0.542077302577    -9.774811076340    18.026984289139
Au     2.111258228152   -10.031239331827    15.352288583255
Au     3.641326016806    -9.647387361109    13.104612739622
Au     8.100815434454   -13.025799983251    20.419701813037
Au     6.188193826687   -12.435550418445    23.063089923347
Au     4.975536376183   -12.592056983005    25.399005754348
Au     7.700632109563    -8.392169777971    20.001047450439
Au     6.298310747377    -8.732140781838    22.423673104957
Au     4.555135884521    -7.981031257269    25.629170199908
Au     6.241071154142    -6.475610317903    19.110170644657
Au     4.529330022101    -6.556018307741    21.754182436561
Au     2.915069955828    -6.399259708470    24.393776455988
Au     4.226848602215    -4.615113501836    18.505843375274
Au     2.632425210349    -4.604791534322    20.863281605575
Au     1.303369387041    -4.360083719854    23.424654122872
Au     2.231070639251    -2.582643315141    17.664349610345
Au     0.913299281498    -2.246764176650    19.889895483912
Au    -0.671453251943    -2.277105710597    22.261450450661
Au     7.210718111498    -6.219475104617    21.886858628731
Au     5.993580766114    -6.514231208479    24.031632116132
Au     5.737597144420    -4.285045615596    20.915802779834
Au     4.208335024945    -3.903720790238    22.981999547939
Au     4.051120168069    -2.410187454577    20.119689013944
Au     2.106607312330    -2.158030690117    22.205771309580
Au    -1.694747314368    -1.612457963003    15.269141654545
Au    -3.124612179270    -1.216719661639    17.692481248731
Au    -4.350161828584    -1.526392328533    20.090328396169
Au    -4.067336596610    -2.860471167915    13.872041947496
Au    -5.311836279365    -2.447229922867    16.327598482922
Au    -6.559438692861    -2.627208567164    18.720820002312
Au    -6.318731702087    -3.845368302601    12.740461904903
Au    -7.610053540319    -4.035685178578    15.589795873340
Au    -9.082285094733    -4.079537268332    17.903257752097
Au    -8.321015714268    -5.127217520222    11.634506400448
Au    -8.923948310034    -3.075472938157    13.217195944513
Au   -11.271453987891    -5.454635835951    16.345577397338
Au    -4.111095261706    -0.242011006924    15.412977606385
Au    -5.833342896751    -0.052280594639    18.035222818426
Au    -6.649032155402     0.708797168329    15.598229437350
Au    -7.900968895482    -1.445468866826    16.920128566677
Au    -6.437016285532    -1.503532720401    14.059011548914
Au    -8.919699154478    -0.770877798396    14.579751263103
Au    -7.193432369989   -10.290756325346    10.420186435348
Au    -9.714944212736    -7.694650263246    12.468622968568
Au   -10.766086838479    -7.716006643705    14.766857131539
