         216
 AuNiAgCu    E (eV) =  -774.835938       T (K) =   550.000000       time (ns) =   1.21000004    
Au    -8.245575106030    -6.207641361343    26.089152813516
Au    -6.103588389662    -7.168347668875    24.337715358813
Au    -4.602747943284    -8.082630805353    22.176712963939
Au    -2.826930916165    -9.255454149851    20.416587672208
Au    -1.058377259562   -10.034372356367    18.258643423779
Au     0.707223231751   -11.097832518008    16.234706201129
Au     2.332536433153   -12.040746819173    13.915644907273
Au     4.225387485913   -12.896290966483    12.154718894576
Au     1.906169793045    -8.080201678884    28.792632503518
Au     4.380736919166    -8.972144178361    27.259616650184
Au     6.138261620059   -10.282001454130    24.718216544217
Au     8.070352062686   -11.359727737257    22.630757354702
Au    -0.448680022592     0.342685401558    21.559540743720
Au     1.406820425188    -0.469600968396    19.873753772400
Au     3.102400639385    -1.594047127808    17.789213796289
Au     5.044093697827    -2.395202898034    16.184594682026
Au    -9.277920187003    -3.256582713340    15.336653496288
Au    -5.582785311060     0.223344875308    13.459101082607
Au    -5.337917520238    -2.477745470562    12.369347410976
Au    -3.434555084958    -5.339995038734     9.249112360210
Au    -7.316732169401    -9.083930561449    26.079305758057
Au    -5.496200466048   -10.066709429783    24.213390591752
Au    -3.634792737637   -10.893090958467    22.523038952516
Au    -1.847498607923   -11.967357395415    20.292049176371
Au    -0.042260991552   -13.203531662311    18.268419544273
Au     1.745972817361   -13.817858291568    16.076918034073
Au     3.442205164094   -14.537467475145    14.178591147465
Au    -8.884895088105    -8.099705392540    24.325584556080
Au    -7.256541002330    -9.027808947681    22.544755875848
Au    -5.453094587983   -10.149899462594    20.264524954915
Au    -3.684271701361   -10.641846455685    18.225862736735
Au    -1.918117540005   -12.034594788530    16.491481545342
Au    -0.104762595511   -13.263433049434    14.213801218093
Au     1.627198597769   -13.973965540851    12.123544189552
Au    -8.794335929908    -5.482789352166    23.286006077967
Au    -6.899016179213    -6.653179616017    21.490316265596
Au    -4.843096941487    -7.323285080609    19.526969558398
Au    -3.319454035075    -8.096377753422    17.486050620544
Au    -1.464211902885    -9.513721386409    15.346548989837
Au     0.153340169098   -10.559764711065    13.325499873470
Au     1.946523137917   -11.469765061600    11.273839014495
Au    -6.675967641070    -4.469754822686    24.565278315690
Au    -4.676265093883    -5.302334668001    23.033981673562
Au    -2.746036381551    -6.304576205849    21.167168601837
Au    -0.943051458239    -7.464555947349    18.956860730820
Au     0.810709159649    -8.358139185807    16.875067198878
Au     2.692168136644    -9.609878879627    14.939256624773
Au     4.223708279686   -10.338473425157    12.947130275753
Au    -5.757035999291    -6.765431944577    27.132268783191
Au    -3.517930490326    -7.698561771745    24.880258031287
Au    -1.738276994387    -8.914819970552    23.078740069179
Au    -0.148105936847    -9.700842180221    20.900991617247
Au     1.505810424482   -10.714771090353    18.838374279189
Au     3.470955076944   -11.696504195913    16.485839868923
Au     5.097268251147   -12.562345022273    14.740916676520
Au    -8.946825971048    -4.687994087516    20.815416982783
Au    -7.268821818631    -5.938245099017    18.683164842147
Au    -5.403750551237    -6.544294192262    16.764615886071
Au    -3.411539346946    -7.655030060055    14.728494222595
Au    -2.016464138588    -8.804982422854    12.727232882060
Au    -0.038396872800    -9.618520129150    10.861697823041
Au    -4.573629391782    -2.826521085272    24.168836155481
Au    -2.759609840599    -3.681855583763    21.973776808345
Au    -0.805246516705    -4.791736643424    19.984399124578
Au     1.022375673448    -5.723739260812    17.793996987087
Au     3.094396436844    -6.846521376207    15.892636336552
Au     4.790394875247    -7.649557673165    14.032303502352
Au    -2.852259199620    -7.270447594085    27.510393259005
Au    -0.997617896384    -8.045859616597    25.731445984604
Au     0.897664170721    -9.432914088668    23.578286008195
Au     2.673613210767   -10.186172827455    21.264070239058
Au     4.295600516426   -11.405889957532    19.336552943239
Au     6.041663323456   -12.205821849318    17.444616685263
Au    -9.071410830115    -4.000738266264    18.270529671494
Au    -7.521750563029    -4.944788221942    15.997011199010
Au    -5.356735180691    -5.594668683306    14.205366146518
Au    -3.679523375309    -6.536957798612    11.780832734878
Au    -1.903421613870    -7.610275256328    10.279498509666
Au    -2.442304568949    -0.984342615392    23.058090221333
Au    -0.702818197666    -2.182137724552    21.006237341165
Au     1.151713639477    -3.128860146792    18.909775598751
Au     3.232317211554    -4.218109866298    16.909998911193
Au     4.823987798812    -5.137191563886    14.756053871710
Au    -0.376795305687    -6.991765881059    28.535955264443
Au     1.664723317857    -8.822700530055    26.229325150933
Au     3.467521748744   -10.075525785466    24.484855307505
Au     5.223153235344   -11.179623152704    22.145632086067
Au     7.226744044673   -11.730687468730    20.193992914339
Au   -10.097170998550    -5.910784853987    16.422886692751
Au    -8.364705553393    -6.652446829023    14.249500645646
Au    -6.385160019014    -6.972267400875    12.023488150416
Au    -3.944260676486    -9.181113729206     9.946408476135
Au    -2.639118673966    -0.564945268330    20.228019292761
Au    -0.980744993102    -1.192158737215    18.284538357951
Au     1.148702130143    -2.563598642036    16.190020555965
Au     2.816590780609    -3.160980988207    14.179274347294
Au     1.605660482139    -6.045105265355    26.921706046939
Au     3.712267196983    -7.214432952600    25.143266548773
Au     5.430879496739    -8.265953055867    22.909147675939
Au     7.338734947691    -9.244724427104    21.260374158830
Au    -4.929144207796    -1.304637022096    18.636844022256
Au    -3.378380612210    -1.932077922999    16.549860357148
Au    -0.999274501722    -3.022432456620    14.254904585320
Au     0.929401000106    -4.001951885494    12.332054304587
Au     1.204624776616    -3.825935351679    25.089402503702
Au     3.132314651307    -5.017199156821    23.314600361172
Au     4.883844060824    -5.886668677652    21.237271386708
Au     6.663594908268    -6.833662779290    19.372609171696
Au     0.153413899131    -9.931506406567    28.195077153593
Au     2.052779700242   -11.901784596961    26.116133556468
Au     4.104234355105   -12.874112220491    23.884875962022
Au     5.773860189687   -13.735838683547    21.881779820140
Au    -7.289104267056    -2.292675263799    16.977820363710
Au    -5.519778750076    -3.072889238426    15.106748512423
Au    -3.369022309206    -4.170135268023    12.960088643947
Au    -1.217531907323    -4.876268610367    11.148170205152
Au     0.463662761107    -1.512018034922    23.533078774342
Au     2.030136965315    -2.721637503561    21.616613558117
Au     4.024735350477    -3.623357539014    19.611660780031
Au     5.982467952473    -4.367328841151    17.623831328493
Au    -9.794289735374    -6.789515880987    18.781219439606
Au    -8.220206771398    -7.731733487635    16.923199932648
Au    -6.277075701215    -8.236424307327    14.558795161973
Au    -4.634184202077    -9.625947398417    12.588780637834
Au    -2.831307725808   -11.110722129519    11.129606037133
Au    -4.598486988046    -1.975705309461    21.299185411848
Au    -2.774416962966    -3.008462265945    19.236615115188
Au    -1.066133049146    -3.744415506972    17.072425947106
Au     1.022491606173    -5.018530319354    15.014341724785
Au     2.827792162736    -5.838153293597    12.962078266342
Au    -1.050637109951    -5.504581286427    26.273782537039
Au     1.037891320722    -6.498343571786    24.238082122792
Au     2.779354261621    -7.602725810524    22.318889792421
Au     4.720044292102    -8.580460123329    20.343274518471
Au     6.482546014866    -9.569576716516    18.650569496079
Au    -2.392889840206    -9.749164951419    27.691525006954
Au    -0.154681616900   -10.679201524313    25.662649448740
Au     1.761416056574   -11.887462374239    23.256916693761
Au     3.211120972736   -13.013421348059    21.375543825268
Au     5.080810048830   -14.014130741855    19.379168445693
Au    -7.021652489442    -3.042994039840    19.632987191707
Au    -5.298354905497    -4.116152073242    17.781234587612
Au    -3.319572156546    -4.544587582687    15.837063546676
Au    -1.389621018892    -6.059035608675    13.565179007800
Au     0.498380343820    -6.881644142724    11.595402909375
Au    -1.989182703050    -2.936624050460    24.571581740474
Au    -0.134169858386    -4.314989057928    22.545790316212
Au     2.181857306496    -5.310583042126    20.572205033205
Au     3.987838018608    -6.397033312306    18.488734603152
Au     5.857448318720    -7.276988862900    16.600554554873
Au    -4.739214751138    -9.307565150829    26.727981069700
Au    -2.910884711399   -10.505115752304    25.200472979945
Au    -1.128864887494   -11.535565572648    23.101304225902
Au     0.589641912964   -12.544781597017    20.798204060021
Au     2.642223317199   -13.586437954097    18.701141341590
Au     4.298144148318   -14.331959396111    16.901980055161
Au    -9.457553078579    -7.420655141544    21.414979545994
Au    -7.971812603156    -8.558233934757    19.597534954188
Au    -6.000612775842    -9.388265772007    17.511269092555
Au    -4.449778428608   -10.032387932163    15.413073434090
Au    -2.374783832541   -11.584270104137    13.650558216981
Au    -0.643407368578   -12.430280309287    11.520827921044
Au    -6.732361385501    -3.297543550462    22.280228438631
Au    -4.846833252606    -4.602900160273    20.362870457708
Au    -2.918676798720    -5.601783834178    18.346014179673
Au    -0.944826865386    -6.363146011990    16.392674316991
Au     0.933054759683    -7.538205990823    14.177942755668
Au     2.079237957468    -9.004718706163    12.250914108056
Au    -3.997928068516    -5.224583988414    25.769656575686
Au    -1.714017906688    -5.852842547335    23.731008110492
Au     0.064275936025    -6.932696470108    21.676422268528
Au     1.833444885427    -7.896117585122    19.596986317842
Au     3.507911196741    -9.111446157993    17.690969938236
Au     5.518209919219   -10.063795455473    16.006646042620
Au     6.719208894951   -12.847780346260    24.325921891144
Au     4.607670270701   -11.923976679973    26.441998199469
Au     2.849732785886   -10.800906621055    28.280328999864
Au     8.045490063482    -8.684838319413    23.961411459606
Au     6.440032331909    -7.675375060778    25.640509318601
Au     4.256728999421    -6.414118000916    27.723804913836
Au     7.415855439887    -6.484673139990    21.974306687943
Au     5.709212054639    -5.660762651569    24.093609637255
Au     3.944285338632    -4.398693057805    25.847343951513
Au     6.676010273068    -4.095760524089    20.320264922521
Au     4.847052195336    -3.388508613716    22.399962398671
Au     2.991407115440    -2.107000420657    24.529034014621
Au     6.225428103031    -1.849631599347    18.950595400993
Au     4.375328004649    -1.161389166725    20.693499291266
Au     2.440783551856    -0.261874230816    22.546225634476
Au     8.254684685221    -5.744907553643    24.613567877136
Au     6.509438778613    -4.844534497130    26.550165512112
Au     7.537334463191    -3.627759625518    22.953840463995
Au     6.032332212342    -2.745650778844    24.874853178659
Au     6.993881815264    -1.578623571720    21.463779604155
Au     5.035171940159    -0.700412321018    23.593724514205
Au     2.929934305229    -0.651704666929    15.200017846333
Au     0.957082515944     0.301173488054    17.055962334606
Au    -1.129256136783     1.542452968499    19.331058417069
Au     0.985643014552    -1.221544922882    13.350633931514
Au    -1.126947072013    -0.672457432249    15.590832050050
Au    -3.089142448971     0.643474191045    17.654064461300
Au    -1.119056601107    -2.213842831557    11.874998895871
Au    -3.264915984119    -1.423684595437    13.801561265666
Au    -5.886854640451    -0.269179677926    16.110822488662
Au    -3.352728675604    -3.182671001246    10.511232269092
Au    -3.842081712514    -0.573223619301    11.107561484893
Au    -7.604435911349    -1.472199631853    14.137369011091
Au     0.533929721586     1.238506014397    14.469550010296
Au    -1.131590453449     2.085133486493    16.523974879214
Au    -1.461718195319     2.808142099878    13.880721114213
Au    -2.964904892302     1.002426767613    14.844225126877
Au    -1.402946027218     0.542033044365    12.457763566447
Au    -3.857167956130     1.730029337514    12.394228241186
Au    -5.158114941238    -7.136878141375     9.519586038642
Au    -5.797544391498    -4.731503174327    10.986764951580
Au    -7.537058231817    -4.145480337989    13.274884747401
