         216
 AuNiAgCu    E (eV) =  -775.749329       T (K) =   550.000000       time (ns) =   1.89999998    
Au     1.041925213460   -12.338029470471    25.636229357012
Au     1.423786329467    -9.585941002943    24.763022288200
Au     1.896163751156    -7.991079246162    22.365609722760
Au     2.095218871973    -6.664014498268    20.093843750138
Au     2.071971653312    -5.002591193778    17.636663226555
Au     2.470797643452    -3.463560637365    15.129152782569
Au     2.624953938980    -2.044682556530    12.534749550361
Au     3.299597491282    -4.650978450143    11.332926407148
Au     1.949218569512     0.157497002845    27.462338667033
Au     2.203119548071     1.649173451093    25.139429313186
Au     2.910463017342     3.173915178646    22.826938348873
Au     2.829032716448     4.326332671357    20.337106384102
Au    -7.629730367943    -4.279753625181    23.880252166301
Au    -7.238023718504    -3.752079874318    21.265326833877
Au    -6.958400202989    -1.940855891436    18.782791261033
Au    -6.814256048262    -0.702136643290    16.466323906875
Au    -4.403284656950   -15.356771121365    16.724971016251
Au    -9.822375454150   -10.143651264408    15.890658531039
Au    -6.065431082127   -11.993040806873    14.040256302443
Au    -3.511004546787    -9.847859480527    10.946491860635
Au     1.532150982683   -10.563185492359    27.730500488049
Au     3.796534937652    -9.919862047181    23.070228710073
Au     4.198271653692    -8.295265692670    20.988906037535
Au     4.446198217972    -6.624708664188    18.751655575316
Au     4.345989725116    -5.308857210838    15.989508494268
Au     2.704833141791     0.655086183045    12.895251437687
Au     3.886335807603    -0.170260608645    10.667503032256
Au     3.380218699513   -11.034679847646    26.032254163965
Au     1.951082401513   -12.430612618387    23.132432000405
Au     2.291449791770   -10.671883916555    20.904724049363
Au     2.490806061976    -9.032949073566    18.882117203524
Au     2.960789801203    -7.606785296127    16.770172497823
Au     3.285858278879    -6.309164282731    13.724474493682
Au     5.095464735010    -2.638325913734    11.315214420079
Au    -1.160863579587   -10.938169232251    25.077219126712
Au     0.073213530357   -10.491598587934    22.683905675491
Au    -0.066818865934    -9.036416243352    20.201321893293
Au     0.410548149402    -7.291321192373    17.857294392808
Au     1.190668504710    -5.965928468129    15.266108959635
Au     1.060413000018    -4.343174045572    12.670824666158
Au     4.608521773695    -3.817141693799    13.689665488634
Au    -0.544082826790    -9.120765366504    26.976000676011
Au    -1.081326376636    -8.369401450485    24.268558221984
Au    -0.572100274958    -6.845413675592    21.827545086568
Au    -0.350894909917    -5.088493223100    19.293630410194
Au     0.041588811077    -3.450593548601    16.483002573533
Au    -0.020465062662    -2.152753976338    14.001610110459
Au     3.279306462371    -2.477223518480     9.544830219381
Au     2.008967446140    -8.113828276703    27.212779585542
Au     1.494862129681    -6.939882988594    24.992164328088
Au     1.930011462560    -5.344326890429    22.818727723966
Au     2.174264592441    -3.796936797511    20.069818406049
Au     2.576418425752    -2.212623440385    17.740060397150
Au     2.252464400964    -0.640908642850    15.224379041832
Au     0.975867725652    -3.029751195911    10.425467262739
Au    -2.964149972155   -12.007607221319    22.795954129589
Au    -1.990510945270   -11.522503225564    20.489246808239
Au    -1.237063980825    -9.806562127768    17.833655371769
Au    -0.902877436702    -8.373966093940    15.450266815814
Au    -0.506840582541    -6.759902286401    13.336636494948
Au    -0.427869539698    -5.298339962691    10.641624719512
Au    -3.231822081196    -7.693815115440    25.900302969188
Au    -3.016046282945    -6.800020287041    23.219011375328
Au    -2.741037392148    -5.321294856372    20.988134863712
Au    -2.237320735550    -3.490421660485    17.885352149192
Au    -2.388144411640    -2.072791250623    15.536234136667
Au    -1.858073118280    -0.602202915397    13.152469312443
Au     1.273504031649    -5.709395601323    27.870101220269
Au     1.582346920909    -4.097538807462    25.109022576641
Au     2.094355825636    -2.541684115799    22.460679971071
Au     2.586940591807    -0.889147016137    20.163818907265
Au     2.427556080280     0.558617818682    17.755280316015
Au     2.742818524183     2.186197613228    15.469621629974
Au    -4.365286455817   -12.626034679379    20.288653790061
Au    -2.903280351828   -12.198586667059    17.889488921501
Au    -2.609412294167   -10.706494113667    15.487994797303
Au    -2.363415459276    -9.048257383438    13.082525967406
Au    -1.996653619881    -7.604957916024    10.917990952471
Au    -5.678479377951    -5.924412894518    25.255559520144
Au    -5.175857932828    -5.178559949443    22.840676939761
Au    -4.734583940976    -3.628277313705    19.838150343043
Au    -4.643040850851    -2.114900966940    17.105798576141
Au    -4.492007630236    -0.425647923767    14.810577844465
Au     1.745569348745    -2.798179687990    27.498416178631
Au     1.902517047872    -1.372598989470    25.126336597395
Au     2.396484381312     0.132830151288    22.712469844540
Au     2.369708193156     1.697500332915    20.295194478984
Au     2.570922932071     3.114138532332    17.949132341158
Au    -3.059908626198   -14.839497864698    18.955043495936
Au    -1.879132152738   -14.575857770176    16.194506480374
Au    -1.539478848509   -12.959206289408    14.200617009193
Au     0.188377961959    -9.024471167778    11.697949748592
Au    -7.640919509845    -6.743874897127    22.427406167640
Au    -6.445209062905    -5.992823965461    19.988644485176
Au    -6.179080696056    -4.410747894693    17.525745737391
Au    -5.986591962512    -2.595288876035    14.669035034234
Au    -0.355998286901    -1.078542140496    26.643236983429
Au    -0.253077741998     0.351244685538    24.390333267720
Au     0.267937173246     1.983806872547    21.839094515448
Au     0.187286849072     3.418869897061    19.251614755844
Au    -7.001764179635    -8.912255945159    20.535066201617
Au    -5.784169204834    -8.045917064499    18.424729468908
Au    -5.452267540628    -6.599708882244    15.861340160683
Au    -5.248581846208    -5.249995905427    13.441855441598
Au    -2.774387126956    -2.091047697752    25.973660056638
Au    -2.793734214291    -1.088324652665    23.572676033396
Au    -2.189527635600     0.458043874230    20.778591810501
Au    -1.983515231760     1.854281948062    18.211395040837
Au     4.079525371448    -3.075030270373    26.400092215831
Au     4.372358647792    -1.441565631113    23.878233023810
Au     5.104136392199    -0.218069048803    20.967132116536
Au     4.842485798385     1.512231286420    18.817200130380
Au    -6.550003721834   -11.135020061593    19.292184059634
Au    -5.145803258179   -10.714899164930    17.081178279976
Au    -4.814525415361    -9.417747608738    14.374901379447
Au    -4.723948807251    -7.516227059305    11.977326551469
Au    -5.123156456617    -3.106609352148    25.029417428070
Au    -5.299614725799    -2.500222923235    22.371489658787
Au    -4.603955043134    -0.885258814886    19.855109672471
Au    -4.372246686155     0.978146026204    17.372386958814
Au    -2.187279049904   -14.134009835208    21.608744855745
Au    -0.739317327936   -13.523712648816    18.785881478194
Au    -0.334054797601   -12.231861705680    16.385780566557
Au     0.271977953415   -10.589717153402    14.073209963537
Au     1.646245736054    -6.795226728154    11.728513355301
Au    -5.552698644734    -8.147621722828    23.383281128860
Au    -4.625742073526    -7.789401367248    20.963939220786
Au    -4.174741112525    -5.937410920394    18.275223241966
Au    -3.944965214925    -4.395738358418    15.763836359776
Au    -3.675856490291    -2.886566170697    13.280327881924
Au    -0.533886844899    -4.074088206802    26.742635516520
Au    -0.438939975658    -2.488374348882    24.257185789388
Au    -0.160481334735    -0.912718313907    21.857030693675
Au     0.177008427337     0.681245338819    19.130792308185
Au     0.340849280342     1.961593852261    16.600113909334
Au     3.491218272106    -5.747730642934    26.361028284176
Au     4.068701288516    -4.207855419588    24.130427914728
Au     4.519901198362    -2.729636427665    21.142582219621
Au     4.823032361257    -1.135515575988    18.514533936625
Au     4.575897641661     0.434842892849    16.232769869291
Au    -4.843772228116   -10.345862113596    21.720987620348
Au    -3.748693137887    -9.867150535398    19.280910849420
Au    -3.411152838277    -8.339817280427    16.941464163999
Au    -3.178107551453    -7.010918229953    14.496981178331
Au    -2.730196613582    -5.240362258299    12.006432822090
Au    -3.051514427899    -5.091033936233    25.300134945403
Au    -2.736189069906    -3.730597477976    23.037300619049
Au    -2.395021611468    -2.490779938551    20.486914503967
Au    -2.423913417518    -0.771848534671    18.174636353575
Au    -2.127034846441     0.569127544069    15.726792182092
Au     4.074350025588    -8.445511912820    25.697143566533
Au     4.091777196647    -6.996873771953    23.475464402850
Au     4.320355985953    -5.539537128885    21.145681124136
Au     4.570947907194    -3.936237938264    18.852731574453
Au     4.723790535089    -2.490122589606    16.151294784957
Au     0.400437192776    -0.607102995958    11.906558615462
Au    -0.422449321614   -13.141994728548    23.723606628652
Au     0.651857490928   -12.663626548056    20.972575036644
Au     1.070320674999   -11.284231362975    18.506197952739
Au     1.276842187066    -9.762730315941    16.320901663692
Au     1.517269189876    -8.394633554899    13.861032809727
Au     4.747227616067    -1.043639011973    13.831810744362
Au    -3.406726966482    -9.677488003750    24.230495858329
Au    -2.289341079207    -9.060593082191    21.721598752661
Au    -2.075437780679    -7.475340260207    19.271928474660
Au    -1.738243118399    -5.914666166219    16.824998349577
Au    -1.485323963747    -4.500528454838    14.438578858208
Au    -1.323755231668    -2.905380359972    11.682188276533
Au    -0.930722730808    -6.591880362388    26.763554506270
Au    -0.732715630116    -5.484031328183    24.223853180592
Au    -0.307261169269    -3.823091848872    21.689071927727
Au     0.076506206903    -2.254541649078    19.470263908897
Au    -0.060016771325    -0.798158707554    16.746272515609
Au     0.316759919736     1.028834410027    14.116721317466
Au     4.973343365117     2.588666912920    21.384063600288
Au     4.487657066523     1.433086720280    23.883430674544
Au     4.208729157500    -0.099136940382    26.159318245703
Au     0.508271369731     4.746942391305    21.867330750130
Au     0.145302028330     3.336369185771    24.261002738705
Au    -0.160902914344     1.767917288566    26.607381252870
Au    -1.964481941666     3.231330779918    20.793306952867
Au    -2.326560913959     1.908077800697    23.168729121153
Au    -2.616315601740     0.439619986099    25.929747688665
Au    -4.227155067083     2.122075665932    19.731885128565
Au    -4.673640138967     0.895781027611    22.216405954589
Au    -5.151367031259    -0.515046109016    24.748597001261
Au    -6.497682031571     0.636794797180    19.095624049761
Au    -7.296934361474    -0.529728442651    21.373096513784
Au    -7.349694900502    -1.715775265110    23.779379651537
Au    -2.095611499517     4.628625583731    23.125240227490
Au    -2.243969708522     3.065357794139    25.535638629533
Au    -4.430695172278     3.637000176469    22.498653099237
Au    -4.648338559662     2.062957014445    24.763113061756
Au    -6.577912048880     2.288427610969    21.068843850034
Au    -6.869211381737     1.338184213336    23.606377678454
Au    -8.369726381661    -2.987301152708    16.348438428082
Au    -8.733672454982    -4.081598809438    18.709108507423
Au    -9.475905917925    -4.851090640767    21.250865307871
Au    -7.508217823630    -5.083695796303    15.117366708602
Au    -8.022437121565    -6.801486777604    17.704095797340
Au    -9.039012152038    -7.201248743333    20.155755633729
Au    -6.853657623961    -7.726428433944    13.413975101258
Au    -6.898489989506    -9.013981904228    16.026916949681
Au    -8.492579190007    -9.372588639683    18.387244987082
Au    -5.858139504792   -10.198553124406    12.091666105075
Au    -8.087856979761   -10.119524007848    13.836936761128
Au    -6.521394170739   -13.913733248540    15.690985498641
Au    -9.979233327096    -5.288550279279    16.659122565010
Au    -7.686785272581   -11.625470490341    16.563296482313
Au   -11.022070093085    -5.835423634806    19.126703705349
Au    -5.573267289601   -13.410680431100    18.084157656932
Au    -9.065842145374    -7.442929599165    15.239282643603
Au   -10.490289024924    -7.844454931152    17.312394493495
Au    -1.249678472827   -11.352543115578    11.939033551203
Au    -3.584666052011   -11.500987606566    13.157842797642
Au    -3.953719858182   -13.039844493306    15.447287626959
